# points
0.014019 0.52804
0.0093458 0.56542
0.018692 0.6028
0.037383 0.64019
0.074766 0.66355
0.11215 0.65421
0.13084 0.61682
0.14953 0.57944
0.18692 0.57944
0.2243 0.57944
0.26168 0.58879
0.27103 0.62617
0.26636 0.66355
0.24766 0.69626
0.22897 0.71963
0.19159 0.70093
0.16355 0.7243
0.15421 0.76168
0.15421 0.79907
0.16822 0.83645
0.19159 0.86916
0.22897 0.86916
0.26636 0.86449
0.2757 0.8972
0.2757 0.93458
0.2757 0.97196
0.30841 1
0.34579 0.98598
0.37383 0.95794
0.41121 0.95327
0.4486 0.95327
0.48598 0.95327
0.52336 0.95794
0.56075 0.97196
0.59346 0.99533
0.6215 0.96729
0.64019 0.92991
0.67757 0.90187
0.71028 0.87383
0.69626 0.83645
0.70093 0.79907
0.70093 0.76168
0.68692 0.7243
0.64953 0.69626
0.61215 0.68224
0.60748 0.65421
0.62617 0.61682
0.66355 0.60748
0.70093 0.60748
0.7243 0.57944
0.75234 0.54673
0.7757 0.50935
0.80374 0.47196
0.84112 0.44393
0.86916 0.40654
0.87383 0.36916
0.85514 0.33645
0.81776 0.31308
0.84112 0.28505
0.85047 0.24766
0.85047 0.21028
0.84579 0.1729
0.82243 0.13551
0.79907 0.098131
0.7757 0.060748
0.74766 0.023364
0.71495 0.0046729
0.67757 0
0.64019 0
0.60748 0.018692
0.57944 0.056075
0.54673 0.093458
0.51869 0.074766
0.48131 0.065421
0.44393 0.065421
0.40654 0.065421
0.36916 0.074766
0.33178 0.098131
0.29907 0.074766
0.26636 0.046729
0.22897 0.03271
0.19159 0.023364
0.15421 0.018692
0.11682 0.028037
0.079439 0.056075
0.056075 0.088785
0.042056 0.12617
0.03271 0.16355
0.014019 0.20093
0 0.23832
0 0.2757
0.028037 0.31308
0.065421 0.32243
0.1028 0.31776
0.14019 0.29439
0.17757 0.26168
0.20093 0.24299
0.19626 0.28037
0.19626 0.31776
0.19159 0.35514
0.16822 0.38785
0.13084 0.40187
0.093458 0.42991
0.060748 0.45327
0.028037 0.49065
0.014019 0.52804
0.014019 0.52804
# triangles
81 83 84
1 2 7
0 1 7
0 7 104
7 103 104
24 27 28
81 82 83
63 70 71
63 64 70
62 63 71
57 62 71
54 55 56
33 34 35
30 31 44
10 45 46
10 11 45
22 28 29
14 21 22
25 26 27
24 25 27
22 23 28
23 24 28
64 67 70
64 65 67
65 66 67
67 68 69
67 69 70
10 99 100
10 46 99
7 102 103
88 89 93
71 74 77
77 96 97
80 81 96
84 85 96
81 84 96
85 86 96
86 87 96
57 58 59
60 61 62
57 59 60
57 60 62
33 35 36
52 53 57
53 56 57
53 54 56
14 17 18
14 16 17
4 5 6
3 4 6
2 6 7
2 3 6
12 30 44
12 44 45
11 12 45
12 29 30
12 22 29
9 10 100
8 9 100
19 20 21
14 18 19
14 19 21
8 100 101
7 8 101
7 101 102
71 77 98
77 97 98
46 71 98
46 98 99
87 88 94
88 93 94
71 72 73
71 73 74
77 78 96
47 48 49
47 49 50
51 52 57
51 57 71
46 51 71
46 47 51
47 50 51
41 42 43
36 39 44
31 32 44
32 36 44
32 33 36
14 15 16
87 95 96
87 94 95
89 92 93
89 90 92
90 91 92
74 75 77
75 76 77
79 80 96
78 79 96
40 43 44
39 40 44
40 41 43
37 38 39
36 37 39
13 14 22
12 13 22
