# points
0.0046512 0.53023
0.013953 0.56744
0.032558 0.60465
0.055814 0.64186
0.093023 0.64651
0.12558 0.62791
0.14419 0.5907
0.1814 0.5814
0.2186 0.5814
0.25581 0.5814
0.28372 0.6093
0.28372 0.64651
0.24651 0.67442
0.21395 0.70233
0.17674 0.72558
0.16279 0.76279
0.16279 0.8
0.17674 0.83721
0.2093 0.86512
0.24651 0.87442
0.28372 0.87442
0.29302 0.90698
0.28372 0.94419
0.28372 0.9814
0.31628 0.99535
0.35349 0.99535
0.3907 0.9814
0.42791 0.95349
0.46512 0.95349
0.50233 0.95349
0.53953 0.96279
0.57674 0.9907
0.61395 1
0.63721 0.96279
0.65581 0.93488
0.67907 0.90233
0.71628 0.87442
0.71163 0.84651
0.71628 0.81395
0.73023 0.77674
0.71628 0.73953
0.68372 0.70698
0.64651 0.69302
0.6093 0.68837
0.61395 0.65116
0.65116 0.62791
0.68837 0.60465
0.72558 0.6093
0.74419 0.57674
0.77674 0.54884
0.80465 0.51163
0.81395 0.47442
0.84186 0.43721
0.86512 0.4
0.87442 0.36279
0.84186 0.32558
0.85116 0.28837
0.86512 0.25116
0.86047 0.21395
0.85116 0.17674
0.84186 0.13953
0.82326 0.10233
0.80465 0.065116
0.76744 0.027907
0.73023 0.0093023
0.69302 0
0.65581 0
0.6186 0.023256
0.5814 0.04186
0.55349 0.074419
0.52558 0.088372
0.48837 0.083721
0.45116 0.07907
0.41395 0.07907
0.37674 0.07907
0.34419 0.097674
0.30698 0.07907
0.26977 0.060465
0.23256 0.046512
0.19535 0.032558
0.15814 0.032558
0.12093 0.032558
0.088372 0.051163
0.060465 0.088372
0.055814 0.12558
0.037209 0.16279
0.027907 0.2
0.0093023 0.23721
0 0.27442
0.013953 0.31163
0.046512 0.33953
0.083721 0.34884
0.12093 0.33488
0.15349 0.29767
0.1814 0.26512
0.1907 0.28372
0.1907 0.32093
0.1907 0.35814
0.1907 0.39535
0.1814 0.43256
0.14419 0.44186
0.10698 0.44651
0.069767 0.44651
0.032558 0.46512
0 0.49302
0.0046512 0.53023
0.0046512 0.53023
# triangles
31 32 33
45 46 70
10 11 44
28 29 43
11 43 44
11 20 43
80 81 82
80 82 84
82 83 84
16 17 18
27 28 43
20 27 43
53 54 55
55 69 70
35 36 37
35 37 43
38 41 42
38 42 43
37 38 43
38 39 40
38 40 41
46 47 48
0 101 102
0 103 104
0 102 103
10 44 98
44 45 98
45 70 98
70 97 98
80 84 94
84 85 94
85 86 94
70 71 97
87 88 89
2 4 5
2 3 4
13 15 16
22 23 24
22 24 25
46 48 51
46 51 70
51 55 70
49 50 51
48 49 51
56 57 58
55 56 69
29 30 43
30 35 43
30 34 35
30 33 34
30 31 33
7 99 100
7 8 99
0 6 101
2 5 6
6 100 101
6 7 100
90 91 92
87 89 90
87 90 92
9 10 98
9 98 99
8 9 99
75 94 95
86 93 94
86 87 93
87 92 93
71 96 97
71 75 96
75 95 96
60 61 69
59 60 69
56 58 59
56 59 69
11 12 20
12 13 20
13 14 15
13 19 20
16 18 19
13 16 19
52 53 55
51 52 55
1 2 6
0 1 6
75 76 94
71 72 75
72 73 75
76 77 94
67 68 69
61 67 69
64 65 67
63 64 67
62 63 67
61 62 67
65 66 67
20 21 27
21 26 27
21 22 25
21 25 26
73 74 75
77 78 94
78 79 80
78 80 94
