# points
0.014151 0.5283
0.009434 0.56604
0.014151 0.60377
0.033019 0.64151
0.061321 0.67453
0.099057 0.67453
0.13679 0.66981
0.16981 0.64151
0.18396 0.60377
0.2217 0.59906
0.25943 0.59906
0.29717 0.61792
0.28302 0.65566
0.27358 0.6934
0.24528 0.70755
0.21226 0.71226
0.18868 0.75
0.18396 0.78774
0.18396 0.82547
0.2217 0.83962
0.25943 0.85377
0.29717 0.86792
0.31604 0.90566
0.29717 0.93868
0.30189 0.97642
0.33019 1
0.36792 0.98585
0.40566 0.97642
0.4434 0.9717
0.48113 0.96226
0.51887 0.96226
0.5566 0.96226
0.59434 0.98113
0.63208 1
0.65566 0.98113
0.66981 0.9434
0.69811 0.91509
0.73113 0.88208
0.72642 0.84906
0.73585 0.81132
0.73585 0.77358
0.74057 0.73585
0.70755 0.71226
0.66981 0.69811
0.63208 0.68396
0.62264 0.65094
0.65094 0.63208
0.68396 0.60849
0.7217 0.60377
0.75 0.58962
0.76415 0.55189
0.79717 0.51415
0.83491 0.47642
0.85849 0.43868
0.88208 0.40566
0.88679 0.36792
0.87264 0.33019
0.84906 0.30189
0.87264 0.26415
0.88208 0.22642
0.86792 0.18868
0.84906 0.15094
0.83019 0.11321
0.81604 0.075472
0.79245 0.037736
0.75943 0.018868
0.7217 0.004717
0.68396 0
0.64623 0.023585
0.62264 0.061321
0.58491 0.080189
0.54717 0.066038
0.50943 0.056604
0.4717 0.056604
0.43396 0.056604
0.39623 0.061321
0.35849 0.080189
0.33491 0.061321
0.29717 0.04717
0.27358 0.023585
0.24057 0.009434
0.20283 0.004717
0.16509 0.009434
0.12736 0.023585
0.089623 0.042453
0.056604 0.070755
0.042453 0.10849
0.033019 0.14623
0.023585 0.18396
0.009434 0.2217
0 0.25943
0.009434 0.29717
0.037736 0.33019
0.075472 0.33962
0.11321 0.32547
0.13679 0.28774
0.16981 0.25472
0.20283 0.2217
0.23113 0.2217
0.23113 0.25943
0.23113 0.29717
0.22642 0.33491
0.21226 0.37264
0.18396 0.41038
0.14623 0.42453
0.10849 0.43396
0.070755 0.44811
0.042453 0.48113
0.018868 0.51887
0.014151 0.5283
# triangles
57 69 70
62 63 69
21 29 44
2 3 8
51 57 70
58 59 60
57 58 60
63 64 65
63 65 69
65 66 69
22 28 29
21 22 29
31 38 44
29 30 44
30 31 44
32 33 34
13 21 44
1 2 8
8 107 108
0 1 108
1 8 108
84 85 86
47 50 70
50 51 70
47 48 50
48 49 50
53 56 57
53 54 55
53 55 56
57 60 61
61 62 69
57 61 69
22 27 28
31 32 35
32 34 35
3 4 5
5 6 7
3 5 8
5 7 8
12 44 45
12 13 44
11 12 45
14 15 16
66 67 68
66 68 69
11 45 101
45 46 101
47 70 101
46 47 101
51 52 57
52 53 57
22 23 26
22 26 27
24 25 26
23 24 26
31 36 38
31 35 36
36 37 38
13 20 21
13 14 20
14 16 19
16 17 19
14 19 20
17 18 19
70 100 101
40 41 42
71 72 73
70 71 100
71 73 100
73 74 76
73 76 100
88 89 95
91 92 95
90 91 95
89 90 95
87 88 96
88 95 96
11 101 102
105 106 107
8 105 107
8 9 104
9 103 104
8 104 105
40 42 43
39 40 43
38 43 44
38 39 43
74 75 76
10 11 102
10 102 103
9 10 103
78 79 80
76 77 98
77 78 98
76 99 100
76 98 99
92 93 95
93 94 95
86 87 97
87 96 97
84 86 97
83 84 97
82 83 97
81 82 97
80 81 97
78 80 97
78 97 98
