# points
0.032558 0.52558
0.027907 0.56279
0.027907 0.6
0.04186 0.63721
0.069767 0.66047
0.10698 0.66512
0.14419 0.64651
0.17209 0.61395
0.2 0.58605
0.23721 0.59535
0.27442 0.6093
0.26512 0.64651
0.24651 0.68372
0.2093 0.69302
0.17674 0.71628
0.15349 0.75349
0.14884 0.7907
0.14884 0.82791
0.17209 0.86047
0.2093 0.86977
0.24651 0.87442
0.28372 0.87907
0.28837 0.91628
0.28837 0.95349
0.29767 0.98605
0.33488 1
0.36744 0.96744
0.40465 0.95814
0.44186 0.95814
0.47907 0.95349
0.51628 0.95349
0.55349 0.96279
0.5907 0.98605
0.6093 0.95349
0.63256 0.92093
0.66512 0.88837
0.70233 0.86047
0.73023 0.83256
0.71628 0.80465
0.72558 0.76744
0.70698 0.73023
0.66977 0.70698
0.63256 0.69302
0.61395 0.66512
0.6093 0.62791
0.62791 0.59535
0.66512 0.59535
0.70233 0.6
0.72558 0.57674
0.75349 0.53953
0.7814 0.50233
0.8186 0.46977
0.85116 0.43721
0.86512 0.4
0.87442 0.36279
0.85581 0.32558
0.85116 0.28837
0.87907 0.25581
0.88372 0.2186
0.87442 0.1814
0.85581 0.14419
0.84186 0.10698
0.81395 0.069767
0.7814 0.037209
0.74419 0.013953
0.70698 0
0.66977 0.0093023
0.63256 0.032558
0.59535 0.060465
0.55814 0.083721
0.53023 0.069767
0.49302 0.060465
0.45581 0.060465
0.4186 0.060465
0.3814 0.060465
0.34884 0.083721
0.31163 0.074419
0.27907 0.051163
0.24186 0.032558
0.20465 0.018605
0.16744 0.0093023
0.13023 0.0093023
0.093023 0.027907
0.060465 0.055814
0.037209 0.093023
0.023256 0.13023
0.013953 0.16744
0.0046512 0.20465
0 0.24186
0 0.27907
0.013953 0.31628
0.051163 0.32558
0.088372 0.33023
0.12093 0.30698
0.15349 0.27442
0.1907 0.25116
0.19535 0.28837
0.19535 0.32558
0.19535 0.36279
0.19535 0.4
0.15814 0.4093
0.12093 0.42326
0.083721 0.43721
0.046512 0.46512
0.037209 0.50233
0.032558 0.52558
# triangles
10 45 99
82 83 95
85 86 95
84 85 95
83 84 95
75 76 95
86 94 95
2 6 7
69 75 97
73 74 75
87 88 94
86 87 94
75 95 96
75 96 97
13 14 20
21 22 26
22 23 26
24 25 26
23 24 26
0 7 8
31 32 33
46 47 48
45 46 49
46 48 49
38 40 41
38 39 40
21 29 43
10 11 43
11 21 43
10 44 45
10 43 44
56 58 59
80 81 82
64 65 66
56 57 58
56 59 60
60 61 62
76 77 95
8 99 100
88 89 91
89 90 91
1 2 7
0 1 7
2 3 6
3 5 6
3 4 5
9 10 99
8 9 99
36 37 38
35 36 38
21 26 27
29 42 43
38 41 42
35 38 42
11 12 21
12 20 21
12 13 20
79 82 95
79 80 82
50 51 55
50 55 56
50 56 69
45 50 69
45 49 50
53 54 55
51 52 53
51 53 55
91 92 93
88 93 94
88 91 93
102 103 104
0 8 104
8 102 104
14 15 20
15 16 20
16 19 20
17 18 19
16 17 19
21 28 29
21 27 28
29 30 42
77 78 95
78 79 95
72 73 75
69 72 75
62 63 67
63 64 67
64 66 67
45 98 99
45 69 98
69 97 98
8 100 101
8 101 102
34 35 42
30 34 42
30 31 34
31 33 34
69 70 72
70 71 72
60 62 68
62 67 68
56 68 69
56 60 68
