# points
0.088235 0.42647
0.13235 0.44118
0.17647 0.45588
0.18382 0.5
0.19118 0.54412
0.20588 0.58824
0.20588 0.63235
0.16176 0.66912
0.11765 0.69118
0.080882 0.70588
0.066176 0.75
0.080882 0.79412
0.125 0.79412
0.16912 0.77941
0.21324 0.75735
0.25735 0.72059
0.30147 0.74265
0.34559 0.77206
0.38235 0.80147
0.34559 0.84559
0.30882 0.88235
0.27206 0.91176
0.27941 0.95588
0.30882 1
0.35294 0.97794
0.38971 0.94118
0.42647 0.90441
0.46324 0.86029
0.5 0.82353
0.54412 0.82353
0.58088 0.83824
0.59559 0.88235
0.61765 0.92647
0.64706 0.97059
0.68382 0.99265
0.72794 0.97059
0.75 0.93382
0.71324 0.88971
0.69118 0.84559
0.67647 0.80147
0.70588 0.76471
0.75 0.73529
0.79412 0.73529
0.83824 0.76471
0.88235 0.77941
0.92647 0.77941
0.97059 0.77206
0.99265 0.72794
0.95588 0.68382
0.91176 0.67647
0.86765 0.66176
0.82353 0.625
0.84559 0.58088
0.85294 0.53676
0.86029 0.49265
0.86029 0.44853
0.85294 0.40441
0.88971 0.375
0.93382 0.33824
0.97059 0.29412
1 0.25
0.97059 0.21324
0.92647 0.20588
0.88971 0.23529
0.84559 0.27206
0.80882 0.27941
0.77206 0.23529
0.73529 0.19853
0.73529 0.16176
0.76471 0.11765
0.78676 0.073529
0.78676 0.029412
0.75 0
0.70588 0
0.68382 0.044118
0.66176 0.088235
0.61765 0.11765
0.57353 0.125
0.52941 0.11765
0.48529 0.11765
0.44118 0.125
0.39706 0.13971
0.36029 0.095588
0.34559 0.051471
0.32353 0.0073529
0.27941 0.0073529
0.24265 0.029412
0.24265 0.073529
0.25735 0.11765
0.27941 0.16176
0.29412 0.20588
0.25735 0.25
0.22794 0.29412
0.20588 0.33824
0.16912 0.34559
0.125 0.31618
0.095588 0.27206
0.080882 0.23529
0.036765 0.25
0 0.27941
0.0073529 0.32353
0.029412 0.36765
0.066176 0.40441
0.088235 0.42647
# triangles
10 11 12
20 21 22
96 100 101
59 60 61
59 61 62
19 20 25
29 39 40
83 84 85
40 41 51
6 15 16
6 7 15
7 14 15
96 97 98
98 99 100
96 98 100
59 62 63
58 63 64
58 59 63
68 75 76
68 69 75
22 23 24
20 22 24
20 24 25
29 30 39
66 77 91
57 58 64
45 46 48
77 81 91
0 1 94
1 2 94
95 101 102
95 96 101
2 93 94
2 3 93
8 9 10
8 10 12
5 6 16
5 16 17
5 17 40
5 40 51
3 4 5
41 42 51
83 85 87
85 86 87
70 71 72
30 31 38
30 38 39
18 27 28
17 18 28
17 28 40
28 29 40
19 25 26
18 19 26
18 26 27
56 65 66
57 64 65
56 57 65
67 76 77
66 67 77
67 68 76
46 47 48
42 43 50
42 50 51
77 80 81
7 13 14
7 8 13
8 12 13
5 53 56
5 51 53
5 56 92
3 92 93
3 5 92
66 91 92
56 66 92
81 90 91
81 89 90
81 82 89
72 73 74
70 72 74
69 74 75
69 70 74
35 36 37
33 35 37
33 34 35
32 33 37
31 32 38
32 37 38
43 44 49
43 49 50
44 45 49
45 48 49
51 52 53
82 88 89
83 87 88
82 83 88
0 94 95
0 95 102
77 78 80
78 79 80
53 54 55
53 55 56
