# points
0.21078 0.53431
0.27451 0.56373
0.28431 0.63235
0.2598 0.69608
0.19118 0.71078
0.12255 0.70098
0.058824 0.64216
0 0.64216
0.02451 0.71078
0.093137 0.76471
0.16176 0.77941
0.23039 0.77941
0.29902 0.7549
0.36765 0.7549
0.38725 0.80882
0.32353 0.85784
0.2549 0.89706
0.18627 0.90686
0.11765 0.90196
0.053922 0.89216
0.063725 0.96078
0.13235 0.97549
0.20098 0.97549
0.26961 0.96078
0.33824 0.93137
0.40686 0.88725
0.46078 0.82353
0.52451 0.79902
0.55882 0.85784
0.60784 0.92647
0.67647 0.98039
0.7451 1
0.81373 0.98529
0.88235 0.96078
0.94118 0.90686
0.91176 0.85784
0.84314 0.90686
0.77451 0.93137
0.70588 0.91176
0.63725 0.85784
0.60784 0.78922
0.65686 0.73529
0.72549 0.76471
0.79412 0.76961
0.86275 0.7402
0.92157 0.67647
0.94608 0.60784
0.96569 0.53922
0.92647 0.5
0.88725 0.56863
0.86275 0.63725
0.80392 0.69608
0.73529 0.69608
0.71569 0.63235
0.72549 0.56373
0.7402 0.5049
0.80392 0.44118
0.83333 0.37255
0.84314 0.30392
0.85294 0.23529
0.86765 0.16667
0.80392 0.18137
0.77451 0.25
0.77451 0.31863
0.7549 0.38725
0.69608 0.44608
0.64216 0.38235
0.66667 0.31863
0.68137 0.25
0.66176 0.18137
0.65686 0.11275
0.63235 0.053922
0.58824 0.088235
0.58824 0.15686
0.60294 0.22549
0.60294 0.29412
0.53922 0.33333
0.47059 0.32843
0.40196 0.32843
0.38235 0.2598
0.39706 0.19118
0.40686 0.12255
0.39216 0.053922
0.33333 0
0.28922 0.034314
0.33333 0.088235
0.32843 0.15686
0.31373 0.22549
0.31373 0.29412
0.33824 0.36275
0.31373 0.43137
0.26961 0.48039
0.21569 0.42647
0.21078 0.35784
0.20588 0.28922
0.17647 0.22059
0.12255 0.18137
0.10294 0.2402
0.14216 0.30882
0.14216 0.37745
0.15196 0.44608
0.18627 0.5098
0.21078 0.53431
# triangles
6 7 8
95 97 98
95 96 97
33 34 36
34 35 36
2 13 53
5 6 8
42 43 52
79 80 87
58 59 62
70 71 72
70 72 73
93 98 99
94 95 98
93 94 98
17 21 22
32 33 36
29 30 38
92 99 100
92 93 99
58 62 63
57 63 64
57 58 63
44 50 51
43 51 52
43 44 51
59 60 61
59 61 62
69 73 74
69 70 73
68 69 74
44 45 50
30 31 38
28 29 39
29 38 39
13 14 26
13 26 27
16 23 24
16 17 22
16 22 23
4 5 10
4 10 11
79 87 88
78 79 88
78 88 89
92 100 101
0 91 101
91 92 101
54 65 90
65 66 90
66 76 90
76 77 90
77 78 90
78 89 90
47 48 49
81 82 85
83 84 85
82 83 85
46 47 49
45 46 50
46 49 50
31 32 37
31 37 38
32 36 37
14 25 26
15 16 24
15 24 25
14 15 25
13 41 53
13 27 41
41 52 53
41 42 52
5 8 9
5 9 10
17 18 21
18 19 20
18 20 21
3 4 11
2 3 13
66 67 75
66 75 76
68 74 75
67 68 75
1 54 90
1 90 91
0 1 91
56 64 65
56 57 64
80 81 86
81 85 86
80 86 87
3 12 13
3 11 12
27 40 41
28 39 40
27 28 40
54 55 65
55 56 65
1 53 54
1 2 53
