# points
0.061947 0.51327
0.035398 0.5885
0.030973 0.66372
0.044248 0.73894
0.075221 0.81416
0.13717 0.88938
0.21239 0.9469
0.28761 0.97788
0.36283 0.99558
0.43805 1
0.51327 0.99115
0.5885 0.9646
0.66372 0.92478
0.73894 0.85398
0.78319 0.77876
0.80531 0.70354
0.80973 0.62832
0.79646 0.5531
0.76106 0.47788
0.77434 0.41593
0.82743 0.34071
0.84956 0.26549
0.85398 0.19027
0.88938 0.11504
0.83628 0.088496
0.79646 0.16372
0.79204 0.23894
0.77434 0.31416
0.71239 0.38053
0.70796 0.34513
0.73451 0.26991
0.73451 0.19469
0.73451 0.11947
0.76991 0.053097
0.69912 0.053097
0.66814 0.12832
0.67699 0.20354
0.67257 0.27876
0.61947 0.34956
0.63274 0.27876
0.62832 0.20354
0.61062 0.12832
0.65044 0.057522
0.62389 0.022124
0.56637 0.066372
0.54867 0.14159
0.56637 0.21681
0.5708 0.29204
0.54867 0.26549
0.53097 0.19027
0.52655 0.11504
0.5354 0.039823
0.5 0.0088496
0.4646 0.066372
0.4646 0.14159
0.47345 0.21681
0.47788 0.29204
0.4115 0.30088
0.34956 0.27876
0.36726 0.20354
0.38053 0.12832
0.38496 0.053097
0.35398 0
0.32301 0.035398
0.32301 0.11062
0.30973 0.18584
0.28761 0.26106
0.27876 0.31416
0.26549 0.24336
0.28319 0.16814
0.29646 0.09292
0.27876 0.017699
0.21239 0.0088496
0.23009 0.079646
0.22124 0.15487
0.20354 0.23009
0.20354 0.30531
0.19027 0.34513
0.16814 0.27434
0.18584 0.19912
0.19469 0.12389
0.16814 0.048673
0.10619 0.017699
0.11062 0.066372
0.13274 0.14159
0.11504 0.21681
0.10619 0.29204
0.11947 0.36726
0.11062 0.38496
0.070796 0.30973
0.084071 0.23451
0.097345 0.15929
0.075221 0.084071
0.022124 0.022124
0 0.079646
0.035398 0.15487
0.022124 0.23009
0.0088496 0.30531
0.026549 0.38053
0.09292 0.44248
0.061947 0.51327
# triangles
80 81 84
13 14 18
8 9 57
7 8 57
9 10 57
0 2 3
0 1 2
92 93 94
92 94 95
91 92 95
16 17 18
15 16 18
14 15 18
0 57 67
5 7 57
0 5 57
3 4 5
0 3 5
67 77 99
0 67 99
10 11 57
68 74 75
81 83 84
81 82 83
20 21 27
19 20 27
5 6 7
42 43 44
22 23 24
22 24 25
47 48 56
48 55 56
51 52 53
50 51 53
57 58 67
79 80 84
67 68 76
68 75 76
67 76 77
89 97 98
90 91 95
88 98 99
88 89 98
77 88 99
18 19 28
19 27 28
38 39 47
28 29 38
38 47 56
18 28 38
38 56 57
11 38 57
11 12 38
13 18 38
12 13 38
70 73 74
71 72 73
70 71 73
41 42 44
48 49 55
59 60 65
58 59 66
59 65 66
58 66 67
69 70 74
68 69 74
90 95 96
89 96 97
89 90 96
79 84 85
77 87 88
29 30 37
29 37 38
30 36 37
30 31 36
31 35 36
32 33 34
32 34 35
31 32 35
39 40 46
40 41 46
39 46 47
60 64 65
49 54 55
49 50 54
50 53 54
78 79 85
21 26 27
21 22 26
22 25 26
41 45 46
41 44 45
61 63 64
60 61 64
61 62 63
78 85 86
77 86 87
77 78 86
