# points
0.24 0.16571
0.24 0.23429
0.24571 0.30286
0.26857 0.37143
0.30857 0.44
0.34286 0.50857
0.27429 0.49714
0.22286 0.42857
0.17714 0.36
0.16571 0.29143
0.15429 0.22286
0.10857 0.29143
0.091429 0.36
0.12571 0.42857
0.16571 0.49714
0.22857 0.56571
0.29714 0.58857
0.30286 0.63429
0.23429 0.63429
0.16571 0.61143
0.10286 0.56
0.057143 0.49143
0.028571 0.49143
0 0.56
0.057143 0.62857
0.12 0.68
0.18857 0.70857
0.25714 0.71429
0.32571 0.71429
0.38857 0.74857
0.45714 0.78857
0.52571 0.8
0.59429 0.79429
0.66286 0.76571
0.72571 0.70286
0.79429 0.69143
0.86286 0.66286
0.93143 0.62857
1 0.56571
1 0.49714
0.96571 0.48571
0.89714 0.55429
0.82857 0.58857
0.76 0.61714
0.79429 0.56571
0.85143 0.50286
0.90857 0.43429
0.94286 0.36571
0.93714 0.29714
0.92571 0.22857
0.89714 0.20571
0.88571 0.27429
0.86857 0.34286
0.82286 0.41143
0.77143 0.48
0.72 0.48
0.77714 0.41714
0.81143 0.34857
0.82857 0.28
0.84 0.21143
0.84571 0.14286
0.79429 0.08
0.76 0.085714
0.76571 0.15429
0.76 0.22286
0.74286 0.29143
0.72 0.36
0.66286 0.42286
0.62286 0.38857
0.64571 0.32
0.65714 0.25143
0.66286 0.18286
0.66286 0.11429
0.66286 0.045714
0.64 0
0.58286 0.011429
0.58286 0.08
0.58286 0.14857
0.58286 0.21714
0.57143 0.28571
0.55429 0.35429
0.50286 0.36
0.49143 0.29143
0.48571 0.22286
0.50857 0.15429
0.51429 0.085714
0.52 0.017143
0.46857 0.011429
0.44 0.057143
0.42857 0.12571
0.41143 0.19429
0.40571 0.26286
0.41143 0.33143
0.43429 0.4
0.38857 0.41143
0.34286 0.34286
0.32571 0.27429
0.32 0.20571
0.32 0.13714
0.33143 0.068571
0.26286 0.10857
0.24 0.16571
# triangles
19 24 25
37 38 41
21 22 23
5 17 29
19 20 24
20 23 24
20 21 23
19 25 26
5 31 67
31 32 67
32 55 67
7 8 13
71 72 77
72 73 76
72 76 77
17 27 28
17 28 29
5 30 31
5 29 30
4 5 94
5 16 17
17 18 27
18 26 27
18 19 26
7 13 14
37 41 42
32 33 55
33 34 55
48 49 51
48 51 52
47 48 52
38 40 41
46 52 53
46 47 52
55 56 67
56 66 67
57 65 66
56 57 66
82 83 91
68 80 81
68 69 80
8 12 13
8 11 12
8 9 11
9 10 11
98 99 100
81 82 92
82 91 92
83 90 91
83 84 90
59 63 64
61 62 63
73 74 75
73 75 76
85 87 88
6 7 14
6 14 15
5 6 16
6 15 16
36 37 42
34 43 55
43 44 55
38 39 40
45 46 53
71 77 78
70 71 78
0 1 97
0 98 100
0 97 98
81 92 93
5 93 94
68 81 93
5 67 93
67 68 93
1 2 96
1 96 97
84 89 90
85 88 89
84 85 89
49 50 51
57 58 65
58 64 65
58 59 64
85 86 87
35 36 42
35 42 43
34 35 43
45 53 54
44 54 55
44 45 54
69 70 79
70 78 79
69 79 80
2 3 95
2 95 96
4 94 95
3 4 95
60 61 63
59 60 63
