# points
0.062176 0.43005
0.041451 0.48705
0.031088 0.54404
0.025907 0.60104
0.031088 0.65803
0.046632 0.71503
0.072539 0.77202
0.10881 0.82902
0.1658 0.88601
0.2228 0.92746
0.27979 0.95855
0.33679 0.97927
0.39378 0.99482
0.45078 1
0.50777 1
0.56477 0.99482
0.62176 0.97927
0.67876 0.95855
0.73575 0.93264
0.79275 0.89119
0.84974 0.8342
0.88601 0.7772
0.9171 0.72021
0.93264 0.66321
0.93782 0.60622
0.93782 0.54922
0.92228 0.49223
0.90155 0.43523
0.87047 0.37824
0.87565 0.32642
0.92746 0.27979
0.96373 0.2228
0.97927 0.1658
0.92746 0.1399
0.90155 0.17098
0.87565 0.22798
0.82383 0.27461
0.79275 0.26425
0.8342 0.20725
0.84974 0.15026
0.84456 0.098446
0.78756 0.067358
0.78238 0.10881
0.77202 0.1658
0.73057 0.2228
0.72021 0.20725
0.73057 0.15026
0.73057 0.093264
0.70466 0.046632
0.64767 0.031088
0.64767 0.067358
0.65803 0.12435
0.64767 0.18135
0.62694 0.16062
0.63212 0.10363
0.6114 0.046632
0.58031 0.010363
0.53368 0.015544
0.54404 0.072539
0.55959 0.12953
0.54404 0.18653
0.48705 0.18135
0.43005 0.18653
0.39896 0.14508
0.40933 0.088083
0.43005 0.031088
0.40933 0
0.36269 0.010363
0.34197 0.067358
0.32642 0.12435
0.33161 0.18135
0.30052 0.18653
0.29534 0.12953
0.31088 0.072539
0.32124 0.015544
0.28497 0.0051813
0.2487 0.031088
0.23316 0.088083
0.2228 0.14508
0.23316 0.20207
0.22798 0.24352
0.18653 0.19689
0.18653 0.1399
0.20207 0.082902
0.21244 0.025907
0.17617 0.015544
0.1399 0.036269
0.12435 0.093264
0.11399 0.15026
0.11399 0.20725
0.13472 0.26425
0.14508 0.29534
0.093264 0.2487
0.072539 0.19171
0.082902 0.13472
0.098446 0.07772
0.098446 0.025907
0.041451 0.051813
0.015544 0.098446
0 0.15544
0 0.21244
0.020725 0.26943
0.062176 0.32642
0.098446 0.36788
0.062176 0.42487
0.062176 0.43005
# triangles
9 80 103
0 2 103
11 12 13
95 96 97
95 97 98
2 4 5
2 3 4
80 91 103
0 103 104
2 5 6
8 9 103
2 8 103
2 6 8
28 37 44
21 23 24
21 22 23
81 88 89
81 82 88
0 1 2
81 89 90
80 90 91
80 81 90
92 93 101
6 7 8
56 57 58
21 24 26
24 25 26
73 76 77
73 75 76
72 73 77
72 77 78
64 68 69
62 70 80
10 11 62
11 13 62
9 62 80
9 10 62
93 99 100
93 100 101
70 71 80
71 72 78
82 87 88
82 83 87
94 95 98
94 98 99
93 94 99
91 102 103
91 92 102
92 101 102
40 41 42
39 40 42
32 33 34
29 35 36
28 29 36
28 36 37
54 58 59
28 44 60
17 28 60
60 61 62
21 27 28
21 26 27
19 21 28
17 19 28
83 84 85
73 74 75
63 64 69
63 69 70
62 63 70
71 79 80
71 78 79
83 85 86
83 86 87
46 47 51
38 39 43
39 42 43
37 43 44
37 38 43
64 67 68
64 65 67
65 66 67
55 56 58
54 55 58
53 59 60
53 54 59
16 17 60
13 14 62
14 60 62
14 16 60
29 30 35
19 20 21
17 18 19
48 49 50
47 48 50
47 50 51
44 52 60
52 53 60
44 45 52
46 51 52
45 46 52
31 34 35
30 31 35
31 32 34
14 15 16
