# points
0.06087 0.21739
0.030435 0.25217
0.0086957 0.28696
0 0.32174
0 0.35652
0.013043 0.3913
0.034783 0.42609
0.069565 0.46087
0.10435 0.48261
0.13913 0.50435
0.17391 0.51739
0.2087 0.53478
0.24348 0.54348
0.27826 0.55217
0.31304 0.56087
0.34783 0.56522
0.38261 0.56957
0.41739 0.57391
0.45217 0.57826
0.48696 0.57826
0.52174 0.57826
0.55652 0.57826
0.5913 0.57391
0.62609 0.56957
0.66087 0.56522
0.69565 0.56087
0.73043 0.55217
0.76522 0.53913
0.8 0.53043
0.83478 0.51739
0.86957 0.5
0.90435 0.47826
0.93913 0.45217
0.96957 0.41739
0.9913 0.38261
1 0.34783
1 0.31304
0.98696 0.27826
0.96522 0.24348
0.93043 0.2087
0.89565 0.18696
0.86087 0.16522
0.82609 0.15217
0.84348 0.11739
0.85652 0.082609
0.84348 0.056522
0.8087 0.043478
0.7913 0.073913
0.77391 0.1087
0.75217 0.1
0.76522 0.065217
0.77826 0.030435
0.74348 0.017391
0.71304 0.026087
0.70435 0.06087
0.68696 0.095652
0.67391 0.086957
0.68696 0.052174
0.7 0.017391
0.67391 0.0043478
0.63913 0.0043478
0.62609 0.03913
0.61304 0.073913
0.60435 0.056522
0.6087 0.021739
0.6 0
0.56522 0
0.54783 0.021739
0.54348 0.056522
0.51739 0.091304
0.48261 0.091304
0.45652 0.073913
0.45217 0.03913
0.44783 0.0043478
0.41304 0.013043
0.38696 0.026087
0.39565 0.06087
0.39565 0.095652
0.36087 0.1
0.34783 0.069565
0.33913 0.034783
0.31304 0.026087
0.27826 0.030435
0.28261 0.065217
0.2913 0.1
0.26522 0.12174
0.24783 0.091304
0.24783 0.056522
0.23478 0.03913
0.2 0.047826
0.18696 0.078261
0.1913 0.11304
0.1913 0.14348
0.15652 0.14783
0.14783 0.11304
0.14783 0.078261
0.12174 0.082609
0.086957 0.1
0.091304 0.13478
0.1 0.16957
0.086957 0.19565
0.06087 0.21739
# triangles
3 4 5
23 55 69
78 84 85
85 91 92
64 65 66
64 66 67
63 64 67
50 51 52
31 32 40
32 39 40
93 98 99
93 99 100
92 93 100
12 85 92
12 13 85
15 16 78
15 78 85
16 77 78
22 23 69
19 69 70
19 20 69
18 19 70
35 36 37
59 60 61
57 59 61
56 57 61
63 67 68
55 62 69
55 56 62
62 68 69
62 63 68
56 61 62
81 82 83
72 73 74
79 81 83
78 79 84
79 83 84
43 47 48
42 43 48
42 48 55
45 46 47
44 45 47
43 44 47
1 5 6
1 6 7
1 3 5
1 2 3
9 10 92
10 12 92
10 11 12
8 92 100
8 9 92
28 29 42
27 42 55
27 28 42
13 14 85
14 15 85
16 17 77
17 18 70
17 70 77
85 86 91
86 90 91
86 89 90
93 94 98
20 21 69
21 22 69
33 34 35
33 35 37
33 37 38
33 38 39
32 33 39
57 58 59
70 71 77
79 80 81
74 75 76
72 74 76
71 76 77
71 72 76
0 1 7
0 7 8
0 8 100
30 31 40
30 40 41
30 41 42
29 30 42
23 24 55
96 97 98
94 96 98
50 52 53
50 53 54
49 50 54
48 49 55
49 54 55
86 87 89
87 88 89
26 27 55
94 95 96
24 25 55
25 26 55
