# points
0.06087 0.31739
0.021739 0.36522
0 0.41304
0.0043478 0.46087
0.021739 0.5087
0.065217 0.55652
0.11304 0.5913
0.16087 0.61304
0.2087 0.63478
0.25652 0.64783
0.30435 0.66087
0.35217 0.66522
0.4 0.67391
0.44783 0.67826
0.49565 0.67826
0.54348 0.67826
0.5913 0.67391
0.63913 0.66957
0.68696 0.66087
0.73478 0.64783
0.78261 0.63478
0.83043 0.61739
0.87826 0.59565
0.92609 0.56087
0.96957 0.51739
0.99565 0.46957
1 0.42174
0.98261 0.37391
0.94783 0.32609
0.9 0.28696
0.85217 0.26087
0.83478 0.23043
0.85652 0.18261
0.86957 0.13478
0.8913 0.086957
0.86087 0.06087
0.83043 0.073913
0.81304 0.12174
0.79565 0.16957
0.76522 0.21304
0.76087 0.17826
0.77826 0.13043
0.8 0.082609
0.8 0.043478
0.75217 0.026087
0.73913 0.073913
0.71739 0.12174
0.7 0.16957
0.66522 0.2
0.68696 0.15217
0.70435 0.10435
0.71304 0.056522
0.7087 0.017391
0.66087 0.0043478
0.65217 0.052174
0.64348 0.1
0.62174 0.14783
0.6 0.16957
0.6087 0.12174
0.62174 0.073913
0.63043 0.026087
0.61304 0
0.57391 0.0043478
0.56522 0.052174
0.55217 0.1
0.54348 0.14783
0.51304 0.1913
0.46522 0.1913
0.45217 0.14348
0.44783 0.095652
0.44783 0.047826
0.45217 0
0.40435 0.0086957
0.38696 0.043478
0.38696 0.091304
0.38696 0.13913
0.39565 0.18696
0.35652 0.2
0.34348 0.15217
0.33478 0.10435
0.33043 0.056522
0.31304 0.030435
0.26957 0.047826
0.26957 0.095652
0.27826 0.14348
0.28696 0.1913
0.26087 0.22174
0.24783 0.17391
0.24783 0.12609
0.24783 0.078261
0.22609 0.052174
0.18696 0.069565
0.18696 0.11739
0.18696 0.16522
0.1913 0.21304
0.17826 0.24783
0.15217 0.22174
0.14783 0.17391
0.14783 0.12609
0.14348 0.078261
0.10435 0.082609
0.086957 0.11739
0.086957 0.16522
0.086957 0.21304
0.1 0.26087
0.082609 0.3
0.06087 0.31739
# triangles
23 24 28
11 77 86
1 4 5
1 3 4
1 2 3
24 27 28
25 26 27
24 25 27
17 18 48
5 6 105
9 10 86
10 11 86
11 12 77
12 67 77
12 13 67
60 61 62
77 85 86
77 78 85
96 103 104
0 5 105
0 1 5
21 22 30
48 57 66
6 7 105
8 9 86
98 100 101
98 101 102
98 99 100
97 98 102
97 102 103
96 97 103
78 84 85
70 71 72
68 69 75
67 76 77
67 68 76
68 75 76
69 74 75
69 70 74
14 15 66
13 14 67
14 66 67
15 16 66
16 48 66
16 17 48
57 65 66
58 64 65
57 58 65
48 56 57
8 86 95
7 8 95
7 95 105
86 94 95
95 104 105
95 96 104
23 28 29
22 23 29
22 29 30
33 36 37
34 35 36
33 34 36
78 79 84
88 92 93
60 62 63
70 72 73
70 73 74
40 41 46
20 21 30
20 30 39
43 44 45
41 45 46
52 53 54
51 52 54
80 81 82
88 89 92
89 91 92
89 90 91
87 88 93
87 93 94
86 87 94
40 46 47
39 47 48
39 40 47
18 19 48
19 39 48
19 20 39
41 42 45
42 43 45
59 60 63
58 59 64
59 63 64
50 51 54
80 82 83
79 80 83
79 83 84
32 33 37
32 37 38
50 54 55
31 38 39
31 32 38
30 31 39
49 50 55
49 55 56
48 49 56
