# points
0.012422 0.26708
0 0.30435
0.024845 0.34161
0.055901 0.37888
0.093168 0.40373
0.13043 0.41615
0.1677 0.41615
0.20497 0.40994
0.21118 0.44099
0.20497 0.47826
0.20497 0.51553
0.20497 0.5528
0.20497 0.59006
0.21118 0.62733
0.21739 0.6646
0.2236 0.70186
0.23602 0.73913
0.24845 0.7764
0.26708 0.81366
0.28571 0.85093
0.31056 0.8882
0.34783 0.92547
0.38509 0.95652
0.42236 0.98137
0.45963 0.99379
0.49689 1
0.53416 1
0.57143 0.99379
0.6087 0.98137
0.64596 0.95652
0.68323 0.92547
0.7205 0.8882
0.74534 0.85093
0.76398 0.81366
0.78261 0.7764
0.79503 0.73913
0.80745 0.70186
0.81366 0.6646
0.81988 0.62733
0.82609 0.59006
0.82609 0.5528
0.82609 0.51553
0.82609 0.47826
0.81988 0.44099
0.81366 0.40373
0.82609 0.37888
0.86335 0.37888
0.90062 0.36646
0.93789 0.34783
0.97516 0.31056
0.95652 0.28571
0.92547 0.25466
0.89441 0.26708
0.85714 0.29193
0.81988 0.29193
0.78261 0.29193
0.80124 0.26708
0.83851 0.24845
0.86957 0.21118
0.85714 0.18012
0.82609 0.14286
0.79503 0.16149
0.76398 0.19255
0.72671 0.19255
0.75776 0.1677
0.78261 0.13043
0.78261 0.093168
0.74534 0.062112
0.72671 0.055901
0.70186 0.093168
0.67081 0.1118
0.63354 0.10559
0.63975 0.074534
0.65839 0.037267
0.6646 0.0062112
0.62733 0
0.59006 0
0.55901 0.024845
0.52795 0.055901
0.49068 0.068323
0.45342 0.068323
0.43478 0.031056
0.41615 0.018634
0.37888 0.024845
0.34783 0.043478
0.35404 0.080745
0.37267 0.11801
0.3354 0.11801
0.29814 0.086957
0.28571 0.055901
0.24845 0.074534
0.21118 0.093168
0.2236 0.13043
0.25466 0.1677
0.29193 0.19876
0.25466 0.21118
0.21739 0.19876
0.18012 0.1677
0.1677 0.13043
0.13043 0.13665
0.093168 0.1677
0.10559 0.20497
0.13043 0.24224
0.16149 0.27329
0.19876 0.28571
0.23602 0.29814
0.21739 0.32298
0.18012 0.32919
0.14286 0.32919
0.10559 0.30435
0.074534 0.26708
0.068323 0.22981
0.043478 0.2236
0.012422 0.26087
0.012422 0.26708
# triangles
19 20 21
22 24 25
22 23 24
2 3 109
4 5 108
5 6 108
45 46 53
48 49 50
6 107 108
0 1 110
1 2 110
2 109 110
0 110 113
55 63 94
33 34 35
30 31 32
26 27 29
27 28 29
46 47 53
47 48 53
57 59 61
66 67 69
67 68 69
63 70 71
63 69 70
73 74 75
99 100 101
97 99 101
97 101 102
79 80 86
71 79 86
63 86 94
63 71 86
6 7 107
7 106 107
8 43 44
8 44 55
44 45 55
55 94 105
8 55 105
94 95 105
7 8 105
7 105 106
95 104 105
45 53 54
45 54 55
35 36 37
14 15 16
16 17 18
48 52 53
48 50 52
59 60 61
63 64 69
72 73 75
72 75 76
95 96 104
96 103 104
96 97 102
96 102 103
88 92 93
88 89 90
88 90 92
97 98 99
86 87 94
87 93 94
87 88 93
80 85 86
72 76 77
41 42 43
50 51 52
57 58 59
65 66 69
64 65 69
56 57 62
57 61 62
55 56 62
55 62 63
110 112 113
110 111 112
90 91 92
71 78 79
71 72 78
72 77 78
8 9 10
80 81 85
11 12 13
81 83 85
81 82 83
83 84 85
38 39 40
4 108 109
3 4 109
22 25 29
25 26 29
22 29 30
21 22 30
19 21 30
19 30 32
13 14 38
14 37 38
14 16 35
14 35 37
18 19 32
18 32 33
16 18 35
18 33 35
10 41 43
8 10 43
13 38 40
11 13 40
10 40 41
10 11 40
