# points
0.0064309 0.30868
0.019293 0.33119
0.038585 0.35048
0.061093 0.36334
0.083601 0.37621
0.10611 0.38264
0.12862 0.38585
0.15113 0.38585
0.17363 0.37942
0.19614 0.37621
0.21865 0.36977
0.24116 0.36656
0.26367 0.38264
0.27653 0.40514
0.28617 0.42765
0.29582 0.45016
0.31833 0.46945
0.34084 0.47267
0.36334 0.47588
0.38585 0.47267
0.40836 0.45981
0.43087 0.44695
0.45338 0.42765
0.46945 0.41158
0.49196 0.42122
0.51447 0.43408
0.53698 0.44373
0.55949 0.45659
0.58199 0.46624
0.6045 0.4791
0.62701 0.48875
0.64952 0.49839
0.67203 0.50804
0.69453 0.5209
0.71704 0.53376
0.73955 0.54341
0.76206 0.55627
0.78457 0.55949
0.80386 0.57556
0.82637 0.57878
0.84887 0.59164
0.87138 0.59486
0.89389 0.59486
0.9164 0.59486
0.93891 0.59486
0.96141 0.58842
0.98392 0.58842
1 0.57556
1 0.55305
0.97749 0.54341
0.96785 0.5209
0.94534 0.51768
0.92283 0.51125
0.90032 0.50482
0.87781 0.49839
0.85852 0.49196
0.83601 0.48553
0.82637 0.50161
0.80386 0.50482
0.78135 0.49518
0.75884 0.48232
0.73633 0.47267
0.71383 0.45981
0.69132 0.44695
0.66881 0.43408
0.6463 0.42122
0.62379 0.41158
0.60129 0.39871
0.57878 0.38585
0.55627 0.37621
0.53376 0.36334
0.52733 0.34405
0.53055 0.32154
0.54019 0.29904
0.54341 0.27653
0.54662 0.25402
0.54341 0.23151
0.53698 0.209
0.5209 0.1865
0.49839 0.16399
0.47588 0.15434
0.45338 0.14791
0.43087 0.14469
0.40836 0.14148
0.38585 0.13826
0.36334 0.12219
0.34405 0.10289
0.32797 0.080386
0.31511 0.057878
0.29582 0.03537
0.27331 0.019293
0.2508 0.0096463
0.2283 0
0.20579 0
0.18328 0
0.16077 0
0.13826 0.0032154
0.11576 0.0096463
0.096463 0.022508
0.073955 0.045016
0.057878 0.067524
0.045016 0.090032
0.032154 0.11254
0.022508 0.13505
0.012862 0.15756
0.0064309 0.18006
0 0.20257
0 0.22508
0 0.24759
0 0.2701
0.0032154 0.2926
0.0064309 0.30868
# triangles
96 98 99
3 109 110
2 3 110
95 96 99
96 97 98
91 92 93
87 91 93
0 1 110
1 2 110
3 4 5
3 5 8
3 108 109
3 8 108
8 107 108
8 105 107
10 104 105
105 106 107
12 23 83
94 99 100
94 95 99
87 93 94
23 72 83
87 101 102
94 100 101
87 94 101
87 102 103
10 87 103
10 103 104
11 84 85
11 12 84
12 83 84
11 85 86
10 11 86
10 86 87
8 9 105
9 10 105
87 88 91
88 90 91
88 89 90
23 70 71
23 71 72
41 42 53
43 44 51
44 45 51
45 46 49
47 48 49
46 47 49
49 50 51
45 49 51
78 79 80
43 51 52
42 43 52
42 52 53
41 53 54
12 13 23
13 14 20
5 6 8
6 7 8
74 78 80
74 80 81
55 56 57
54 55 57
31 63 64
14 17 20
15 16 17
14 15 17
27 67 68
13 22 23
37 58 59
36 37 59
76 77 78
74 76 78
72 73 74
72 74 82
74 81 82
72 82 83
33 61 62
25 69 70
26 68 69
26 27 68
25 26 69
13 20 21
13 21 22
37 38 58
32 62 63
32 33 62
31 32 63
35 36 59
35 59 60
74 75 76
17 18 20
18 19 20
29 65 66
23 24 70
24 25 70
39 54 57
33 34 61
34 60 61
34 35 60
28 29 66
28 66 67
27 28 67
30 64 65
29 30 65
30 31 64
40 41 54
39 40 54
38 39 58
39 57 58
