# points
0.37089 0.49061
0.38028 0.51643
0.38498 0.5446
0.39202 0.57277
0.37559 0.60094
0.35211 0.62911
0.32864 0.65493
0.30516 0.6831
0.28169 0.70892
0.26056 0.73239
0.23709 0.75587
0.21362 0.78169
0.18779 0.80516
0.15962 0.80751
0.13146 0.80516
0.10563 0.79108
0.089202 0.80751
0.068075 0.8216
0.042254 0.83333
0.021127 0.84742
0.025822 0.87324
0.025822 0.88498
0 0.90376
0.0023474 0.92958
0.028169 0.94836
0.056338 0.96479
0.084507 0.97418
0.11268 0.97653
0.13615 0.95775
0.16197 0.94366
0.17371 0.92488
0.19014 0.9061
0.21362 0.90376
0.23239 0.88263
0.24648 0.85915
0.25822 0.83803
0.28638 0.81221
0.31221 0.78638
0.33568 0.76291
0.3615 0.74178
0.38498 0.71596
0.40845 0.69484
0.42958 0.67371
0.45305 0.65023
0.47418 0.63146
0.5 0.62441
0.52817 0.61033
0.55634 0.60798
0.58451 0.61972
0.61268 0.62676
0.64085 0.62207
0.66432 0.59859
0.68779 0.57277
0.71596 0.55634
0.74413 0.54695
0.7723 0.53756
0.80047 0.52582
0.82864 0.51408
0.85681 0.5
0.88498 0.48357
0.91315 0.46244
0.93897 0.44366
0.95775 0.41549
0.97418 0.38732
0.98826 0.35915
0.99765 0.33099
1 0.30282
1 0.27465
0.99296 0.24648
0.98357 0.21831
0.96714 0.19014
0.9507 0.16197
0.93427 0.1338
0.91549 0.10798
0.89202 0.08216
0.8662 0.061033
0.83803 0.044601
0.80986 0.030516
0.78169 0.016432
0.75352 0.0093897
0.72535 0.0046948
0.69718 0
0.66901 0
0.64085 0.0023474
0.61268 0.0070423
0.58451 0.018779
0.55634 0.030516
0.52817 0.044601
0.50235 0.065728
0.47887 0.084507
0.4554 0.11033
0.43897 0.13615
0.42488 0.16432
0.41549 0.19249
0.40845 0.22066
0.40376 0.24883
0.40141 0.277
0.39437 0.30516
0.37793 0.33333
0.35915 0.35681
0.33568 0.37793
0.33568 0.4061
0.34038 0.43427
0.34742 0.46244
0.36854 0.48826
0.37089 0.49061
# triangles
21 22 23
66 67 68
63 66 68
18 19 20
17 18 20
17 20 21
53 54 96
64 65 66
63 64 66
56 77 80
56 80 85
21 23 24
14 16 17
14 15 16
17 21 28
53 96 97
52 53 97
80 81 82
80 82 85
82 83 85
73 74 76
74 75 76
56 76 77
77 78 79
77 79 80
83 84 85
21 24 25
21 25 28
14 17 30
17 28 30
55 56 85
55 85 88
55 88 94
57 71 72
56 57 72
72 73 76
56 72 76
0 47 98
47 52 97
47 97 98
49 50 51
47 51 52
14 30 31
28 29 30
55 94 95
54 95 96
54 55 95
86 87 88
85 86 88
88 93 94
91 92 93
88 91 93
89 90 91
88 89 91
60 63 70
68 69 70
63 68 70
57 58 71
60 62 63
60 61 62
1 2 46
0 1 46
0 46 47
31 32 33
25 26 28
26 27 28
58 59 71
59 70 71
59 60 70
102 103 104
47 48 51
48 49 51
5 6 41
9 10 37
11 12 35
12 31 33
99 102 104
99 101 102
0 98 99
0 99 104
99 100 101
3 44 45
3 43 44
3 4 43
2 3 46
3 45 46
6 40 41
6 7 40
7 39 40
4 5 42
5 41 42
4 42 43
7 8 38
7 38 39
8 9 38
9 37 38
10 36 37
10 11 36
11 35 36
13 14 31
12 13 31
12 34 35
12 33 34
