# points
0.17723 0.50144
0.17291 0.5245
0.16282 0.54899
0.1513 0.57493
0.14121 0.59798
0.13256 0.62104
0.12536 0.64697
0.11527 0.67003
0.10519 0.69597
0.097983 0.72046
0.087896 0.74496
0.079251 0.76945
0.069164 0.79395
0.060519 0.81988
0.04611 0.84438
0.027378 0.86023
0.012968 0.87752
0.024496 0.89625
0.0072046 0.91066
0.018732 0.92939
0 0.94236
0.0072046 0.96254
0.0072046 0.98559
0.030259 0.99856
0.054755 1
0.067723 0.98127
0.087896 0.98415
0.076369 0.96686
0.079251 0.94669
0.096542 0.95533
0.099424 0.93228
0.089337 0.92219
0.10519 0.91931
0.12104 0.9049
0.11095 0.88761
0.10086 0.86167
0.10231 0.83573
0.11239 0.8098
0.12392 0.78386
0.13401 0.75793
0.14553 0.73199
0.15562 0.70605
0.16715 0.68012
0.17723 0.65418
0.18876 0.62824
0.20029 0.60231
0.21037 0.57637
0.2219 0.55043
0.24352 0.53314
0.26945 0.53458
0.29539 0.54179
0.32133 0.54755
0.34726 0.54755
0.3732 0.53746
0.39193 0.51585
0.40346 0.48991
0.4121 0.46398
0.41643 0.43804
0.42651 0.4121
0.44236 0.38617
0.4611 0.36167
0.48559 0.33862
0.51009 0.31412
0.52882 0.29251
0.54899 0.26801
0.5634 0.24207
0.57061 0.21614
0.57205 0.1902
0.56916 0.16427
0.55908 0.13833
0.54755 0.11239
0.53458 0.086455
0.50865 0.063401
0.48271 0.04611
0.45677 0.033141
0.43084 0.021614
0.4049 0.012968
0.37896 0.0072046
0.35303 0.0014409
0.32709 0
0.30115 0
0.27522 0.0043228
0.24928 0.012968
0.22478 0.027378
0.20029 0.050432
0.183 0.074928
0.17147 0.10086
0.16715 0.1268
0.16571 0.15274
0.16427 0.17867
0.16427 0.20461
0.16571 0.23055
0.16427 0.25648
0.16138 0.28242
0.15274 0.30836
0.13545 0.33429
0.11816 0.36023
0.10663 0.38617
0.10231 0.4121
0.10951 0.43804
0.12968 0.4611
0.14986 0.48127
0.17435 0.5
0.17723 0.50144
# triangles
21 22 23
19 20 21
67 68 69
23 24 25
21 23 25
17 18 19
61 90 91
61 76 90
64 67 69
79 80 87
79 87 88
49 57 94
15 16 17
76 77 90
77 79 88
77 78 79
60 61 91
60 91 92
59 60 92
52 53 54
17 19 31
63 64 69
59 92 93
57 58 94
58 59 93
58 93 94
0 49 94
0 95 101
0 94 95
77 89 90
77 88 89
61 75 76
6 42 43
49 56 57
51 52 54
51 54 55
8 40 41
14 15 17
19 28 31
63 69 70
70 71 72
63 73 74
70 72 73
63 70 73
62 63 74
61 62 75
62 74 75
64 66 67
64 65 66
80 81 87
81 84 87
0 101 102
6 7 42
7 41 42
7 8 41
5 43 44
5 6 43
0 48 49
2 3 46
49 50 56
50 55 56
50 51 55
13 14 36
10 11 38
10 38 39
8 9 40
9 10 39
9 39 40
19 27 28
19 21 27
21 25 27
25 26 27
81 83 84
81 82 83
84 85 87
85 86 87
4 5 44
2 46 47
0 47 48
0 1 47
1 2 47
3 45 46
3 4 45
4 44 45
11 12 37
11 37 38
12 13 37
13 36 37
14 35 36
17 31 35
14 17 35
28 30 31
28 29 30
97 98 99
32 33 34
31 34 35
31 32 34
97 99 100
96 97 100
95 100 101
95 96 100
