# points
0.0089552 0.17015
0.01791 0.19104
0.032836 0.21194
0.053731 0.22687
0.074627 0.23881
0.095522 0.24478
0.11642 0.25373
0.13731 0.26269
0.15821 0.26866
0.1791 0.27164
0.2 0.27761
0.2209 0.2806
0.24179 0.28955
0.2597 0.31045
0.2806 0.33134
0.29851 0.35224
0.3194 0.37015
0.3403 0.38507
0.36119 0.4
0.38209 0.40597
0.40299 0.41194
0.42388 0.41493
0.44478 0.41791
0.46567 0.4209
0.48657 0.4209
0.50746 0.42388
0.52836 0.42388
0.54925 0.42388
0.57015 0.42388
0.59104 0.42388
0.61194 0.42687
0.63284 0.42687
0.65373 0.42687
0.67463 0.42687
0.69552 0.42388
0.71642 0.4209
0.73731 0.4209
0.75821 0.41791
0.7791 0.41194
0.8 0.40597
0.8209 0.39701
0.84179 0.3791
0.86269 0.35821
0.88358 0.3403
0.90448 0.32836
0.92537 0.3194
0.94627 0.31343
0.96716 0.31045
0.98806 0.30149
1 0.2806
1 0.2597
1 0.23881
1 0.21791
1 0.19701
0.99104 0.17612
0.97015 0.16119
0.94925 0.14925
0.93731 0.12836
0.93433 0.10746
0.9194 0.089552
0.89851 0.086567
0.87761 0.080597
0.85672 0.077612
0.83881 0.089552
0.81791 0.10746
0.79701 0.11045
0.77612 0.10746
0.75522 0.10448
0.73433 0.10149
0.71343 0.098507
0.69254 0.092537
0.67164 0.089552
0.65075 0.083582
0.62985 0.074627
0.60896 0.065672
0.58806 0.059701
0.56716 0.047761
0.55522 0.026866
0.53731 0.0089552
0.51642 0.0029851
0.49552 0
0.47463 0
0.45373 0.0029851
0.43284 0.01791
0.41194 0.023881
0.39104 0.044776
0.37015 0.044776
0.34925 0.041791
0.32836 0.041791
0.30746 0.038806
0.28657 0.038806
0.26567 0.038806
0.24478 0.038806
0.22388 0.038806
0.20299 0.038806
0.18209 0.029851
0.16119 0.020896
0.1403 0.020896
0.1194 0.020896
0.098507 0.032836
0.080597 0.053731
0.059701 0.059701
0.038806 0.068657
0.020896 0.080597
0.0059701 0.10149
0 0.12239
0.0029851 0.14328
0.0089552 0.16418
0.0089552 0.17015
# triangles
104 105 106
103 104 106
0 1 107
102 103 106
102 106 107
27 73 75
24 26 75
26 27 75
11 12 90
7 8 94
8 9 94
13 14 85
27 28 73
28 29 72
28 72 73
24 25 26
12 88 89
12 89 90
11 91 92
11 90 91
1 2 3
1 3 107
101 102 107
95 96 97
22 23 24
12 13 86
13 85 86
51 52 56
44 56 64
35 67 68
61 62 63
35 37 38
35 38 67
77 78 79
29 71 72
35 36 37
14 16 85
14 15 16
11 92 93
10 11 93
9 93 94
9 10 93
97 98 99
94 95 100
3 100 107
100 101 107
95 97 100
97 99 100
80 81 83
81 82 83
83 84 85
12 87 88
12 86 87
52 53 55
53 54 55
52 55 56
56 57 64
45 51 56
44 45 56
43 64 65
43 44 64
42 43 65
35 68 69
69 70 71
42 65 66
42 66 67
73 74 75
76 80 83
76 79 80
76 77 79
76 83 85
22 76 85
24 75 76
22 24 76
29 30 31
29 31 71
34 35 69
21 22 85
3 4 5
3 5 100
60 63 64
57 60 64
60 61 63
58 59 60
57 58 60
46 50 51
45 46 51
38 41 67
41 42 67
38 39 41
32 69 71
31 32 71
32 33 34
32 34 69
16 17 85
17 21 85
6 7 94
6 94 100
5 6 100
46 47 50
47 49 50
47 48 49
39 40 41
17 18 19
17 19 21
19 20 21
