# points
0.02968 0.24201
0.052511 0.26027
0.075342 0.27397
0.098174 0.28311
0.121 0.29224
0.14384 0.2968
0.16667 0.30365
0.1895 0.30822
0.21233 0.31279
0.21005 0.33562
0.23288 0.35388
0.25571 0.36073
0.27854 0.35845
0.28539 0.33562
0.30365 0.33562
0.32648 0.3516
0.34932 0.36758
0.37215 0.38356
0.39498 0.39726
0.41781 0.40639
0.44064 0.41553
0.46347 0.42237
0.4863 0.42466
0.50913 0.42466
0.53196 0.42466
0.55479 0.42237
0.57763 0.42237
0.60046 0.42009
0.62329 0.41781
0.64612 0.41553
0.66895 0.41324
0.69178 0.41096
0.71461 0.40639
0.73744 0.40411
0.76027 0.40183
0.78311 0.39954
0.80594 0.39498
0.82877 0.39041
0.8516 0.38584
0.87443 0.38128
0.89726 0.37671
0.92009 0.37443
0.94292 0.36758
0.96575 0.35616
0.97945 0.33333
0.98858 0.3105
0.99543 0.28767
1 0.26484
1 0.24201
0.99315 0.21918
0.98858 0.19635
0.97945 0.17352
0.96347 0.15068
0.94521 0.13014
0.93607 0.10731
0.92466 0.084475
0.90183 0.06621
0.879 0.059361
0.85616 0.059361
0.83333 0.068493
0.81507 0.089041
0.79452 0.10274
0.77169 0.098174
0.74886 0.091324
0.73288 0.068493
0.71918 0.045662
0.69863 0.022831
0.6758 0.0091324
0.65297 0
0.63014 0
0.60731 0.0068493
0.58447 0.025114
0.57306 0.047945
0.55479 0.059361
0.53196 0.054795
0.50913 0.052511
0.4863 0.047945
0.46347 0.045662
0.44064 0.045662
0.41781 0.047945
0.39498 0.052511
0.37215 0.061644
0.34932 0.06621
0.32648 0.06621
0.30365 0.06621
0.28082 0.06621
0.25799 0.068493
0.23516 0.073059
0.21233 0.075342
0.1895 0.073059
0.16667 0.070776
0.14384 0.075342
0.121 0.086758
0.10731 0.10959
0.086758 0.12785
0.063927 0.14612
0.041096 0.15525
0.018265 0.17123
0 0.19406
0.0068493 0.21689
0.025114 0.23744
0.02968 0.24201
# triangles
47 48 49
46 47 49
97 98 99
42 43 44
14 82 83
14 81 82
90 91 93
91 92 93
6 88 93
23 24 73
20 22 23
20 23 75
24 25 73
63 72 73
69 70 72
70 71 72
97 99 100
0 1 95
50 51 52
49 50 52
20 21 22
17 19 75
19 20 75
14 83 84
4 5 94
5 93 94
5 6 93
89 90 93
88 89 93
23 73 74
23 74 75
41 44 45
41 42 44
34 35 61
52 53 61
96 97 100
0 96 100
0 95 96
54 55 56
54 56 57
16 79 81
16 78 79
16 17 75
16 75 76
13 84 85
13 14 84
17 18 19
8 85 86
8 13 85
8 9 10
8 10 13
8 87 88
8 86 87
25 26 73
32 33 63
67 68 69
67 69 72
63 64 72
64 65 72
57 58 60
54 57 60
53 60 61
53 54 60
79 80 81
16 77 78
16 76 77
14 15 81
15 16 81
10 11 13
1 2 95
6 7 88
7 8 88
31 32 63
33 62 63
33 34 62
34 61 62
35 36 61
40 46 49
40 45 46
40 41 45
65 66 72
66 67 72
58 59 60
11 12 13
3 4 94
3 94 95
2 3 95
37 38 61
36 37 61
38 39 61
39 52 61
39 49 52
39 40 49
26 27 73
27 28 73
30 31 63
29 30 63
29 63 73
28 29 73
