# points
0 0.18301
0.013072 0.20588
0.019608 0.22876
0.035948 0.25163
0.055556 0.27451
0.075163 0.29739
0.098039 0.30392
0.12092 0.31046
0.14379 0.31699
0.16667 0.32026
0.18954 0.32353
0.21242 0.32353
0.23529 0.32353
0.23856 0.34314
0.2451 0.36601
0.26471 0.38235
0.28758 0.38562
0.31046 0.40196
0.33333 0.4183
0.35621 0.43464
0.37908 0.45098
0.40196 0.45752
0.42484 0.46078
0.44771 0.46405
0.47059 0.46732
0.49346 0.46732
0.51634 0.47059
0.53922 0.47386
0.56209 0.47386
0.58497 0.47386
0.60784 0.47386
0.63072 0.47386
0.65359 0.47386
0.67647 0.47386
0.69935 0.47386
0.72222 0.47386
0.7451 0.47386
0.76797 0.47059
0.79085 0.45752
0.81373 0.44444
0.8366 0.42484
0.85948 0.4085
0.88235 0.38562
0.90523 0.36275
0.9281 0.36275
0.95098 0.35294
0.97386 0.33007
0.98039 0.30719
0.9902 0.28431
0.99673 0.26144
1 0.23856
0.99673 0.21569
0.99346 0.19281
0.9902 0.16993
0.98693 0.14706
0.98366 0.12418
0.97712 0.10131
0.95752 0.084967
0.93464 0.078431
0.91176 0.071895
0.88889 0.078431
0.86928 0.094771
0.85948 0.11765
0.8366 0.12092
0.81373 0.11765
0.79085 0.11111
0.76797 0.10458
0.7451 0.094771
0.72222 0.088235
0.69935 0.078431
0.67647 0.065359
0.66013 0.042484
0.65033 0.019608
0.62745 0.0065359
0.60458 0.003268
0.5817 0
0.55882 0
0.53595 0
0.51307 0.003268
0.4902 0.0065359
0.46732 0.01634
0.44444 0.029412
0.42484 0.052288
0.40196 0.055556
0.37908 0.052288
0.35621 0.052288
0.33333 0.052288
0.31046 0.052288
0.28758 0.04902
0.26471 0.04902
0.24183 0.04902
0.21895 0.039216
0.19608 0.022876
0.1732 0.0098039
0.15033 0.0065359
0.12745 0.0098039
0.10458 0.01634
0.081699 0.022876
0.068627 0.045752
0.058824 0.068627
0.042484 0.088235
0.019608 0.091503
0.003268 0.10458
0 0.12745
0 0.15033
0 0.1732
0 0.18301
# triangles
45 46 47
43 45 47
101 102 103
100 101 103
100 103 104
31 68 69
23 25 82
23 24 25
95 96 99
43 47 48
43 48 62
53 54 62
52 53 62
51 52 62
70 76 77
71 74 75
71 73 74
71 72 73
71 75 76
70 71 76
96 97 98
96 98 99
1 100 104
1 2 3
1 3 100
28 29 70
29 69 70
33 66 68
43 44 45
35 36 38
35 38 40
36 37 38
31 32 68
32 33 68
3 4 100
4 7 100
4 6 7
4 5 6
92 95 99
92 93 94
92 94 95
8 9 90
26 70 82
25 26 82
26 27 28
26 28 70
13 14 15
13 15 16
12 13 16
18 22 82
22 23 82
58 61 62
49 50 51
48 49 62
49 51 62
58 59 60
58 60 61
12 83 85
12 16 83
16 17 83
18 82 83
17 18 83
12 87 88
0 1 105
1 104 105
30 31 69
29 30 69
42 43 64
43 62 63
43 63 64
33 34 66
34 35 40
34 40 66
40 65 66
42 64 65
38 39 40
12 88 89
12 89 90
11 12 90
7 8 91
8 90 91
91 99 100
7 91 100
91 92 99
55 57 58
55 56 57
54 55 62
55 58 62
66 67 68
12 85 86
12 86 87
80 81 82
40 41 65
41 42 65
9 10 90
10 11 90
18 19 22
78 79 80
78 80 82
70 78 82
70 77 78
83 84 85
19 21 22
19 20 21
