# points
0.0091533 0.17391
0.020595 0.19451
0.04119 0.20824
0.061785 0.2151
0.08238 0.22197
0.10297 0.22883
0.12357 0.23341
0.14416 0.24027
0.16476 0.24256
0.18535 0.24714
0.20595 0.25172
0.22654 0.254
0.24714 0.25858
0.26773 0.26087
0.28833 0.2746
0.30664 0.29519
0.32723 0.3135
0.34783 0.33181
0.36842 0.34554
0.38902 0.35927
0.40961 0.36613
0.43021 0.36842
0.4508 0.37071
0.4714 0.373
0.49199 0.37529
0.51259 0.37529
0.53318 0.37757
0.55378 0.37529
0.57437 0.37757
0.59497 0.37529
0.61556 0.37529
0.63616 0.373
0.65675 0.373
0.67735 0.37071
0.69794 0.36842
0.71854 0.36613
0.73913 0.36156
0.75973 0.35698
0.78032 0.3524
0.80092 0.34325
0.82151 0.33181
0.84211 0.3135
0.8627 0.29291
0.8833 0.27231
0.9016 0.25172
0.9222 0.2357
0.94279 0.22654
0.96339 0.21739
0.98169 0.19908
0.98856 0.17849
0.99085 0.15789
1 0.1373
0.99314 0.1167
0.97254 0.10526
0.95195 0.098398
0.93135 0.091533
0.91991 0.070938
0.90389 0.052632
0.8833 0.048055
0.8627 0.05492
0.84211 0.061785
0.82151 0.057208
0.80092 0.052632
0.78032 0.050343
0.75973 0.050343
0.73913 0.050343
0.71854 0.045767
0.69794 0.045767
0.67735 0.045767
0.65675 0.043478
0.63616 0.043478
0.61556 0.043478
0.60183 0.022883
0.58352 0.006865
0.56293 0
0.54233 0
0.52174 0.0091533
0.50114 0.020595
0.48055 0.020595
0.45995 0.020595
0.43936 0.020595
0.41876 0.020595
0.39817 0.020595
0.37757 0.020595
0.35698 0.020595
0.33638 0.020595
0.31579 0.020595
0.29519 0.020595
0.2746 0.025172
0.254 0.02746
0.23341 0.032037
0.21281 0.032037
0.19222 0.016018
0.17162 0.011442
0.15103 0.016018
0.13043 0.029748
0.10984 0.045767
0.089245 0.048055
0.06865 0.052632
0.048055 0.061785
0.029748 0.08238
0.0091533 0.091533
0 0.10984
0.011442 0.12815
0.01373 0.14874
0.0091533 0.16934
0.0091533 0.17391
# triangles
0 1 105
71 76 77
74 75 76
25 71 77
1 104 105
1 2 104
13 86 88
13 85 86
13 84 85
13 14 84
14 83 84
39 41 65
41 42 65
9 10 91
22 78 79
23 77 78
22 23 78
18 21 79
21 22 79
23 24 77
24 25 77
4 5 96
5 6 96
98 99 100
86 87 88
14 82 83
14 81 82
17 18 79
16 17 79
16 79 80
16 80 81
14 15 81
15 16 81
36 37 65
37 38 39
37 39 65
56 57 58
45 46 55
50 51 52
50 52 53
44 45 60
45 55 60
39 40 41
4 96 97
4 97 104
97 100 104
97 98 100
92 93 94
91 92 94
91 94 95
91 95 96
8 91 96
6 7 8
6 8 96
8 9 91
100 103 104
101 102 103
100 101 103
50 53 54
46 54 55
42 64 65
42 63 64
65 66 67
36 65 67
35 36 67
42 62 63
42 43 62
46 47 49
46 49 54
49 50 54
27 29 71
25 26 27
25 27 71
30 31 71
29 30 71
33 34 68
34 35 67
34 67 68
13 88 89
12 13 89
18 20 21
18 19 20
2 3 104
3 4 104
71 72 76
72 74 76
72 73 74
31 70 71
56 58 59
55 56 59
55 59 60
47 48 49
27 28 29
10 11 90
10 90 91
11 12 90
12 89 90
43 61 62
43 44 61
44 60 61
32 69 70
31 32 70
32 33 68
32 68 69
