# points
0.025948 0.2016
0.031936 0.22355
0.051896 0.24351
0.073852 0.25349
0.095808 0.25549
0.11776 0.26347
0.12774 0.28543
0.14571 0.30339
0.16766 0.30739
0.18563 0.29741
0.17764 0.27545
0.19162 0.26547
0.21357 0.26747
0.23553 0.26946
0.25749 0.27146
0.27944 0.27345
0.3014 0.27545
0.32335 0.27745
0.34531 0.28144
0.36527 0.30339
0.38323 0.32535
0.40519 0.34331
0.42715 0.36327
0.4491 0.37924
0.47106 0.38723
0.49301 0.39122
0.51497 0.39321
0.53693 0.39321
0.55888 0.39321
0.58084 0.39321
0.60279 0.39321
0.62475 0.39122
0.64671 0.39321
0.66866 0.39122
0.69062 0.38922
0.71257 0.38922
0.73453 0.38523
0.75649 0.38323
0.77844 0.37525
0.8004 0.36926
0.82236 0.35729
0.84431 0.34132
0.86627 0.32335
0.88822 0.30739
0.91018 0.28942
0.93214 0.27745
0.95409 0.26347
0.97605 0.2475
0.98802 0.22555
0.99002 0.20359
0.99202 0.18164
1 0.15968
1 0.13772
0.98204 0.11776
0.96008 0.11377
0.93812 0.10978
0.92016 0.095808
0.91218 0.073852
0.8982 0.051896
0.87625 0.035928
0.85429 0.02994
0.83234 0.031936
0.81038 0.037924
0.78842 0.053892
0.77445 0.075848
0.75649 0.091816
0.73453 0.091816
0.71257 0.08982
0.69062 0.077844
0.66866 0.065868
0.64671 0.061876
0.62475 0.063872
0.60279 0.073852
0.58084 0.083832
0.55888 0.075848
0.5489 0.053892
0.53693 0.031936
0.51497 0.011976
0.49301 0.003992
0.47106 0
0.4491 0.001996
0.42715 0.00998
0.40519 0.027944
0.39122 0.0499
0.37924 0.071856
0.35729 0.071856
0.33533 0.071856
0.31337 0.073852
0.29142 0.073852
0.26946 0.075848
0.2475 0.063872
0.22555 0.047904
0.20359 0.043912
0.18164 0.041916
0.15968 0.0499
0.13972 0.065868
0.11776 0.081836
0.095808 0.083832
0.073852 0.085828
0.053892 0.095808
0.033932 0.11377
0.011976 0.11976
0 0.13972
0.00998 0.16168
0.027944 0.17964
0.025948 0.2016
0.025948 0.2016
# triangles
101 102 103
15 88 89
51 52 53
17 18 85
14 15 89
13 14 89
11 12 89
12 13 89
90 91 92
90 92 95
11 89 90
11 90 95
8 9 10
7 8 10
19 21 74
74 75 83
31 33 67
40 41 65
47 48 49
97 98 99
76 77 78
75 76 78
75 78 83
5 10 11
97 99 104
2 3 104
3 4 104
92 93 94
92 94 95
78 79 80
78 80 83
15 16 88
18 84 85
74 83 84
18 19 84
19 74 84
16 87 88
16 17 87
21 25 26
31 32 33
19 20 21
31 67 73
26 27 73
21 26 73
21 73 74
70 71 72
68 70 72
68 72 73
67 68 73
42 43 65
41 42 65
43 44 65
44 56 65
46 47 49
56 64 65
56 57 64
51 53 54
50 51 54
4 5 96
11 95 96
5 11 96
96 97 104
4 96 104
6 7 10
5 6 10
0 1 2
0 2 104
99 100 104
100 101 103
100 103 104
80 82 83
80 81 82
17 85 86
17 86 87
22 24 25
21 22 25
22 23 24
33 34 67
34 36 67
36 37 38
38 39 40
38 40 65
29 30 73
30 31 73
28 29 73
27 28 73
46 49 55
49 50 55
45 46 55
50 54 55
44 55 56
44 45 55
57 61 64
57 58 61
58 59 61
59 60 61
38 65 66
36 66 67
36 38 66
34 35 36
61 63 64
68 69 70
61 62 63
