# points
0.013201 0.22442
0.019802 0.24752
0.026403 0.27063
0.039604 0.29373
0.056106 0.31683
0.072607 0.33993
0.089109 0.36304
0.11221 0.38614
0.13531 0.40924
0.15842 0.42244
0.18152 0.43234
0.20462 0.43894
0.22772 0.44554
0.25083 0.45545
0.27393 0.45875
0.29703 0.46205
0.32013 0.46205
0.34323 0.46205
0.36634 0.46205
0.38944 0.45875
0.41254 0.45875
0.43564 0.45875
0.45875 0.45545
0.48185 0.45545
0.50495 0.45215
0.52805 0.44884
0.55116 0.44554
0.57426 0.44224
0.59736 0.43894
0.62046 0.43234
0.64356 0.42244
0.66667 0.41254
0.68977 0.39934
0.71287 0.38614
0.73597 0.37294
0.75908 0.35644
0.78218 0.33663
0.80528 0.32013
0.82838 0.30693
0.85149 0.29703
0.87459 0.29043
0.89769 0.28383
0.92079 0.27393
0.94389 0.26073
0.967 0.24752
0.9868 0.22772
0.9967 0.20462
1 0.18152
1 0.15842
0.9967 0.13531
0.9934 0.11221
1 0.089109
1 0.066007
0.9769 0.056106
0.9538 0.039604
0.93399 0.016502
0.91089 0.013201
0.88779 0.009901
0.86469 0.009901
0.84158 0.0066007
0.81848 0.016502
0.79538 0.036304
0.77228 0.039604
0.74917 0.039604
0.72607 0.042904
0.70297 0.046205
0.67987 0.046205
0.65677 0.042904
0.63366 0.042904
0.61056 0.039604
0.58746 0.033003
0.56436 0.019802
0.54125 0.0066007
0.51815 0
0.49505 0
0.47195 0
0.44884 0.0033003
0.42574 0.009901
0.40264 0.023102
0.37954 0.042904
0.35644 0.049505
0.33333 0.052805
0.31023 0.056106
0.28713 0.056106
0.26403 0.059406
0.24092 0.059406
0.21782 0.062706
0.19472 0.062706
0.17162 0.062706
0.14851 0.062706
0.12871 0.046205
0.10561 0.026403
0.082508 0.019802
0.059406 0.016502
0.036304 0.029703
0.023102 0.052805
0.019802 0.075908
0.013201 0.09901
0.0066007 0.12211
0 0.14521
0.0066007 0.16832
0.009901 0.19142
0.013201 0.21452
0.013201 0.22442
# triangles
44 46 47
44 45 46
50 53 54
72 73 74
90 91 96
89 100 101
89 101 102
4 87 88
3 4 88
4 5 87
58 59 60
50 54 58
66 67 68
51 52 53
50 51 53
41 42 61
50 58 61
58 60 61
17 81 82
19 20 80
19 80 81
17 18 19
17 19 81
22 79 80
20 22 80
25 70 79
92 93 94
92 94 95
92 95 96
91 92 96
89 90 97
90 96 97
1 3 88
1 2 3
1 89 102
1 88 89
0 1 102
54 57 58
12 13 14
12 14 82
12 82 84
7 8 9
7 9 10
82 83 84
49 50 61
42 49 61
40 41 61
34 66 68
34 35 66
16 17 82
14 15 16
14 16 82
24 25 79
22 24 79
71 74 79
70 71 79
71 72 74
76 78 79
76 77 78
74 75 79
75 76 79
89 98 100
89 97 98
98 99 100
54 55 56
54 56 57
11 12 84
7 10 11
5 6 86
6 7 86
5 86 87
11 84 86
7 11 86
43 48 49
42 43 49
43 47 48
43 44 47
36 65 66
35 36 66
39 40 61
38 39 62
39 61 62
32 33 68
33 34 68
38 63 64
38 62 63
20 21 22
25 26 70
26 27 70
84 85 86
36 37 65
37 64 65
37 38 64
22 23 24
27 69 70
27 30 69
32 68 69
31 32 69
30 31 69
27 28 29
27 29 30
