# points
0.034286 0.28571
0.057143 0.29714
0.08 0.30286
0.10286 0.30286
0.12571 0.30857
0.14857 0.30857
0.17143 0.30857
0.19429 0.30857
0.21714 0.31429
0.24 0.32
0.26286 0.33143
0.25714 0.35429
0.28 0.35429
0.30286 0.34286
0.32 0.36
0.34286 0.36571
0.36571 0.36571
0.38857 0.36571
0.41143 0.34857
0.43429 0.35429
0.45143 0.36571
0.45143 0.38857
0.45714 0.41143
0.46857 0.43429
0.48 0.45714
0.50286 0.46857
0.52571 0.46857
0.54857 0.46857
0.57143 0.46857
0.59429 0.46857
0.61714 0.46857
0.64 0.46857
0.66286 0.46857
0.68571 0.46286
0.70857 0.45714
0.73143 0.44571
0.75429 0.43429
0.77143 0.41143
0.77143 0.38857
0.77143 0.36571
0.77714 0.34286
0.8 0.33143
0.82286 0.33143
0.84571 0.33143
0.86857 0.33143
0.89143 0.33143
0.91429 0.33714
0.93714 0.34286
0.96 0.34286
0.97714 0.33143
0.98857 0.30857
1 0.28571
1 0.26286
0.98857 0.24
0.97714 0.21714
0.97714 0.19429
0.97714 0.17143
0.97714 0.14857
0.96571 0.12571
0.94286 0.12571
0.92 0.12
0.90857 0.097143
0.90286 0.074286
0.89143 0.051429
0.87429 0.028571
0.85143 0.028571
0.82857 0.028571
0.80571 0.034286
0.79429 0.051429
0.78286 0.074286
0.76 0.074286
0.73714 0.074286
0.71429 0.074286
0.69143 0.074286
0.66857 0.074286
0.64571 0.074286
0.62286 0.074286
0.6 0.068571
0.57714 0.068571
0.55429 0.062857
0.54286 0.04
0.53143 0.017143
0.50857 0.011429
0.48571 0
0.46286 0
0.44 0.0057143
0.42286 0.028571
0.40571 0.045714
0.38286 0.045714
0.36 0.045714
0.33714 0.045714
0.31429 0.045714
0.29143 0.051429
0.26857 0.051429
0.24571 0.051429
0.22286 0.051429
0.2 0.057143
0.17714 0.057143
0.15429 0.034286
0.13143 0.028571
0.10857 0.028571
0.085714 0.028571
0.068571 0.045714
0.045714 0.057143
0.04 0.08
0.034286 0.10286
0.022857 0.12
0.017143 0.14286
0.017143 0.16571
0.017143 0.18857
0 0.2
0 0.22286
0.011429 0.24571
0.022857 0.26857
0.034286 0.28571
# triangles
109 110 111
109 111 112
109 112 113
42 60 69
0 1 113
63 64 65
66 67 68
65 66 68
61 62 69
60 61 69
54 55 60
2 109 113
1 2 113
13 14 15
102 103 104
102 104 105
105 107 108
19 20 78
13 90 92
19 78 79
57 58 59
56 57 59
55 56 60
56 59 60
13 15 16
13 16 18
90 91 92
10 13 92
9 10 92
10 12 13
10 11 12
105 106 107
20 28 29
20 29 30
13 89 90
13 18 89
18 88 89
18 19 87
19 79 87
18 87 88
76 77 78
20 76 78
36 37 38
46 50 53
46 47 50
47 48 49
47 49 50
23 25 26
23 24 25
16 17 18
100 101 102
9 92 93
8 93 94
8 9 93
20 27 28
84 85 86
79 86 87
40 72 73
40 71 72
40 73 74
40 74 75
40 75 76
20 40 76
20 30 40
42 43 60
45 53 54
45 46 53
3 5 109
3 4 5
2 3 109
20 21 27
21 22 27
22 26 27
22 23 26
82 83 84
82 84 86
41 70 71
40 41 71
41 42 69
41 69 70
30 39 40
35 36 38
35 38 39
34 35 39
44 45 54
44 54 60
43 44 60
6 7 97
5 6 97
97 108 109
5 97 109
97 105 108
97 102 105
97 98 99
97 100 102
97 99 100
79 80 86
80 82 86
80 81 82
30 31 39
33 34 39
31 32 33
31 33 39
7 96 97
94 95 96
8 94 96
7 8 96
62 63 68
62 68 69
63 65 68
50 52 53
50 51 52
