# points
0 0.25263
0.010526 0.27895
0.036842 0.29474
0.063158 0.31053
0.089474 0.32105
0.11579 0.32632
0.14211 0.32632
0.16842 0.33158
0.19474 0.33684
0.22105 0.33684
0.24737 0.33684
0.26316 0.35789
0.28947 0.37368
0.31579 0.37368
0.34211 0.38947
0.36842 0.4
0.39474 0.39474
0.42105 0.38421
0.44737 0.38421
0.45263 0.41053
0.45263 0.43684
0.46316 0.46316
0.47895 0.48947
0.5 0.5
0.52632 0.5
0.55263 0.49474
0.57895 0.49474
0.60526 0.49474
0.63158 0.49474
0.65789 0.49474
0.68421 0.49474
0.71053 0.48947
0.73684 0.47895
0.75789 0.45789
0.76842 0.43158
0.77368 0.40526
0.77895 0.37895
0.80526 0.35789
0.83158 0.35263
0.85789 0.35263
0.88421 0.34737
0.91053 0.34737
0.93684 0.34737
0.96316 0.34737
0.98421 0.32632
0.99474 0.3
1 0.27368
0.98947 0.25263
0.97368 0.23158
0.96842 0.20526
0.96316 0.17895
0.94211 0.15263
0.91579 0.13684
0.89474 0.12105
0.88947 0.094737
0.87368 0.068421
0.85263 0.047368
0.82632 0.042105
0.80526 0.057895
0.79474 0.084211
0.77895 0.1
0.75263 0.094737
0.72632 0.089474
0.7 0.089474
0.67368 0.089474
0.64737 0.089474
0.62105 0.089474
0.59474 0.089474
0.56842 0.089474
0.55789 0.068421
0.54211 0.042105
0.52632 0.015789
0.5 0
0.47368 0.0052632
0.45789 0.026316
0.45263 0.052632
0.44737 0.078947
0.43158 0.073684
0.41053 0.057895
0.38421 0.057895
0.35789 0.057895
0.33158 0.057895
0.30526 0.057895
0.27895 0.057895
0.25263 0.057895
0.22632 0.057895
0.2 0.063158
0.18947 0.042105
0.17368 0.021053
0.14737 0.021053
0.12105 0.026316
0.094737 0.036842
0.068421 0.047368
0.057895 0.073684
0.036842 0.084211
0.015789 0.10526
0.015789 0.13158
0.021053 0.15789
0.021053 0.18421
0.021053 0.21053
0 0.23684
0 0.25263
# triangles
18 68 76
10 13 80
94 95 96
93 94 96
91 92 93
86 90 91
86 91 93
45 46 47
17 18 76
56 57 58
18 26 27
10 81 82
10 80 81
0 1 2
10 84 86
49 50 51
13 14 17
18 19 26
19 25 26
19 20 21
19 21 25
55 56 58
70 71 75
70 75 76
36 37 63
18 27 36
27 28 36
77 78 79
77 79 80
13 77 80
13 17 77
17 76 77
71 74 75
72 73 74
71 72 74
10 82 83
10 83 84
6 7 86
6 86 98
21 23 24
21 24 25
14 15 16
14 16 17
68 69 76
69 70 76
53 54 59
55 58 59
54 55 59
18 36 66
86 89 90
84 85 86
9 10 86
7 9 86
21 22 23
86 93 97
86 97 98
93 96 97
6 98 99
3 4 99
2 3 99
0 99 100
0 2 99
49 51 52
38 52 53
38 39 52
42 43 44
42 44 45
42 45 47
42 47 48
41 42 48
36 63 64
18 67 68
18 66 67
29 30 35
28 29 36
29 35 36
86 87 89
87 88 89
7 8 9
5 6 99
4 5 99
40 49 52
39 40 52
40 48 49
40 41 48
37 38 60
53 59 60
38 53 60
36 65 66
36 64 65
10 11 13
11 12 13
37 60 61
37 61 63
61 62 63
31 34 35
30 31 35
31 32 34
32 33 34
