# points
0 0.24631
0.019704 0.26601
0.044335 0.28079
0.068966 0.29064
0.093596 0.29557
0.11823 0.30049
0.14286 0.30542
0.16749 0.30542
0.19212 0.31034
0.21675 0.31527
0.24138 0.3202
0.26601 0.33005
0.27094 0.35468
0.29557 0.36453
0.3202 0.37931
0.3399 0.39901
0.36453 0.39901
0.38916 0.39409
0.41379 0.37931
0.42857 0.39409
0.42857 0.41872
0.43842 0.44335
0.44828 0.46798
0.47291 0.48276
0.49754 0.48276
0.52217 0.48276
0.5468 0.48276
0.57143 0.48276
0.59606 0.48276
0.62069 0.48276
0.64532 0.48276
0.66995 0.48276
0.69458 0.48276
0.71921 0.47783
0.74384 0.46798
0.76847 0.4532
0.77833 0.42857
0.78325 0.40394
0.78818 0.37931
0.79803 0.35468
0.81773 0.3399
0.84236 0.3399
0.867 0.33498
0.89163 0.33498
0.91626 0.33498
0.94089 0.33498
0.96552 0.33498
0.99015 0.33498
1 0.31034
1 0.28571
0.99507 0.26108
0.97537 0.23645
0.97537 0.21182
0.96552 0.18719
0.95567 0.16256
0.93103 0.15271
0.91626 0.133
0.9064 0.10837
0.89163 0.083744
0.867 0.064039
0.84236 0.059113
0.81773 0.073892
0.7931 0.08867
0.76847 0.083744
0.74384 0.073892
0.71921 0.068966
0.69458 0.068966
0.66995 0.068966
0.64532 0.068966
0.62069 0.068966
0.60099 0.054187
0.58128 0.029557
0.5665 0.0098522
0.54187 0
0.51724 0
0.49261 0.0049261
0.46798 0.014778
0.4532 0.039409
0.44828 0.064039
0.42857 0.054187
0.40394 0.049261
0.37931 0.049261
0.35468 0.049261
0.33005 0.049261
0.30542 0.049261
0.28079 0.054187
0.25616 0.054187
0.23153 0.054187
0.2069 0.054187
0.18227 0.054187
0.15764 0.054187
0.13793 0.029557
0.1133 0.024631
0.08867 0.024631
0.064039 0.029557
0.054187 0.054187
0.049261 0.078818
0.029557 0.098522
0.024631 0.12315
0.024631 0.14778
0.024631 0.17241
0.014778 0.19704
0 0.22167
0 0.24631
0 0.24631
# triangles
11 18 78
59 60 61
58 59 61
18 69 78
28 39 69
19 27 28
18 19 69
19 28 69
11 12 13
14 15 16
32 33 37
29 38 39
28 29 39
92 93 95
93 94 95
11 78 81
74 75 78
69 70 78
14 17 18
14 16 17
21 22 23
40 41 55
31 32 37
31 37 38
90 91 92
90 99 100
5 90 100
7 89 90
8 9 87
10 11 85
11 83 85
83 84 85
10 85 86
9 10 86
9 86 87
8 87 88
7 88 89
7 8 88
39 66 67
39 40 63
39 63 66
40 62 63
71 74 78
70 71 78
71 73 74
71 72 73
19 26 27
19 25 26
19 21 24
19 24 25
21 23 24
19 20 21
3 100 101
2 3 101
3 4 100
4 5 100
6 7 90
5 6 90
33 34 37
43 44 51
45 50 51
44 45 51
40 56 62
40 55 56
57 58 61
57 61 62
56 57 62
29 30 38
30 31 38
78 80 81
96 98 99
90 96 99
96 97 98
92 95 96
90 92 96
11 81 82
11 82 83
39 68 69
39 67 68
63 64 66
1 101 102
1 2 101
0 1 102
41 42 55
42 51 55
42 43 51
34 36 37
34 35 36
46 47 48
51 53 55
53 54 55
75 77 78
75 76 77
64 65 66
45 49 50
45 46 49
46 48 49
51 52 53
78 79 80
13 14 18
11 13 18
