# points
0.028902 0.27168
0.052023 0.28324
0.075145 0.28324
0.098266 0.28902
0.12139 0.28902
0.14451 0.2948
0.16763 0.30058
0.19075 0.30058
0.21387 0.30058
0.23699 0.30636
0.26012 0.30636
0.27168 0.32948
0.2948 0.34104
0.31792 0.34104
0.34104 0.34682
0.36416 0.36416
0.38728 0.36416
0.4104 0.36416
0.43353 0.34682
0.45665 0.3526
0.46821 0.37572
0.46821 0.39884
0.47399 0.42197
0.49133 0.44509
0.51445 0.45665
0.53757 0.46243
0.56069 0.46243
0.58382 0.46243
0.60694 0.45665
0.63006 0.45665
0.65318 0.45665
0.6763 0.45665
0.69942 0.45665
0.72254 0.45665
0.74566 0.45665
0.76301 0.43931
0.76301 0.41618
0.76301 0.39306
0.77457 0.36994
0.79769 0.35838
0.81503 0.34104
0.83815 0.3237
0.86127 0.31792
0.88439 0.31792
0.90751 0.31214
0.93064 0.30636
0.95376 0.30636
0.97688 0.30636
0.99422 0.28902
1 0.2659
1 0.24277
1 0.21965
1 0.19653
0.99422 0.17341
0.97688 0.15029
0.95954 0.12717
0.93642 0.10405
0.91329 0.086705
0.90173 0.063584
0.89017 0.040462
0.86705 0.028902
0.84393 0.023121
0.82081 0.017341
0.80347 0.028902
0.79191 0.052023
0.76879 0.057803
0.74566 0.057803
0.72254 0.057803
0.69942 0.057803
0.6763 0.057803
0.65318 0.057803
0.63006 0.057803
0.60694 0.052023
0.58382 0.052023
0.56069 0.046243
0.54335 0.023121
0.52601 0.0057803
0.50289 0
0.47977 0
0.45665 0
0.43353 0.011561
0.41618 0.028902
0.40462 0.052023
0.3815 0.063584
0.35838 0.063584
0.33526 0.063584
0.31214 0.063584
0.28902 0.063584
0.2659 0.057803
0.24277 0.057803
0.21965 0.052023
0.19653 0.052023
0.17341 0.052023
0.15029 0.046243
0.12717 0.028902
0.10405 0.017341
0.080925 0.011561
0.057803 0.011561
0.040462 0.023121
0.034682 0.046243
0.028902 0.069364
0.017341 0.092486
0.011561 0.11561
0.011561 0.13873
0.011561 0.16185
0 0.18497
0 0.20809
0 0.23121
0.011561 0.25434
0.028902 0.27168
# triangles
106 107 108
97 98 99
104 105 106
42 55 56
42 56 57
95 99 100
38 68 69
38 69 70
10 11 12
10 12 13
42 44 55
44 54 55
44 45 54
52 53 54
38 39 40
38 40 68
40 67 68
96 97 99
95 96 99
75 76 77
75 77 78
57 58 64
42 57 64
41 42 64
8 10 87
2 104 106
74 75 78
38 70 71
71 72 73
26 27 28
22 23 24
21 22 24
42 43 44
46 48 49
46 47 48
46 49 50
45 46 50
45 51 54
51 52 54
45 50 51
29 30 38
31 32 37
30 37 38
30 31 37
58 59 60
60 61 64
58 60 64
40 41 66
40 66 67
61 62 63
61 63 64
8 9 10
0 1 2
14 18 83
78 79 80
78 80 81
18 82 83
78 81 82
74 78 82
4 92 104
2 4 104
2 3 4
93 103 104
92 93 104
93 102 103
93 101 102
93 100 101
94 95 100
93 94 100
41 64 65
41 65 66
19 29 38
19 28 29
19 38 71
19 71 73
19 73 74
19 74 82
18 19 82
10 84 85
10 13 84
13 14 84
14 83 84
10 86 87
10 85 86
4 5 92
5 6 7
5 7 92
7 91 92
7 8 91
14 16 18
14 15 16
16 17 18
19 20 28
20 26 28
20 25 26
20 24 25
20 21 24
89 90 91
8 89 91
8 87 89
87 88 89
0 2 108
2 106 108
33 35 36
33 34 35
32 33 37
33 36 37
