# points
0 0.25837
0.023923 0.26794
0.043062 0.2823
0.062201 0.29665
0.086124 0.30622
0.11005 0.31579
0.13397 0.32057
0.15789 0.32057
0.18182 0.32057
0.20574 0.32536
0.22967 0.32536
0.25359 0.32536
0.25837 0.34928
0.27273 0.36842
0.29665 0.37799
0.32057 0.37799
0.3445 0.38756
0.36842 0.40191
0.39234 0.39234
0.4067 0.37321
0.43062 0.37799
0.44019 0.40191
0.44976 0.42584
0.45455 0.44976
0.4689 0.47368
0.49282 0.48325
0.51675 0.49282
0.54067 0.49282
0.56459 0.49282
0.58852 0.49282
0.61244 0.49282
0.63636 0.49282
0.66029 0.49282
0.68421 0.48804
0.70813 0.48804
0.73206 0.48325
0.75598 0.47368
0.77033 0.44976
0.77512 0.42584
0.7799 0.40191
0.79426 0.37799
0.81818 0.36364
0.84211 0.35407
0.86603 0.3445
0.88995 0.3445
0.91388 0.33971
0.9378 0.33971
0.96172 0.33014
0.98565 0.31579
0.98565 0.29187
1 0.27273
0.99522 0.2488
0.98086 0.22967
0.97608 0.20574
0.97129 0.18182
0.95215 0.15789
0.92823 0.13397
0.90431 0.11962
0.89952 0.095694
0.88517 0.07177
0.86603 0.047847
0.84211 0.043062
0.82297 0.062201
0.8134 0.086124
0.79904 0.10048
0.77512 0.10048
0.7512 0.10048
0.72727 0.095694
0.70335 0.095694
0.67943 0.095694
0.6555 0.090909
0.63158 0.090909
0.60766 0.086124
0.58373 0.086124
0.56459 0.07177
0.55502 0.047847
0.54545 0.023923
0.52153 0.0047847
0.49761 0
0.47368 0.014354
0.45455 0.038278
0.45455 0.062201
0.44976 0.086124
0.44019 0.11005
0.41627 0.090909
0.39713 0.066986
0.37799 0.052632
0.35407 0.052632
0.33014 0.052632
0.30622 0.052632
0.2823 0.052632
0.25837 0.052632
0.23445 0.052632
0.21053 0.052632
0.1866 0.052632
0.16268 0.052632
0.13876 0.038278
0.11483 0.023923
0.090909 0.019139
0.066986 0.019139
0.043062 0.014354
0.028708 0.038278
0.023923 0.062201
0.023923 0.086124
0.023923 0.11005
0.023923 0.13397
0.023923 0.15789
0.023923 0.18182
0.0095694 0.20574
0 0.22967
0 0.25359
0 0.25837
# triangles
11 12 14
11 14 15
11 89 90
20 29 30
25 26 27
12 13 14
22 25 27
22 27 28
99 100 101
11 83 84
11 84 89
84 88 89
11 15 19
11 19 83
19 20 83
20 73 83
20 30 39
21 28 29
20 21 29
21 22 28
23 24 25
22 23 25
97 98 103
96 97 103
16 17 18
16 18 19
15 16 19
34 35 38
33 34 38
33 38 39
40 69 71
39 40 71
20 39 71
20 71 73
49 50 51
49 51 52
57 63 64
99 101 102
95 105 106
8 93 94
8 94 95
11 90 91
85 86 87
84 87 88
84 85 87
73 74 83
74 82 83
77 78 79
76 77 79
30 31 39
31 33 39
40 41 66
69 70 71
60 61 62
59 60 62
59 62 63
40 68 69
40 66 68
96 103 104
95 96 104
95 104 105
95 106 107
8 10 93
10 92 93
11 91 92
10 11 92
74 81 82
79 80 81
71 72 73
31 32 33
47 48 49
46 47 49
35 37 38
35 36 37
41 65 66
57 58 63
58 59 63
66 67 68
1 108 109
1 109 110
1 2 107
1 107 108
0 1 110
7 8 95
7 95 107
8 9 10
74 75 81
75 76 79
75 79 81
53 54 55
4 5 107
5 6 7
5 7 107
2 3 107
3 4 107
44 45 52
45 49 52
45 46 49
42 64 65
41 42 65
43 53 55
43 44 52
43 52 53
43 55 56
43 56 57
43 57 64
42 43 64
98 102 103
98 99 102
