# points
0.29167 0.29762
0.30357 0.32143
0.32738 0.33333
0.35119 0.34524
0.375 0.35714
0.39881 0.3631
0.42262 0.35119
0.44643 0.35714
0.45833 0.38095
0.46429 0.40476
0.48214 0.42857
0.50595 0.44643
0.52976 0.45238
0.55357 0.45238
0.57738 0.45238
0.60119 0.45238
0.625 0.45238
0.64881 0.45238
0.67262 0.45238
0.69643 0.45238
0.72024 0.45238
0.74405 0.44643
0.76786 0.42857
0.76786 0.40476
0.76786 0.38095
0.77381 0.35714
0.77976 0.33333
0.80357 0.30952
0.82738 0.29762
0.85119 0.29762
0.875 0.29167
0.89881 0.28571
0.92262 0.28571
0.94643 0.28571
0.95833 0.2619
0.98214 0.25
1 0.23214
1 0.20833
0.98214 0.19048
0.97024 0.16667
0.95833 0.14286
0.94048 0.11905
0.91667 0.1131
0.90476 0.089286
0.89286 0.065476
0.875 0.047619
0.85119 0.047619
0.82738 0.047619
0.80357 0.047619
0.78571 0.065476
0.76786 0.077381
0.74405 0.077381
0.72024 0.077381
0.69643 0.077381
0.67262 0.071429
0.64881 0.065476
0.625 0.065476
0.60119 0.059524
0.57738 0.059524
0.55357 0.059524
0.52976 0.053571
0.50595 0.035714
0.48214 0.029762
0.45833 0.02381
0.43452 0.02381
0.41071 0.02381
0.39286 0.041667
0.38095 0.059524
0.35714 0.059524
0.33333 0.059524
0.30952 0.059524
0.28571 0.059524
0.2619 0.059524
0.2381 0.059524
0.21429 0.059524
0.19048 0.053571
0.16667 0.041667
0.14881 0.017857
0.125 0.0059524
0.10119 0
0.077381 0
0.053571 0.0059524
0.041667 0.029762
0.029762 0.053571
0.02381 0.077381
0.02381 0.10119
0.017857 0.125
0.011905 0.14881
0.011905 0.17262
0.0059524 0.19643
0 0.22024
0.0059524 0.24405
0.029762 0.25595
0.053571 0.25595
0.077381 0.27381
0.10119 0.27976
0.125 0.28571
0.14881 0.28571
0.17262 0.28571
0.19643 0.28571
0.22024 0.28571
0.24405 0.28571
0.26786 0.28571
0.29167 0.29762
0.29167 0.29762
# triangles
7 56 58
7 26 56
80 81 82
79 80 82
0 2 3
75 76 86
90 91 92
56 57 58
28 30 42
7 15 26
15 16 26
6 7 60
6 60 67
0 6 67
0 3 6
18 24 25
21 22 23
20 21 23
76 85 86
78 82 83
76 78 83
78 79 82
76 77 78
0 1 2
89 90 92
7 58 59
7 59 60
0 69 102
54 55 56
26 54 56
26 53 54
26 27 53
27 52 53
28 42 50
27 28 50
30 31 42
7 8 14
7 14 15
8 13 14
10 11 12
28 29 30
18 19 24
17 18 25
16 17 26
17 25 26
76 83 84
76 84 85
75 86 95
75 95 97
71 72 102
72 101 102
72 73 101
27 51 52
27 50 51
3 4 6
4 5 6
8 9 10
60 62 67
0 67 68
0 68 69
70 71 102
69 70 102
86 87 88
86 88 95
95 96 97
75 97 98
74 75 98
74 98 99
74 99 100
73 100 101
73 74 100
42 49 50
42 43 49
34 35 38
32 33 34
31 32 34
60 61 62
88 93 95
89 92 93
88 89 93
43 47 49
47 48 49
40 41 42
31 39 42
39 40 42
31 34 39
34 38 39
64 66 67
64 65 66
62 63 67
63 64 67
93 94 95
43 44 46
43 46 47
44 45 46
10 12 13
8 10 13
19 20 23
19 23 24
35 36 38
36 37 38
