# points
0.076923 0.30178
0.10059 0.30769
0.12426 0.30769
0.14793 0.30769
0.1716 0.31361
0.19527 0.31953
0.21893 0.31953
0.2426 0.31953
0.26627 0.31953
0.27811 0.3432
0.30178 0.34911
0.32544 0.35503
0.34911 0.37278
0.37278 0.3787
0.39645 0.3787
0.42012 0.37278
0.44379 0.3787
0.44379 0.40237
0.45562 0.42604
0.46746 0.4497
0.49112 0.46154
0.51479 0.46746
0.53846 0.47929
0.56213 0.47929
0.5858 0.47929
0.60947 0.47929
0.63314 0.47929
0.6568 0.47337
0.68047 0.47337
0.70414 0.47337
0.72781 0.47337
0.75148 0.45562
0.76923 0.43787
0.76923 0.4142
0.77515 0.39053
0.78698 0.36686
0.79882 0.3432
0.82249 0.33728
0.84615 0.32544
0.86982 0.31953
0.89349 0.31361
0.91716 0.30769
0.94083 0.30769
0.9645 0.30769
0.98817 0.30769
1 0.28402
1 0.26036
0.99408 0.23669
0.98225 0.21302
0.97633 0.18935
0.97041 0.16568
0.95858 0.14201
0.93491 0.13018
0.91716 0.11243
0.91716 0.088757
0.89941 0.071006
0.87574 0.065089
0.85207 0.059172
0.8284 0.065089
0.80473 0.076923
0.78107 0.08284
0.7574 0.08284
0.73373 0.08284
0.71006 0.08284
0.68639 0.08284
0.66272 0.08284
0.63905 0.08284
0.61538 0.08284
0.59172 0.08284
0.56805 0.08284
0.54438 0.076923
0.52663 0.053254
0.51479 0.029586
0.50296 0.011834
0.47929 0
0.45562 0.0059172
0.44379 0.029586
0.42012 0.04142
0.39645 0.04142
0.37278 0.035503
0.34911 0.035503
0.32544 0.035503
0.30178 0.047337
0.27811 0.047337
0.25444 0.053254
0.23077 0.059172
0.2071 0.059172
0.18343 0.059172
0.15976 0.059172
0.14201 0.04142
0.13609 0.017751
0.11243 0.017751
0.088757 0.017751
0.065089 0.029586
0.053254 0.053254
0.047337 0.076923
0.04142 0.10059
0.04142 0.12426
0.04142 0.14793
0.04142 0.1716
0.035503 0.19527
0.011834 0.21302
0 0.23077
0.011834 0.25444
0.029586 0.27811
0.053254 0.28994
0.076923 0.30178
0.076923 0.30178
# triangles
16 35 67
43 44 45
16 27 35
35 36 67
53 54 55
72 73 76
74 75 76
73 74 76
8 78 82
21 22 23
16 21 23
16 67 68
42 46 47
42 43 46
43 45 46
27 34 35
27 28 34
41 48 49
42 47 48
41 42 48
3 4 87
3 87 88
16 25 27
36 66 67
36 65 66
36 38 60
49 50 52
50 51 52
53 55 56
38 59 60
38 53 59
71 72 76
70 71 77
71 76 77
78 80 82
31 32 33
28 33 34
8 84 85
8 82 84
82 83 84
4 86 87
6 85 86
4 6 86
7 8 85
6 7 85
89 90 91
89 91 92
16 23 24
16 24 25
25 26 27
36 60 61
36 61 62
36 64 65
36 62 63
36 63 64
36 37 38
38 39 53
39 52 53
16 69 70
16 68 69
78 79 80
80 81 82
15 70 77
15 16 70
15 77 78
4 5 6
28 29 33
29 31 33
29 30 31
88 89 95
3 88 99
2 3 99
56 57 58
53 56 58
53 58 59
39 40 52
40 41 49
40 49 52
18 19 20
16 17 18
16 18 21
18 20 21
8 11 78
11 15 78
11 13 14
11 12 13
11 14 15
89 94 95
92 93 94
89 92 94
1 2 100
2 99 100
0 1 100
0 100 105
100 104 105
100 103 104
8 9 10
8 10 11
88 95 96
88 96 97
88 98 99
88 97 98
101 102 103
100 101 103
