# points
0.20755 0.2783
0.24057 0.2783
0.27358 0.2783
0.3066 0.2783
0.33962 0.2783
0.36792 0.26415
0.36792 0.23113
0.38679 0.19811
0.41509 0.17925
0.44811 0.17925
0.4717 0.20283
0.4717 0.23585
0.46226 0.26887
0.47642 0.29717
0.50943 0.31132
0.53774 0.32547
0.53774 0.35849
0.54717 0.38679
0.57547 0.37264
0.58491 0.33962
0.58491 0.3066
0.58962 0.27358
0.61792 0.25
0.62736 0.21698
0.65094 0.20283
0.68396 0.23113
0.6934 0.26415
0.70283 0.29245
0.73585 0.31132
0.75 0.34434
0.7783 0.35377
0.81132 0.34906
0.82547 0.32075
0.83962 0.29245
0.87264 0.29245
0.90566 0.29245
0.93396 0.27358
0.93396 0.24057
0.93396 0.20755
0.94811 0.18396
0.98113 0.16981
1 0.13679
1 0.10377
0.99528 0.070755
0.98113 0.037736
0.95755 0.009434
0.92453 0
0.89151 0
0.85849 0.009434
0.82547 0.033019
0.80189 0.056604
0.78774 0.089623
0.75472 0.089623
0.7217 0.089623
0.68868 0.089623
0.65566 0.089623
0.62264 0.089623
0.58962 0.080189
0.58019 0.051887
0.56132 0.018868
0.5283 0.014151
0.49528 0.014151
0.46226 0.028302
0.43868 0.056604
0.42925 0.089623
0.42453 0.12264
0.40094 0.14151
0.36792 0.14151
0.35849 0.11321
0.35849 0.080189
0.35377 0.04717
0.32547 0.028302
0.31604 0.061321
0.32075 0.09434
0.32075 0.12736
0.31604 0.16038
0.28302 0.16509
0.25 0.16509
0.21698 0.16509
0.18396 0.16038
0.16038 0.13208
0.16509 0.099057
0.17453 0.066038
0.16981 0.033019
0.14151 0.014151
0.11321 0.037736
0.089623 0.070755
0.075472 0.10377
0.080189 0.13679
0.10377 0.16981
0.10377 0.20283
0.089623 0.23585
0.070755 0.26887
0.04717 0.28302
0.018868 0.25943
0 0.2783
0.014151 0.31132
0.033019 0.34434
0.066038 0.35377
0.099057 0.35377
0.13208 0.33962
0.16038 0.31132
0.1934 0.2783
0.20755 0.2783
# triangles
44 45 46
57 60 61
93 95 96
93 96 97
93 94 95
83 84 85
82 83 85
39 48 49
39 40 41
38 39 51
39 49 51
93 97 98
10 23 57
23 56 57
2 3 76
3 75 76
92 99 100
92 98 99
92 93 98
35 36 37
44 46 47
49 50 51
23 24 56
57 64 65
57 61 63
57 63 64
2 76 77
8 65 66
91 101 102
91 92 101
92 100 101
90 91 102
33 38 51
81 82 85
39 41 42
39 43 48
43 47 48
39 42 43
43 44 47
24 55 56
24 53 54
24 54 55
61 62 63
1 2 77
1 77 78
3 6 75
8 9 65
9 10 57
9 57 65
78 79 102
79 90 102
79 80 89
79 89 90
34 35 37
34 37 38
33 34 38
28 29 30
80 81 87
68 73 74
67 74 75
67 68 74
70 71 72
11 12 13
11 13 14
11 14 21
10 11 21
10 21 23
21 22 23
15 19 20
15 20 21
14 15 21
57 58 60
58 59 60
68 69 73
69 72 73
69 70 72
0 78 102
0 1 78
7 67 75
6 7 75
7 8 66
7 66 67
30 31 32
28 30 32
28 32 33
26 28 33
80 88 89
80 87 88
81 85 86
81 86 87
16 18 19
15 16 19
16 17 18
3 4 6
4 5 6
24 25 53
25 52 53
25 51 52
25 33 51
25 26 33
26 27 28
