# points
0.49261 0.33005
0.52709 0.35468
0.55172 0.37931
0.54187 0.41379
0.5665 0.43842
0.59606 0.4335
0.60591 0.39901
0.61576 0.36453
0.62069 0.33005
0.62562 0.29557
0.63547 0.26108
0.66995 0.26108
0.70443 0.27586
0.71429 0.31034
0.74877 0.32512
0.7734 0.34975
0.78818 0.38424
0.81281 0.41379
0.83744 0.38424
0.85222 0.34975
0.88177 0.3202
0.91626 0.31034
0.95074 0.30542
0.96552 0.27586
0.96552 0.24138
0.97044 0.2069
0.99507 0.17241
1 0.13793
1 0.10345
0.99507 0.068966
0.97537 0.034483
0.94581 0.0049261
0.91133 0
0.87685 0
0.84236 0.014778
0.80788 0.034483
0.78818 0.068966
0.76847 0.10345
0.73399 0.10345
0.69951 0.098522
0.66995 0.11823
0.6601 0.15271
0.64532 0.18719
0.62069 0.21675
0.59606 0.19212
0.60591 0.15764
0.60591 0.12315
0.60591 0.08867
0.59113 0.054187
0.56158 0.029557
0.52709 0.024631
0.49261 0.034483
0.45813 0.054187
0.4335 0.083744
0.42857 0.11823
0.42857 0.15271
0.40887 0.17241
0.37438 0.17241
0.36453 0.14286
0.36453 0.10837
0.35468 0.073892
0.3202 0.073892
0.31527 0.10837
0.31527 0.14286
0.30049 0.17734
0.27094 0.19212
0.23645 0.19212
0.20197 0.19212
0.17241 0.17241
0.15271 0.13793
0.14286 0.10345
0.13793 0.068966
0.10837 0.078818
0.1133 0.1133
0.12315 0.14778
0.12315 0.18227
0.12315 0.21675
0.11823 0.25123
0.08867 0.28079
0.078818 0.31527
0.044335 0.30542
0.0098522 0.28571
0 0.31034
0.019704 0.34483
0.034483 0.37931
0.059113 0.40394
0.093596 0.39409
0.12315 0.36946
0.15764 0.33498
0.19212 0.3202
0.2266 0.3202
0.26108 0.3202
0.29557 0.31527
0.33005 0.30542
0.36453 0.30049
0.38916 0.27586
0.39901 0.24138
0.4335 0.23645
0.46305 0.26601
0.46798 0.30049
0.48768 0.33005
0.49261 0.33005
# triangles
28 30 32
30 31 32
28 29 30
80 81 82
25 26 27
60 61 62
80 82 83
79 80 83
65 91 92
28 32 34
4 5 6
3 4 6
21 22 23
79 83 84
84 85 86
79 84 86
78 79 88
77 78 88
65 66 91
20 25 37
12 20 37
32 33 34
2 3 6
57 58 63
59 60 62
20 24 25
20 21 24
21 23 24
12 14 20
14 19 20
14 15 19
9 44 98
9 10 43
9 43 44
10 11 43
66 90 91
79 86 87
79 87 88
69 70 73
70 71 72
70 72 73
68 75 76
69 73 74
34 35 36
27 28 36
28 34 36
25 27 36
25 36 37
65 92 93
57 63 64
64 65 93
52 53 54
16 17 18
11 42 43
12 41 42
11 12 42
77 88 89
67 76 77
67 77 89
67 68 76
66 67 90
67 89 90
38 40 41
38 39 40
12 38 41
12 37 38
1 2 8
1 8 9
2 6 7
2 7 8
64 93 96
57 64 96
48 49 50
44 45 55
46 52 54
46 51 52
46 54 55
45 46 55
44 97 98
44 55 97
0 1 9
0 9 98
0 98 99
0 99 100
12 13 14
93 94 95
93 95 96
46 47 51
47 50 51
47 48 50
55 56 97
56 57 96
56 96 97
58 59 63
59 62 63
68 69 74
68 74 75
15 16 18
15 18 19
