# points
0.41546 0.20773
0.44928 0.21256
0.48309 0.22222
0.48792 0.25604
0.49275 0.28986
0.51208 0.32367
0.54589 0.33816
0.55072 0.37198
0.54106 0.4058
0.55072 0.43961
0.57971 0.44444
0.59903 0.41063
0.61353 0.37681
0.62802 0.343
0.62802 0.30918
0.63285 0.27536
0.63768 0.24155
0.64251 0.20773
0.67633 0.2029
0.71014 0.21739
0.71498 0.25121
0.73913 0.28019
0.77295 0.29952
0.77295 0.33333
0.77778 0.36715
0.7971 0.3913
0.83092 0.37681
0.84541 0.343
0.86473 0.30918
0.89855 0.30918
0.93237 0.29952
0.95169 0.2657
0.95169 0.23188
0.95169 0.19807
0.98068 0.16425
1 0.13527
1 0.10145
0.98551 0.067633
0.95652 0.033816
0.92271 0.0096618
0.88889 0
0.85507 0.0048309
0.82609 0.024155
0.80676 0.057971
0.77295 0.082126
0.73913 0.086957
0.70531 0.086957
0.6715 0.091787
0.66184 0.1256
0.64251 0.15942
0.61836 0.19324
0.58454 0.2029
0.57005 0.17391
0.58454 0.1401
0.59903 0.10628
0.58937 0.072464
0.56522 0.043478
0.5314 0.028986
0.49758 0.024155
0.46377 0.028986
0.44444 0.05314
0.44444 0.086957
0.43961 0.12077
0.42995 0.15459
0.39614 0.15459
0.36232 0.14493
0.35749 0.11111
0.35749 0.077295
0.33816 0.048309
0.32367 0.077295
0.32367 0.11111
0.32367 0.14493
0.31401 0.17874
0.28019 0.18357
0.24638 0.17874
0.21256 0.17391
0.17874 0.16908
0.14493 0.1401
0.11111 0.10628
0.10145 0.072464
0.077295 0.043478
0.05314 0.057971
0.057971 0.091787
0.072464 0.1256
0.091787 0.15942
0.10628 0.19324
0.10628 0.22705
0.082126 0.25604
0.072464 0.28986
0.038647 0.28019
0.0048309 0.27536
0 0.30918
0.019324 0.343
0.043478 0.37198
0.077295 0.37198
0.11111 0.35749
0.14493 0.3285
0.17874 0.31884
0.2029 0.29469
0.23671 0.29469
0.27053 0.29469
0.30435 0.29469
0.33816 0.29469
0.37198 0.27536
0.3913 0.24638
0.3913 0.21256
0.41546 0.20773
# triangles
34 35 36
34 36 37
29 30 31
29 31 32
24 25 26
34 37 38
79 80 81
92 93 94
76 86 98
86 87 96
89 90 91
89 91 92
78 83 84
79 81 82
78 79 82
78 82 83
16 50 51
57 58 61
2 52 62
2 51 52
72 101 102
40 41 42
28 29 32
15 16 51
75 76 98
86 97 98
86 96 97
88 92 94
88 89 92
88 94 95
88 95 96
87 88 96
76 85 86
77 78 84
76 77 85
77 84 85
46 47 48
18 48 49
18 19 48
6 14 15
6 13 14
4 6 51
6 15 51
7 8 11
9 10 11
8 9 11
58 59 60
58 60 61
53 54 55
53 55 56
53 56 57
53 57 61
52 53 62
53 61 62
3 4 51
2 3 51
34 38 43
38 39 43
39 40 43
40 42 43
19 44 45
45 46 48
19 45 48
16 17 50
17 49 50
17 18 49
4 5 6
7 11 12
6 12 13
6 7 12
2 62 63
72 104 105
22 28 33
28 32 33
19 33 44
19 22 33
33 43 44
33 34 43
75 98 99
74 75 99
74 99 100
1 2 63
73 74 100
72 73 101
73 100 101
67 68 69
72 102 103
72 103 104
22 27 28
22 23 27
24 26 27
23 24 27
19 21 22
19 20 21
0 1 63
0 64 105
0 63 64
65 72 105
64 65 105
65 71 72
65 66 71
66 70 71
67 69 70
66 67 70
