# points
0.2783 0.3066
0.31132 0.3066
0.34434 0.29717
0.36321 0.26887
0.36792 0.23585
0.38679 0.20283
0.41981 0.20283
0.45283 0.20755
0.4717 0.23113
0.47642 0.26415
0.49528 0.29717
0.52358 0.31604
0.52358 0.34906
0.53302 0.38208
0.5566 0.39623
0.58019 0.37264
0.59434 0.33962
0.59434 0.3066
0.59434 0.27358
0.60849 0.24057
0.62736 0.20755
0.65094 0.18868
0.68396 0.19811
0.6934 0.23113
0.71226 0.26415
0.74528 0.28302
0.74528 0.31604
0.75472 0.34906
0.78774 0.35377
0.82075 0.34434
0.84434 0.31604
0.86792 0.28774
0.90094 0.28774
0.93396 0.28302
0.9434 0.25
0.94811 0.21698
0.96226 0.18868
0.98113 0.16038
0.99057 0.12736
1 0.09434
1 0.061321
0.98113 0.028302
0.95283 0.004717
0.91981 0.004717
0.88679 0.004717
0.85377 0.014151
0.82075 0.033019
0.78774 0.051887
0.76415 0.084906
0.75 0.11792
0.71698 0.12264
0.68396 0.12736
0.65094 0.12736
0.61792 0.12736
0.58491 0.11792
0.58019 0.084906
0.58019 0.051887
0.56604 0.018868
0.53302 0.004717
0.5 0
0.46698 0
0.43396 0.004717
0.41038 0.033019
0.40566 0.066038
0.40566 0.099057
0.40566 0.13208
0.37264 0.13679
0.34906 0.12264
0.34906 0.089623
0.35849 0.056604
0.34434 0.033019
0.32547 0.056604
0.32547 0.089623
0.31132 0.12264
0.28774 0.14151
0.25472 0.14151
0.2217 0.14151
0.18868 0.13679
0.15566 0.13679
0.12736 0.10377
0.10849 0.070755
0.10377 0.037736
0.070755 0.014151
0.061321 0.04717
0.084906 0.080189
0.09434 0.11321
0.09434 0.14623
0.09434 0.17925
0.084906 0.20755
0.075472 0.24057
0.066038 0.27358
0.033019 0.2783
0 0.28302
0.014151 0.31604
0.033019 0.34906
0.066038 0.34906
0.099057 0.33962
0.13208 0.32075
0.16509 0.3066
0.19811 0.3066
0.23113 0.3066
0.26415 0.3066
0.2783 0.3066
# triangles
39 40 41
81 82 83
0 1 4
13 14 15
22 23 49
25 31 49
23 25 49
55 59 64
41 42 43
39 41 43
78 79 86
79 85 86
1 3 4
1 2 3
93 94 95
76 77 99
0 4 74
69 70 71
12 13 15
11 17 18
8 18 19
12 15 16
11 16 17
11 12 16
25 29 30
25 30 31
26 27 28
25 26 29
26 28 29
68 69 71
7 8 54
7 54 65
54 55 64
54 64 65
8 19 54
55 58 59
21 22 51
78 86 87
78 87 88
79 80 85
31 35 49
35 36 49
38 44 45
38 39 43
38 43 44
38 45 46
90 95 96
77 78 98
77 98 99
78 88 98
76 99 100
75 76 100
8 9 18
23 24 25
59 63 64
6 7 65
20 21 53
19 20 54
20 53 54
21 52 53
21 51 52
80 84 85
81 83 84
80 81 84
31 32 34
31 34 35
32 33 34
36 37 46
37 38 46
91 93 95
90 91 95
91 92 93
88 89 98
90 96 97
89 90 97
89 97 98
68 71 72
75 100 101
10 11 18
9 10 18
60 62 63
60 61 62
59 60 63
4 5 74
5 66 74
5 6 65
5 65 66
67 72 73
67 68 72
67 73 74
66 67 74
55 56 58
56 57 58
22 49 50
22 50 51
46 47 48
36 48 49
36 46 48
74 75 101
0 74 101
