# points
0.4455 0.22275
0.47867 0.22275
0.49763 0.24645
0.50237 0.27962
0.52133 0.30806
0.5545 0.32701
0.57346 0.35545
0.57346 0.38863
0.56398 0.4218
0.59242 0.42654
0.62085 0.3981
0.62559 0.36493
0.63507 0.33175
0.65877 0.29858
0.65877 0.2654
0.65877 0.23223
0.68246 0.21327
0.71564 0.22275
0.7346 0.25592
0.73934 0.2891
0.77251 0.30332
0.79147 0.32701
0.78673 0.36019
0.80569 0.38389
0.83886 0.36967
0.86256 0.33649
0.88626 0.3128
0.91943 0.3128
0.94313 0.29384
0.94313 0.26066
0.94313 0.22749
0.96209 0.20379
0.98578 0.17062
1 0.13744
1 0.10427
1 0.07109
0.99526 0.037915
0.97156 0.0094787
0.93839 0
0.90521 0.0047393
0.87204 0.0094787
0.83886 0.033175
0.81991 0.066351
0.81043 0.099526
0.77725 0.094787
0.74408 0.094787
0.7109 0.094787
0.67773 0.099526
0.67299 0.1327
0.66351 0.16588
0.64455 0.19905
0.61137 0.19905
0.6019 0.17062
0.60664 0.13744
0.61137 0.10427
0.61137 0.07109
0.59716 0.037915
0.56872 0.023697
0.53555 0.028436
0.50237 0.033175
0.46919 0.052133
0.45498 0.085308
0.45498 0.11848
0.45024 0.15166
0.4455 0.18483
0.41232 0.18957
0.37915 0.18957
0.35545 0.17536
0.35545 0.14218
0.35545 0.109
0.34123 0.075829
0.31754 0.080569
0.31754 0.11374
0.31754 0.14692
0.31754 0.18009
0.29384 0.19431
0.26066 0.19431
0.22749 0.18957
0.19431 0.18009
0.16114 0.1564
0.13744 0.12322
0.12796 0.090047
0.10427 0.07109
0.07109 0.075829
0.075829 0.109
0.094787 0.14218
0.109 0.17536
0.109 0.20853
0.10427 0.24171
0.099526 0.27488
0.090047 0.30332
0.056872 0.29384
0.023697 0.27962
0 0.30332
0.018957 0.33649
0.037915 0.36493
0.07109 0.36967
0.10427 0.36493
0.13744 0.34597
0.17062 0.32227
0.20379 0.30806
0.23697 0.30332
0.27014 0.30332
0.30332 0.30806
0.33649 0.31754
0.36967 0.31754
0.38863 0.2891
0.3981 0.25592
0.41232 0.22275
0.4455 0.22275
0.4455 0.22275
# triangles
36 37 38
32 33 34
35 36 38
66 107 108
82 83 84
91 94 95
91 95 96
88 99 100
26 29 30
27 28 29
26 27 29
35 38 39
34 35 39
30 31 43
31 32 43
32 34 43
103 104 107
75 103 107
92 93 94
91 92 94
81 82 84
81 84 85
80 81 85
90 96 97
90 91 96
90 97 98
90 98 99
34 39 42
34 42 43
104 105 106
104 106 107
66 74 107
74 75 107
77 100 101
18 30 43
88 89 99
89 90 99
39 40 41
39 41 42
65 66 108
2 51 52
66 67 74
68 69 72
69 70 72
75 102 103
80 85 86
20 26 30
18 20 30
17 18 43
4 5 51
7 10 11
7 8 9
7 9 10
3 4 51
2 3 51
0 65 108
68 72 73
67 68 73
67 73 74
79 80 86
79 86 87
70 71 72
21 25 26
20 21 26
21 24 25
18 19 20
5 12 14
5 14 51
52 62 63
52 53 62
53 54 62
58 59 62
54 58 62
54 55 58
55 56 57
55 57 58
46 47 48
45 46 48
17 45 48
6 7 11
6 11 12
5 6 12
0 64 65
75 76 102
76 77 101
76 101 102
78 79 87
78 87 88
78 88 100
77 78 100
22 23 24
21 22 24
17 43 44
17 44 45
12 13 14
14 15 51
59 60 61
59 61 62
0 1 64
1 63 64
1 52 63
1 2 52
17 48 49
16 17 49
15 16 50
16 49 50
15 50 51
