# points
0.5561 0.4439
0.57561 0.43415
0.59512 0.40488
0.60488 0.37561
0.61951 0.34634
0.62927 0.31707
0.62927 0.2878
0.62927 0.25854
0.6439 0.23415
0.67317 0.23902
0.68293 0.26341
0.70732 0.2878
0.73659 0.30244
0.76585 0.31707
0.79512 0.33659
0.80488 0.36585
0.82927 0.38537
0.85366 0.36098
0.87805 0.33171
0.90244 0.30732
0.93171 0.30732
0.94634 0.28293
0.94634 0.25366
0.95122 0.22439
0.96098 0.19512
0.98537 0.18049
0.99512 0.15122
1 0.12195
0.99512 0.092683
0.98049 0.063415
0.96098 0.034146
0.94634 0.004878
0.91707 0
0.8878 0.004878
0.85854 0.0097561
0.82927 0.029268
0.8 0.053659
0.79024 0.082927
0.76585 0.1122
0.73659 0.12683
0.70732 0.13171
0.67805 0.13171
0.64878 0.12683
0.61951 0.12683
0.59024 0.12195
0.58049 0.092683
0.56585 0.063415
0.53659 0.043902
0.50732 0.04878
0.47805 0.053659
0.44878 0.063415
0.42927 0.087805
0.41951 0.11707
0.40976 0.14634
0.38537 0.17073
0.3561 0.17073
0.33171 0.14634
0.33171 0.11707
0.32683 0.087805
0.29756 0.082927
0.2878 0.10732
0.29268 0.13659
0.2878 0.16585
0.26341 0.18537
0.23415 0.19024
0.20488 0.19024
0.17561 0.19024
0.14634 0.17561
0.11707 0.1561
0.1122 0.12683
0.10732 0.097561
0.097561 0.068293
0.078049 0.043902
0.058537 0.063415
0.063415 0.092683
0.068293 0.12195
0.073171 0.15122
0.087805 0.18049
0.10244 0.20976
0.10244 0.23902
0.097561 0.26829
0.092683 0.29756
0.092683 0.32683
0.063415 0.33171
0.039024 0.30732
0.0097561 0.30732
0 0.33171
0.0097561 0.36098
0.034146 0.38537
0.063415 0.40488
0.092683 0.39024
0.12195 0.36585
0.15122 0.34634
0.17561 0.31707
0.20488 0.3122
0.23415 0.3122
0.26341 0.3122
0.29268 0.3122
0.32195 0.3122
0.35122 0.30732
0.38049 0.29268
0.39512 0.26341
0.40488 0.23415
0.41951 0.20976
0.44878 0.22439
0.47805 0.22927
0.50244 0.24878
0.50244 0.27805
0.50732 0.30732
0.53171 0.33171
0.54634 0.3561
0.54634 0.38537
0.54634 0.41463
0.5561 0.4439
0.5561 0.4439
# triangles
24 26 27
88 89 90
15 16 17
30 31 32
83 88 90
83 87 88
71 72 73
24 25 26
24 27 28
24 28 29
19 20 21
24 29 37
84 85 86
84 86 87
83 84 87
68 69 76
63 97 98
29 30 35
29 35 37
19 23 38
24 37 38
23 24 38
45 48 49
49 50 51
99 100 101
79 80 93
69 75 76
69 70 75
57 58 60
68 76 77
63 96 97
63 64 96
64 95 96
19 21 22
19 22 23
14 15 17
14 17 18
14 18 19
0 1 112
3 4 110
30 32 33
30 33 35
35 36 37
13 19 38
13 14 19
11 12 39
9 11 39
53 103 104
49 51 52
82 83 90
82 90 91
70 71 74
70 74 75
71 73 74
58 59 60
66 79 93
65 66 94
66 93 94
68 77 78
67 68 78
66 78 79
66 67 78
56 61 62
56 57 61
57 60 61
3 110 111
2 3 111
1 2 112
2 111 112
7 8 106
7 106 107
4 109 110
4 5 109
33 34 35
9 39 40
53 54 103
54 102 103
82 91 92
80 81 93
81 92 93
81 82 92
53 104 105
52 53 105
9 10 11
107 108 109
5 6 109
6 7 107
6 107 109
45 46 48
46 47 48
54 55 102
55 101 102
55 56 62
55 98 99
55 99 101
55 63 98
55 62 63
8 44 106
8 43 44
44 105 106
44 52 105
44 45 49
44 49 52
8 42 43
9 40 41
8 9 41
8 41 42
64 94 95
64 65 94
13 38 39
12 13 39
