# points
0.4507 0.19718
0.48357 0.20188
0.49296 0.23474
0.49765 0.26761
0.50704 0.30047
0.53052 0.33333
0.53521 0.3662
0.5446 0.39906
0.56338 0.42723
0.59155 0.40376
0.61033 0.37089
0.62441 0.33803
0.6338 0.30516
0.62911 0.2723
0.62911 0.23944
0.6385 0.21127
0.67136 0.22066
0.69484 0.23944
0.71362 0.2723
0.74648 0.30047
0.77934 0.30986
0.78873 0.33803
0.80282 0.3662
0.83099 0.34742
0.84038 0.31455
0.87324 0.30516
0.9061 0.30516
0.92958 0.28638
0.93897 0.25352
0.95305 0.22066
0.95775 0.18779
0.98592 0.15493
1 0.12207
0.99531 0.089202
0.97653 0.056338
0.94836 0.023474
0.91549 0.0046948
0.88263 0
0.84977 0.0046948
0.8169 0.018779
0.79812 0.046948
0.77934 0.079812
0.75117 0.089202
0.71831 0.089202
0.68545 0.089202
0.65728 0.10798
0.65258 0.14085
0.62911 0.17371
0.60094 0.1784
0.60094 0.14554
0.60094 0.11268
0.59624 0.079812
0.58216 0.046948
0.5493 0.028169
0.51643 0.023474
0.48357 0.023474
0.46009 0.051643
0.44601 0.084507
0.44601 0.11737
0.44601 0.15023
0.41315 0.16901
0.38028 0.16901
0.3615 0.14085
0.3662 0.10798
0.3615 0.075117
0.34742 0.042254
0.31925 0.051643
0.31925 0.084507
0.31925 0.11737
0.31455 0.15023
0.30986 0.1831
0.277 0.18779
0.24413 0.18779
0.21127 0.1784
0.1784 0.17371
0.15493 0.15023
0.12207 0.12207
0.11268 0.089202
0.11268 0.056338
0.093897 0.028169
0.084507 0.056338
0.098592 0.089202
0.10329 0.12207
0.10329 0.15493
0.10329 0.18779
0.10329 0.22066
0.10329 0.25352
0.089202 0.28638
0.084507 0.31925
0.051643 0.30516
0.032864 0.2723
0 0.2723
0.0046948 0.30516
0.018779 0.33803
0.037559 0.3662
0.070423 0.3615
0.10329 0.34272
0.13615 0.32864
0.16901 0.30986
0.20188 0.29108
0.23474 0.29108
0.26761 0.29108
0.30047 0.30047
0.33333 0.30986
0.35681 0.28638
0.38028 0.25352
0.39437 0.22066
0.41784 0.19249
0.4507 0.19718
0.4507 0.19718
# triangles
78 79 80
93 94 95
35 36 37
7 8 9
6 7 9
31 32 33
78 80 81
30 31 34
31 33 34
35 37 40
34 35 40
30 34 40
30 40 41
20 24 41
29 30 41
77 81 82
76 77 82
77 78 81
6 9 10
18 19 20
51 54 57
51 57 58
4 5 13
5 6 10
5 10 11
20 21 24
21 22 23
21 23 24
70 71 102
90 91 92
37 38 40
38 39 40
51 53 54
51 52 53
44 45 46
43 44 46
16 43 46
50 51 58
3 4 13
17 18 20
17 42 43
16 17 43
17 20 41
17 41 42
3 13 14
16 46 47
54 55 56
54 56 57
5 12 13
5 11 12
102 103 104
70 102 104
70 104 105
25 26 27
25 27 28
24 25 41
25 29 41
25 28 29
72 100 101
71 72 101
71 101 102
63 64 67
64 65 66
64 66 67
72 99 100
72 73 99
0 1 59
1 58 59
2 14 48
2 3 14
1 2 48
1 48 49
49 50 58
1 49 58
15 16 47
14 15 48
15 47 48
70 105 106
61 70 106
61 106 107
63 67 68
73 74 99
74 75 84
74 84 85
86 98 99
86 97 98
74 85 86
74 86 99
88 95 96
88 96 97
60 61 107
0 59 60
0 60 107
62 63 68
61 62 70
76 82 83
75 76 83
75 83 84
87 88 97
86 87 97
62 69 70
62 68 69
89 92 93
89 90 92
89 93 95
88 89 95
