# points
0.35211 0.30516
0.37089 0.2723
0.38028 0.23944
0.39906 0.22066
0.43192 0.22066
0.46479 0.22535
0.48826 0.23944
0.48357 0.2723
0.49765 0.30047
0.53052 0.31455
0.53521 0.34742
0.52113 0.38028
0.52582 0.41315
0.55399 0.43662
0.58216 0.42254
0.58685 0.38967
0.58685 0.35681
0.58685 0.32394
0.58685 0.29108
0.58685 0.25822
0.59624 0.22535
0.62911 0.21596
0.66197 0.21596
0.67606 0.24883
0.69953 0.28169
0.73239 0.29577
0.74648 0.32394
0.74178 0.35681
0.75587 0.38498
0.78873 0.38498
0.8169 0.3662
0.82629 0.33333
0.85446 0.31455
0.88732 0.30986
0.91549 0.28638
0.91549 0.25352
0.91549 0.22066
0.94366 0.20188
0.97653 0.17371
0.99531 0.14085
1 0.10798
0.98122 0.075117
0.96244 0.042254
0.93427 0.0093897
0.90141 0
0.86854 0
0.83568 0.0093897
0.80282 0.018779
0.78404 0.046948
0.76526 0.079812
0.73239 0.098592
0.69953 0.098592
0.66667 0.10329
0.6338 0.10329
0.60094 0.10329
0.58685 0.079812
0.58685 0.046948
0.56808 0.018779
0.53521 0.023474
0.50235 0.028169
0.46948 0.037559
0.44601 0.065728
0.44601 0.098592
0.44601 0.13146
0.41784 0.15493
0.38498 0.16432
0.3662 0.14554
0.3662 0.11268
0.37089 0.079812
0.37089 0.046948
0.35211 0.023474
0.32394 0.037559
0.33333 0.070423
0.33803 0.10329
0.33803 0.13615
0.31925 0.16901
0.28638 0.1784
0.25352 0.1784
0.22066 0.1784
0.18779 0.17371
0.15962 0.16432
0.15493 0.13146
0.15493 0.098592
0.15493 0.065728
0.13615 0.042254
0.10798 0.061033
0.093897 0.093897
0.093897 0.12676
0.098592 0.15962
0.10798 0.19249
0.098592 0.22535
0.084507 0.25822
0.061033 0.28169
0.028169 0.26761
0 0.26291
0.0093897 0.29577
0.028169 0.32864
0.051643 0.35681
0.084507 0.35211
0.11737 0.33803
0.15023 0.30986
0.1784 0.29577
0.21127 0.30047
0.24413 0.30986
0.277 0.31925
0.30986 0.31925
0.34272 0.31455
0.35211 0.30516
# triangles
39 40 41
96 97 98
42 43 44
93 94 95
12 13 14
12 14 15
10 11 15
11 12 15
76 104 105
37 41 42
26 29 30
26 30 31
25 26 31
25 31 32
92 96 98
92 95 96
92 93 95
26 27 29
27 28 29
92 98 99
2 75 76
66 74 75
42 44 45
21 53 54
38 39 41
37 38 41
21 22 53
37 48 49
33 34 35
32 33 35
32 35 36
25 32 36
36 37 49
77 78 102
78 101 102
82 85 86
82 86 87
81 82 87
10 15 16
10 16 17
77 102 103
76 77 103
76 103 104
46 47 48
42 45 46
37 42 46
37 46 48
56 57 58
22 52 53
22 51 52
36 49 50
25 36 50
22 50 51
9 10 17
20 21 54
0 105 106
0 1 105
1 76 105
1 2 76
83 84 85
82 83 85
81 87 88
78 79 101
91 92 99
91 99 100
55 56 58
55 58 59
9 17 18
9 18 19
23 25 50
22 23 50
23 24 25
54 55 63
68 72 73
79 80 89
80 81 88
80 88 89
79 90 101
79 89 90
90 100 101
90 91 100
6 20 54
6 54 63
6 19 20
6 9 19
55 59 62
55 62 63
60 61 62
59 60 62
2 65 75
65 66 75
68 69 72
69 70 71
69 71 72
67 68 73
66 67 74
67 73 74
7 8 9
6 7 9
5 6 63
5 63 64
4 5 64
2 3 65
3 64 65
3 4 64
