# points
0.14634 0.34146
0.18049 0.33171
0.21463 0.33171
0.24878 0.33171
0.28293 0.32683
0.31707 0.32683
0.35122 0.32683
0.38049 0.30244
0.39512 0.26829
0.4 0.23415
0.40976 0.2
0.43902 0.20976
0.43902 0.2439
0.45854 0.27805
0.47805 0.3122
0.49756 0.34146
0.53171 0.35122
0.5561 0.37073
0.5561 0.40488
0.55122 0.43902
0.57561 0.43415
0.60488 0.4
0.61463 0.36585
0.62927 0.33171
0.63415 0.29756
0.65366 0.26341
0.67805 0.2439
0.69756 0.26829
0.71707 0.30244
0.74146 0.32683
0.74634 0.36098
0.77073 0.38049
0.80488 0.37073
0.83902 0.36098
0.86829 0.34146
0.90244 0.33659
0.93659 0.3122
0.96098 0.2878
0.96098 0.25366
0.96585 0.21951
0.99512 0.18537
1 0.1561
1 0.12195
1 0.087805
0.98537 0.053659
0.96098 0.02439
0.92683 0.0097561
0.89268 0
0.85854 0.0097561
0.83902 0.043902
0.80976 0.053659
0.77561 0.068293
0.7561 0.10244
0.73171 0.12683
0.69756 0.12683
0.66341 0.12683
0.6439 0.1561
0.63902 0.19024
0.61951 0.21951
0.58537 0.21951
0.56098 0.2
0.57561 0.16585
0.59512 0.13171
0.59512 0.097561
0.58049 0.063415
0.54634 0.039024
0.5122 0.039024
0.47805 0.039024
0.45854 0.068293
0.45366 0.10244
0.44878 0.13659
0.41951 0.1561
0.38537 0.17073
0.37561 0.14146
0.37561 0.10732
0.38049 0.073171
0.35122 0.053659
0.31707 0.04878
0.28293 0.04878
0.26829 0.078049
0.29756 0.10732
0.29756 0.14146
0.29756 0.17561
0.27317 0.20488
0.23902 0.20488
0.20488 0.19512
0.17073 0.17561
0.1561 0.14146
0.14634 0.10732
0.13659 0.073171
0.10244 0.058537
0.10244 0.092683
0.10244 0.12683
0.10244 0.16098
0.10244 0.19512
0.087805 0.22927
0.068293 0.26341
0.058537 0.29756
0.04878 0.33171
0.029268 0.31707
0.004878 0.30732
0 0.34146
0.019512 0.37561
0.04878 0.40488
0.082927 0.40488
0.1122 0.37073
0.14634 0.34146
0.14634 0.34146
# triangles
44 45 46
42 43 44
98 103 104
98 102 103
98 101 102
39 41 42
99 100 101
98 99 101
87 92 93
87 88 92
89 90 91
88 91 92
88 89 91
27 28 53
39 42 49
42 44 49
44 46 49
46 47 49
47 48 49
39 40 41
5 6 7
5 7 8
5 8 83
4 5 83
3 4 83
76 77 80
29 33 34
28 29 34
28 34 53
34 39 53
34 35 36
29 32 33
29 30 32
30 31 32
98 104 105
0 96 97
97 98 105
0 97 105
0 95 96
85 86 95
86 94 95
86 93 94
86 87 93
54 55 56
54 56 57
39 49 50
36 37 38
34 36 38
34 38 39
13 14 60
14 59 60
11 60 70
11 70 71
10 11 71
8 9 83
64 65 66
74 76 80
74 75 76
24 58 59
24 25 58
60 61 70
61 69 70
1 2 85
1 85 95
0 1 95
3 83 84
2 3 84
2 84 85
50 51 52
39 52 53
39 50 52
26 54 57
26 27 53
26 53 54
25 26 58
26 57 58
12 13 60
11 12 60
9 82 83
73 81 82
66 67 68
66 68 69
63 66 69
63 64 66
61 63 69
61 62 63
18 19 20
18 20 21
16 23 24
16 24 59
14 16 59
14 15 16
9 10 72
9 72 82
72 73 82
10 71 72
16 17 23
17 18 21
17 21 22
17 22 23
77 79 80
77 78 79
74 80 81
73 74 81
