# points
0.005571 0.094708
0 0.11142
0 0.13092
0.0083565 0.14763
0.027855 0.14763
0.047354 0.1532
0.066852 0.1532
0.086351 0.1532
0.10585 0.15877
0.12535 0.15877
0.14485 0.16435
0.16435 0.16435
0.18384 0.16435
0.20334 0.16713
0.22284 0.16713
0.24234 0.16713
0.26184 0.16992
0.28134 0.1727
0.30084 0.1727
0.32033 0.1727
0.33983 0.16713
0.35933 0.18384
0.37604 0.19777
0.39554 0.2117
0.41504 0.22006
0.43454 0.22284
0.45404 0.23398
0.47354 0.22563
0.49304 0.22284
0.51253 0.21727
0.53203 0.2117
0.55153 0.20056
0.57103 0.18384
0.59053 0.18106
0.61003 0.18106
0.62953 0.17827
0.64903 0.18106
0.66852 0.18106
0.68802 0.18384
0.70752 0.18384
0.72702 0.18106
0.74652 0.18384
0.76602 0.18384
0.78552 0.18384
0.80501 0.18106
0.82451 0.18106
0.84401 0.18106
0.86351 0.18106
0.88301 0.18106
0.90251 0.18106
0.92201 0.17827
0.9415 0.18106
0.961 0.17827
0.9805 0.18106
1 0.17549
1 0.15599
1 0.13649
1 0.11699
1 0.097493
1 0.077994
0.99443 0.061281
0.97493 0.05571
0.95543 0.05571
0.93593 0.05571
0.91643 0.058496
0.89694 0.058496
0.87744 0.061281
0.85794 0.061281
0.83844 0.058496
0.81894 0.064067
0.79944 0.061281
0.77994 0.061281
0.76045 0.061281
0.74095 0.061281
0.72145 0.061281
0.70195 0.061281
0.68245 0.061281
0.66295 0.061281
0.64345 0.064067
0.62396 0.061281
0.60446 0.061281
0.58496 0.05571
0.56825 0.041783
0.55153 0.02507
0.53203 0.016713
0.51253 0.0083565
0.49304 0.0027855
0.47354 0
0.45404 0
0.43454 0
0.41504 0.005571
0.39554 0.013928
0.37604 0.02507
0.35655 0.038997
0.33705 0.047354
0.31755 0.041783
0.29805 0.041783
0.27855 0.038997
0.25905 0.038997
0.23955 0.036212
0.22006 0.038997
0.20056 0.038997
0.18106 0.038997
0.16156 0.036212
0.14206 0.036212
0.12256 0.036212
0.10306 0.033426
0.083565 0.030641
0.064067 0.027855
0.044568 0.027855
0.02507 0.027855
0.011142 0.038997
0.0083565 0.058496
0.005571 0.077994
0.005571 0.094708
# triangles
110 111 112
32 33 81
59 60 61
40 41 73
41 72 73
53 54 55
52 53 55
0 107 108
109 110 112
0 108 113
109 112 113
108 109 113
27 87 88
0 1 4
0 4 5
1 2 4
2 3 4
32 81 82
29 84 85
29 30 31
31 32 82
29 31 84
31 82 84
33 80 81
57 62 63
50 57 63
20 93 94
25 27 88
25 26 27
33 34 80
37 38 76
38 39 75
38 75 76
39 40 75
36 37 78
82 83 84
52 55 56
52 56 57
57 58 62
58 59 61
58 61 62
51 52 57
50 51 57
50 63 64
48 49 66
43 44 71
67 68 69
9 103 104
9 104 105
7 106 107
7 105 106
22 91 92
22 25 91
16 17 96
25 88 90
25 90 91
88 89 90
12 13 101
13 14 100
13 100 101
12 101 102
40 73 74
40 74 75
34 35 80
35 36 78
37 76 77
37 77 78
50 64 65
49 50 65
49 65 66
46 67 69
42 71 72
42 43 71
41 42 72
44 70 71
44 69 70
0 6 107
6 7 107
0 5 6
8 9 105
7 8 105
15 16 98
14 15 100
19 20 94
23 24 25
22 23 25
16 97 98
16 96 97
15 98 99
15 99 100
35 79 80
35 78 79
44 45 69
45 46 69
46 47 67
47 66 67
47 48 66
9 10 103
20 21 93
21 92 93
21 22 92
17 18 96
18 19 94
11 12 102
11 102 103
10 11 103
18 94 95
18 95 96
27 28 86
27 86 87
28 29 86
29 85 86
