# points
0.0044843 0.080717
0.0044843 0.1009
0.022422 0.11659
0.042601 0.12556
0.06278 0.12556
0.08296 0.12332
0.10314 0.11659
0.12332 0.11435
0.1435 0.11211
0.16368 0.10987
0.18386 0.10987
0.20404 0.10987
0.22422 0.10987
0.24439 0.11211
0.26457 0.11435
0.28475 0.11659
0.30493 0.11883
0.32511 0.12108
0.34529 0.12332
0.36547 0.1278
0.38565 0.13004
0.40583 0.13229
0.42601 0.13901
0.44619 0.14126
0.46637 0.14798
0.48655 0.15247
0.50673 0.16143
0.52691 0.17489
0.54709 0.18161
0.56726 0.18834
0.58744 0.1861
0.60762 0.18161
0.6278 0.17937
0.64798 0.16816
0.66816 0.15919
0.68834 0.15471
0.70852 0.15022
0.7287 0.14574
0.74888 0.1435
0.76906 0.14126
0.78924 0.13677
0.80942 0.13453
0.8296 0.13004
0.84978 0.1278
0.86996 0.12332
0.89013 0.12108
0.91031 0.11883
0.93049 0.11435
0.95067 0.11659
0.97085 0.11883
0.98879 0.11211
0.99776 0.091928
1 0.071749
1 0.05157
0.99103 0.03139
0.97085 0.026906
0.95067 0.024664
0.93049 0.024664
0.91031 0.024664
0.89013 0.022422
0.86996 0.020179
0.84978 0.015695
0.8296 0.013453
0.80942 0.0089686
0.78924 0.0044843
0.76906 0
0.74888 0.0044843
0.74439 0.024664
0.73991 0.044843
0.72197 0.049327
0.70179 0.049327
0.68161 0.044843
0.66143 0.040359
0.64126 0.026906
0.62108 0.017937
0.6009 0.011211
0.58072 0.0067265
0.56054 0.0067265
0.54036 0.011211
0.52018 0.017937
0.5 0.03139
0.47982 0.033632
0.45964 0.035874
0.43946 0.038117
0.41928 0.038117
0.3991 0.038117
0.37892 0.038117
0.35874 0.035874
0.33857 0.035874
0.31839 0.033632
0.29821 0.033632
0.27803 0.03139
0.25785 0.03139
0.23767 0.029148
0.21749 0.029148
0.19731 0.029148
0.17713 0.029148
0.15695 0.029148
0.13677 0.03139
0.11659 0.03139
0.096413 0.033632
0.076233 0.038117
0.056054 0.038117
0.035874 0.038117
0.015695 0.035874
0 0.047085
0.0022422 0.067265
0.0044843 0.080717
# triangles
48 51 52
0 1 2
48 52 56
49 50 51
48 49 51
15 90 91
104 105 106
33 34 72
53 54 55
52 53 55
52 55 56
4 5 101
28 76 77
37 38 69
26 27 28
26 78 79
28 77 78
26 28 78
26 79 80
18 87 88
15 16 90
16 89 90
23 24 82
23 82 83
22 23 83
20 21 85
21 22 83
14 15 91
14 91 92
10 95 96
2 3 102
0 2 102
3 4 102
4 101 102
33 72 73
31 33 73
31 73 74
34 35 71
34 71 72
31 74 75
28 75 76
31 32 33
47 48 56
47 56 57
47 57 58
46 47 58
25 26 80
24 81 82
24 25 81
25 80 81
20 85 86
19 20 86
18 86 87
18 19 86
17 18 88
17 88 89
16 17 89
21 84 85
21 83 84
13 14 92
13 92 93
9 96 97
9 10 96
5 6 101
103 104 106
0 103 106
0 102 103
39 40 68
63 64 68
38 68 69
38 39 68
41 63 68
40 41 68
37 69 70
36 37 70
35 70 71
35 36 70
28 30 75
30 31 75
28 29 30
11 94 95
10 11 95
12 93 94
12 13 93
11 12 94
7 8 98
7 98 99
9 97 98
8 9 98
7 99 100
6 7 100
6 100 101
65 66 67
64 65 67
64 67 68
42 62 63
41 42 63
43 44 61
44 60 61
42 61 62
42 43 61
44 45 60
45 59 60
45 58 59
45 46 58
