# points
0.0023641 0.10875
0.0023641 0.13002
0.0023641 0.1513
0 0.17258
0.0070922 0.19385
0.028369 0.19622
0.049645 0.19385
0.070922 0.19385
0.092199 0.18913
0.11348 0.19149
0.13475 0.18676
0.15603 0.18676
0.1773 0.18676
0.19858 0.18676
0.21986 0.18676
0.24113 0.18676
0.26241 0.18913
0.28369 0.18913
0.30496 0.19149
0.32624 0.19149
0.34752 0.19149
0.36879 0.19385
0.39007 0.19622
0.41135 0.19622
0.43262 0.19858
0.4539 0.20331
0.47518 0.20804
0.49645 0.21277
0.51773 0.21986
0.53901 0.22931
0.56028 0.24113
0.58156 0.25296
0.60284 0.25532
0.62411 0.25532
0.64539 0.25059
0.66667 0.2435
0.68794 0.23168
0.70922 0.21749
0.7305 0.21513
0.75177 0.21513
0.77305 0.21277
0.79433 0.2104
0.8156 0.2104
0.83688 0.2104
0.85816 0.2104
0.87943 0.2104
0.90071 0.21277
0.92199 0.21277
0.94326 0.21277
0.96454 0.21513
0.98582 0.21277
0.99291 0.19385
0.99291 0.17258
0.99291 0.1513
0.99527 0.13002
1 0.10875
0.98818 0.094563
0.9669 0.092199
0.94563 0.089835
0.92435 0.089835
0.90307 0.089835
0.8818 0.08747
0.86052 0.085106
0.83924 0.082742
0.81797 0.080378
0.79669 0.080378
0.77541 0.078014
0.75414 0.07565
0.73286 0.07565
0.71395 0.061466
0.69504 0.042553
0.67376 0.028369
0.65248 0.018913
0.63121 0.0094563
0.61229 0
0.59102 0.0094563
0.56974 0.016548
0.54846 0.026005
0.52719 0.040189
0.50591 0.059102
0.487 0.068558
0.46572 0.068558
0.44444 0.068558
0.42317 0.066194
0.40189 0.066194
0.38061 0.061466
0.35934 0.061466
0.33806 0.054374
0.31678 0.056738
0.29551 0.059102
0.27423 0.059102
0.25296 0.059102
0.23168 0.061466
0.2104 0.059102
0.18913 0.066194
0.16785 0.06383
0.14657 0.066194
0.1253 0.068558
0.10402 0.070922
0.082742 0.07565
0.061466 0.07565
0.040189 0.07565
0.018913 0.07565
0 0.089835
0.0023641 0.10875
# triangles
29 76 77
0 102 103
18 88 89
3 4 5
2 3 5
49 50 51
29 30 76
30 31 32
17 18 89
17 89 90
0 1 101
0 101 102
16 90 91
16 17 90
8 9 98
2 5 6
1 6 7
1 2 6
27 28 80
26 27 80
29 77 78
32 33 34
30 32 34
45 46 60
73 74 75
12 13 94
13 14 94
92 93 94
14 92 94
9 10 98
10 97 98
14 15 92
15 91 92
15 16 91
8 98 99
25 26 80
25 80 81
24 25 81
28 29 79
29 78 79
28 79 80
21 84 85
21 22 84
23 83 84
22 23 84
18 19 88
21 85 86
20 21 86
19 20 86
86 87 88
19 86 88
46 47 60
47 48 53
30 34 71
34 35 71
41 65 66
41 42 65
42 64 65
36 37 69
37 68 69
39 67 68
10 96 97
10 11 96
1 100 101
1 7 100
7 8 100
8 99 100
24 81 82
23 24 82
23 82 83
48 52 53
49 51 52
48 49 52
54 55 56
54 56 57
54 57 58
53 54 58
30 72 76
30 71 72
72 75 76
72 73 75
43 44 62
35 70 71
35 36 70
36 69 70
40 41 66
40 66 67
39 40 67
37 38 68
38 39 68
12 94 95
11 12 95
11 95 96
45 60 61
44 45 61
44 61 62
43 62 63
42 63 64
42 43 63
47 59 60
53 58 59
47 53 59
