# points
0.0029851 0.13731
0.014925 0.15522
0.014925 0.17612
0.0029851 0.19403
0.0059701 0.21493
0.01791 0.23284
0.035821 0.24478
0.056716 0.24478
0.077612 0.24478
0.098507 0.24478
0.1194 0.24478
0.1403 0.24478
0.16119 0.24179
0.18209 0.23881
0.20299 0.24478
0.22388 0.24179
0.24478 0.24179
0.26567 0.24179
0.28657 0.24179
0.30746 0.24179
0.32836 0.24478
0.34925 0.24478
0.36716 0.2597
0.38806 0.27463
0.40896 0.28657
0.42985 0.29552
0.45075 0.30149
0.47164 0.30448
0.49254 0.30746
0.51343 0.30448
0.53433 0.30448
0.55522 0.29851
0.57612 0.29254
0.59701 0.28358
0.61791 0.27164
0.63582 0.25672
0.65672 0.23881
0.67761 0.23881
0.69851 0.23582
0.7194 0.23582
0.7403 0.23582
0.76119 0.23881
0.78209 0.23881
0.80299 0.23881
0.82388 0.23881
0.84478 0.23582
0.86567 0.23582
0.88657 0.23284
0.90746 0.23582
0.92836 0.23881
0.94925 0.23881
0.97015 0.23582
0.98806 0.22388
0.99701 0.20299
0.99403 0.18806
0.98806 0.16716
0.98806 0.14627
1 0.12836
0.99403 0.11045
0.98806 0.089552
0.97313 0.074627
0.95224 0.074627
0.93134 0.071642
0.91045 0.071642
0.88955 0.071642
0.86866 0.071642
0.84776 0.071642
0.82687 0.071642
0.80597 0.071642
0.78507 0.074627
0.76418 0.074627
0.74328 0.077612
0.72239 0.077612
0.70149 0.080597
0.6806 0.074627
0.6597 0.074627
0.63881 0.068657
0.6209 0.050746
0.6 0.038806
0.5791 0.026866
0.55821 0.020896
0.53731 0.014925
0.51642 0.0089552
0.49552 0
0.47463 0.0089552
0.45373 0.014925
0.43284 0.020896
0.41194 0.026866
0.39104 0.038806
0.37015 0.053731
0.35224 0.071642
0.33134 0.077612
0.31045 0.080597
0.28955 0.083582
0.26866 0.080597
0.24776 0.077612
0.22687 0.077612
0.20597 0.077612
0.18507 0.077612
0.16418 0.077612
0.14328 0.077612
0.12239 0.077612
0.10149 0.077612
0.080597 0.080597
0.059701 0.080597
0.038806 0.080597
0.01791 0.083582
0.01194 0.10448
0 0.12239
0.0029851 0.13731
# triangles
0 107 108
0 1 107
2 4 5
2 3 4
56 57 58
105 106 107
51 52 54
52 53 54
1 103 104
1 104 107
104 105 107
50 51 54
49 50 55
50 54 55
48 49 55
48 55 56
47 48 56
1 2 9
1 9 103
56 58 61
56 61 62
59 60 61
58 59 61
44 45 67
46 47 65
35 36 76
36 75 76
34 35 76
33 34 76
29 30 31
24 25 86
25 26 86
29 81 85
27 28 29
27 29 85
27 85 86
26 27 86
2 8 9
23 24 86
12 13 99
16 95 96
44 67 68
45 66 67
45 46 66
46 65 66
47 64 65
76 77 78
31 32 78
33 76 78
32 33 78
39 72 73
73 74 75
38 39 73
36 37 75
37 73 75
37 38 73
40 41 71
40 71 72
39 40 72
41 70 71
42 69 70
41 42 70
78 79 80
31 78 80
29 31 80
29 80 81
86 87 88
23 86 88
23 88 89
16 17 94
16 94 95
17 93 94
23 89 90
2 7 8
5 6 7
2 5 7
9 102 103
9 10 102
12 99 100
15 16 96
15 96 97
13 15 97
47 56 63
47 63 64
56 62 63
42 43 69
43 44 68
43 68 69
82 83 84
21 90 91
20 21 91
20 91 92
21 22 90
22 23 90
19 92 93
19 20 92
11 12 100
10 101 102
10 11 101
11 100 101
13 98 99
13 97 98
13 14 15
17 18 93
18 19 93
82 84 85
81 82 85
