# points
0.0064725 0.11327
0.0097087 0.13592
0.0064725 0.15858
0 0.17799
0.016181 0.19094
0.038835 0.1877
0.061489 0.19417
0.084142 0.19417
0.1068 0.19741
0.12945 0.19417
0.1521 0.20065
0.17476 0.20065
0.19741 0.20065
0.22006 0.20712
0.24272 0.22006
0.26214 0.23301
0.28479 0.24919
0.30744 0.2589
0.3301 0.26861
0.35275 0.27184
0.3754 0.27508
0.39806 0.27508
0.42071 0.27184
0.44337 0.26861
0.46602 0.26214
0.48867 0.25243
0.51133 0.23625
0.53398 0.22654
0.55663 0.2233
0.57929 0.22654
0.60194 0.22654
0.6246 0.22654
0.64725 0.22977
0.6699 0.22977
0.69256 0.22977
0.71521 0.23301
0.73786 0.23301
0.76052 0.23301
0.78317 0.23625
0.80583 0.23625
0.82848 0.23625
0.85113 0.23948
0.87379 0.23948
0.89644 0.24272
0.91909 0.24595
0.94175 0.24595
0.9644 0.24272
0.98706 0.24272
0.99353 0.2233
0.99353 0.20065
0.99676 0.17799
0.99353 0.16181
1 0.14239
1 0.11974
1 0.097087
0.97735 0.093851
0.95469 0.090615
0.93204 0.087379
0.90939 0.087379
0.88673 0.087379
0.86408 0.087379
0.84142 0.087379
0.81877 0.090615
0.79612 0.087379
0.77346 0.087379
0.75081 0.084142
0.72816 0.087379
0.7055 0.084142
0.68285 0.080906
0.66019 0.080906
0.63754 0.080906
0.61489 0.07767
0.59223 0.074434
0.56958 0.074434
0.54693 0.067961
0.52751 0.05178
0.50485 0.035599
0.4822 0.022654
0.45955 0.012945
0.43689 0.0064725
0.41424 0
0.39159 0
0.36893 0.0032362
0.34628 0.0064725
0.32362 0.0097087
0.30097 0.016181
0.27832 0.029126
0.25566 0.042071
0.23301 0.048544
0.21036 0.05178
0.1877 0.05178
0.16505 0.048544
0.14239 0.05178
0.11974 0.048544
0.097087 0.045307
0.074434 0.042071
0.05178 0.045307
0.029126 0.038835
0.012945 0.05178
0.019417 0.071197
0.012945 0.090615
0.0064725 0.11327
0.0064725 0.11327
# triangles
97 98 99
96 97 99
44 45 51
2 3 4
46 47 48
79 80 81
20 21 82
79 81 82
94 95 100
0 1 100
1 94 100
96 99 100
95 96 100
2 4 5
1 2 5
1 7 94
14 15 87
13 14 87
19 20 82
19 82 83
15 16 17
17 83 84
17 19 83
51 52 56
26 76 77
26 75 76
45 46 49
49 50 51
45 49 51
46 48 49
21 22 82
22 79 82
22 23 78
22 78 79
15 86 87
15 17 86
84 85 86
17 84 86
11 91 92
1 5 6
1 6 7
12 13 89
11 90 91
12 89 90
11 12 90
9 10 92
10 11 92
17 18 19
38 63 64
52 53 55
52 55 56
53 54 55
51 56 57
51 57 58
33 34 68
37 38 64
37 64 65
41 60 61
13 88 89
13 87 88
9 92 93
8 9 93
7 93 94
7 8 93
42 59 60
41 42 60
26 27 74
26 74 75
28 29 73
27 28 74
28 73 74
29 72 73
29 30 72
30 71 72
33 68 69
32 33 69
24 77 78
23 24 78
24 26 77
24 25 26
34 35 66
37 65 66
35 36 66
36 37 66
40 41 61
40 61 62
43 44 51
43 51 58
43 58 59
42 43 59
32 69 70
34 67 68
34 66 67
39 40 62
38 39 63
39 62 63
30 31 71
31 70 71
31 32 70
