# points
0.0041929 0.083857
0.020964 0.098532
0.041929 0.10273
0.062893 0.10692
0.083857 0.11111
0.10482 0.1153
0.12579 0.1174
0.14675 0.1195
0.16771 0.12159
0.18868 0.12369
0.20964 0.12369
0.23061 0.12579
0.25157 0.12998
0.27254 0.13417
0.2935 0.13627
0.31447 0.13836
0.33543 0.14046
0.35639 0.14046
0.37736 0.14046
0.39832 0.14046
0.41929 0.13836
0.44025 0.13627
0.46122 0.13417
0.48218 0.12788
0.49895 0.14465
0.51992 0.15933
0.54088 0.16562
0.56184 0.16562
0.58281 0.15933
0.60168 0.14465
0.62264 0.13627
0.64361 0.14046
0.66457 0.14046
0.68553 0.14256
0.7065 0.14465
0.72746 0.14675
0.74843 0.14675
0.76939 0.14675
0.79036 0.14885
0.81132 0.14675
0.83229 0.15094
0.85325 0.15094
0.87421 0.14885
0.89518 0.14046
0.91614 0.13836
0.93711 0.14256
0.95807 0.14885
0.97904 0.14465
0.99371 0.12369
1 0.10273
1 0.081761
0.9979 0.060797
0.98323 0.041929
0.96226 0.039832
0.9413 0.041929
0.92034 0.050314
0.89937 0.048218
0.87841 0.044025
0.85744 0.041929
0.83648 0.039832
0.81551 0.044025
0.79455 0.044025
0.77358 0.044025
0.75262 0.044025
0.73166 0.041929
0.71069 0.041929
0.68973 0.039832
0.66876 0.039832
0.6478 0.035639
0.62683 0.037736
0.60797 0.02935
0.5891 0.012579
0.56813 0.0020964
0.54717 0
0.52621 0.0062893
0.50524 0.016771
0.48637 0.035639
0.46541 0.027254
0.44444 0.031447
0.42348 0.02935
0.40252 0.02935
0.38155 0.027254
0.36059 0.025157
0.33962 0.025157
0.31866 0.023061
0.29769 0.023061
0.27673 0.020964
0.25577 0.020964
0.2348 0.020964
0.21384 0.018868
0.19287 0.016771
0.17191 0.016771
0.15094 0.014675
0.12998 0.014675
0.10901 0.012579
0.08805 0.012579
0.067086 0.012579
0.046122 0.012579
0.025157 0.012579
0.0062893 0.023061
0 0.044025
0 0.06499
0.0041929 0.083857
# triangles
98 99 100
0 1 101
46 47 48
51 52 53
50 51 53
35 63 64
72 73 74
45 48 49
45 46 48
30 68 69
32 33 66
30 69 70
29 30 70
70 75 76
70 74 75
71 72 74
70 71 74
32 66 67
97 98 100
97 100 101
13 14 85
14 84 85
17 82 83
16 17 83
25 26 29
17 81 82
40 59 60
37 62 63
37 61 62
26 27 29
27 28 29
31 32 67
30 31 68
31 67 68
34 35 64
23 76 78
76 77 78
2 3 96
2 96 97
1 2 101
2 97 101
11 87 88
9 89 90
5 6 93
14 15 84
15 83 84
15 16 83
17 18 81
18 19 80
18 80 81
21 78 79
50 53 54
49 50 54
45 49 54
45 54 55
37 38 61
40 58 59
42 57 58
43 56 57
42 43 57
34 64 65
33 65 66
33 34 65
3 4 95
3 95 96
13 85 86
11 12 87
12 13 86
12 86 87
9 10 89
10 11 88
10 88 89
24 25 29
23 24 76
24 29 70
24 70 76
20 21 79
20 79 80
19 20 80
35 36 63
36 37 63
39 60 61
38 39 61
39 40 60
40 41 58
41 42 58
44 45 55
44 55 56
43 44 56
5 93 94
4 5 94
4 94 95
6 92 93
8 9 90
8 90 91
22 23 78
21 22 78
7 91 92
7 8 91
6 7 92
