# points
0.0045455 0.073864
0 0.094318
0.0034091 0.11477
0.0090909 0.13523
0.028409 0.14205
0.048864 0.14773
0.071591 0.14886
0.093182 0.15
0.11364 0.15455
0.13523 0.15682
0.15682 0.15568
0.17955 0.15455
0.20227 0.15455
0.225 0.15455
0.24773 0.15455
0.26932 0.15227
0.29091 0.15
0.31364 0.15
0.33409 0.14432
0.35568 0.14205
0.37273 0.15455
0.39091 0.16477
0.4125 0.16591
0.43068 0.175
0.45 0.18182
0.47045 0.17727
0.48977 0.17159
0.50682 0.16023
0.52045 0.14659
0.53977 0.1375
0.56136 0.13977
0.58409 0.13977
0.60568 0.14205
0.62727 0.14432
0.65 0.14545
0.67273 0.14545
0.69545 0.14545
0.71818 0.14545
0.74091 0.14432
0.76364 0.14432
0.78523 0.14205
0.80795 0.14205
0.82955 0.13977
0.85114 0.1375
0.87273 0.13523
0.89318 0.13068
0.91477 0.12841
0.93523 0.125
0.95682 0.12159
0.97614 0.11477
0.99091 0.10114
0.99773 0.081818
1 0.060227
0.99091 0.042045
0.97273 0.032955
0.95114 0.035227
0.92841 0.035227
0.90682 0.0375
0.88523 0.039773
0.8625 0.039773
0.84091 0.042045
0.81932 0.043182
0.79659 0.044318
0.77386 0.044318
0.75114 0.044318
0.72955 0.046591
0.70682 0.046591
0.68409 0.046591
0.66136 0.046591
0.63864 0.046591
0.61705 0.044318
0.59432 0.044318
0.57273 0.042045
0.55 0.042045
0.52955 0.0375
0.51477 0.023864
0.49659 0.014773
0.47955 0.0056818
0.45795 0.0034091
0.43636 0
0.41477 0.0022727
0.39545 0.0090909
0.37841 0.021591
0.3625 0.032955
0.34545 0.044318
0.32386 0.046591
0.30227 0.048864
0.28068 0.051136
0.25909 0.053409
0.2375 0.055682
0.21591 0.057955
0.19432 0.060227
0.17159 0.060227
0.14886 0.060227
0.12955 0.053409
0.10909 0.053409
0.086364 0.053409
0.064773 0.051136
0.042045 0.051136
0.019318 0.051136
0.0045455 0.063636
0.0045455 0.073864
# triangles
2 3 4
0 99 100
52 53 54
49 50 51
29 73 74
31 71 72
76 77 78
74 75 76
48 49 55
48 55 56
49 51 55
22 76 78
38 64 65
37 65 66
37 38 65
30 31 72
30 72 73
29 30 73
38 39 64
42 43 60
46 57 58
42 60 61
41 61 62
41 42 61
22 28 76
28 29 74
28 74 76
9 10 93
40 41 62
47 48 56
47 56 57
46 47 57
43 44 59
43 59 60
45 46 58
44 45 59
45 58 59
13 14 89
14 15 89
32 33 70
32 70 71
31 32 71
33 69 70
35 67 68
4 5 98
5 97 98
2 4 98
1 2 98
0 1 98
0 98 99
5 6 97
10 11 92
10 92 93
40 62 63
39 63 64
39 40 63
23 24 25
22 23 25
22 27 28
22 25 27
15 88 89
16 87 88
15 16 88
18 85 86
16 86 87
18 19 85
34 35 68
34 68 69
33 34 69
36 66 67
36 37 66
35 36 67
7 95 96
6 7 96
6 96 97
7 8 95
8 94 95
8 9 93
8 93 94
13 89 90
12 13 90
25 26 27
22 82 83
80 81 82
22 78 82
78 79 82
79 80 82
17 18 86
16 17 86
20 22 83
19 20 83
20 21 22
19 84 85
19 83 84
12 90 91
11 12 91
11 91 92
51 52 55
52 54 55
