# points
0 0.08061
0 0.10022
0 0.11983
0.0021786 0.13943
0.019608 0.15033
0.039216 0.15251
0.058824 0.15904
0.078431 0.16558
0.098039 0.16776
0.11765 0.16993
0.13725 0.17211
0.15686 0.17429
0.17647 0.17429
0.19608 0.17647
0.21569 0.16993
0.23529 0.16122
0.2549 0.15033
0.27451 0.14597
0.29412 0.14379
0.31373 0.14161
0.33333 0.14161
0.35294 0.15251
0.37255 0.16122
0.39216 0.16776
0.41176 0.16993
0.43137 0.16993
0.45098 0.16993
0.47059 0.17211
0.4902 0.16993
0.5098 0.16776
0.52941 0.16558
0.54902 0.1634
0.56863 0.15686
0.58824 0.14379
0.60784 0.13508
0.62745 0.13508
0.64706 0.13508
0.66667 0.1329
0.68627 0.13508
0.70588 0.13508
0.72549 0.13508
0.7451 0.13943
0.76471 0.14379
0.78431 0.14597
0.80392 0.15033
0.82353 0.15468
0.84314 0.15904
0.86275 0.1634
0.88235 0.16776
0.90196 0.16558
0.92157 0.16558
0.94118 0.16122
0.96078 0.15904
0.98039 0.15468
0.99129 0.13725
0.99346 0.11765
0.99782 0.098039
1 0.078431
0.98475 0.061002
0.96514 0.054466
0.94553 0.04793
0.92593 0.04793
0.90632 0.045752
0.88671 0.043573
0.8671 0.041394
0.84749 0.039216
0.82789 0.037037
0.80828 0.03268
0.78867 0.03268
0.76906 0.030501
0.74946 0.028322
0.72985 0.028322
0.71024 0.026144
0.69063 0.023965
0.67102 0.023965
0.65142 0.023965
0.63181 0.021786
0.6122 0.019608
0.59259 0.015251
0.57298 0.010893
0.55338 0.0021786
0.53377 0
0.51416 0
0.49455 0
0.47495 0
0.45534 0.0021786
0.43573 0.0021786
0.41612 0.0021786
0.39651 0.0021786
0.37691 0.0043573
0.3573 0.010893
0.33769 0.017429
0.31808 0.023965
0.29847 0.028322
0.27887 0.030501
0.25926 0.030501
0.23965 0.037037
0.22004 0.039216
0.20044 0.041394
0.18083 0.043573
0.16122 0.045752
0.14161 0.050109
0.122 0.050109
0.1024 0.050109
0.082789 0.043573
0.063181 0.043573
0.043573 0.043573
0.023965 0.043573
0.0043573 0.045752
0 0.065359
0 0.08061
# triangles
0 1 106
30 31 81
52 53 54
52 54 55
2 3 4
2 4 5
1 2 5
31 79 81
31 32 79
56 58 59
55 56 59
56 57 58
30 81 82
29 30 82
28 84 85
107 108 109
0 107 109
0 106 107
22 88 89
12 13 14
51 52 55
51 59 60
51 55 59
39 71 72
79 80 81
47 48 49
23 24 87
22 87 88
22 23 87
29 82 83
28 29 83
28 83 84
26 27 85
27 28 85
17 95 96
16 17 96
16 96 97
6 7 103
11 12 100
20 21 90
21 22 89
21 89 90
17 94 95
19 20 92
19 92 93
46 64 65
46 47 64
51 60 61
50 51 61
49 50 61
49 61 62
38 39 72
38 72 73
35 75 76
34 35 76
39 40 71
42 43 68
40 70 71
40 41 70
45 46 65
45 65 66
44 45 66
43 44 66
24 25 87
20 91 92
20 90 91
8 9 102
8 102 103
7 8 103
6 103 104
12 14 99
12 99 100
18 93 94
18 19 93
17 18 94
47 63 64
49 62 63
47 49 63
35 36 75
34 76 77
32 33 79
41 69 70
41 42 69
42 68 69
43 67 68
43 66 67
25 86 87
26 85 86
25 26 86
9 10 101
9 101 102
10 11 101
11 100 101
5 6 105
6 104 105
1 5 105
1 105 106
14 15 98
14 98 99
15 16 98
16 97 98
37 73 74
37 38 73
37 74 75
36 37 75
34 77 78
33 78 79
33 34 78
