# points
0.092527 0.46263
0.078292 0.4911
0.067616 0.51957
0.064057 0.54804
0.064057 0.57651
0.064057 0.60498
0.064057 0.63345
0.064057 0.66192
0.071174 0.69039
0.074733 0.71886
0.071174 0.74377
0.046263 0.76512
0.017794 0.76512
0 0.7758
0.0071174 0.80427
0.02847 0.82918
0.046263 0.85765
0.071174 0.88256
0.092527 0.90747
0.11744 0.92171
0.13879 0.91459
0.16014 0.89324
0.18149 0.87189
0.20285 0.84342
0.21352 0.81495
0.22064 0.78648
0.22064 0.75801
0.22776 0.72954
0.23488 0.70107
0.25979 0.67972
0.28826 0.65125
0.31673 0.62989
0.3452 0.6121
0.37367 0.59431
0.40214 0.57295
0.4306 0.55872
0.45907 0.54093
0.48754 0.52313
0.51601 0.51246
0.54448 0.49466
0.57295 0.48043
0.60142 0.45907
0.62989 0.44128
0.65836 0.42705
0.68683 0.40925
0.7153 0.40214
0.74377 0.39858
0.77224 0.39858
0.80071 0.39858
0.82918 0.40214
0.85765 0.40569
0.88612 0.40925
0.91459 0.41637
0.94306 0.42349
0.97153 0.42705
0.99288 0.41637
1 0.3879
1 0.35943
0.98932 0.33096
0.97509 0.30605
0.94662 0.28826
0.91815 0.27402
0.88968 0.26335
0.86121 0.25979
0.83274 0.25623
0.80427 0.24911
0.7758 0.24199
0.74733 0.24199
0.71886 0.22776
0.69039 0.20641
0.66192 0.19217
0.63345 0.18149
0.60498 0.15658
0.57651 0.13523
0.55516 0.11032
0.52669 0.085409
0.50534 0.060498
0.47687 0.046263
0.45552 0.02847
0.42705 0.010676
0.39858 0
0.37011 0
0.39502 0.024911
0.41993 0.046263
0.41993 0.074733
0.39858 0.099644
0.37011 0.081851
0.34164 0.067616
0.31317 0.042705
0.2847 0.017794
0.2669 0
0.23843 0
0.24911 0.021352
0.2669 0.049822
0.29537 0.078292
0.32028 0.099644
0.3274 0.12811
0.32028 0.15658
0.29537 0.17794
0.27758 0.19573
0.25623 0.21708
0.23843 0.23843
0.21352 0.26335
0.19929 0.28826
0.17794 0.31317
0.1637 0.34164
0.14591 0.37011
0.13167 0.39858
0.11744 0.42705
0.099644 0.4484
0.092527 0.46263
# triangles
54 55 56
18 19 20
58 59 60
12 13 14
10 22 23
10 17 22
10 16 17
50 61 62
8 9 28
5 6 28
10 23 24
10 24 25
17 21 22
18 20 21
17 18 21
11 15 16
10 11 16
11 14 15
11 12 14
43 44 70
43 70 71
44 69 70
45 46 67
90 91 92
37 99 100
88 93 94
87 94 95
87 88 94
80 81 82
7 8 28
6 7 28
0 1 30
5 28 29
4 5 29
4 29 30
0 30 31
1 3 30
3 4 30
42 43 71
41 42 71
47 66 67
46 47 67
50 62 63
49 50 63
44 45 68
45 67 68
44 68 69
89 92 93
89 90 92
88 89 93
37 100 101
36 37 101
35 36 103
36 101 103
101 102 103
73 85 97
85 96 97
75 76 84
75 84 85
86 87 95
86 95 96
85 86 96
103 104 105
31 32 108
0 108 109
0 31 108
9 27 28
1 2 3
53 54 56
53 56 57
39 97 98
39 73 97
37 38 39
39 40 41
39 41 73
37 39 99
39 98 99
49 63 64
41 71 72
41 72 73
73 74 85
74 75 85
79 80 82
76 77 84
33 34 106
34 105 106
34 35 103
34 103 105
32 107 108
32 33 107
33 106 107
10 25 26
9 10 26
9 26 27
52 58 60
52 57 58
52 53 57
48 49 64
47 65 66
47 48 65
48 64 65
79 82 83
78 79 83
77 83 84
77 78 83
50 51 61
51 60 61
51 52 60
