# points
0.046005 0.49153
0.067797 0.53511
0.09201 0.57869
0.12107 0.61985
0.15496 0.65617
0.1937 0.69734
0.23729 0.72639
0.28087 0.75061
0.32446 0.77482
0.36804 0.79419
0.41162 0.80872
0.45521 0.8184
0.49879 0.82567
0.54237 0.83293
0.58596 0.84262
0.62954 0.84504
0.67312 0.83777
0.71186 0.84746
0.7385 0.88862
0.7724 0.92736
0.80872 0.95884
0.8523 0.97579
0.89588 0.97337
0.93947 0.95642
0.97337 0.91768
1 0.87651
0.98789 0.8523
0.94431 0.84504
0.91283 0.81598
0.88862 0.77724
0.88862 0.73366
0.88378 0.69007
0.86441 0.64649
0.83535 0.60775
0.8063 0.57143
0.77966 0.53753
0.74576 0.49879
0.71186 0.46489
0.67554 0.42857
0.63923 0.39467
0.60048 0.3632
0.56416 0.32688
0.53269 0.2954
0.50121 0.25182
0.53027 0.21065
0.57143 0.17191
0.61017 0.15254
0.65375 0.17191
0.69734 0.17676
0.68281 0.15254
0.67312 0.14044
0.71671 0.13801
0.75787 0.13559
0.7845 0.10169
0.74334 0.10412
0.69976 0.10896
0.65617 0.10896
0.67554 0.087167
0.71671 0.060533
0.7046 0.048426
0.66102 0.060533
0.61985 0.082324
0.57627 0.099274
0.54237 0.079903
0.54722 0.12107
0.523 0.16223
0.48426 0.20339
0.44068 0.23002
0.39709 0.23971
0.35351 0.24697
0.31235 0.24697
0.29056 0.21308
0.28571 0.16949
0.2954 0.12591
0.33898 0.12349
0.38015 0.1138
0.35593 0.094431
0.38499 0.087167
0.42857 0.075061
0.4092 0.065375
0.37046 0.058111
0.32688 0.067797
0.28329 0.077482
0.31235 0.03632
0.30266 0
0.27603 0.029056
0.25182 0.072639
0.22518 0.10169
0.23729 0.13559
0.24697 0.17918
0.25424 0.22276
0.25666 0.26634
0.23971 0.30508
0.19613 0.32446
0.15738 0.33656
0.1138 0.33172
0.077482 0.30508
0.03632 0.29056
0 0.30508
0.0024213 0.34867
0.012107 0.39225
0.026634 0.43584
0.043584 0.47942
0.046005 0.49153
# triangles
24 25 26
2 3 93
16 33 34
97 98 99
3 4 93
24 26 27
23 24 27
22 23 27
22 27 28
17 32 33
16 17 33
17 31 32
17 30 31
4 5 92
4 92 93
96 99 100
96 97 99
42 69 92
41 42 92
86 87 88
82 86 88
82 85 86
76 80 81
5 6 92
11 38 39
52 53 54
43 44 66
42 68 69
42 43 68
0 1 102
17 29 30
16 34 35
69 70 92
70 91 92
73 82 88
73 81 82
95 101 102
95 100 101
95 96 100
82 83 85
83 84 85
12 37 38
11 12 38
9 39 40
57 58 59
51 52 54
51 54 55
44 65 66
43 66 67
43 67 68
19 20 28
18 28 29
18 19 28
17 18 29
72 88 89
72 73 88
94 95 102
1 94 102
2 93 94
1 2 94
13 36 37
12 13 37
10 11 39
9 10 39
7 40 41
7 41 92
6 7 92
57 59 60
56 60 61
56 57 60
21 22 28
20 21 28
71 89 90
71 72 89
71 90 91
70 71 91
14 35 36
13 14 36
8 9 40
7 8 40
50 55 56
50 51 55
44 45 65
45 64 65
77 78 79
77 79 80
76 77 80
74 75 76
74 76 81
73 74 81
15 16 35
14 15 35
47 49 50
47 48 49
62 63 64
45 46 64
46 62 64
46 56 61
46 61 62
46 50 56
46 47 50
