# points
0.091633 0.44622
0.075697 0.47809
0.063745 0.50996
0.055777 0.54183
0.051793 0.57371
0.055777 0.60558
0.063745 0.63745
0.071713 0.66932
0.075697 0.7012
0.067729 0.73307
0.051793 0.76494
0.035857 0.79681
0.015936 0.81673
0 0.83267
0.023904 0.86056
0.043825 0.88845
0.063745 0.91235
0.095618 0.93227
0.12749 0.93227
0.15936 0.93227
0.19124 0.92032
0.21912 0.89243
0.24303 0.86454
0.251 0.83267
0.25498 0.8008
0.25498 0.76892
0.27888 0.73705
0.31076 0.72112
0.34263 0.71315
0.3745 0.70916
0.40637 0.69721
0.43825 0.68526
0.47012 0.67331
0.50199 0.66534
0.53386 0.65339
0.56574 0.63745
0.59761 0.61753
0.62948 0.59363
0.66135 0.56574
0.69323 0.54582
0.7251 0.51394
0.749 0.48207
0.76892 0.4502
0.8008 0.41833
0.82869 0.38645
0.85657 0.35857
0.88845 0.33068
0.92032 0.30677
0.95219 0.27888
0.98008 0.24701
1 0.21514
1 0.18327
1 0.15139
0.98805 0.12351
0.95618 0.11155
0.9243 0.12351
0.89243 0.13147
0.86056 0.14343
0.82869 0.16335
0.80876 0.19522
0.78486 0.22709
0.75299 0.23506
0.72112 0.23506
0.68924 0.22311
0.65737 0.21912
0.6255 0.21514
0.59363 0.20717
0.56175 0.20319
0.52988 0.20319
0.49801 0.20319
0.46614 0.20717
0.43426 0.20319
0.41036 0.1753
0.40239 0.14343
0.38247 0.11554
0.3745 0.083665
0.39841 0.055777
0.41036 0.031873
0.37849 0.027888
0.34661 0.01992
0.31474 0
0.28287 0
0.251 0
0.23108 0.011952
0.1992 0.015936
0.20717 0.043825
0.23904 0.051793
0.25498 0.071713
0.28685 0.079681
0.31873 0.075697
0.33865 0.10359
0.3506 0.13546
0.36255 0.16733
0.36255 0.1992
0.3506 0.23108
0.31873 0.24701
0.28685 0.26295
0.25896 0.27888
0.23108 0.2988
0.20717 0.31873
0.17928 0.34263
0.15936 0.36255
0.13944 0.38645
0.11554 0.41434
0.091633 0.44622
0.091633 0.44622
# triangles
52 53 54
52 54 55
51 52 55
49 50 51
49 51 55
16 17 18
81 82 86
81 86 87
45 60 61
8 9 25
82 83 86
83 84 85
83 85 86
0 1 27
1 2 27
2 3 27
75 78 79
48 57 59
57 58 59
44 45 61
27 28 102
27 102 103
0 27 103
49 55 56
48 49 56
48 56 57
76 77 78
75 76 78
35 36 70
38 39 40
31 32 97
42 62 64
62 63 64
42 43 62
43 44 61
43 61 62
19 20 21
18 19 21
11 18 21
10 11 21
21 22 23
10 21 23
9 24 25
9 10 24
10 23 24
6 7 26
7 8 26
8 25 26
3 5 27
5 26 27
5 6 26
28 101 102
28 100 101
28 30 100
28 29 30
30 31 99
30 99 100
36 37 70
37 38 70
32 95 96
32 96 97
31 98 99
31 97 98
75 79 89
79 80 89
80 81 89
32 33 95
33 34 95
38 65 66
38 40 65
42 64 65
45 46 60
47 48 59
15 16 18
11 15 18
3 4 5
38 66 67
38 67 68
38 69 70
38 68 69
81 87 88
81 88 89
75 89 90
73 74 91
74 75 90
74 90 91
41 42 65
40 41 65
11 12 14
11 14 15
12 13 14
73 91 92
71 93 94
70 71 94
35 70 94
34 35 94
34 94 95
71 72 93
72 73 92
72 92 93
46 47 60
47 59 60
