# points
0.086519 0.48089
0.080483 0.51308
0.078471 0.54527
0.078471 0.57746
0.078471 0.60966
0.082495 0.64185
0.086519 0.67404
0.092555 0.70624
0.098592 0.73843
0.10262 0.77062
0.10865 0.80282
0.11066 0.83501
0.10262 0.8672
0.076459 0.89336
0.044266 0.90141
0.012072 0.89738
0 0.91751
0.030181 0.94366
0.05835 0.96579
0.086519 0.98793
0.11871 1
0.15091 1
0.1831 0.99195
0.21328 0.96982
0.23139 0.93763
0.24547 0.90543
0.25553 0.87324
0.26358 0.84105
0.26962 0.80885
0.27767 0.77666
0.28773 0.74447
0.2998 0.71227
0.3159 0.68008
0.33199 0.64789
0.34809 0.61569
0.37425 0.58954
0.4004 0.55936
0.42455 0.53119
0.44869 0.50101
0.47082 0.46881
0.49698 0.43863
0.51911 0.41449
0.54527 0.38632
0.56942 0.36217
0.60161 0.33199
0.62978 0.30785
0.65795 0.2837
0.68813 0.25956
0.72032 0.23541
0.75252 0.21529
0.78068 0.19718
0.81087 0.17505
0.84306 0.15292
0.86117 0.12676
0.833 0.11871
0.8008 0.12274
0.8169 0.10664
0.84909 0.086519
0.88129 0.062374
0.85915 0.050302
0.82696 0.05835
0.79477 0.062374
0.76258 0.072435
0.73038 0.086519
0.69819 0.10262
0.666 0.1167
0.6338 0.13682
0.60161 0.14688
0.56942 0.15493
0.53722 0.16097
0.50503 0.16499
0.47284 0.17505
0.44064 0.1831
0.41247 0.18913
0.41851 0.15694
0.4004 0.12475
0.37827 0.1006
0.35412 0.070423
0.36821 0.04829
0.39839 0.028169
0.37425 0.032193
0.34205 0.028169
0.30986 0.022133
0.27767 0.020121
0.24547 0
0.2334 0.022133
0.25755 0.042254
0.25352 0.046278
0.22133 0.036217
0.18913 0.026157
0.20724 0.052314
0.23944 0.066398
0.26761 0.084507
0.29376 0.1167
0.30382 0.14889
0.29577 0.18109
0.27565 0.21328
0.25553 0.24547
0.2334 0.27767
0.20523 0.30584
0.17706 0.32998
0.15091 0.35614
0.12676 0.38833
0.10865 0.41851
0.094567 0.4507
0.086519 0.48089
# triangles
10 28 29
8 9 29
9 10 29
4 32 33
57 58 59
49 50 64
12 23 24
44 45 69
40 41 73
40 73 97
10 27 28
12 24 25
11 26 27
10 11 27
11 25 26
11 12 25
13 20 21
12 13 21
13 19 20
8 29 30
0 1 34
3 33 34
3 4 33
7 8 30
7 30 31
4 5 32
0 34 104
34 103 104
36 101 102
40 97 98
39 40 98
36 100 101
36 37 100
37 99 100
43 44 71
87 91 92
77 92 93
73 75 94
73 94 95
12 21 22
12 22 23
52 53 54
41 42 73
15 16 17
14 15 17
1 2 34
2 3 34
6 31 32
5 6 32
6 7 31
34 35 103
35 102 103
35 36 102
37 38 99
38 39 98
38 98 99
44 69 70
44 70 71
73 74 75
87 88 91
88 90 91
88 89 90
73 96 97
73 95 96
75 76 94
76 77 93
76 93 94
45 68 69
45 46 68
46 67 68
49 64 65
50 63 64
13 14 18
14 17 18
13 18 19
42 72 73
43 71 72
42 43 72
83 84 85
77 78 81
77 82 92
77 81 82
48 49 65
57 59 60
56 57 60
56 60 61
50 51 55
50 55 63
55 62 63
52 54 55
51 52 55
55 61 62
55 56 61
83 85 86
86 87 92
82 86 92
82 83 86
78 79 80
78 80 81
46 47 67
48 65 66
47 48 66
47 66 67
