# points
0.15556 0.56667
0.17407 0.59815
0.19444 0.62778
0.22037 0.65741
0.24815 0.68148
0.27593 0.70741
0.30556 0.72778
0.33519 0.74815
0.36852 0.76481
0.40185 0.77407
0.43519 0.78333
0.46852 0.79259
0.50185 0.8
0.52963 0.82222
0.54444 0.85556
0.54815 0.88889
0.5537 0.92222
0.57037 0.95556
0.60185 0.98519
0.63519 0.9963
0.66852 1
0.70185 0.99074
0.72963 0.96111
0.75741 0.93333
0.74444 0.92593
0.73333 0.92037
0.73889 0.90185
0.71296 0.88704
0.68889 0.85926
0.67593 0.82778
0.67778 0.79444
0.69074 0.76111
0.7 0.72778
0.70556 0.69444
0.7037 0.66111
0.69444 0.62778
0.68148 0.5963
0.65926 0.56296
0.64074 0.53333
0.62222 0.5
0.60185 0.46667
0.58333 0.43519
0.56481 0.40741
0.54815 0.37778
0.52963 0.35
0.5 0.32407
0.47407 0.2963
0.4463 0.27593
0.41481 0.26481
0.38148 0.25741
0.35185 0.24259
0.33333 0.22037
0.33889 0.18704
0.3463 0.1537
0.35741 0.12037
0.38704 0.096296
0.42037 0.10741
0.4537 0.10556
0.45741 0.081481
0.43333 0.07963
0.45185 0.07037
0.48333 0.05
0.48333 0.02037
0.45926 0.040741
0.42778 0.05
0.39444 0.059259
0.36111 0.064815
0.33148 0.048148
0.31296 0.022222
0.29815 0
0.29259 0.033333
0.30185 0.061111
0.32222 0.090741
0.2963 0.07963
0.27963 0.068519
0.27407 0.094444
0.30741 0.11481
0.31852 0.1463
0.31111 0.17963
0.29444 0.21296
0.27222 0.22963
0.25185 0.25185
0.22593 0.27037
0.19815 0.27963
0.17593 0.25185
0.15926 0.22037
0.13889 0.18704
0.11667 0.16111
0.083333 0.15741
0.053704 0.14815
0.02037 0.14074
0 0.15926
0.018519 0.19259
0.035185 0.22593
0.053704 0.25926
0.064815 0.29259
0.068519 0.32593
0.072222 0.35926
0.077778 0.39259
0.088889 0.42407
0.098148 0.45556
0.11111 0.48889
0.12963 0.52222
0.14815 0.5537
0.15556 0.56667
# triangles
11 37 38
2 43 45
1 2 45
90 91 92
12 34 35
12 35 36
12 36 37
11 12 37
89 90 92
43 44 45
84 85 95
10 11 38
9 39 40
10 38 39
9 10 39
82 102 103
61 62 63
4 5 41
5 6 41
6 40 41
49 82 103
54 66 72
53 54 77
49 81 82
49 50 81
50 80 81
50 51 80
51 79 80
68 70 71
68 69 70
84 95 96
88 89 92
88 92 93
86 87 88
86 88 93
85 94 95
85 86 94
86 93 94
16 17 28
18 19 28
17 18 28
7 9 40
6 7 40
82 83 102
83 99 100
83 98 99
83 84 96
0 1 45
0 45 49
0 49 103
4 41 42
3 4 42
2 42 43
2 3 42
55 65 66
54 55 66
67 68 71
67 71 72
66 67 72
73 74 75
60 63 64
60 61 63
46 47 48
45 46 48
45 48 49
51 78 79
51 52 78
53 77 78
52 53 78
73 75 76
72 73 76
54 72 76
54 76 77
12 33 34
12 32 33
12 31 32
12 13 31
13 30 31
15 16 28
13 29 30
13 14 29
14 15 29
15 28 29
19 20 27
19 27 28
20 21 27
7 8 9
83 101 102
83 100 101
83 97 98
83 96 97
59 60 64
59 64 65
55 59 65
57 58 59
22 23 24
21 22 25
21 25 27
22 24 25
25 26 27
56 57 59
55 56 59
