# points
0.13356 0.44349
0.15925 0.46575
0.18322 0.48801
0.21062 0.50856
0.2363 0.52568
0.2637 0.5411
0.29281 0.55479
0.32534 0.56678
0.35445 0.57705
0.38527 0.58733
0.4161 0.59589
0.44863 0.60103
0.47945 0.60274
0.51027 0.60274
0.54281 0.60274
0.57534 0.59932
0.60616 0.59418
0.63527 0.5839
0.6661 0.57021
0.69863 0.55822
0.72774 0.53938
0.76027 0.53253
0.7911 0.54281
0.81849 0.56507
0.84247 0.58733
0.87329 0.60103
0.90411 0.60959
0.93664 0.60274
0.96918 0.58733
0.99144 0.55651
0.99315 0.52397
1 0.49144
0.98973 0.46575
0.9726 0.4863
0.96575 0.46575
0.93836 0.47089
0.90582 0.46747
0.87671 0.45034
0.85616 0.41781
0.84247 0.38527
0.83219 0.35788
0.80993 0.32705
0.78253 0.30479
0.75514 0.28938
0.72432 0.27911
0.69349 0.27055
0.66438 0.25856
0.63185 0.24829
0.60616 0.23801
0.57534 0.22774
0.54623 0.21918
0.5137 0.20719
0.48459 0.20034
0.45205 0.19863
0.41952 0.19521
0.38699 0.19692
0.35616 0.20719
0.32363 0.22432
0.29623 0.23116
0.26884 0.21918
0.25514 0.19178
0.23973 0.16267
0.23116 0.13356
0.24144 0.10616
0.27397 0.089041
0.29281 0.065068
0.2774 0.063356
0.26027 0.059932
0.2774 0.032534
0.27226 0
0.2637 0.013699
0.24315 0.034247
0.22945 0.061644
0.2089 0.089041
0.18151 0.10616
0.14897 0.09589
0.12158 0.087329
0.13185 0.11473
0.15925 0.13185
0.18836 0.14041
0.16438 0.14726
0.14726 0.1524
0.1524 0.16781
0.18322 0.1661
0.21233 0.17123
0.22945 0.19863
0.24144 0.22945
0.23973 0.26199
0.2363 0.29281
0.22945 0.31849
0.21575 0.34418
0.18664 0.34075
0.15582 0.33048
0.12842 0.32192
0.099315 0.31164
0.066781 0.32363
0.042808 0.34075
0.011986 0.35103
0 0.37842
0.027397 0.39041
0.056507 0.4024
0.087329 0.41438
0.11986 0.42979
0.13356 0.44349
# triangles
27 28 35
18 46 47
14 48 49
28 29 30
28 30 35
68 69 70
68 70 71
96 97 99
96 99 100
97 98 99
20 42 43
20 43 44
33 34 35
30 33 35
30 31 33
31 32 33
91 92 102
93 101 102
92 93 102
10 51 53
9 10 53
10 50 51
10 11 50
11 12 50
25 26 27
21 38 39
18 19 20
20 44 45
18 45 46
18 20 45
51 52 53
8 9 53
5 6 90
4 5 90
3 4 90
1 90 91
93 95 101
95 100 101
95 96 100
57 88 89
8 53 57
62 74 79
62 73 74
0 1 91
0 91 102
13 14 49
13 49 50
12 13 50
17 18 47
15 47 48
14 15 48
15 17 47
15 16 17
20 41 42
20 21 41
27 35 36
25 27 36
23 36 37
21 22 38
22 37 38
22 23 37
6 7 90
7 89 90
7 57 89
7 8 57
2 3 90
1 2 90
93 94 95
54 55 56
53 54 56
53 56 57
60 61 85
63 72 73
62 63 73
75 76 77
79 80 83
74 78 79
74 75 78
75 77 78
21 39 40
21 40 41
24 25 36
23 24 36
58 59 87
58 87 88
57 58 88
60 85 86
59 60 86
59 86 87
79 83 84
62 79 84
61 62 84
61 84 85
80 81 82
80 82 83
63 67 72
67 71 72
67 68 71
63 64 67
64 66 67
64 65 66
