# points
0.055556 0.32051
0.047009 0.35043
0.038462 0.38034
0.038462 0.41026
0.038462 0.44017
0.042735 0.47009
0.042735 0.5
0.047009 0.52991
0.055556 0.55983
0.059829 0.58974
0.064103 0.61966
0.068376 0.64957
0.07265 0.67949
0.059829 0.70513
0.029915 0.7094
0 0.70513
0 0.73504
0.021368 0.76496
0.042735 0.79487
0.068376 0.81624
0.098291 0.82479
0.12821 0.82906
0.15812 0.82479
0.18803 0.81197
0.2094 0.78205
0.21795 0.75214
0.2265 0.72222
0.23077 0.69231
0.23932 0.66239
0.24786 0.63248
0.25641 0.60256
0.2735 0.57265
0.29915 0.55128
0.32906 0.52991
0.35897 0.50855
0.38889 0.49145
0.4188 0.47436
0.44872 0.45299
0.47863 0.43162
0.50855 0.41453
0.53846 0.39316
0.56838 0.37607
0.59829 0.35897
0.62821 0.33761
0.65812 0.32051
0.68803 0.30342
0.71795 0.2906
0.74786 0.28205
0.77778 0.26923
0.80769 0.26496
0.83761 0.26068
0.86752 0.25214
0.89744 0.24786
0.91453 0.2265
0.94444 0.21795
0.97436 0.2094
1 0.19231
0.99573 0.16239
0.98291 0.13248
0.95726 0.11111
0.93162 0.094017
0.90598 0.081197
0.87607 0.081197
0.84615 0.089744
0.81624 0.10256
0.78632 0.11111
0.75641 0.11966
0.7265 0.12821
0.69658 0.13675
0.66667 0.1453
0.63675 0.15385
0.60684 0.14957
0.57692 0.1453
0.54701 0.14103
0.51709 0.13675
0.5 0.11538
0.47436 0.10684
0.44444 0.10256
0.41453 0.098291
0.38462 0.089744
0.3547 0.07265
0.32479 0.047009
0.31197 0.021368
0.34188 0.021368
0.37179 0.008547
0.35043 0
0.32051 0.012821
0.2906 0.008547
0.26068 0.0042735
0.23077 0.008547
0.20085 0.008547
0.17094 0
0.14103 0
0.14957 0.029915
0.17949 0.034188
0.2094 0.038462
0.23504 0.055556
0.24359 0.08547
0.25641 0.11538
0.23932 0.14103
0.2094 0.15812
0.17949 0.17094
0.14957 0.19231
0.11966 0.21795
0.098291 0.24359
0.076923 0.2735
0.059829 0.30342
0.055556 0.32051
# triangles
22 23 24
83 84 85
22 24 25
53 54 59
51 52 53
48 66 67
53 62 63
79 98 99
34 35 100
1 2 3
8 30 31
54 58 59
49 50 65
49 65 66
48 49 66
53 59 60
60 61 62
53 60 62
88 89 96
51 53 64
53 63 64
50 64 65
50 51 64
87 88 96
82 87 96
79 80 98
89 95 96
78 79 99
38 78 99
37 38 99
1 3 32
34 100 102
5 6 31
5 31 32
7 8 31
6 7 31
11 28 29
10 11 29
9 29 30
9 10 29
8 9 30
54 55 57
54 57 58
55 56 57
47 48 67
47 67 68
91 92 93
91 93 94
82 86 87
83 85 86
82 83 86
81 82 96
81 96 97
81 97 98
80 81 98
38 77 78
35 36 100
36 99 100
36 37 99
42 72 73
41 73 74
41 42 73
42 43 72
40 41 74
100 101 102
34 103 104
34 102 103
34 104 105
33 34 105
0 33 105
1 32 33
0 1 33
3 4 32
4 5 32
11 12 28
12 25 26
89 90 95
90 94 95
90 91 94
43 71 72
44 70 71
43 44 71
44 45 70
46 47 68
46 68 69
46 69 70
45 46 70
39 40 74
38 39 77
39 74 77
0 105 106
12 26 27
12 27 28
14 15 16
14 16 17
74 76 77
74 75 76
13 18 19
13 17 18
13 14 17
13 19 20
13 20 21
13 21 22
13 22 25
12 13 25
