# points
0.072519 0.32061
0.072519 0.34733
0.072519 0.37405
0.072519 0.40076
0.076336 0.42748
0.080153 0.4542
0.087786 0.48092
0.091603 0.50763
0.099237 0.53435
0.10305 0.56107
0.10305 0.58779
0.10305 0.6145
0.080153 0.6374
0.053435 0.62977
0.026718 0.62977
0 0.63359
0.0076336 0.66031
0.030534 0.68702
0.045802 0.71374
0.072519 0.72901
0.099237 0.74427
0.12595 0.74809
0.15267 0.74809
0.17939 0.74046
0.20611 0.72901
0.22901 0.70992
0.24427 0.68702
0.25573 0.66031
0.25954 0.63359
0.25954 0.60687
0.26336 0.58015
0.27099 0.55344
0.28244 0.52672
0.29771 0.5
0.31679 0.47328
0.33588 0.4542
0.35878 0.44275
0.3855 0.42366
0.41221 0.41221
0.43893 0.40076
0.46565 0.38931
0.49237 0.37405
0.51908 0.36641
0.5458 0.35496
0.57252 0.34351
0.59924 0.33206
0.62595 0.32061
0.65267 0.30534
0.67939 0.29771
0.70611 0.29008
0.73282 0.28626
0.75954 0.27863
0.78626 0.27481
0.81298 0.27099
0.83969 0.26718
0.86641 0.25954
0.89313 0.25191
0.9084 0.22901
0.92748 0.21374
0.94656 0.19466
0.97328 0.18321
0.99618 0.16794
1 0.14122
0.98855 0.1145
0.96183 0.09542
0.93511 0.09542
0.9084 0.10305
0.88168 0.11069
0.85496 0.12214
0.82824 0.12977
0.80153 0.1374
0.77481 0.14122
0.74809 0.14122
0.72137 0.13359
0.69466 0.12595
0.66794 0.11832
0.64122 0.11069
0.6145 0.099237
0.58779 0.087786
0.56107 0.072519
0.53435 0.068702
0.50763 0.057252
0.48092 0.053435
0.4542 0.041985
0.42748 0.034351
0.4313 0.0076336
0.41985 0
0.39313 0.0076336
0.36641 0.01145
0.33969 0.015267
0.31298 0.015267
0.28626 0.0076336
0.25954 0
0.24046 0
0.25573 0.022901
0.28244 0.041985
0.30534 0.057252
0.30534 0.083969
0.29389 0.11069
0.26718 0.11832
0.24046 0.12977
0.21374 0.1374
0.18702 0.15267
0.16031 0.16794
0.13359 0.19084
0.11069 0.21756
0.09542 0.24427
0.083969 0.27099
0.076336 0.29771
0.072519 0.32061
# triangles
10 29 30
60 63 64
60 61 62
60 62 63
47 75 76
14 16 17
14 15 16
13 14 17
90 91 95
91 94 95
50 72 73
53 54 70
50 51 72
90 95 96
48 74 75
47 48 75
10 11 29
11 24 25
92 93 94
91 92 94
58 67 68
53 70 71
52 53 71
51 71 72
51 52 71
42 43 80
43 44 80
44 78 80
89 90 96
49 50 73
49 73 74
48 49 74
12 20 21
12 21 22
11 12 22
12 19 20
12 18 19
12 17 18
12 13 17
80 81 82
42 80 82
37 99 100
37 98 99
8 31 32
35 36 102
36 37 102
37 100 102
4 5 33
4 33 34
1 34 35
1 2 34
1 35 108
0 1 108
60 64 65
54 69 70
57 58 68
57 68 69
59 66 67
58 59 67
59 60 65
59 65 66
78 79 80
47 76 77
46 47 77
44 45 78
45 77 78
45 46 77
88 96 97
88 89 96
11 23 24
11 22 23
11 28 29
11 27 28
11 25 26
11 26 27
41 42 82
41 82 98
38 39 98
37 38 98
5 6 33
6 32 33
9 30 31
8 9 31
9 10 30
35 107 108
35 106 107
35 104 105
35 105 106
35 103 104
35 102 103
100 101 102
2 3 34
3 4 34
54 55 69
55 57 69
55 56 57
84 97 98
84 88 97
84 87 88
84 86 87
84 85 86
39 40 98
40 41 98
7 8 32
6 7 32
82 83 98
83 84 98
