# points
0.049822 0.51246
0.039146 0.54093
0.014235 0.56228
0 0.59075
0 0.61922
0.014235 0.61566
0.039146 0.59075
0.064057 0.58007
0.088968 0.59075
0.088968 0.61922
0.074733 0.64769
0.049822 0.67616
0.02847 0.70463
0 0.72242
0 0.75089
0.010676 0.76157
0.039146 0.74021
0.067616 0.7153
0.092527 0.69039
0.11744 0.6726
0.14591 0.68327
0.17438 0.68683
0.20285 0.71174
0.22776 0.7331
0.25623 0.75801
0.2847 0.7758
0.31317 0.79359
0.33808 0.81851
0.36655 0.8363
0.39146 0.85765
0.41993 0.879
0.44484 0.89324
0.46975 0.90747
0.49822 0.92527
0.52669 0.93238
0.55516 0.93594
0.58363 0.93594
0.6121 0.93594
0.64057 0.93594
0.66904 0.93238
0.69751 0.92883
0.72598 0.92527
0.75089 0.93238
0.76512 0.96085
0.76512 0.98932
0.78292 1
0.80783 0.98577
0.8363 0.96797
0.86477 0.94662
0.88968 0.92171
0.90747 0.90036
0.92527 0.879
0.91103 0.85409
0.88612 0.83986
0.86477 0.81495
0.8363 0.79359
0.80783 0.78648
0.77936 0.77936
0.75089 0.77936
0.72242 0.77224
0.69395 0.75801
0.6726 0.7331
0.64769 0.70463
0.62633 0.67616
0.60854 0.64769
0.58719 0.61922
0.5694 0.59075
0.55516 0.56228
0.53381 0.53381
0.51957 0.50534
0.5089 0.47687
0.4911 0.4484
0.47331 0.41993
0.45552 0.39146
0.43772 0.36299
0.41993 0.33452
0.40925 0.30605
0.39858 0.27758
0.39858 0.24911
0.39502 0.22064
0.40214 0.19217
0.41281 0.1637
0.41993 0.13523
0.42705 0.10676
0.43416 0.078292
0.44128 0.049822
0.4484 0.021352
0.44128 0
0.41281 0
0.38434 0
0.35587 0
0.3274 0.010676
0.31673 0.039146
0.30249 0.067616
0.29181 0.096085
0.28826 0.12456
0.27402 0.15302
0.25623 0.18149
0.24911 0.20996
0.23132 0.23843
0.22064 0.2669
0.20641 0.29537
0.18861 0.32384
0.17082 0.35231
0.15302 0.38078
0.13523 0.40925
0.11388 0.43772
0.085409 0.46263
0.064057 0.4911
0.049822 0.51246
# triangles
50 51 52
3 5 6
3 4 5
86 87 88
49 50 53
42 53 54
50 52 53
2 3 6
25 26 68
26 67 68
89 90 92
90 91 92
84 89 92
83 84 92
76 77 101
48 49 53
42 48 53
23 68 69
24 25 68
23 24 68
42 57 58
21 105 106
8 21 106
79 80 96
85 88 89
84 85 89
85 86 88
75 76 101
74 75 103
22 23 69
42 56 57
54 55 56
42 54 56
29 63 64
32 34 62
34 35 62
36 37 60
8 107 108
8 106 107
1 2 6
26 66 67
26 28 66
28 65 66
28 64 65
28 29 64
77 78 98
78 79 98
79 96 97
79 97 98
21 22 71
69 70 71
22 69 71
72 73 105
21 72 105
21 71 72
74 103 104
73 74 104
73 104 105
82 83 93
82 93 94
83 92 93
81 82 95
82 94 95
80 81 95
80 95 96
75 101 102
75 102 103
42 47 48
12 13 16
13 14 16
14 15 16
31 32 62
31 62 63
32 33 34
39 59 60
36 60 61
35 61 62
35 36 61
0 8 108
26 27 28
77 98 99
42 43 47
10 11 18
9 10 19
10 18 19
9 19 20
8 9 20
8 20 21
12 16 17
11 12 17
11 17 18
29 30 63
30 31 63
37 38 60
38 39 60
41 42 58
41 58 59
0 7 8
0 1 7
1 6 7
77 100 101
77 99 100
43 46 47
44 45 46
43 44 46
39 40 59
40 41 59
