# points
0.056338 0.48592
0.042254 0.51408
0.028169 0.54225
0.028169 0.57042
0.021127 0.59859
0.014085 0.62676
0.014085 0.65493
0.014085 0.6831
0.014085 0.71127
0.014085 0.73944
0.014085 0.76761
0.014085 0.79577
0.014085 0.82394
0.028169 0.85211
0.042254 0.87324
0.06338 0.89437
0.035211 0.90845
0.0070423 0.90141
0 0.92254
0.021127 0.94366
0.042254 0.96479
0.070423 0.97887
0.098592 0.99296
0.12676 1
0.15493 1
0.1831 1
0.20423 0.98592
0.22535 0.96479
0.23239 0.93662
0.23944 0.90845
0.24648 0.88028
0.24648 0.85211
0.24648 0.82394
0.24648 0.79577
0.24648 0.76761
0.26761 0.73944
0.28873 0.71831
0.3169 0.70423
0.34507 0.6831
0.37324 0.65493
0.40141 0.6338
0.42958 0.60563
0.4507 0.58451
0.47887 0.55634
0.5 0.53521
0.52113 0.50704
0.54225 0.48592
0.56338 0.47183
0.58451 0.44366
0.61268 0.42958
0.64085 0.40141
0.66901 0.38732
0.69718 0.37324
0.72535 0.35915
0.75352 0.35915
0.78169 0.35915
0.80986 0.35211
0.82394 0.32394
0.82394 0.29577
0.8169 0.26761
0.80986 0.24648
0.78169 0.24648
0.75352 0.24648
0.72535 0.25352
0.69718 0.25352
0.66901 0.26056
0.64085 0.26056
0.61268 0.26056
0.58451 0.26056
0.55634 0.25352
0.52817 0.25352
0.5 0.24648
0.47183 0.23944
0.44366 0.21831
0.42958 0.19014
0.41549 0.16197
0.38732 0.14085
0.35915 0.11972
0.33099 0.098592
0.30986 0.070423
0.30282 0.042254
0.33099 0.042254
0.35211 0.028169
0.33099 0.014085
0.30282 0.0070423
0.27465 0
0.24648 0
0.21831 0
0.19014 0.0070423
0.16197 0.014085
0.1338 0.0070423
0.10563 0.0070423
0.091549 0.028169
0.077465 0.049296
0.10563 0.056338
0.1338 0.06338
0.16197 0.070423
0.19014 0.077465
0.19718 0.10563
0.21127 0.1338
0.22535 0.16197
0.23944 0.19014
0.25352 0.21831
0.26056 0.24648
0.26056 0.27465
0.24648 0.30282
0.21831 0.3169
0.19014 0.33803
0.16197 0.35211
0.1338 0.37324
0.10563 0.40141
0.084507 0.42958
0.070423 0.45775
0.056338 0.48592
0.056338 0.48592
# triangles
44 45 105
48 49 68
53 54 63
43 44 105
24 25 26
26 27 28
24 26 28
15 20 21
15 21 22
15 22 23
15 23 24
15 24 28
87 88 97
49 50 68
54 58 62
54 62 63
52 53 65
41 42 105
42 43 105
15 29 30
15 28 29
40 41 107
92 93 94
7 8 34
89 90 95
90 94 95
45 72 105
48 68 69
86 87 97
41 105 106
41 106 107
55 56 57
55 57 58
54 55 58
45 46 72
46 71 72
46 48 71
46 47 48
58 59 61
58 61 62
59 60 61
80 85 86
80 86 97
53 63 64
53 64 65
39 40 107
38 39 112
15 30 31
15 31 32
3 4 36
4 5 6
9 10 34
8 9 34
73 103 104
72 73 104
72 104 105
48 70 71
48 69 70
78 99 100
50 67 68
51 66 67
50 51 67
76 77 102
76 102 103
15 32 33
14 15 33
0 1 36
1 3 36
1 2 3
37 38 112
89 95 96
16 18 19
15 16 20
16 19 20
78 79 99
79 98 99
79 80 97
79 97 98
77 101 102
77 78 101
78 100 101
73 74 103
74 76 103
39 111 112
39 110 111
39 109 110
7 34 35
6 7 35
4 6 35
4 35 36
11 13 33
13 14 33
11 12 13
80 84 85
80 83 84
74 75 76
80 81 83
81 82 83
39 107 108
39 108 109
16 17 18
90 92 94
90 91 92
51 65 66
51 52 65
10 11 33
10 33 34
0 36 37
0 37 112
88 96 97
88 89 96
