# points
0.12661 0.49612
0.11886 0.52196
0.11628 0.5478
0.11886 0.57364
0.12145 0.59948
0.12403 0.62532
0.13178 0.64858
0.13953 0.67442
0.14729 0.69509
0.16021 0.71835
0.17054 0.73902
0.18863 0.76227
0.21189 0.78295
0.23773 0.79587
0.2584 0.80879
0.28165 0.82687
0.30491 0.84238
0.323 0.86047
0.33333 0.88372
0.33075 0.90698
0.32558 0.92765
0.33333 0.9509
0.323 0.96899
0.32041 0.99225
0.34109 1
0.36693 0.99483
0.39276 0.98966
0.41602 0.9845
0.43928 0.96641
0.44961 0.94057
0.4522 0.91731
0.4522 0.89147
0.44703 0.86563
0.43928 0.83979
0.42377 0.81912
0.40052 0.79587
0.38501 0.77778
0.37468 0.75194
0.37468 0.7261
0.37209 0.70026
0.38243 0.67442
0.40052 0.65116
0.41602 0.62532
0.42894 0.59948
0.43411 0.57623
0.43669 0.55297
0.44444 0.53488
0.44961 0.50904
0.4522 0.4832
0.45995 0.45736
0.45995 0.43152
0.45736 0.40568
0.45736 0.38243
0.45995 0.35659
0.45736 0.33075
0.4522 0.30491
0.45478 0.27907
0.45478 0.25581
0.45995 0.22997
0.46512 0.20413
0.47287 0.17829
0.4832 0.15245
0.48837 0.1292
0.49612 0.10594
0.49871 0.080103
0.49354 0.054264
0.48579 0.028424
0.4677 0.010336
0.44186 0.002584
0.4186 0
0.39535 0.005168
0.37209 0.018088
0.35401 0.03876
0.34625 0.064599
0.34884 0.087855
0.34625 0.1137
0.34884 0.13695
0.34367 0.16279
0.34367 0.18863
0.32817 0.21189
0.31008 0.23514
0.29457 0.25581
0.27649 0.27907
0.25581 0.28424
0.23514 0.29716
0.21447 0.28941
0.1938 0.27649
0.17571 0.26098
0.14987 0.24548
0.12403 0.2584
0.10078 0.25323
0.074935 0.26357
0.05168 0.27132
0.028424 0.28941
0.0077519 0.30749
0.010336 0.33075
0 0.35142
0.0077519 0.36176
0.031008 0.34884
0.05168 0.33075
0.077519 0.33333
0.072351 0.35142
0.098191 0.34625
0.12403 0.33075
0.14212 0.35142
0.14987 0.37468
0.14729 0.40052
0.14212 0.42377
0.13953 0.44961
0.13178 0.47545
0.12661 0.49612
# triangles
27 28 29
65 68 70
68 69 70
13 38 39
11 12 39
12 13 39
16 36 37
45 108 109
0 45 109
10 11 39
9 10 39
22 23 24
15 16 37
18 31 32
19 29 30
19 30 31
18 19 31
61 62 76
48 50 84
48 84 106
53 54 82
50 51 84
51 82 84
56 57 79
59 77 78
57 78 79
0 1 3
8 9 39
3 40 41
6 7 40
8 39 40
7 8 40
19 20 21
19 21 29
14 15 37
13 14 38
14 37 38
16 17 36
17 35 36
17 34 35
17 18 34
18 33 34
18 32 33
0 42 45
42 44 45
0 3 42
3 41 42
59 60 77
60 76 77
60 61 76
62 63 74
63 64 74
64 65 74
65 70 74
70 71 74
72 73 74
71 72 74
45 47 108
47 48 108
48 106 107
48 107 108
96 97 98
84 105 106
82 83 84
52 53 82
51 52 82
56 79 80
55 56 80
55 80 81
54 55 82
55 81 82
58 59 78
57 58 78
1 2 3
3 4 40
4 5 6
4 6 40
22 24 25
21 22 25
26 27 29
21 26 29
21 25 26
42 43 44
45 46 47
48 49 50
95 96 98
84 85 105
62 75 76
62 74 75
89 90 103
87 88 89
86 87 103
87 89 103
95 98 99
94 95 99
93 94 99
90 91 103
91 100 103
85 86 104
86 103 104
85 104 105
100 101 102
100 102 103
92 93 99
92 99 100
91 92 100
66 67 68
65 66 68
