# points
0.1215 0.51168
0.11449 0.54907
0.10981 0.58178
0.10981 0.6215
0.1215 0.65888
0.12617 0.69626
0.1215 0.73364
0.1028 0.76636
0.067757 0.79439
0.049065 0.82944
0.016355 0.84346
0 0.8785
0.021028 0.90421
0.056075 0.91822
0.091121 0.92991
0.1285 0.94626
0.15888 0.96028
0.15654 1
0.18692 0.97664
0.21495 0.94626
0.23131 0.91355
0.26168 0.89953
0.28972 0.8715
0.32477 0.84112
0.35047 0.81075
0.3785 0.78271
0.41121 0.75467
0.44159 0.7243
0.46729 0.69626
0.49766 0.66589
0.53037 0.63318
0.56542 0.6028
0.60047 0.57944
0.63785 0.55374
0.6729 0.53037
0.70794 0.50701
0.74299 0.48598
0.7757 0.46028
0.81075 0.42757
0.82477 0.39486
0.82477 0.35748
0.80374 0.32477
0.77103 0.29206
0.73832 0.26168
0.71028 0.23598
0.68224 0.20327
0.65888 0.17056
0.64252 0.14019
0.61449 0.1028
0.58411 0.070093
0.55374 0.044393
0.51869 0.021028
0.53505 0.058411
0.56075 0.095794
0.56308 0.11215
0.53505 0.081776
0.50935 0.046729
0.49065 0.016355
0.45794 0
0.42056 0.016355
0.40888 0.044393
0.4486 0.049065
0.48364 0.074766
0.50467 0.11215
0.50701 0.13785
0.4743 0.11916
0.43925 0.10047
0.40421 0.084112
0.36682 0.095794
0.36449 0.12617
0.40187 0.12617
0.43925 0.15187
0.47196 0.18458
0.48832 0.21729
0.5 0.25701
0.51168 0.28505
0.47897 0.30607
0.43925 0.31776
0.40187 0.33411
0.36449 0.33645
0.33411 0.3271
0.34813 0.35514
0.33645 0.38318
0.30374 0.41355
0.27336 0.44159
0.24299 0.44626
0.21963 0.40888
0.19393 0.36916
0.18224 0.33178
0.15187 0.31075
0.11682 0.32944
0.1215 0.36215
0.15888 0.38551
0.17523 0.4229
0.18692 0.46262
0.17056 0.46963
0.14252 0.44626
0.10981 0.42056
0.081776 0.39486
0.051402 0.37383
0.018692 0.39019
0.0070093 0.41822
0.044393 0.42991
0.081776 0.44626
0.10514 0.47897
0.1215 0.51168
# triangles
10 11 12
9 10 12
44 45 75
43 44 75
36 42 43
28 29 84
100 101 102
88 89 91
67 68 70
68 69 70
7 8 14
8 9 14
9 12 13
9 13 14
5 24 25
6 23 24
5 6 24
4 25 26
4 5 25
4 26 84
45 46 75
39 40 41
38 39 41
36 37 42
37 38 41
37 41 42
34 35 75
35 43 75
35 36 43
27 28 84
26 27 84
32 33 76
34 75 76
33 34 76
7 14 15
7 15 20
2 3 4
87 88 92
88 91 92
89 90 91
29 83 84
29 30 83
4 84 85
2 4 85
31 77 78
32 76 77
31 32 77
79 80 81
78 79 81
6 7 22
7 20 22
20 21 22
6 22 23
16 18 19
16 17 18
16 19 20
15 16 20
96 97 104
97 103 104
95 96 104
99 100 102
86 87 93
87 92 93
78 81 82
31 78 82
30 31 82
30 82 83
2 85 94
85 86 94
86 93 94
56 57 61
59 60 61
58 59 61
57 58 61
46 74 75
46 73 74
64 72 73
0 95 104
98 99 102
98 102 103
97 98 103
50 51 52
49 50 52
54 63 64
54 55 63
47 48 54
54 64 73
46 47 54
46 54 73
66 67 70
66 70 71
56 61 62
55 62 63
55 56 62
0 1 95
1 94 95
1 2 94
49 52 53
48 49 53
48 53 54
65 66 71
65 71 72
64 65 72
