# points
0.16998 0.50773
0.1457 0.53422
0.13907 0.56733
0.14128 0.60265
0.13466 0.63576
0.13687 0.67108
0.13907 0.70199
0.14349 0.7351
0.14128 0.766
0.12804 0.80132
0.094923 0.81898
0.059603 0.83444
0.028698 0.84768
0 0.86976
0.011038 0.89845
0.04415 0.90728
0.07947 0.91832
0.10817 0.93157
0.11921 0.95585
0.15232 0.94481
0.15894 0.97792
0.18102 1
0.18102 0.96689
0.20088 0.93819
0.20971 0.90508
0.23179 0.87196
0.26269 0.84989
0.29139 0.83002
0.3223 0.81015
0.35541 0.79029
0.38852 0.77042
0.41943 0.74614
0.45033 0.72185
0.47903 0.69536
0.50773 0.67108
0.53863 0.64901
0.56512 0.62914
0.59603 0.60706
0.62693 0.58499
0.66004 0.56512
0.69316 0.54525
0.72627 0.52759
0.75938 0.50993
0.7947 0.48344
0.82781 0.46137
0.8543 0.43709
0.86093 0.40177
0.85872 0.36645
0.84547 0.33775
0.82119 0.30905
0.79691 0.28256
0.77263 0.25166
0.75276 0.22075
0.72627 0.19205
0.70419 0.16556
0.67991 0.13245
0.66004 0.10596
0.64018 0.077263
0.6181 0.06181
0.60706 0.03532
0.58499 0.015453
0.5585 0.004415
0.54305 0
0.51435 0.004415
0.49007 0.030905
0.51214 0.04415
0.54746 0.055188
0.56512 0.086093
0.57395 0.11921
0.56733 0.14128
0.54305 0.13245
0.51435 0.117
0.48786 0.090508
0.45916 0.090508
0.42826 0.11479
0.45254 0.13024
0.48344 0.13687
0.51435 0.15673
0.52539 0.18102
0.50993 0.19205
0.49448 0.22296
0.48124 0.24283
0.45254 0.26049
0.41943 0.27594
0.39514 0.2936
0.36424 0.32009
0.34658 0.33996
0.32009 0.37086
0.2936 0.39735
0.27594 0.42826
0.25166 0.45916
0.22296 0.47241
0.2053 0.44371
0.18102 0.41501
0.16998 0.3819
0.15453 0.36203
0.12804 0.34879
0.09713 0.3532
0.083885 0.38411
0.117 0.38852
0.14128 0.41943
0.15232 0.44812
0.16336 0.48124
0.16998 0.50773
# triangles
44 45 46
34 89 90
12 13 14
17 18 19
3 31 90
12 14 15
11 12 15
20 21 22
19 20 22
17 19 24
3 4 5
6 7 28
33 34 90
46 47 48
44 46 48
36 86 87
95 96 99
96 97 99
97 98 99
93 94 100
94 95 99
94 99 100
11 15 16
10 16 17
10 11 16
19 22 23
19 23 24
6 28 29
5 6 29
31 32 90
32 33 90
34 35 89
35 87 89
35 36 87
39 40 81
40 41 81
36 37 86
39 81 82
38 39 82
87 88 89
3 90 91
0 1 2
0 2 3
0 3 91
93 100 101
92 93 101
7 27 28
9 10 17
9 17 24
3 30 31
3 5 30
5 29 30
37 38 84
38 82 84
82 83 84
54 55 69
53 54 78
54 69 78
55 56 69
71 72 76
69 70 78
92 101 102
91 92 102
0 91 102
7 8 27
8 26 27
9 24 25
8 25 26
8 9 25
44 48 49
51 52 81
41 51 81
41 50 51
37 85 86
37 84 85
62 63 65
63 64 65
78 79 80
53 78 80
52 80 81
52 53 80
73 74 75
72 73 76
73 75 76
70 77 78
70 71 77
71 76 77
58 59 67
43 44 49
43 49 50
56 68 69
56 57 68
57 58 68
58 67 68
61 62 66
62 65 66
60 61 66
59 60 66
59 66 67
41 42 50
42 43 50
