# points
0.003367 0.50842
0 0.53199
0 0.55556
0.023569 0.56902
0.037037 0.58586
0.030303 0.60943
0.030303 0.633
0.030303 0.65657
0.030303 0.68013
0.030303 0.7037
0.03367 0.72727
0.037037 0.75084
0.043771 0.77441
0.047138 0.79798
0.050505 0.82155
0.060606 0.84512
0.070707 0.86869
0.087542 0.89226
0.10438 0.91582
0.12121 0.93603
0.14478 0.95623
0.16835 0.97306
0.19192 0.98316
0.21549 0.99327
0.23906 0.99663
0.26263 0.99663
0.2862 1
0.30976 0.99663
0.33333 0.99327
0.3569 0.98653
0.38047 0.97306
0.40067 0.95286
0.42424 0.9596
0.44781 0.95623
0.47138 0.94613
0.49495 0.93266
0.51515 0.91246
0.53199 0.88889
0.54209 0.86532
0.55556 0.84175
0.56566 0.81818
0.56902 0.79461
0.56902 0.77104
0.56902 0.74747
0.56902 0.72391
0.56902 0.70034
0.57239 0.67677
0.57239 0.6532
0.57239 0.62963
0.57912 0.60606
0.60269 0.60606
0.61279 0.58586
0.61616 0.56229
0.61279 0.53872
0.60606 0.51515
0.60269 0.49158
0.60269 0.46801
0.59933 0.44444
0.58586 0.42088
0.57239 0.39731
0.54882 0.39057
0.54545 0.367
0.54209 0.34343
0.53535 0.31987
0.52525 0.2963
0.51178 0.27273
0.50842 0.24916
0.50842 0.22559
0.50842 0.20202
0.50505 0.17845
0.49495 0.15488
0.48148 0.13131
0.46801 0.10774
0.44781 0.084175
0.43098 0.060606
0.41077 0.043771
0.38721 0.030303
0.36364 0.016835
0.34007 0.006734
0.3165 0
0.29293 0.003367
0.26936 0.020202
0.24916 0.03367
0.22559 0.050505
0.20202 0.070707
0.17845 0.094276
0.15488 0.11785
0.14141 0.14141
0.13805 0.16498
0.13805 0.18855
0.14141 0.21212
0.13468 0.23569
0.11448 0.25253
0.10101 0.27609
0.090909 0.29966
0.090909 0.32323
0.090909 0.3468
0.074074 0.367
0.053872 0.38721
0.040404 0.40741
0.03367 0.43098
0.023569 0.45455
0.016835 0.47811
0.006734 0.50168
0.003367 0.50842
# triangles
91 93 95
12 31 45
4 49 60
73 84 90
22 23 24
49 55 60
61 64 65
49 51 52
49 50 51
10 12 45
8 10 45
4 60 96
60 61 96
61 65 96
65 91 96
91 95 96
93 94 95
91 92 93
84 85 90
31 34 36
31 33 34
31 44 45
31 43 44
31 36 38
36 37 38
73 74 75
12 13 31
13 17 31
73 75 76
76 77 82
22 24 25
55 56 60
49 54 55
61 62 63
61 63 64
71 72 73
71 73 90
67 71 90
67 70 71
45 46 47
4 48 49
4 47 48
4 7 47
7 8 45
7 45 47
8 9 10
98 99 100
3 4 102
1 2 3
85 89 90
25 26 27
25 27 31
29 30 31
31 42 43
31 38 42
10 11 12
34 35 36
77 78 81
77 81 82
79 80 81
78 79 81
73 76 83
76 82 83
73 83 84
17 18 31
18 25 31
49 52 53
49 53 54
66 67 90
65 66 91
66 90 91
68 69 70
67 68 70
4 5 6
4 6 7
4 101 102
4 100 101
97 98 100
4 96 97
4 97 100
3 102 103
85 88 89
28 29 31
27 28 31
31 32 33
39 40 41
38 39 42
39 41 42
13 15 17
13 14 15
20 22 25
18 20 25
20 21 22
58 59 60
56 57 58
56 58 60
86 87 88
85 86 88
15 16 17
18 19 20
0 3 103
0 1 3
