# points
0 0.4932
0 0.51701
0.013605 0.54082
0.037415 0.54762
0.057823 0.55442
0.05102 0.57823
0.047619 0.60204
0.047619 0.62585
0.047619 0.64966
0.047619 0.67347
0.047619 0.69728
0.05102 0.72109
0.061224 0.7449
0.068027 0.76871
0.071429 0.79252
0.07483 0.81633
0.081633 0.84014
0.095238 0.86395
0.11565 0.88776
0.13265 0.91156
0.15646 0.93537
0.18027 0.95918
0.20408 0.97959
0.22789 0.9932
0.2517 0.9966
0.27551 1
0.29932 1
0.32313 0.9966
0.34694 0.98639
0.37075 0.97959
0.39456 0.96599
0.41497 0.94558
0.43878 0.95578
0.46259 0.96599
0.48639 0.96599
0.5102 0.96259
0.53401 0.94558
0.55442 0.92517
0.57143 0.90136
0.58503 0.87755
0.58844 0.85374
0.59184 0.82993
0.59524 0.80612
0.59524 0.78231
0.59524 0.7585
0.59184 0.73469
0.59184 0.71088
0.59184 0.68707
0.59524 0.66327
0.59524 0.63946
0.59524 0.61565
0.60204 0.59184
0.62245 0.58503
0.63946 0.56463
0.64626 0.54082
0.64286 0.51701
0.63265 0.4932
0.62245 0.46939
0.61565 0.44558
0.61224 0.42177
0.60204 0.39796
0.58844 0.38095
0.56803 0.37415
0.56803 0.35034
0.56463 0.32653
0.55782 0.30272
0.54762 0.27891
0.53401 0.2551
0.53061 0.23129
0.53061 0.20748
0.53061 0.18367
0.52721 0.15986
0.51361 0.13605
0.4932 0.11565
0.47279 0.095238
0.44898 0.07483
0.42517 0.057823
0.40136 0.040816
0.38095 0.020408
0.35714 0.010204
0.33333 0
0.31293 0.0034014
0.29592 0.020408
0.27891 0.044218
0.2619 0.068027
0.2415 0.091837
0.21769 0.10544
0.19728 0.12245
0.17347 0.14286
0.15986 0.16667
0.15986 0.19048
0.15646 0.21429
0.13605 0.23129
0.12245 0.2551
0.10884 0.27891
0.10884 0.30272
0.10884 0.32653
0.095238 0.34694
0.07483 0.36735
0.057823 0.39116
0.047619 0.41497
0.037415 0.43878
0.017007 0.46259
0.0034014 0.48639
0 0.4932
# triangles
70 71 72
62 66 67
62 65 66
59 60 62
60 61 62
77 83 84
13 18 31
18 20 31
58 59 62
51 58 62
51 57 58
51 54 55
1 2 3
4 62 97
4 51 62
4 50 51
4 49 50
67 91 96
62 67 96
62 96 97
8 9 12
10 11 12
9 10 12
15 16 17
15 17 18
70 72 73
76 84 85
76 77 84
62 64 65
77 78 83
78 79 83
85 86 91
87 88 90
88 89 90
86 90 91
86 87 90
79 82 83
80 81 82
79 80 82
32 37 38
31 32 38
32 36 37
31 42 43
51 53 54
51 52 53
51 55 56
51 56 57
3 4 102
4 101 102
91 95 96
20 28 31
20 21 28
24 25 28
21 24 28
18 19 20
13 14 18
14 15 18
69 70 73
74 75 85
75 76 85
62 63 64
34 35 36
32 34 36
32 33 34
38 39 40
31 38 40
3 102 103
0 1 103
1 3 103
4 100 101
98 99 100
4 97 100
97 98 100
7 8 49
4 7 49
4 5 7
5 6 7
93 94 95
91 92 93
91 93 95
22 23 24
21 22 24
29 30 31
28 29 31
25 26 28
26 27 28
68 73 74
68 69 73
68 74 85
67 68 91
68 85 91
31 41 42
31 40 41
31 43 45
43 44 45
31 45 46
13 31 47
31 46 47
12 13 47
8 12 47
8 47 49
47 48 49
