# points
0 0.50164
0 0.52459
0.0032787 0.54754
0.013115 0.57049
0.032787 0.58689
0.039344 0.60328
0.036066 0.62623
0.032787 0.64918
0.029508 0.67213
0.02623 0.69508
0.02623 0.71803
0.022951 0.74098
0.022951 0.76393
0.022951 0.78689
0.029508 0.80984
0.042623 0.83279
0.055738 0.85574
0.068852 0.87869
0.088525 0.90164
0.1082 0.92459
0.13115 0.94426
0.1541 0.96066
0.17705 0.97049
0.2 0.98033
0.22295 0.99016
0.2459 0.99672
0.26885 1
0.2918 1
0.31475 0.99672
0.3377 0.99672
0.36066 0.98689
0.38361 0.97049
0.40656 0.9541
0.42295 0.9377
0.4459 0.9377
0.46885 0.93115
0.4918 0.91803
0.51475 0.89836
0.5377 0.88197
0.55082 0.85902
0.56066 0.83607
0.56393 0.81311
0.56721 0.79016
0.56721 0.76721
0.56721 0.74426
0.56721 0.72131
0.56721 0.69836
0.57049 0.67541
0.57049 0.65246
0.57049 0.62951
0.57049 0.60656
0.58361 0.58689
0.59672 0.56393
0.6 0.54098
0.6 0.51803
0.6 0.49508
0.59344 0.47213
0.58689 0.44918
0.58033 0.42623
0.55738 0.40328
0.5377 0.38361
0.53115 0.36066
0.53115 0.3377
0.52787 0.31475
0.51803 0.2918
0.50492 0.26885
0.48852 0.2459
0.48852 0.22295
0.48197 0.2
0.47869 0.17705
0.47541 0.1541
0.46557 0.13115
0.45574 0.1082
0.43607 0.085246
0.41311 0.072131
0.39016 0.059016
0.36721 0.042623
0.34426 0.02623
0.32131 0.013115
0.29836 0
0.27541 0.0065574
0.25246 0.016393
0.22951 0.02623
0.20656 0.042623
0.18689 0.062295
0.16393 0.085246
0.15082 0.1082
0.1377 0.13115
0.12787 0.1541
0.12131 0.17705
0.12787 0.2
0.12787 0.22295
0.12787 0.2459
0.12787 0.26885
0.12787 0.2918
0.12459 0.31475
0.11148 0.3377
0.098361 0.36066
0.078689 0.37705
0.055738 0.39016
0.042623 0.41311
0.032787 0.43607
0.016393 0.45902
0.0065574 0.48197
0 0.50164
# triangles
66 94 95
6 46 48
5 50 97
5 6 48
8 33 46
8 10 33
66 92 93
66 93 94
46 47 48
51 52 53
4 97 98
4 5 97
4 98 101
4 101 102
2 3 4
5 49 50
5 48 49
50 60 97
60 96 97
60 95 96
6 7 46
7 8 46
10 12 15
12 13 14
12 14 15
20 21 22
1 2 4
8 9 10
22 23 33
10 15 16
39 40 41
87 88 90
88 89 90
86 87 90
98 100 101
98 99 100
60 61 95
61 66 95
61 65 66
18 22 33
18 20 22
16 17 18
10 18 33
10 16 18
4 102 103
1 4 103
0 1 103
10 11 12
33 41 42
24 25 28
23 24 28
23 31 33
23 28 31
33 37 41
37 39 41
37 38 39
66 67 68
66 68 92
68 91 92
76 83 84
84 85 86
77 81 82
50 59 60
50 56 59
50 51 54
50 54 56
51 53 54
18 19 20
33 34 35
28 29 30
28 30 31
33 35 36
33 36 37
69 70 71
77 78 81
78 80 81
78 79 80
56 57 59
54 55 56
33 42 43
33 43 44
33 45 46
33 44 45
31 32 33
69 71 74
71 72 74
72 73 74
68 75 91
68 69 75
69 74 75
75 90 91
75 86 90
75 84 86
75 76 84
61 64 65
61 62 64
62 63 64
57 58 59
76 82 83
76 77 82
25 27 28
25 26 27
