# points
0 0.49669
0 0.51987
0.0033113 0.54305
0.013245 0.56623
0.033113 0.58278
0.039735 0.59934
0.036424 0.62252
0.033113 0.6457
0.029801 0.66887
0.02649 0.69205
0.02649 0.71523
0.023179 0.73841
0.023179 0.76159
0.023179 0.78477
0.029801 0.80795
0.043046 0.83113
0.056291 0.8543
0.069536 0.87748
0.089404 0.90066
0.10927 0.92384
0.13245 0.94371
0.15563 0.96026
0.17881 0.9702
0.20199 0.98013
0.22517 0.99007
0.24834 0.99669
0.27152 1
0.2947 1
0.31788 0.99669
0.34106 0.99669
0.36424 0.98675
0.38742 0.9702
0.4106 0.95364
0.42715 0.9404
0.45033 0.94702
0.47351 0.94371
0.49669 0.9404
0.51987 0.93046
0.54305 0.91391
0.56291 0.89404
0.58278 0.87086
0.5894 0.84768
0.59272 0.8245
0.59272 0.80132
0.59272 0.77815
0.59272 0.75497
0.59272 0.73179
0.5894 0.70861
0.58609 0.68543
0.58278 0.66225
0.57947 0.63907
0.57616 0.61589
0.57947 0.59272
0.59603 0.57285
0.60265 0.54967
0.60596 0.52649
0.60596 0.50331
0.59934 0.48344
0.58278 0.46026
0.57285 0.43709
0.56954 0.41391
0.55629 0.39404
0.53974 0.37086
0.53642 0.34768
0.53642 0.3245
0.5298 0.30132
0.51656 0.27815
0.50331 0.25497
0.49338 0.23179
0.49007 0.20861
0.48675 0.18543
0.48344 0.16225
0.47682 0.13907
0.46689 0.11589
0.45695 0.092715
0.43377 0.072848
0.4106 0.059603
0.38742 0.043046
0.36424 0.02649
0.34106 0.013245
0.31788 0
0.2947 0
0.27152 0.013245
0.25166 0.033113
0.2351 0.056291
0.21854 0.07947
0.20861 0.10265
0.18874 0.12583
0.16887 0.14901
0.15232 0.17219
0.13907 0.19205
0.12914 0.21523
0.12914 0.23841
0.12914 0.26159
0.12914 0.28477
0.12583 0.30795
0.11258 0.33113
0.099338 0.3543
0.07947 0.37086
0.056291 0.38411
0.043046 0.40728
0.033113 0.43046
0.016556 0.45364
0.0066225 0.47682
0 0.49669
# triangles
39 40 41
63 67 95
62 63 95
5 52 97
52 59 97
59 62 97
39 41 42
12 13 14
0 1 103
4 102 103
4 101 102
1 4 103
4 5 97
1 2 4
2 3 4
62 95 96
62 96 97
52 58 59
52 53 54
54 55 58
52 54 58
71 72 86
10 11 12
12 14 15
10 12 15
20 21 22
18 20 22
4 98 101
4 97 98
98 100 101
98 99 100
63 66 67
63 65 66
59 61 62
38 39 43
39 42 43
24 25 28
23 24 28
23 28 31
68 87 88
68 88 93
68 93 94
67 94 95
67 68 94
68 69 87
69 86 87
72 76 86
10 16 18
10 15 16
16 17 18
18 19 20
55 57 58
55 56 57
33 44 45
33 43 44
33 38 43
33 48 49
8 10 33
10 18 33
18 22 33
22 23 33
28 30 31
28 29 30
5 51 52
5 6 51
6 50 51
33 47 48
45 46 47
33 45 47
7 49 50
7 33 49
7 8 33
6 7 50
8 9 10
88 89 93
70 71 86
69 70 86
72 73 76
59 60 61
35 37 38
33 35 38
35 36 37
33 34 35
23 31 32
23 32 33
89 92 93
89 90 92
90 91 92
73 74 75
73 75 76
76 77 86
77 78 84
63 64 65
77 85 86
77 84 85
78 83 84
78 79 83
79 82 83
25 27 28
25 26 27
79 81 82
79 80 81
