# points
0 0.50836
0 0.53177
0.0033445 0.55518
0.013378 0.5786
0.033445 0.59532
0.043478 0.61204
0.043478 0.63545
0.043478 0.65886
0.043478 0.68227
0.043478 0.70569
0.043478 0.7291
0.043478 0.75251
0.046823 0.77592
0.056856 0.79933
0.06689 0.82274
0.076923 0.84615
0.090301 0.86957
0.10702 0.89298
0.12709 0.91304
0.1505 0.92642
0.17391 0.94314
0.19732 0.95987
0.22074 0.96656
0.24415 0.97659
0.26756 0.98662
0.29097 0.99666
0.31438 1
0.33779 1
0.3612 0.99331
0.38462 0.98997
0.40803 0.97659
0.42475 0.95318
0.44816 0.95318
0.47157 0.94983
0.49498 0.9398
0.51839 0.91973
0.54181 0.90301
0.55518 0.8796
0.56856 0.85619
0.57525 0.83278
0.5786 0.80936
0.5786 0.78595
0.5786 0.76254
0.5786 0.73913
0.5786 0.71572
0.58194 0.69231
0.58194 0.6689
0.58194 0.64548
0.58194 0.62207
0.59197 0.60201
0.60535 0.5786
0.6087 0.55518
0.6087 0.53177
0.60535 0.50836
0.59532 0.48495
0.58863 0.46154
0.58194 0.43813
0.57525 0.41472
0.55184 0.39465
0.54181 0.37124
0.54181 0.34783
0.53846 0.32441
0.53177 0.301
0.51839 0.27759
0.49833 0.25418
0.49833 0.23077
0.49498 0.20736
0.49164 0.18395
0.48495 0.16054
0.47826 0.13712
0.46823 0.11371
0.45151 0.090301
0.42809 0.076923
0.40468 0.060201
0.38127 0.043478
0.35786 0.026756
0.33445 0.013378
0.31104 0
0.28763 0
0.26421 0.010033
0.2408 0.020067
0.21739 0.033445
0.19732 0.053512
0.17391 0.076923
0.15385 0.10033
0.14716 0.12375
0.13378 0.14716
0.12375 0.17057
0.12709 0.19398
0.13043 0.21739
0.13043 0.2408
0.13043 0.26421
0.13043 0.28763
0.12709 0.31104
0.11706 0.33445
0.10368 0.35786
0.086957 0.37793
0.063545 0.3913
0.046823 0.41137
0.036789 0.43478
0.023411 0.45819
0.006689 0.48161
0.0033445 0.50502
0 0.50836
# triangles
59 64 93
6 7 47
5 95 96
96 97 98
64 92 93
64 91 92
64 90 91
49 50 51
5 48 95
5 6 48
6 47 48
59 93 94
59 94 95
59 60 64
1 2 4
26 27 28
28 29 31
35 36 37
33 34 35
96 98 99
4 5 99
5 96 99
64 66 90
66 89 90
73 85 89
73 74 85
37 39 40
37 38 39
49 51 52
31 43 44
31 42 43
31 41 42
31 35 41
37 40 41
35 37 41
58 59 95
48 58 95
61 63 64
60 61 64
61 62 63
2 3 4
29 30 31
23 24 31
24 28 31
24 25 26
24 26 28
31 32 35
32 33 35
0 1 102
1 4 102
100 101 102
4 99 100
4 100 102
66 68 89
64 65 66
85 88 89
74 75 82
74 82 83
74 83 85
83 84 85
44 45 46
7 46 47
7 8 46
8 44 46
48 55 58
10 11 13
10 13 14
11 12 13
9 10 14
9 31 44
8 9 44
72 73 89
68 72 89
66 67 68
86 87 88
85 86 88
75 79 80
80 81 82
75 80 82
75 76 79
76 77 78
76 78 79
48 49 54
48 54 55
49 52 54
52 53 54
14 15 19
15 16 19
19 20 31
16 17 19
9 19 31
9 14 19
22 23 31
20 22 31
20 21 22
55 56 58
56 57 58
17 18 19
70 71 72
68 69 72
69 70 72
