# points
0 0.50836
0 0.53177
0.0033445 0.55518
0.013378 0.5786
0.033445 0.59532
0.043478 0.61204
0.043478 0.63545
0.043478 0.65886
0.043478 0.68227
0.043478 0.70569
0.043478 0.7291
0.043478 0.75251
0.046823 0.77592
0.056856 0.79933
0.06689 0.82274
0.076923 0.84615
0.090301 0.86957
0.10702 0.89298
0.12709 0.91304
0.1505 0.92642
0.17391 0.94314
0.19732 0.95987
0.22074 0.96656
0.24415 0.97659
0.26756 0.98662
0.29097 0.99666
0.31438 1
0.33779 1
0.3612 0.99331
0.38462 0.98997
0.40803 0.97659
0.42475 0.95318
0.44816 0.95318
0.47157 0.94983
0.49498 0.9398
0.51839 0.91973
0.54181 0.90301
0.55518 0.8796
0.56856 0.85619
0.57525 0.83278
0.5786 0.80936
0.5786 0.78595
0.5786 0.76254
0.5786 0.73913
0.5786 0.71572
0.58194 0.69231
0.58194 0.6689
0.58194 0.64548
0.58194 0.62207
0.58194 0.59866
0.59197 0.58194
0.59197 0.55853
0.59197 0.53512
0.59197 0.51171
0.58863 0.48829
0.58528 0.46488
0.58194 0.44147
0.5786 0.41806
0.55518 0.39799
0.54181 0.37458
0.54181 0.35117
0.53846 0.32776
0.53177 0.30435
0.51839 0.28094
0.50167 0.25753
0.49833 0.23411
0.49498 0.2107
0.49164 0.18729
0.48495 0.16388
0.47826 0.14047
0.46823 0.11706
0.45485 0.093645
0.43144 0.076923
0.40803 0.060201
0.38462 0.046823
0.3612 0.026756
0.33779 0.013378
0.31438 0.0033445
0.29097 0
0.26756 0.010033
0.24415 0.020067
0.22074 0.0301
0.20067 0.053512
0.17726 0.073579
0.15385 0.09699
0.14716 0.1204
0.13712 0.14381
0.12375 0.16722
0.12709 0.19064
0.13043 0.21405
0.13043 0.23746
0.13043 0.26087
0.13043 0.28428
0.13043 0.30769
0.11706 0.3311
0.10702 0.35452
0.090301 0.37458
0.06689 0.38796
0.050167 0.40803
0.036789 0.43144
0.023411 0.45485
0.010033 0.47826
0.0033445 0.50167
0 0.50836
# triangles
59 64 93
2 3 4
5 49 95
35 36 37
29 30 31
59 93 94
59 94 95
37 38 39
37 39 40
17 18 19
16 17 19
4 100 102
4 99 100
4 5 99
6 7 47
0 1 102
1 2 4
1 4 102
44 45 46
7 46 47
8 44 46
7 8 46
5 48 49
5 6 48
6 47 48
49 50 51
49 51 52
58 59 95
49 58 95
26 27 28
28 29 31
31 32 35
96 98 99
5 95 96
5 96 99
68 69 72
59 63 64
59 60 63
77 78 79
76 77 79
74 85 89
83 84 85
68 73 89
73 74 89
68 72 73
64 92 93
64 91 92
96 97 98
10 13 14
9 10 14
9 14 19
9 19 31
9 31 44
8 9 44
14 15 19
15 16 19
19 20 31
100 101 102
31 43 44
31 42 43
31 41 42
31 35 41
37 40 41
35 37 41
56 57 58
55 56 58
23 24 31
24 28 31
24 25 26
24 26 28
33 34 35
32 33 35
70 71 72
69 70 72
52 53 54
49 52 54
49 54 58
54 55 58
82 83 85
74 82 85
75 76 79
86 88 89
85 86 89
86 87 88
64 65 91
65 90 91
66 68 89
66 89 90
65 66 90
11 12 13
10 11 13
22 23 31
20 22 31
20 21 22
60 61 63
61 62 63
74 80 82
74 75 80
75 79 80
80 81 82
66 67 68
