# points
0 0.50836
0 0.53177
0.0033445 0.55518
0.013378 0.5786
0.033445 0.59532
0.040134 0.61204
0.036789 0.63545
0.033445 0.65886
0.0301 0.68227
0.026756 0.70569
0.026756 0.7291
0.023411 0.75251
0.023411 0.77592
0.023411 0.79933
0.0301 0.82274
0.043478 0.84615
0.056856 0.86957
0.070234 0.89298
0.093645 0.91639
0.11706 0.92977
0.14047 0.94314
0.16388 0.94983
0.18729 0.95652
0.2107 0.96321
0.23411 0.97324
0.25753 0.98662
0.28094 0.99331
0.30435 1
0.32776 1
0.35117 1
0.37458 0.99331
0.39799 0.98328
0.41806 0.96321
0.43813 0.95318
0.46154 0.95318
0.48495 0.94314
0.50836 0.92642
0.53177 0.91304
0.55184 0.88963
0.56522 0.86622
0.57191 0.84281
0.5786 0.8194
0.5786 0.79599
0.5786 0.77258
0.5786 0.74916
0.5786 0.72575
0.5786 0.70234
0.58194 0.67893
0.58194 0.65552
0.58194 0.63211
0.58194 0.6087
0.59866 0.58863
0.6087 0.56522
0.61204 0.54181
0.61204 0.51839
0.61204 0.49498
0.60201 0.47157
0.59866 0.44816
0.58528 0.42475
0.56187 0.40468
0.54515 0.38127
0.54181 0.35786
0.54181 0.33445
0.53512 0.31104
0.52174 0.28763
0.50836 0.26421
0.49833 0.2408
0.49498 0.21739
0.49164 0.19398
0.48829 0.17057
0.48161 0.14716
0.47157 0.12375
0.46154 0.10033
0.43813 0.080268
0.41472 0.06689
0.3913 0.050167
0.36789 0.033445
0.34448 0.020067
0.32107 0.006689
0.29766 0
0.27425 0.006689
0.25084 0.016722
0.22742 0.026756
0.20736 0.046823
0.18395 0.06689
0.16054 0.090301
0.1505 0.11371
0.14047 0.13712
0.12375 0.16054
0.12709 0.18395
0.13043 0.20736
0.13043 0.23077
0.13043 0.25418
0.13043 0.27759
0.13043 0.301
0.12375 0.32441
0.11037 0.34783
0.09699 0.37124
0.073579 0.38462
0.053512 0.40134
0.040134 0.42475
0.0301 0.44816
0.013378 0.47157
0.0033445 0.49498
0 0.50836
# triangles
50 60 97
5 50 97
5 6 46
6 7 46
7 23 46
65 66 94
65 94 95
50 59 60
4 97 101
4 5 97
4 101 102
4 102 103
5 46 48
66 93 94
66 92 93
2 3 4
50 52 53
50 51 52
66 67 92
67 91 92
60 96 97
60 95 96
60 61 95
61 65 95
50 56 59
0 1 103
1 4 103
1 2 4
5 49 50
5 48 49
69 70 74
81 82 83
28 29 30
46 47 48
67 68 91
68 90 91
68 74 90
68 69 74
61 64 65
50 53 54
50 54 56
56 58 59
38 39 40
36 38 40
36 37 38
74 75 90
75 76 83
70 71 74
97 100 101
97 98 100
98 99 100
84 85 86
75 84 86
75 83 84
77 80 81
76 77 83
77 81 83
24 25 26
26 27 28
40 41 42
36 40 42
33 36 42
33 42 43
33 43 44
54 55 56
61 63 64
33 35 36
33 34 35
75 87 90
75 86 87
87 89 90
87 88 89
71 72 73
71 73 74
78 79 80
77 78 80
10 21 22
10 15 16
10 16 21
10 22 23
19 20 21
16 19 21
24 26 32
23 32 33
23 24 32
26 28 32
28 30 32
30 31 32
33 44 45
23 45 46
23 33 45
56 57 58
61 62 63
10 12 15
12 14 15
12 13 14
7 8 23
8 10 23
10 11 12
8 9 10
16 17 19
17 18 19
