# points
0.03937 0.51378
0.076772 0.51969
0.11417 0.51969
0.14961 0.51575
0.18701 0.50984
0.16339 0.52165
0.12795 0.5315
0.090551 0.54331
0.057087 0.55906
0.023622 0.58661
0.003937 0.62008
0 0.65551
0.0019685 0.69094
0.019685 0.72441
0.043307 0.75984
0.072835 0.78346
0.10433 0.80315
0.13976 0.81299
0.1752 0.81496
0.19685 0.83071
0.21654 0.86417
0.24213 0.89764
0.26772 0.92717
0.29528 0.95276
0.32874 0.98031
0.3622 0.99606
0.39961 1
0.4311 0.97835
0.44882 0.94488
0.45472 0.90945
0.45669 0.87402
0.45276 0.83661
0.44488 0.80118
0.43701 0.76575
0.4252 0.73425
0.41339 0.70276
0.39961 0.66929
0.38189 0.63189
0.36417 0.60236
0.34252 0.56693
0.32087 0.53543
0.32677 0.51969
0.3563 0.5315
0.38386 0.56496
0.40748 0.59843
0.4252 0.63189
0.44488 0.64961
0.4252 0.61614
0.40551 0.58465
0.38386 0.55118
0.35827 0.51772
0.34843 0.48425
0.37008 0.45472
0.3937 0.42717
0.41535 0.39764
0.43898 0.36614
0.45079 0.33465
0.42913 0.3622
0.40551 0.39567
0.38386 0.42717
0.35827 0.45669
0.32677 0.46654
0.33661 0.44291
0.3622 0.40945
0.37795 0.37992
0.39961 0.34449
0.41535 0.31299
0.4311 0.27953
0.44488 0.24213
0.45276 0.20669
0.4626 0.17126
0.46654 0.1378
0.4685 0.10039
0.4685 0.062992
0.45669 0.025591
0.42323 0.0019685
0.3878 0
0.35236 0.01378
0.31496 0.035433
0.2874 0.062992
0.25984 0.09252
0.23425 0.12598
0.21654 0.15551
0.20079 0.18898
0.17126 0.17126
0.13386 0.1752
0.10236 0.19291
0.070866 0.21457
0.037402 0.24409
0.021654 0.27756
0.0098425 0.31496
0.007874 0.34843
0.021654 0.38386
0.047244 0.41339
0.076772 0.43307
0.11024 0.44882
0.14764 0.4626
0.18307 0.47441
0.16535 0.48031
0.12992 0.47441
0.094488 0.4685
0.057087 0.47441
0.021654 0.49213
0.03937 0.51378
# triangles
73 75 76
73 74 75
25 26 27
71 72 78
25 27 28
72 77 78
72 73 77
73 76 77
6 15 17
90 91 92
2 3 99
23 29 30
71 78 79
70 71 79
70 79 80
68 81 82
83 84 85
83 96 97
83 86 87
83 85 86
11 12 13
8 11 13
8 9 11
9 10 11
87 88 89
87 89 94
15 16 17
38 44 48
44 47 48
7 8 13
6 7 15
7 13 15
0 101 102
90 92 93
89 93 94
89 90 93
2 99 100
6 17 18
5 6 18
5 18 38
18 19 36
5 38 39
69 70 80
68 69 81
69 80 81
66 67 83
67 68 82
67 82 83
64 65 83
65 66 83
22 31 32
23 30 31
22 23 31
19 34 35
19 35 36
45 46 47
23 24 29
24 25 28
24 28 29
83 95 96
87 94 95
83 87 95
3 98 99
3 5 98
0 1 101
1 2 100
1 100 101
63 83 97
63 64 83
41 51 61
18 37 38
18 36 37
37 45 47
39 43 49
43 48 49
19 20 34
20 33 34
13 14 15
42 49 50
41 50 51
41 42 50
62 63 97
61 62 97
4 5 39
4 39 40
4 97 98
4 40 41
4 61 97
4 41 61
53 54 58
53 58 59
55 56 57
54 55 57
54 57 58
21 32 33
20 21 33
21 22 32
51 60 61
52 59 63
52 53 59
51 52 60
