# points
0.072835 0.5374
0.03937 0.57087
0.0098425 0.6122
0 0.65157
0.021654 0.68504
0.064961 0.69882
0.10827 0.69882
0.15354 0.69685
0.19488 0.68701
0.23819 0.67323
0.27756 0.65748
0.32087 0.64173
0.3622 0.61024
0.40354 0.58465
0.44291 0.55709
0.47835 0.52362
0.49606 0.55709
0.48425 0.59843
0.45866 0.6378
0.4311 0.6752
0.40354 0.70276
0.43504 0.68307
0.4685 0.6437
0.49606 0.59843
0.52756 0.58858
0.53543 0.62992
0.54528 0.67323
0.56102 0.71457
0.5689 0.70472
0.54921 0.66142
0.5374 0.61811
0.5315 0.57677
0.54724 0.54331
0.5748 0.55709
0.60236 0.59055
0.62992 0.62402
0.66535 0.66142
0.69882 0.69094
0.73425 0.72047
0.77362 0.74606
0.81496 0.76181
0.85236 0.77953
0.89173 0.79528
0.93307 0.80118
0.97835 0.79921
1 0.75787
0.99213 0.71654
0.96457 0.67717
0.95079 0.64173
0.9311 0.60433
0.91339 0.56299
0.90551 0.51969
0.90551 0.47638
0.88189 0.43504
0.84252 0.40748
0.86811 0.37402
0.87008 0.34055
0.86417 0.30118
0.85433 0.26181
0.8248 0.23228
0.79134 0.20866
0.79331 0.16929
0.81496 0.12992
0.79134 0.13583
0.76969 0.1752
0.73622 0.16732
0.70669 0.13583
0.72638 0.09252
0.74409 0.049213
0.71654 0.066929
0.70079 0.10433
0.66929 0.13976
0.62598 0.15354
0.59055 0.18307
0.5748 0.22441
0.56102 0.26969
0.53937 0.27559
0.53937 0.23228
0.53346 0.19094
0.51772 0.14961
0.48031 0.12008
0.45276 0.084646
0.44882 0.041339
0.43701 0
0.42717 0.035433
0.43504 0.07874
0.41732 0.12008
0.37598 0.13189
0.35236 0.10236
0.34449 0.059055
0.33268 0.088583
0.33858 0.13386
0.29921 0.15354
0.27756 0.18701
0.24606 0.2126
0.22638 0.24803
0.21063 0.28937
0.22638 0.30315
0.22441 0.33858
0.18307 0.3563
0.15748 0.39567
0.13976 0.43898
0.12008 0.48031
0.090551 0.51772
0.072835 0.5374
# triangles
43 44 45
2 3 4
2 4 5
15 76 98
1 2 5
76 87 93
1 5 6
43 45 46
14 15 98
98 99 100
12 98 101
98 100 101
76 97 98
76 93 97
78 79 86
15 32 76
32 75 76
41 42 47
43 46 47
42 43 47
38 39 49
39 40 49
12 13 98
13 14 98
95 96 97
60 65 75
54 60 75
61 62 63
76 77 87
77 86 87
77 78 86
33 34 54
33 54 75
32 33 75
34 35 54
0 1 6
0 6 7
93 94 97
94 95 97
87 91 93
91 92 93
35 51 54
35 36 51
40 48 49
41 47 48
40 41 48
57 58 59
54 57 59
54 59 60
60 64 65
60 61 64
61 63 64
79 80 86
80 81 86
67 69 70
67 68 69
26 28 29
26 27 28
11 101 102
10 11 102
11 12 101
9 10 102
9 102 103
19 20 21
25 26 29
87 88 91
88 90 91
88 89 90
51 53 54
51 52 53
54 56 57
54 55 56
36 37 50
36 50 51
37 38 50
38 49 50
81 85 86
65 71 72
82 83 84
81 82 85
82 84 85
8 9 103
0 7 8
0 8 103
25 29 30
65 74 75
65 72 74
72 73 74
65 66 71
66 70 71
66 67 70
15 16 32
16 31 32
24 30 31
16 24 31
17 18 22
19 21 22
18 19 22
16 17 23
16 23 24
23 25 30
17 22 23
