# points
0.1107 0.38007
0.10332 0.4059
0.081181 0.43173
0.073801 0.46494
0.062731 0.49446
0.04797 0.52768
0.0369 0.55351
0.02214 0.58303
0.0073801 0.61255
0 0.64576
0.0073801 0.67897
0.02214 0.70111
0.04797 0.71587
0.081181 0.71587
0.1107 0.70849
0.14022 0.69742
0.17343 0.68635
0.19926 0.67159
0.23247 0.65683
0.26568 0.63469
0.2952 0.60886
0.32472 0.58303
0.34686 0.5572
0.37269 0.53506
0.39114 0.50923
0.41697 0.48339
0.43173 0.45756
0.46125 0.4428
0.45018 0.47601
0.42804 0.50554
0.40959 0.53875
0.38376 0.57196
0.35055 0.5941
0.37638 0.59779
0.40221 0.57196
0.42435 0.54244
0.43911 0.51292
0.46125 0.48339
0.4797 0.45756
0.50554 0.45387
0.53875 0.44649
0.56827 0.45387
0.59779 0.46494
0.62731 0.46863
0.65683 0.47601
0.68635 0.46494
0.67159 0.45756
0.63838 0.45756
0.60517 0.45756
0.57196 0.44649
0.53875 0.43911
0.50923 0.42066
0.53506 0.41697
0.56089 0.42435
0.59041 0.42804
0.62362 0.42804
0.65683 0.43173
0.68635 0.42804
0.71956 0.42804
0.75277 0.42435
0.78598 0.41697
0.81919 0.41328
0.8524 0.4059
0.88192 0.39852
0.91513 0.38007
0.94465 0.36531
0.97786 0.34317
0.99631 0.31734
1 0.28413
0.98155 0.25092
0.95572 0.22509
0.92989 0.21033
0.89668 0.19926
0.86347 0.18819
0.83395 0.17712
0.80443 0.16236
0.77491 0.1476
0.7417 0.14391
0.71587 0.13653
0.7048 0.10332
0.68266 0.077491
0.66421 0.051661
0.63838 0.02952
0.61255 0.01476
0.57934 0.00369
0.54613 0
0.51292 0.00369
0.4797 0.01476
0.45018 0.03321
0.42435 0.055351
0.4059 0.084871
0.39852 0.11808
0.40221 0.1476
0.39114 0.15867
0.37269 0.12915
0.34317 0.13284
0.34686 0.16605
0.32841 0.15867
0.30258 0.13284
0.26937 0.11808
0.23616 0.12177
0.20295 0.12915
0.17343 0.14391
0.14391 0.16974
0.11439 0.19926
0.10332 0.22878
0.092251 0.2583
0.092251 0.29151
0.088561 0.32472
0.095941 0.35424
0.1107 0.38007
# triangles
67 68 69
51 52 93
52 78 92
52 92 93
84 85 92
9 10 13
8 9 13
8 13 14
3 4 19
1 2 3
82 83 92
83 84 92
97 100 101
97 101 102
27 51 93
55 57 78
26 27 96
27 93 96
93 94 96
97 102 103
6 15 16
6 16 17
1 3 20
3 19 20
4 18 19
4 17 18
64 71 72
85 86 92
86 87 92
88 89 92
87 88 92
55 56 57
0 96 97
0 107 109
0 97 107
0 26 96
0 24 26
0 1 22
0 22 24
89 90 92
107 108 109
97 105 107
97 103 105
105 106 107
103 104 105
6 7 15
7 8 14
7 14 15
4 5 17
5 6 17
1 21 22
1 20 21
22 23 24
65 70 71
64 65 71
65 69 70
57 77 78
57 58 77
58 59 77
75 76 77
59 60 75
59 75 77
78 79 80
78 80 92
80 82 92
80 81 82
90 91 92
94 95 96
31 32 33
24 25 26
63 64 72
66 67 69
65 66 69
61 62 73
63 72 73
62 63 73
97 98 100
98 99 100
31 33 34
30 31 34
28 36 37
28 29 36
60 74 75
60 61 74
61 73 74
30 34 35
29 35 36
29 30 35
27 38 51
38 39 51
27 28 38
28 37 38
52 53 78
39 50 51
39 40 50
54 55 78
53 54 78
44 46 47
43 44 47
44 45 46
42 43 48
43 47 48
41 42 49
42 48 49
10 11 13
11 12 13
40 41 49
40 49 50
