# points
0 0.32852
0.018051 0.3574
0.046931 0.37906
0.079422 0.38989
0.11191 0.40072
0.1444 0.41155
0.1769 0.41516
0.20939 0.42238
0.24188 0.42238
0.27437 0.42238
0.30686 0.42238
0.33935 0.41516
0.37184 0.41155
0.40433 0.40794
0.43682 0.40433
0.46931 0.39711
0.48736 0.40794
0.45848 0.42238
0.42599 0.4296
0.3935 0.44043
0.36101 0.45126
0.32852 0.45126
0.31408 0.46209
0.34657 0.4657
0.37906 0.45848
0.41155 0.45126
0.44404 0.44043
0.47653 0.4296
0.50181 0.43682
0.5343 0.44404
0.55596 0.46931
0.57401 0.49458
0.59206 0.52347
0.61733 0.55235
0.64982 0.56318
0.63177 0.54513
0.60289 0.51625
0.58484 0.48736
0.56679 0.46209
0.54513 0.43682
0.55235 0.41877
0.57401 0.44404
0.59928 0.46931
0.62455 0.49458
0.65343 0.51986
0.68592 0.54513
0.7148 0.5704
0.74729 0.58845
0.77978 0.6065
0.81227 0.62455
0.84477 0.63538
0.87726 0.64621
0.90975 0.65343
0.94224 0.65343
0.97473 0.64621
1 0.61733
1 0.58484
1 0.55235
0.98556 0.51986
0.96751 0.48736
0.94585 0.45487
0.93141 0.42238
0.92058 0.38989
0.8917 0.3574
0.87365 0.33935
0.88809 0.30686
0.8917 0.27437
0.8917 0.24188
0.88448 0.20939
0.87365 0.1769
0.85199 0.1444
0.81949 0.11552
0.787 0.097473
0.75451 0.090253
0.72202 0.086643
0.68953 0.093863
0.65704 0.11191
0.63177 0.14079
0.61733 0.15162
0.61733 0.11913
0.6065 0.097473
0.58484 0.11913
0.5704 0.12635
0.5704 0.093863
0.56318 0.061372
0.54152 0.028881
0.50903 0.01083
0.47653 0.0036101
0.44404 0
0.41155 0
0.37906 0.0036101
0.34657 0.021661
0.3213 0.043321
0.29242 0.075812
0.27437 0.1083
0.26715 0.14079
0.24549 0.15162
0.213 0.15523
0.18412 0.1769
0.15162 0.19495
0.11913 0.213
0.086643 0.22744
0.054152 0.24188
0.025271 0.25993
0.0036101 0.28881
0 0.3213
0 0.32852
# triangles
0 1 105
1 104 105
52 53 56
54 55 56
53 54 56
15 78 82
70 71 77
2 3 102
3 101 102
31 36 37
64 77 78
15 40 78
40 64 78
15 82 95
14 15 95
11 12 95
11 95 96
89 90 91
82 88 89
71 73 77
1 2 103
2 102 103
1 103 104
3 4 101
9 96 98
6 7 99
4 5 100
4 100 101
5 6 100
6 99 100
84 85 86
82 87 88
83 84 86
82 83 87
83 86 87
73 74 75
75 76 77
73 75 77
32 33 36
31 32 36
12 13 95
13 14 95
8 9 98
7 8 99
8 98 99
9 10 96
10 11 96
20 23 24
64 66 77
49 50 60
41 42 64
40 41 64
15 16 40
16 28 40
16 27 28
28 29 40
33 35 36
44 45 64
82 93 95
71 72 73
19 24 25
19 20 24
17 26 27
16 17 27
17 18 26
18 25 26
18 19 25
21 22 23
20 21 23
64 65 66
50 51 59
50 59 60
30 31 38
31 37 38
29 39 40
29 30 39
30 38 39
33 34 35
42 43 64
43 44 64
82 92 93
82 89 92
89 91 92
96 97 98
78 81 82
78 79 81
79 80 81
68 69 70
68 70 77
66 68 77
66 67 68
51 58 59
51 52 58
52 56 58
56 57 58
48 49 60
48 60 61
47 48 61
93 94 95
47 61 63
46 47 63
61 62 63
45 63 64
45 46 63
