# points
0 0.5
0.0096154 0.54327
0.028846 0.58654
0.057692 0.625
0.098558 0.65144
0.081731 0.69471
0.076923 0.73798
0.076923 0.78125
0.079327 0.82452
0.084135 0.86779
0.091346 0.91106
0.10817 0.95433
0.14183 0.99279
0.1851 1
0.22837 0.98317
0.26683 0.95192
0.30048 0.91346
0.32933 0.8726
0.35096 0.82933
0.37019 0.78606
0.38702 0.74279
0.39904 0.69952
0.41106 0.65625
0.41827 0.61298
0.42548 0.56971
0.43269 0.52644
0.4351 0.48317
0.46635 0.49279
0.47115 0.52885
0.47115 0.57212
0.46394 0.61538
0.45913 0.65865
0.45192 0.70192
0.46875 0.67067
0.47356 0.6274
0.47837 0.58413
0.48077 0.54087
0.48317 0.4976
0.5024 0.46875
0.54567 0.46154
0.58894 0.45192
0.63221 0.44231
0.67548 0.43029
0.71394 0.41346
0.67308 0.42067
0.62981 0.43269
0.58654 0.44231
0.54327 0.45192
0.5024 0.44952
0.49519 0.42788
0.53846 0.42067
0.58173 0.40625
0.625 0.39183
0.66827 0.3774
0.71154 0.35817
0.75481 0.33413
0.79808 0.30769
0.84135 0.27885
0.88221 0.24519
0.92067 0.20433
0.94712 0.16587
0.96154 0.1226
0.94952 0.079327
0.91106 0.043269
0.86779 0.03125
0.82452 0.026442
0.78125 0.026442
0.73798 0.033654
0.69471 0.040865
0.65144 0.052885
0.61058 0.074519
0.58654 0.050481
0.54808 0.016827
0.50481 0.0048077
0.46154 0
0.41827 0
0.375 0.012019
0.33173 0.033654
0.29567 0.069712
0.27644 0.11298
0.27644 0.15625
0.28365 0.19952
0.30288 0.24279
0.32692 0.28606
0.35337 0.32933
0.32933 0.31971
0.29327 0.27644
0.2524 0.24279
0.20913 0.22115
0.18269 0.23798
0.21154 0.28125
0.25 0.3149
0.29327 0.34375
0.33654 0.3726
0.30529 0.36298
0.26202 0.34375
0.21875 0.32452
0.17548 0.3149
0.13221 0.3101
0.088942 0.31971
0.048077 0.34615
0.016827 0.38702
0.0048077 0.43029
0 0.47356
0 0.5
# triangles
11 12 13
60 61 62
4 22 23
4 23 24
2 3 4
59 60 64
8 9 16
0 1 103
31 32 33
31 33 34
30 31 34
30 34 35
60 62 63
60 63 64
4 21 22
4 20 21
4 19 20
6 18 19
6 7 18
8 16 17
7 8 17
7 17 18
9 10 15
9 15 16
1 2 95
2 4 95
40 45 46
40 41 45
41 42 45
56 69 70
4 5 19
5 6 19
10 11 14
10 14 15
11 13 14
29 30 35
4 24 94
4 94 95
97 102 103
1 96 103
1 95 96
96 97 103
51 52 70
39 40 46
42 44 45
42 43 44
58 59 65
59 64 65
57 58 67
56 57 67
56 68 69
56 67 68
53 54 70
52 53 70
54 55 70
55 56 70
71 73 74
71 72 73
29 35 36
28 29 36
97 100 102
71 74 82
75 76 82
74 75 82
38 39 47
39 46 47
58 66 67
58 65 66
100 101 102
77 78 80
76 77 80
70 71 83
71 82 83
26 49 93
25 26 93
24 25 94
25 93 94
97 98 100
98 99 100
78 79 80
27 37 38
27 28 37
28 36 37
38 47 48
27 38 48
26 27 48
26 48 49
49 84 93
49 50 84
50 51 84
51 70 84
70 83 84
88 89 90
87 88 90
76 81 82
76 80 81
87 90 91
84 85 93
85 92 94
86 87 91
86 91 92
85 86 92
