# points
0.13149 0.43253
0.093426 0.43945
0.058824 0.44983
0.027682 0.47405
0.010381 0.50865
0 0.54325
0 0.58131
0.010381 0.61938
0.027682 0.65744
0.044983 0.69204
0.069204 0.71972
0.10035 0.73702
0.13841 0.75433
0.17647 0.75087
0.20761 0.75087
0.21799 0.78893
0.2526 0.82699
0.27682 0.84775
0.3045 0.87197
0.33218 0.89965
0.34948 0.92388
0.37024 0.95502
0.40138 0.9827
0.43253 1
0.47059 0.9827
0.48443 0.94464
0.49135 0.91349
0.49481 0.87543
0.49135 0.83737
0.49135 0.79931
0.48443 0.76125
0.47751 0.72664
0.47059 0.6955
0.46367 0.66436
0.45329 0.6263
0.44291 0.58824
0.42907 0.55709
0.41176 0.51903
0.391 0.48789
0.42561 0.48443
0.46021 0.51557
0.48789 0.53979
0.51557 0.57093
0.53633 0.60208
0.53287 0.56747
0.50173 0.53979
0.47751 0.51211
0.45329 0.49135
0.43599 0.46367
0.47405 0.45329
0.50865 0.44291
0.54325 0.43599
0.58131 0.42907
0.58478 0.4083
0.54671 0.41869
0.50865 0.42907
0.47059 0.43945
0.43599 0.44637
0.40138 0.42907
0.43253 0.41176
0.47059 0.38754
0.50173 0.36332
0.52941 0.3391
0.56401 0.30796
0.5917 0.27682
0.61592 0.2526
0.6436 0.22491
0.66436 0.18685
0.68858 0.15225
0.70934 0.11419
0.72318 0.079585
0.7301 0.041522
0.71626 0.0069204
0.6782 0
0.64014 0.0069204
0.60554 0.020761
0.57439 0.038062
0.53979 0.048443
0.50173 0.051903
0.46367 0.055363
0.42907 0.069204
0.39446 0.083045
0.36678 0.093426
0.33218 0.062284
0.30104 0.055363
0.26644 0.048443
0.22837 0.062284
0.19723 0.076125
0.16609 0.10035
0.13495 0.13149
0.11073 0.16955
0.096886 0.20415
0.096886 0.23875
0.10727 0.2699
0.12803 0.29758
0.15571 0.32526
0.18685 0.34948
0.17301 0.36332
0.13495 0.36332
0.12457 0.391
0.15917 0.41176
0.16609 0.42907
0.13149 0.43253
# triangles
71 72 73
82 88 96
0 7 8
14 38 101
13 14 101
0 8 101
8 13 101
14 37 38
59 82 96
21 25 26
41 45 46
42 43 44
42 44 45
41 42 45
14 34 35
14 36 37
14 35 36
58 59 96
58 96 101
38 58 101
38 48 58
14 33 34
14 32 33
21 22 25
22 23 24
22 24 25
65 77 78
67 76 77
96 97 101
88 95 96
40 41 46
59 60 82
62 81 82
64 65 78
64 78 80
18 19 29
14 16 32
82 87 88
70 71 73
65 66 77
66 67 77
67 68 76
68 75 76
68 69 75
1 6 7
0 1 7
1 5 6
1 4 5
97 100 101
98 99 100
97 98 100
89 94 95
89 90 94
88 89 95
90 91 92
38 39 48
61 62 82
60 61 82
62 63 81
63 80 81
63 64 80
40 46 47
39 47 48
37 40 47
48 49 57
48 57 58
18 29 30
20 26 27
20 21 26
19 28 29
20 27 28
19 20 28
14 15 16
78 79 80
69 74 75
69 70 74
70 73 74
1 2 4
52 53 54
51 52 54
50 51 55
51 54 55
49 56 57
49 50 56
50 55 56
17 18 30
8 11 13
90 92 93
90 93 94
2 3 4
17 30 31
16 31 32
16 17 31
11 12 13
8 9 11
9 10 11
82 86 87
84 85 86
82 83 84
82 84 86
