# points
0.033133 0.47289
0.060241 0.50904
0.075301 0.54518
0.11446 0.56627
0.12651 0.59337
0.10843 0.63554
0.10542 0.67771
0.099398 0.70783
0.11747 0.74398
0.11747 0.78313
0.13253 0.81928
0.13253 0.85843
0.15361 0.87952
0.17771 0.89759
0.21687 0.92169
0.25602 0.91867
0.29819 0.89157
0.32831 0.86145
0.35241 0.8253
0.37349 0.78916
0.39759 0.75301
0.41265 0.71687
0.43072 0.67771
0.4488 0.64458
0.45783 0.60241
0.4759 0.56627
0.49398 0.55422
0.5 0.59036
0.48795 0.63253
0.49398 0.67169
0.49096 0.70783
0.49398 0.75
0.52108 0.77108
0.50602 0.73494
0.49699 0.6988
0.49699 0.65663
0.50301 0.61747
0.50904 0.58133
0.53313 0.57831
0.56024 0.54819
0.60241 0.56928
0.64157 0.59639
0.68072 0.62349
0.70482 0.65663
0.73193 0.65361
0.70181 0.62651
0.66566 0.59639
0.62952 0.57229
0.59036 0.5512
0.55422 0.53313
0.56024 0.51205
0.5994 0.52711
0.64157 0.53313
0.67771 0.54217
0.71687 0.54819
0.75904 0.55723
0.8012 0.56325
0.84337 0.56928
0.88554 0.57229
0.92771 0.56024
0.96687 0.54518
0.99398 0.51506
0.99699 0.47892
1 0.43976
1 0.40663
0.97289 0.37952
0.9488 0.3494
0.9247 0.31627
0.90964 0.28012
0.86747 0.25602
0.82831 0.24096
0.78916 0.24398
0.78614 0.21084
0.77711 0.18072
0.76807 0.13855
0.74398 0.11145
0.71988 0.078313
0.68976 0.045181
0.6747 0.012048
0.63253 0.024096
0.59337 0.021084
0.55723 0
0.51807 0.01506
0.48494 0.03012
0.44277 0.033133
0.43072 0.072289
0.43373 0.11446
0.42169 0.1506
0.39157 0.18675
0.37048 0.21386
0.34337 0.23193
0.31928 0.23193
0.28313 0.22289
0.24096 0.2259
0.20181 0.21386
0.17169 0.18373
0.13554 0.1988
0.10843 0.22289
0.081325 0.25
0.066265 0.28012
0.036145 0.31325
0.012048 0.3494
0 0.37651
0.024096 0.40964
0.036145 0.4488
0.033133 0.47289
# triangles
3 4 24
13 14 15
63 64 65
4 22 24
3 25 91
3 24 25
25 26 90
25 90 91
50 88 89
26 50 90
50 89 90
60 61 62
62 63 65
13 15 16
4 21 22
99 103 104
101 102 103
93 99 104
3 91 93
91 92 93
50 87 88
50 71 87
83 84 85
52 53 71
10 11 12
10 12 13
10 13 16
0 1 104
1 2 3
1 3 93
1 93 104
4 6 21
6 20 21
80 81 82
80 82 83
100 101 103
99 100 103
94 96 97
94 95 96
94 97 98
94 98 99
93 94 99
83 85 86
80 83 86
80 86 87
50 51 71
51 52 71
4 5 6
55 67 71
55 56 67
43 44 45
59 60 62
59 62 65
58 59 65
57 58 65
71 73 87
67 69 71
69 70 71
67 68 69
76 80 87
10 16 17
10 17 18
8 9 10
8 10 18
6 7 8
6 8 20
53 54 71
54 55 71
22 23 24
29 34 35
29 30 34
23 29 35
42 45 46
42 43 45
41 42 46
56 66 67
56 57 66
57 65 66
71 72 73
76 79 80
73 74 75
73 75 87
75 76 87
40 41 47
40 47 52
41 46 47
26 49 50
8 19 20
8 18 19
28 35 36
24 28 36
30 33 34
30 31 33
31 32 33
77 78 79
76 77 79
25 27 37
27 36 37
26 38 49
26 37 38
39 48 49
38 39 49
39 40 48
