# points
0.21818 0.2303
0.20606 0.26061
0.2 0.29091
0.2 0.32121
0.19394 0.35152
0.16364 0.35152
0.13333 0.35152
0.10303 0.36364
0.072727 0.39394
0.042424 0.42424
0.024242 0.45455
0 0.47879
0 0.50303
0.030303 0.49091
0.060606 0.47273
0.090909 0.44242
0.10909 0.41818
0.13939 0.4
0.1697 0.39394
0.2 0.4
0.2303 0.41212
0.26061 0.4303
0.29091 0.44242
0.32121 0.44848
0.35152 0.44848
0.38182 0.44242
0.41212 0.4303
0.44242 0.41212
0.47273 0.40606
0.50303 0.4
0.53333 0.40606
0.56364 0.40606
0.59394 0.41212
0.62424 0.41818
0.65455 0.41818
0.68485 0.41818
0.71515 0.44242
0.73939 0.47273
0.75758 0.50303
0.78182 0.52727
0.80606 0.54545
0.83636 0.55152
0.86667 0.55152
0.89697 0.54545
0.92727 0.52727
0.95758 0.50303
0.9697 0.47879
0.9697 0.44848
0.98788 0.42424
1 0.4
0.99394 0.3697
0.98182 0.33939
0.95152 0.33333
0.92121 0.33939
0.89091 0.35152
0.86667 0.33333
0.85455 0.30303
0.86061 0.27273
0.87273 0.24242
0.87273 0.21212
0.87273 0.18182
0.86061 0.15152
0.86061 0.12121
0.87273 0.090909
0.89091 0.072727
0.92121 0.066667
0.94545 0.042424
0.93939 0.018182
0.90909 0.0060606
0.87879 0.012121
0.84848 0.012121
0.81818 0.018182
0.79394 0.012121
0.7697 0
0.73939 0
0.72727 0.024242
0.72727 0.054545
0.71515 0.084848
0.69697 0.11515
0.68485 0.14545
0.65455 0.16364
0.62424 0.1697
0.59394 0.1697
0.56364 0.1697
0.53333 0.17576
0.50303 0.18182
0.47273 0.2
0.44242 0.21212
0.4303 0.18182
0.41212 0.15152
0.41818 0.12121
0.44242 0.09697
0.47273 0.078788
0.47879 0.048485
0.45455 0.042424
0.42424 0.042424
0.4 0.054545
0.37576 0.078788
0.36364 0.10303
0.33939 0.13333
0.31515 0.11515
0.30303 0.084848
0.30303 0.054545
0.30303 0.024242
0.27879 0.012121
0.25455 0.018182
0.23636 0.048485
0.23636 0.078788
0.24242 0.10909
0.24848 0.13939
0.24242 0.1697
0.2303 0.2
0.21818 0.2303
0.21818 0.2303
# triangles
47 48 53
48 49 50
48 50 53
50 52 53
50 51 52
45 46 47
44 45 47
42 43 44
65 66 67
62 63 71
63 70 71
63 64 70
64 69 70
39 40 41
36 37 55
35 36 56
36 55 56
37 54 55
41 42 54
39 41 54
42 44 54
44 47 54
47 53 54
57 58 59
61 62 77
61 77 78
91 95 96
91 92 94
91 94 95
9 10 14
65 67 68
31 32 82
56 57 80
35 56 80
37 38 54
38 39 54
59 60 61
73 74 75
62 71 76
62 76 77
73 75 76
92 93 94
7 8 16
88 89 99
10 11 13
10 13 14
11 12 13
9 14 15
8 9 15
8 15 16
34 35 80
57 59 79
57 79 80
61 78 79
59 61 79
72 73 76
71 72 76
4 19 20
101 107 108
89 98 99
33 34 81
34 80 81
32 33 81
32 81 82
26 27 87
0 1 87
25 26 87
87 88 99
27 28 87
28 29 87
3 4 20
3 20 21
3 21 22
3 22 23
3 23 24
3 24 25
3 25 87
4 18 19
100 101 108
99 100 110
99 110 111
87 99 111
0 87 111
89 90 98
90 97 98
30 31 84
4 5 18
1 2 87
2 3 87
7 16 17
6 7 17
5 6 17
5 17 18
100 109 110
100 108 109
102 106 107
101 102 107
102 105 106
102 104 105
102 103 104
29 86 87
29 30 86
30 84 86
31 82 83
31 83 84
84 85 86
64 68 69
64 65 68
90 96 97
90 91 96
