# points
0.12602 0.36585
0.14228 0.39837
0.13008 0.43089
0.11382 0.46341
0.10569 0.5
0.11789 0.53252
0.14634 0.5122
0.18293 0.49187
0.21545 0.46341
0.25203 0.47154
0.28862 0.47561
0.3252 0.47967
0.36179 0.48374
0.39837 0.48374
0.43496 0.4878
0.47154 0.5
0.50813 0.50813
0.54472 0.52846
0.5813 0.55285
0.61789 0.56911
0.64228 0.59756
0.65854 0.63415
0.6748 0.67073
0.71138 0.69919
0.73984 0.72764
0.77642 0.7439
0.81301 0.73984
0.84959 0.73171
0.88618 0.71545
0.91463 0.68293
0.94309 0.65447
0.97967 0.63415
1 0.60569
0.98374 0.56911
0.95122 0.55285
0.91463 0.54878
0.87805 0.55285
0.84146 0.53252
0.8374 0.49593
0.82927 0.46341
0.8252 0.42683
0.81301 0.39024
0.80488 0.35366
0.80488 0.31707
0.82927 0.29268
0.8252 0.2561
0.81707 0.21951
0.80488 0.18293
0.77642 0.15041
0.7561 0.1748
0.73984 0.19919
0.7439 0.1626
0.7561 0.12602
0.76016 0.089431
0.76423 0.052846
0.79268 0.020325
0.78049 0
0.7439 0.01626
0.72358 0.036585
0.69919 0.073171
0.67886 0.10569
0.6626 0.13821
0.64634 0.16667
0.63821 0.19919
0.60976 0.21545
0.57317 0.21545
0.54472 0.22358
0.52033 0.21951
0.48374 0.21951
0.44715 0.21545
0.41057 0.21545
0.37398 0.21138
0.35772 0.1748
0.32927 0.15041
0.29675 0.11789
0.26829 0.085366
0.26829 0.04878
0.29268 0.02439
0.26016 0.012195
0.23171 0.036585
0.19512 0.060976
0.19106 0.097561
0.21545 0.13415
0.19106 0.13008
0.16667 0.10163
0.13008 0.085366
0.093496 0.065041
0.056911 0.04878
0.04065 0.012195
0.0081301 0.0081301
0 0.04065
0.004065 0.077236
0.036585 0.097561
0.060976 0.12602
0.065041 0.15854
0.065041 0.18293
0.077236 0.21951
0.081301 0.2561
0.10569 0.27642
0.089431 0.30488
0.10163 0.3374
0.12602 0.36585
# triangles
71 82 98
30 31 34
30 34 35
0 71 98
4 5 6
3 4 6
12 70 71
43 50 63
42 43 64
43 63 64
88 89 90
31 32 33
31 33 34
96 97 98
9 10 71
98 99 100
0 98 100
71 73 82
73 74 82
74 75 82
2 3 7
3 6 7
10 11 71
11 12 71
52 59 60
75 79 80
30 35 36
29 30 36
0 1 71
1 9 71
71 72 73
75 76 79
76 77 78
76 78 79
23 26 37
21 23 37
17 42 64
14 15 68
50 62 63
50 61 62
50 51 61
51 60 61
51 52 60
53 58 59
52 53 59
75 81 82
75 80 81
2 7 8
1 2 8
1 8 9
27 36 37
26 27 37
27 28 29
27 29 36
20 21 37
20 37 38
21 22 23
19 40 41
17 41 42
19 39 40
19 20 39
20 38 39
15 67 68
15 66 67
15 16 66
16 17 64
16 64 66
12 13 70
14 68 69
13 69 70
13 14 69
54 57 58
53 54 58
47 49 50
83 95 96
82 83 98
83 96 98
83 94 95
23 24 26
24 25 26
18 19 41
17 18 41
64 65 66
47 48 49
46 47 50
55 56 57
54 55 57
87 90 91
87 88 90
43 45 50
45 46 50
43 44 45
83 84 94
84 85 94
85 93 94
85 86 93
86 87 92
86 92 93
87 91 92
