# points
0.188 0.36
0.18 0.396
0.168 0.432
0.168 0.468
0.16 0.5
0.144 0.536
0.108 0.54
0.072 0.544
0.036 0.548
0.008 0.572
0 0.608
0.032 0.632
0.068 0.652
0.096 0.684
0.124 0.712
0.16 0.724
0.196 0.732
0.232 0.728
0.264 0.704
0.296 0.68
0.324 0.648
0.336 0.612
0.356 0.576
0.388 0.56
0.424 0.536
0.46 0.512
0.496 0.496
0.532 0.488
0.568 0.48
0.604 0.476
0.64 0.476
0.676 0.468
0.712 0.468
0.748 0.464
0.78 0.468
0.816 0.492
0.844 0.516
0.88 0.52
0.916 0.52
0.948 0.496
0.976 0.46
0.992 0.424
1 0.388
0.996 0.352
1 0.316
0.964 0.328
0.952 0.36
0.92 0.38
0.908 0.408
0.876 0.42
0.848 0.408
0.848 0.376
0.872 0.344
0.9 0.312
0.888 0.284
0.9 0.26
0.904 0.228
0.916 0.192
0.924 0.164
0.924 0.136
0.936 0.1
0.968 0.084
0.984 0.052
0.984 0.016
0.952 0.008
0.936 0.036
0.904 0.06
0.868 0.076
0.832 0.088
0.804 0.12
0.772 0.144
0.784 0.108
0.8 0.072
0.768 0.048
0.74 0.016
0.708 0.016
0.708 0.044
0.724 0.072
0.7 0.108
0.672 0.136
0.64 0.164
0.624 0.196
0.592 0.212
0.556 0.212
0.52 0.22
0.484 0.212
0.456 0.212
0.432 0.208
0.396 0.216
0.36 0.208
0.348 0.176
0.34 0.144
0.32 0.116
0.308 0.08
0.28 0.048
0.264 0.016
0.228 0
0.204 0.008
0.224 0.04
0.236 0.076
0.24 0.112
0.248 0.148
0.256 0.184
0.244 0.184
0.232 0.148
0.2 0.168
0.184 0.204
0.176 0.24
0.164 0.276
0.18 0.308
0.196 0.336
0.188 0.36
# triangles
5 19 21
42 43 46
43 44 45
43 45 46
51 54 70
5 12 13
8 9 11
9 10 11
26 84 85
5 18 19
16 17 18
19 20 21
41 42 46
5 13 15
13 14 15
5 15 18
15 16 18
26 27 84
27 28 84
28 83 84
32 33 51
51 52 54
33 34 51
40 41 48
51 70 81
32 51 81
7 8 11
7 11 12
91 92 101
93 99 100
92 100 101
92 93 100
96 97 98
103 104 105
103 105 106
54 56 70
54 55 56
52 53 54
41 46 47
41 47 48
39 40 48
4 5 21
4 21 22
1 23 24
0 1 24
1 22 23
91 101 102
90 91 102
89 90 102
93 94 99
94 98 99
26 85 86
70 80 81
5 6 12
6 7 12
3 4 22
1 3 22
1 2 3
25 26 88
26 86 88
86 87 88
103 106 107
102 103 107
102 107 109
89 102 110
102 109 110
88 89 110
25 88 110
24 25 110
0 24 110
95 96 98
94 95 98
29 30 82
29 82 83
28 29 83
30 31 82
31 81 82
31 32 81
37 38 49
36 37 49
35 36 49
38 39 49
39 48 49
73 74 77
71 73 77
71 72 73
59 60 67
59 67 68
60 66 67
70 79 80
107 108 109
34 50 51
34 35 50
35 49 50
74 76 77
74 75 76
56 57 69
56 69 70
57 58 69
58 59 69
59 68 69
62 63 65
63 64 65
61 62 65
60 61 65
60 65 66
70 78 79
70 71 78
71 77 78
