# points
0.2214 0.25461
0.20664 0.28413
0.18819 0.30996
0.16974 0.30258
0.15129 0.31734
0.13653 0.33948
0.14391 0.36162
0.12915 0.39114
0.1107 0.42066
0.077491 0.43173
0.04797 0.4428
0.01476 0.46125
0 0.49446
0.01845 0.5203
0.051661 0.53137
0.084871 0.54244
0.11808 0.5572
0.15129 0.56827
0.1845 0.56827
0.21771 0.5572
0.25092 0.53506
0.28044 0.50923
0.30996 0.48708
0.33948 0.45756
0.37269 0.44649
0.4059 0.43911
0.43911 0.43542
0.47232 0.43911
0.50554 0.4428
0.53875 0.4428
0.57196 0.4428
0.60517 0.44649
0.63838 0.45018
0.67159 0.45018
0.7048 0.4428
0.73801 0.43173
0.77122 0.42435
0.80443 0.42435
0.83764 0.42435
0.87085 0.42066
0.90406 0.4059
0.93727 0.38745
0.97048 0.37269
0.99631 0.34686
1 0.31365
0.97786 0.28413
0.95203 0.26568
0.91882 0.26937
0.88561 0.28413
0.86716 0.31365
0.84502 0.3321
0.82657 0.35424
0.79336 0.36531
0.80074 0.3321
0.80074 0.29889
0.80074 0.26568
0.80443 0.23247
0.81181 0.20295
0.81919 0.17343
0.81919 0.14022
0.82657 0.10701
0.82657 0.073801
0.81181 0.04059
0.79705 0.01476
0.76753 0.01845
0.76015 0.051661
0.7786 0.073801
0.77122 0.10701
0.75646 0.14022
0.72694 0.16974
0.70111 0.16974
0.69742 0.13653
0.67897 0.11808
0.6679 0.084871
0.64945 0.051661
0.62731 0.02583
0.5941 0.04059
0.58672 0.062731
0.61993 0.092251
0.62362 0.12546
0.61255 0.15867
0.5941 0.19188
0.57565 0.21771
0.54613 0.21033
0.51661 0.20295
0.49077 0.20295
0.45756 0.19557
0.42435 0.19557
0.39483 0.1845
0.37638 0.17343
0.35793 0.15129
0.35793 0.11808
0.34686 0.084871
0.34317 0.051661
0.31734 0.02952
0.29889 0.00369
0.26568 0
0.23247 0.01107
0.20295 0.02952
0.21771 0.062731
0.22509 0.095941
0.23247 0.12915
0.23247 0.16236
0.23616 0.19557
0.22878 0.22509
0.21771 0.25092
0.2214 0.25461
# triangles
11 12 13
97 98 99
96 97 99
43 44 45
42 43 45
11 13 14
8 16 17
8 15 16
8 17 18
1 2 23
7 8 20
2 22 23
2 6 22
55 69 70
8 9 15
9 14 15
2 4 6
4 5 6
1 23 24
6 7 21
6 21 22
7 20 21
55 56 69
60 61 66
60 66 67
61 62 66
40 41 49
42 45 47
41 42 47
34 52 53
37 51 52
39 40 51
38 39 51
37 38 51
34 35 52
8 19 20
8 18 19
10 11 14
9 10 14
24 25 88
0 1 24
0 24 88
26 27 85
27 28 85
2 3 4
76 77 78
73 74 78
74 75 76
74 76 78
56 57 69
57 68 69
57 58 68
62 65 66
58 59 68
59 67 68
59 60 67
41 48 49
41 47 48
45 46 47
34 53 54
54 55 70
40 49 50
40 50 51
36 37 52
35 36 52
25 26 87
25 87 88
28 29 83
28 83 85
90 102 103
0 88 89
0 89 104
89 103 104
89 90 103
90 101 102
0 104 105
94 99 100
94 96 99
94 95 96
70 80 81
62 63 64
62 64 65
26 85 86
26 86 87
29 30 82
29 82 83
30 31 82
31 32 82
32 33 82
33 34 82
34 54 82
70 81 82
54 70 82
83 84 85
73 78 79
90 91 101
70 72 80
72 79 80
72 73 79
92 100 101
91 92 101
92 93 94
92 94 100
70 71 72
