# points
0.22917 0.36806
0.20139 0.40972
0.18056 0.44444
0.14583 0.45833
0.10417 0.46528
0.0625 0.45833
0.020833 0.47222
0.0069444 0.51389
0 0.55556
0.034722 0.57639
0.076389 0.59722
0.11111 0.625
0.14583 0.65278
0.1875 0.65972
0.22917 0.63889
0.27083 0.61806
0.3125 0.59028
0.35417 0.5625
0.38889 0.54861
0.43056 0.54167
0.47222 0.54167
0.51389 0.54167
0.55556 0.54861
0.59722 0.55556
0.63889 0.5625
0.68056 0.56944
0.72222 0.56944
0.76389 0.56944
0.80556 0.5625
0.84722 0.54167
0.88194 0.57639
0.90278 0.61806
0.90278 0.65972
0.89583 0.70139
0.90278 0.74306
0.90278 0.78472
0.9375 0.80556
0.97222 0.79861
0.99306 0.76389
0.99306 0.72222
1 0.68056
0.99306 0.63889
0.98611 0.59722
0.96528 0.55556
0.9375 0.51389
0.90278 0.48611
0.89583 0.44444
0.90972 0.40278
0.90972 0.36111
0.90278 0.31944
0.89583 0.27778
0.90278 0.23611
0.93056 0.19444
0.95139 0.15278
0.94444 0.11111
0.92361 0.069444
0.90278 0.034722
0.86806 0
0.82639 0.0069444
0.79167 0.0069444
0.82639 0.048611
0.86111 0.083333
0.875 0.11806
0.84722 0.15972
0.8125 0.20139
0.78472 0.23611
0.78472 0.19444
0.79861 0.15278
0.79861 0.11111
0.75694 0.076389
0.72917 0.048611
0.6875 0.041667
0.64583 0.034722
0.64583 0.055556
0.68056 0.090278
0.71528 0.13194
0.70139 0.17361
0.68056 0.21528
0.65972 0.25694
0.65278 0.29861
0.61806 0.30556
0.57639 0.28472
0.53472 0.26389
0.49306 0.26389
0.45139 0.25
0.42361 0.20833
0.39583 0.17361
0.375 0.13194
0.34028 0.090278
0.29861 0.048611
0.26389 0.0069444
0.22222 0
0.18056 0.013889
0.13889 0.027778
0.11111 0.0625
0.14583 0.090278
0.1875 0.097222
0.20833 0.13889
0.22917 0.18056
0.25 0.22222
0.26389 0.26389
0.25 0.30556
0.23611 0.34722
0.22917 0.36806
# triangles
4 9 10
34 37 38
34 38 39
11 12 14
12 13 14
92 93 95
93 94 95
7 8 9
3 10 11
3 4 10
3 11 14
2 3 14
2 14 15
2 15 16
1 2 17
2 16 17
0 17 18
0 1 17
55 61 62
87 98 99
87 88 98
4 5 9
5 7 9
5 6 7
34 36 37
34 35 36
21 22 80
71 72 73
71 73 74
70 71 74
86 87 99
86 99 100
85 86 100
55 56 61
56 57 60
56 60 61
69 70 74
57 58 60
58 59 60
52 53 62
53 54 62
54 55 62
51 52 63
52 62 63
92 95 96
91 92 96
90 91 96
89 90 96
0 18 102
18 19 102
68 69 75
69 74 75
33 39 40
33 34 39
19 84 102
84 85 100
65 66 76
66 75 76
89 96 97
88 89 97
88 97 98
84 100 101
84 101 102
65 76 77
65 77 78
21 80 81
31 42 43
31 41 42
81 82 83
19 20 83
19 83 84
20 21 83
21 81 83
67 68 75
66 67 75
51 63 64
50 51 64
50 64 65
28 29 46
65 78 79
48 65 79
46 48 79
22 23 80
31 32 41
32 40 41
32 33 40
46 47 48
49 50 65
48 49 65
29 45 46
30 31 43
30 43 44
29 30 45
30 44 45
27 28 46
27 46 79
23 24 80
24 79 80
24 25 79
25 26 79
26 27 79
