# points
0.022388 0.48134
0.026119 0.52612
0.022388 0.5709
0.044776 0.61567
0.063433 0.66045
0.037313 0.68657
0 0.72015
0.0037313 0.76493
0.029851 0.8097
0.074627 0.83582
0.1194 0.85821
0.12687 0.90299
0.17164 0.9291
0.21642 0.91418
0.26119 0.91418
0.29851 0.88806
0.30224 0.84328
0.27985 0.79851
0.27985 0.75373
0.26866 0.70896
0.26493 0.66418
0.26493 0.6194
0.29478 0.61194
0.3209 0.65672
0.34701 0.70149
0.35821 0.74627
0.37313 0.79104
0.38806 0.83582
0.41045 0.8806
0.45522 0.91418
0.5 0.91418
0.54478 0.90672
0.57463 0.86194
0.58582 0.81716
0.59701 0.77239
0.62687 0.77239
0.63806 0.81716
0.64925 0.86194
0.68284 0.90672
0.72761 0.92537
0.77239 0.9291
0.81716 0.89925
0.83582 0.85448
0.84701 0.8097
0.85448 0.76493
0.87313 0.72015
0.91045 0.67537
0.93657 0.6306
0.95522 0.58582
0.97761 0.54104
0.98507 0.49627
0.99254 0.45149
1 0.40672
1 0.36194
0.99254 0.3209
0.96269 0.35821
0.95522 0.40299
0.9291 0.37687
0.91791 0.33209
0.90299 0.28731
0.90299 0.24254
0.88433 0.19776
0.8694 0.15299
0.85448 0.10821
0.84328 0.063433
0.84328 0.018657
0.79851 0
0.75373 0
0.70896 0.0037313
0.66418 0.0074627
0.64552 0.044776
0.6903 0.059701
0.73507 0.067164
0.77239 0.089552
0.76866 0.13433
0.77239 0.1791
0.76119 0.22388
0.72015 0.26493
0.68657 0.3097
0.64179 0.28358
0.59701 0.27239
0.55224 0.26493
0.50746 0.25
0.46269 0.25
0.41791 0.22388
0.38433 0.1791
0.3806 0.13433
0.37687 0.089552
0.38433 0.044776
0.34328 0.022388
0.29851 0.0074627
0.25373 0.0037313
0.20896 0.0074627
0.16418 0.018657
0.16045 0.059701
0.20522 0.070896
0.24254 0.097015
0.25373 0.14179
0.23507 0.17537
0.1903 0.19776
0.14552 0.21269
0.10448 0.24254
0.063433 0.26866
0.048507 0.31343
0.033582 0.35821
0.026119 0.40299
0.026119 0.44776
0.022388 0.48134
# triangles
5 7 8
5 8 9
4 5 9
5 6 7
52 53 56
23 34 80
35 45 78
45 46 78
34 35 78
34 78 80
22 83 84
4 9 10
10 11 12
10 12 13
47 48 78
46 47 78
22 23 81
23 80 81
22 81 83
81 82 83
23 24 34
10 13 17
0 21 106
0 1 21
1 3 21
4 20 21
3 4 21
64 65 66
61 62 75
51 52 56
50 51 56
78 79 80
58 77 78
58 59 77
85 86 97
86 87 97
87 96 97
92 93 95
93 94 95
22 84 99
101 102 103
99 100 101
101 103 104
22 101 104
22 99 101
37 38 42
35 44 45
25 26 34
24 25 34
10 17 18
14 15 16
13 14 16
13 16 17
1 2 3
21 105 106
22 104 105
21 22 105
61 75 76
59 76 77
57 58 78
48 57 78
48 49 57
49 50 57
50 56 57
89 90 96
87 89 96
87 88 89
91 95 96
91 92 95
90 91 96
85 97 98
84 85 98
84 98 99
38 39 42
39 40 41
39 41 42
26 33 34
26 27 33
27 28 33
4 19 20
4 10 19
10 18 19
60 61 76
59 60 76
63 64 73
64 66 73
53 54 55
53 55 56
35 36 44
36 43 44
36 42 43
36 37 42
28 29 30
30 31 32
30 32 33
28 30 33
63 73 74
62 74 75
62 63 74
67 68 72
66 67 73
67 72 73
68 71 72
68 69 71
69 70 71
