# points
0.037801 0.51203
0.037801 0.56357
0.030928 0.61512
0.030928 0.66667
0.04811 0.71821
0.044674 0.76289
0 0.79038
0.0068729 0.84192
0.051546 0.88316
0.04811 0.93471
0.085911 0.97938
0.13746 1
0.18557 0.98625
0.2268 0.94502
0.24742 0.90378
0.27491 0.86598
0.28179 0.81443
0.29553 0.76289
0.34364 0.75258
0.39175 0.80412
0.41237 0.85567
0.45704 0.89691
0.50859 0.89691
0.5567 0.86254
0.58076 0.811
0.62887 0.82818
0.68041 0.85567
0.73196 0.83505
0.76289 0.78351
0.76976 0.73196
0.78007 0.68041
0.81443 0.6323
0.86598 0.61512
0.90722 0.57045
0.89691 0.5189
0.87629 0.47079
0.83505 0.45704
0.86598 0.50515
0.8866 0.5567
0.84536 0.59107
0.82474 0.54983
0.80756 0.49828
0.79725 0.44674
0.80069 0.39519
0.81443 0.34364
0.85567 0.29897
0.83849 0.24742
0.81443 0.19588
0.83505 0.14433
0.87973 0.10653
0.89003 0.058419
0.83849 0.065292
0.80069 0.11684
0.77663 0.16495
0.78007 0.21649
0.7732 0.26804
0.7354 0.31271
0.68385 0.34708
0.63918 0.39519
0.6323 0.36082
0.66667 0.30928
0.65636 0.25773
0.60825 0.20962
0.57045 0.15808
0.53608 0.10653
0.48797 0.075601
0.45704 0.09622
0.50172 0.13402
0.52921 0.18213
0.56014 0.23368
0.58076 0.28522
0.54296 0.33333
0.50515 0.37457
0.45361 0.35739
0.41237 0.31615
0.37801 0.27835
0.34364 0.23368
0.34708 0.18213
0.36082 0.13058
0.35052 0.079038
0.31271 0.041237
0.26117 0.034364
0.23368 0.058419
0.28179 0.085911
0.30584 0.13746
0.28179 0.18557
0.23368 0.14777
0.20619 0.09622
0.18213 0.044674
0.14089 0.0034364
0.089347 0
0.10997 0.051546
0.15464 0.10309
0.18213 0.15464
0.20962 0.20619
0.21649 0.25773
0.17869 0.29553
0.15464 0.34708
0.12371 0.36082
0.089347 0.40893
0.061856 0.46048
0.041237 0.50859
0.037801 0.51203
# triangles
8 9 10
24 30 58
24 58 72
97 98 99
49 50 51
24 29 30
10 11 12
8 10 12
5 6 7
5 7 8
73 74 97
85 94 95
80 81 83
79 80 83
65 66 67
43 44 56
44 55 56
45 46 55
44 45 55
62 69 70
43 56 57
48 49 51
48 51 52
47 48 53
48 52 53
8 13 14
8 12 13
18 73 97
18 72 73
18 24 72
18 97 99
87 92 93
89 90 91
87 88 92
88 89 91
88 91 92
63 67 68
62 63 69
63 68 69
76 85 95
76 77 85
86 87 93
85 86 94
86 93 94
30 41 58
61 62 70
60 61 70
58 71 72
59 60 70
58 59 71
59 70 71
47 53 54
46 47 54
46 54 55
24 25 29
25 28 29
25 26 27
25 27 28
0 1 101
1 100 101
2 3 17
1 2 17
1 17 100
17 99 100
17 18 99
20 23 24
20 21 22
20 22 23
81 82 83
64 65 67
63 64 67
75 76 95
75 95 96
74 75 97
75 96 97
77 84 85
77 78 84
79 83 84
78 79 84
34 35 37
35 36 37
3 4 17
4 5 17
5 16 17
8 14 16
5 8 16
41 42 58
42 57 58
42 43 57
30 40 41
30 31 40
14 15 16
18 19 24
19 20 24
31 39 40
34 37 38
33 34 38
31 32 39
32 33 38
32 38 39
