# points
0.09699 0.50836
0.12709 0.53512
0.12375 0.57191
0.13043 0.6087
0.1505 0.64548
0.18729 0.66221
0.22074 0.6388
0.22742 0.60201
0.25753 0.59532
0.2709 0.63211
0.28428 0.6689
0.30435 0.70569
0.34114 0.71906
0.37793 0.70569
0.39465 0.6689
0.39799 0.63211
0.40134 0.59532
0.41137 0.55853
0.44816 0.55853
0.48495 0.59197
0.49833 0.62876
0.48829 0.66555
0.50502 0.69565
0.52508 0.72575
0.52508 0.76254
0.49833 0.79599
0.49833 0.83278
0.51171 0.86957
0.52843 0.90635
0.53846 0.94314
0.55853 0.97993
0.59532 1
0.63211 0.98997
0.64214 0.95318
0.63545 0.91639
0.64548 0.88294
0.68227 0.86622
0.71906 0.86622
0.75585 0.86957
0.7893 0.8495
0.80602 0.82274
0.80602 0.78595
0.78595 0.74916
0.75251 0.73579
0.71572 0.73579
0.67893 0.74582
0.66555 0.70903
0.67893 0.67224
0.67893 0.63545
0.6689 0.59866
0.65217 0.56187
0.61873 0.52843
0.58528 0.50167
0.55518 0.47157
0.54515 0.43813
0.54181 0.40134
0.53177 0.36455
0.51839 0.32776
0.50502 0.29097
0.48161 0.25418
0.45819 0.22408
0.42809 0.18729
0.4214 0.1505
0.42475 0.11371
0.43144 0.076923
0.46823 0.056856
0.49498 0.023411
0.47826 0
0.44147 0.0033445
0.40468 0.006689
0.36789 0.013378
0.34783 0.043478
0.35117 0.080268
0.35452 0.11706
0.36455 0.15385
0.36455 0.19064
0.33779 0.22074
0.31104 0.22742
0.28428 0.19064
0.24749 0.16388
0.21405 0.14047
0.20401 0.10368
0.22074 0.070234
0.25753 0.053512
0.28094 0.020067
0.24749 0.006689
0.2107 0.006689
0.17391 0.010033
0.13712 0.026756
0.13378 0.060201
0.13712 0.09699
0.1505 0.13378
0.15385 0.17057
0.12375 0.20401
0.093645 0.23411
0.073579 0.2709
0.056856 0.30769
0.050167 0.34448
0.033445 0.36455
0.026756 0.32776
0.033445 0.29097
0.013378 0.28428
0.006689 0.32107
0 0.35786
0.0033445 0.39465
0.020067 0.43144
0.050167 0.46488
0.080268 0.49833
0.09699 0.50836
# triangles
39 40 41
30 31 33
31 32 33
1 8 77
41 42 43
64 70 71
22 23 46
8 17 77
87 88 89
82 87 89
81 89 90
81 82 89
81 90 91
65 66 67
1 7 8
3 4 7
4 6 7
77 78 93
78 79 93
77 93 94
77 94 95
77 95 97
19 20 51
19 51 52
17 18 54
20 22 48
20 48 49
57 58 76
57 76 77
17 57 77
17 56 57
35 36 45
36 37 45
37 44 45
37 43 44
37 38 39
37 39 41
37 41 43
29 30 34
30 33 34
28 29 34
28 34 35
27 28 35
24 25 26
24 26 27
24 27 35
24 35 45
23 24 46
24 45 46
80 81 91
82 86 87
82 83 86
83 85 86
58 59 76
65 67 68
64 65 68
61 62 75
1 2 7
2 3 7
62 74 75
62 63 74
83 84 85
0 106 107
0 97 106
0 1 77
0 77 97
98 105 106
97 98 106
98 104 105
98 103 104
95 96 97
20 49 50
20 50 51
18 53 54
18 19 53
19 52 53
17 55 56
17 54 55
22 46 47
22 47 48
4 5 6
80 91 92
79 92 93
79 80 92
59 60 76
60 75 76
60 61 75
64 69 70
64 68 69
63 73 74
100 101 102
12 13 14
11 12 14
64 71 72
63 64 72
63 72 73
99 100 102
99 102 103
98 99 103
20 21 22
10 11 14
9 10 15
10 14 15
8 9 16
9 15 16
8 16 17
