# points
0.16858 0.49808
0.17241 0.54023
0.18391 0.58238
0.18774 0.62452
0.14943 0.63602
0.11111 0.60153
0.068966 0.60536
0.02682 0.6092
0 0.63985
0 0.68199
0.0076628 0.72414
0.034483 0.76245
0.072797 0.8046
0.11111 0.84674
0.15326 0.87356
0.1954 0.89655
0.23372 0.91954
0.27586 0.95019
0.31801 0.96552
0.35632 0.95402
0.34866 0.91188
0.33716 0.86973
0.32184 0.82759
0.31034 0.78544
0.30651 0.7433
0.30268 0.70115
0.30651 0.659
0.31034 0.61686
0.33333 0.57471
0.37548 0.57854
0.40613 0.62069
0.44061 0.65134
0.47126 0.69349
0.51341 0.73563
0.55556 0.76245
0.5977 0.76628
0.63602 0.73946
0.64368 0.69732
0.65134 0.65517
0.68966 0.6705
0.71648 0.71264
0.75862 0.72797
0.80077 0.70115
0.81609 0.659
0.82759 0.61686
0.84291 0.57471
0.86207 0.53257
0.89655 0.49425
0.91954 0.45211
0.93103 0.40996
0.93487 0.36782
0.94253 0.32567
0.94636 0.28352
0.96552 0.24138
0.99617 0.20307
1 0.16092
0.96169 0.14559
0.92337 0.18008
0.91954 0.22222
0.91188 0.26437
0.90421 0.30651
0.90805 0.34866
0.90805 0.3908
0.89655 0.43295
0.87739 0.42146
0.86973 0.37931
0.85824 0.33716
0.84674 0.29502
0.84674 0.25287
0.83525 0.21073
0.83525 0.16858
0.81609 0.12644
0.8046 0.084291
0.82375 0.042146
0.7931 0.011494
0.75096 0.0076628
0.70881 0.019157
0.67816 0.042146
0.71648 0.076628
0.72414 0.11877
0.72414 0.16092
0.70498 0.20307
0.69349 0.24521
0.67433 0.28736
0.63218 0.28736
0.59004 0.26054
0.54789 0.22989
0.50575 0.21456
0.4636 0.2069
0.45594 0.16475
0.44828 0.12261
0.43678 0.08046
0.44444 0.038314
0.42529 0
0.38314 0.0038314
0.341 0.011494
0.32567 0.049808
0.35249 0.091954
0.34866 0.1341
0.341 0.17625
0.341 0.21839
0.31801 0.2567
0.28352 0.29502
0.25287 0.33333
0.21073 0.36015
0.18391 0.39847
0.16858 0.44061
0.16092 0.48276
0.16858 0.49808
# triangles
29 38 84
94 95 96
28 29 103
28 105 106
103 104 105
28 103 105
17 18 20
18 19 20
29 88 101
29 87 88
0 1 28
0 28 106
29 101 102
29 102 103
1 2 28
38 45 46
46 47 64
72 74 75
92 93 94
0 106 107
6 8 9
6 7 8
47 63 64
47 48 63
75 76 78
72 75 78
76 77 78
72 73 74
29 84 85
29 85 87
85 86 87
66 67 83
65 66 83
64 65 83
46 64 83
38 83 84
38 46 83
54 55 56
88 100 101
94 96 97
90 97 98
4 5 6
4 9 10
4 6 9
3 4 24
13 14 24
4 13 24
4 12 13
40 41 42
3 26 27
2 27 28
2 3 27
3 24 25
3 25 26
17 20 21
16 17 21
16 21 22
15 16 22
71 72 79
72 78 79
67 82 83
69 81 82
67 68 82
68 69 82
88 99 100
90 91 97
91 92 94
91 94 97
4 10 11
4 11 12
33 34 37
33 37 38
34 35 37
35 36 37
39 42 43
39 40 42
39 43 44
38 39 45
39 44 45
15 22 23
14 23 24
14 15 23
32 33 38
71 79 80
70 71 80
69 80 81
69 70 80
54 56 57
53 58 59
53 54 57
53 57 58
89 90 98
89 98 99
88 89 99
31 32 38
50 51 61
51 60 61
50 61 62
52 53 59
52 59 60
51 52 60
29 30 38
30 31 38
48 49 63
49 62 63
49 50 62
