# points
0.030581 0.52905
0.012232 0.58716
0.039755 0.63914
0.094801 0.68502
0.11621 0.74312
0.12538 0.80122
0.14067 0.85933
0.16514 0.91743
0.21713 0.9633
0.27523 0.93884
0.30581 0.88073
0.3211 0.82263
0.33945 0.76758
0.36391 0.82569
0.3792 0.88379
0.40367 0.9419
0.4526 0.98165
0.5107 0.96636
0.54128 0.90826
0.5474 0.85015
0.56575 0.80428
0.58104 0.86239
0.6055 0.90826
0.66361 0.96024
0.71865 1
0.76758 0.97859
0.81346 0.92966
0.87156 0.92966
0.88073 0.87462
0.82263 0.84404
0.77676 0.80734
0.76147 0.74924
0.76147 0.69113
0.74924 0.63303
0.74618 0.57492
0.73089 0.51682
0.68502 0.48624
0.62691 0.44343
0.59327 0.45872
0.56881 0.43425
0.58104 0.37615
0.59327 0.31804
0.59327 0.25994
0.62691 0.20489
0.6789 0.23853
0.73394 0.21713
0.72477 0.16208
0.66667 0.12232
0.60856 0.10092
0.58104 0.14985
0.56575 0.20795
0.55657 0.26606
0.52294 0.32416
0.51682 0.38226
0.47401 0.40673
0.44343 0.34862
0.43119 0.29052
0.42202 0.23242
0.4159 0.17431
0.40673 0.11621
0.45566 0.070336
0.44954 0.015291
0.39755 0
0.33945 0.018349
0.31804 0.070336
0.34251 0.12538
0.36697 0.18349
0.37615 0.24159
0.38226 0.29969
0.38226 0.3578
0.40367 0.41284
0.3792 0.44037
0.3211 0.41896
0.263 0.40979
0.20489 0.40673
0.20489 0.34862
0.2263 0.29052
0.25994 0.23547
0.31804 0.22936
0.33639 0.17737
0.27829 0.15596
0.22018 0.15596
0.18349 0.20489
0.17125 0.263
0.14985 0.3211
0.11927 0.37615
0.13456 0.42813
0.079511 0.39755
0.067278 0.33945
0.058104 0.28135
0.091743 0.22936
0.12844 0.17125
0.094801 0.12232
0.036697 0.11927
0 0.1682
0.012232 0.2263
0 0.2844
0.012232 0.34251
0.024465 0.40061
0.024465 0.45872
0.042813 0.50765
0.030581 0.52905
# triangles
7 8 9
3 4 12
4 5 12
12 71 72
23 24 25
12 13 20
5 11 12
5 6 11
74 75 85
89 96 97
89 95 96
20 32 33
43 44 46
43 46 47
47 48 49
43 47 49
22 23 30
14 18 19
13 19 20
13 14 19
14 15 18
15 16 17
15 17 18
87 98 99
0 1 2
86 87 99
74 85 86
3 74 86
6 7 10
6 10 11
7 9 10
56 57 67
55 69 70
20 33 38
33 36 38
12 38 71
12 20 38
75 84 85
57 66 67
57 58 66
89 90 95
90 94 95
90 91 92
90 93 94
90 92 93
20 31 32
20 30 31
23 25 26
23 26 30
26 27 28
42 50 51
43 49 50
42 43 50
60 61 62
20 21 30
21 22 30
86 99 100
3 86 100
2 3 100
0 2 100
55 56 68
55 68 69
56 67 68
3 73 74
3 12 73
12 72 73
36 37 38
88 89 97
88 97 98
87 88 98
76 77 83
76 83 84
75 76 84
77 80 81
33 34 36
34 35 36
44 45 46
26 28 29
26 29 30
58 59 66
59 63 64
59 62 63
59 60 62
39 53 54
54 70 71
54 55 70
38 54 71
38 39 54
77 78 80
78 79 80
41 51 52
41 42 51
77 82 83
77 81 82
59 65 66
59 64 65
40 52 53
40 41 52
39 40 53
