# points
0.0036232 0.47101
0.01087 0.51449
0.036232 0.55797
0.068841 0.60145
0.11232 0.63768
0.1558 0.67754
0.15217 0.72101
0.14855 0.76449
0.19203 0.78623
0.23551 0.80797
0.27899 0.80797
0.32246 0.80072
0.36232 0.77899
0.35507 0.73551
0.3587 0.69203
0.40217 0.69565
0.39493 0.73913
0.3913 0.78261
0.42391 0.81159
0.46739 0.82609
0.51087 0.82246
0.55072 0.80072
0.58696 0.76449
0.56522 0.72464
0.57246 0.68116
0.6087 0.6413
0.65217 0.62319
0.68841 0.64855
0.68478 0.69203
0.67754 0.73551
0.69203 0.77899
0.69928 0.82246
0.72464 0.85145
0.76449 0.86957
0.80797 0.87681
0.85145 0.86957
0.88043 0.82609
0.90217 0.79348
0.94565 0.78261
0.98913 0.75
1 0.70652
0.99638 0.66304
0.97826 0.61957
0.96739 0.57609
0.92391 0.56159
0.88768 0.59058
0.89855 0.63406
0.8587 0.63768
0.87681 0.5942
0.88043 0.55072
0.8913 0.50725
0.88406 0.46377
0.86957 0.42029
0.86232 0.37681
0.83333 0.33333
0.79348 0.30072
0.75 0.27174
0.70652 0.26087
0.66304 0.23913
0.62681 0.27536
0.60145 0.2971
0.56884 0.25362
0.55797 0.21014
0.53261 0.16667
0.51812 0.12319
0.53986 0.09058
0.58333 0.086957
0.61957 0.061594
0.5942 0.025362
0.55072 0.018116
0.50725 0.0072464
0.46377 0
0.42029 0.01087
0.39855 0.039855
0.42029 0.083333
0.42754 0.12681
0.41304 0.17029
0.38406 0.21377
0.39855 0.25725
0.40942 0.30072
0.36957 0.31159
0.32609 0.32246
0.28261 0.33333
0.24275 0.33333
0.22826 0.28986
0.21377 0.24638
0.2029 0.2029
0.21739 0.15942
0.22826 0.11594
0.26812 0.083333
0.26812 0.043478
0.22464 0.043478
0.18116 0.021739
0.13768 0.018116
0.094203 0.025362
0.083333 0.061594
0.097826 0.10507
0.10145 0.14855
0.094203 0.19203
0.068841 0.22826
0.050725 0.26812
0.036232 0.31159
0.014493 0.35507
0.01087 0.39855
0 0.44203
0.0036232 0.47101
# triangles
3 4 83
2 3 83
0 1 2
0 2 83
83 101 103
0 103 104
0 83 103
83 84 101
4 5 83
66 67 68
15 25 79
15 24 25
15 23 24
72 73 74
71 72 74
70 71 74
55 56 60
25 26 60
60 61 79
25 60 79
93 94 95
93 95 96
88 96 97
87 88 97
84 100 101
86 97 98
86 87 97
5 82 83
5 14 82
14 81 82
5 8 14
5 6 8
6 7 8
26 51 52
52 53 54
52 54 55
26 52 60
52 55 60
56 57 60
42 43 46
38 39 40
38 40 46
43 44 46
27 47 48
27 28 47
26 49 51
26 27 49
27 48 49
8 9 10
21 22 23
64 74 75
64 65 74
65 70 74
63 64 75
63 75 76
101 102 103
88 91 92
92 93 96
88 92 96
89 90 91
88 89 91
76 77 78
61 78 79
61 62 78
63 76 78
62 63 78
57 58 59
57 59 60
40 41 46
41 42 46
44 45 46
49 50 51
28 29 30
28 30 47
8 13 14
8 10 13
10 11 13
11 12 13
19 20 23
20 21 23
65 69 70
66 68 69
65 66 69
84 85 100
85 99 100
85 86 98
85 98 99
15 79 80
14 15 80
14 80 81
33 34 36
30 33 36
34 35 36
16 17 18
16 18 19
16 19 23
15 16 23
30 32 33
30 31 32
30 37 47
30 36 37
37 38 46
37 46 47
