# points
0.13621 0.49169
0.1196 0.54153
0.10963 0.58804
0.10299 0.63787
0.10299 0.68771
0.10963 0.73754
0.1196 0.78073
0.069767 0.76744
0.023256 0.79402
0 0.83389
0.019934 0.88372
0.063123 0.91694
0.11296 0.92691
0.13621 0.97674
0.18272 0.99668
0.22924 1
0.27907 0.97674
0.30233 0.93355
0.31229 0.88372
0.31561 0.83389
0.30565 0.78738
0.29236 0.74086
0.299 0.69435
0.30897 0.64452
0.3588 0.64452
0.39867 0.68771
0.44186 0.7309
0.48837 0.77076
0.53156 0.76744
0.57143 0.76744
0.62126 0.75083
0.66113 0.71096
0.67774 0.66113
0.701 0.6113
0.72757 0.56146
0.75748 0.51163
0.76412 0.46179
0.75415 0.41196
0.76744 0.36213
0.75748 0.31229
0.71429 0.27907
0.67442 0.32558
0.67442 0.37542
0.71761 0.41528
0.70764 0.44518
0.66445 0.39535
0.66445 0.34551
0.66445 0.29568
0.69767 0.24585
0.69767 0.19601
0.71096 0.14618
0.72093 0.096346
0.7309 0.046512
0.69435 0.016611
0.64452 0.0099668
0.60133 0.043189
0.64784 0.079734
0.6711 0.11628
0.65781 0.16611
0.63123 0.21262
0.61794 0.26246
0.59468 0.31229
0.56478 0.3289
0.54485 0.27907
0.53156 0.22924
0.50498 0.1794
0.48505 0.12957
0.45847 0.093023
0.4485 0.13621
0.45183 0.18605
0.46512 0.23588
0.48505 0.28571
0.50831 0.33555
0.48837 0.36545
0.43854 0.36545
0.40199 0.34884
0.40864 0.299
0.43189 0.25581
0.42857 0.20598
0.42525 0.15615
0.42193 0.10631
0.39203 0.10299
0.38538 0.15282
0.37542 0.20266
0.34551 0.24585
0.35216 0.29568
0.32226 0.27575
0.299 0.22591
0.26246 0.17608
0.24252 0.12625
0.22591 0.076412
0.21262 0.026578
0.16279 0.013289
0.11296 0
0.07309 0.039867
0.1196 0.07309
0.16944 0.1196
0.20266 0.16944
0.21595 0.21927
0.2392 0.2691
0.25914 0.31894
0.29236 0.36877
0.27243 0.40199
0.22259 0.41196
0.18605 0.4485
0.13953 0.46512
0.13621 0.49169
# triangles
14 15 17
93 94 95
0 104 105
0 1 104
102 103 104
49 50 58
54 55 56
53 54 56
52 53 56
51 52 56
28 29 32
25 32 33
8 9 10
5 21 22
86 99 100
86 100 101
92 93 95
92 95 96
50 57 58
50 51 57
51 56 57
15 16 17
23 102 104
1 23 104
3 22 23
26 28 32
25 26 32
49 58 59
48 49 59
12 17 18
12 13 14
12 14 17
4 5 22
3 4 22
6 20 21
5 6 21
6 19 20
6 18 19
6 12 18
6 11 12
6 8 10
6 10 11
86 87 99
87 98 99
64 65 70
1 2 23
2 3 23
26 27 28
33 44 45
25 33 73
33 45 73
6 7 8
34 35 44
33 34 44
35 36 44
36 37 44
37 43 44
38 42 43
37 38 43
39 40 41
38 39 41
38 41 42
75 101 102
24 25 73
23 24 102
64 70 71
87 88 98
89 96 97
88 97 98
88 89 97
89 90 96
90 91 92
90 92 96
66 67 68
80 81 82
79 82 83
78 79 83
79 80 82
85 86 101
75 85 101
24 73 74
74 75 102
24 74 102
65 66 69
66 68 69
65 69 70
45 62 73
77 83 84
77 78 83
75 76 85
76 84 85
76 77 84
45 46 61
45 61 62
46 47 61
62 72 73
63 64 71
63 71 72
62 63 72
47 60 61
47 48 60
48 59 60
29 30 32
30 31 32
