# points
0.11034 0.54483
0.1069 0.60345
0.12069 0.66207
0.086207 0.68276
0.027586 0.67931
0 0.71379
0.02069 0.76897
0.07931 0.82069
0.10345 0.87931
0.14483 0.92414
0.20345 0.92759
0.25517 0.9
0.28966 0.84828
0.28276 0.78966
0.25172 0.73103
0.22759 0.67586
0.27586 0.68621
0.31379 0.73448
0.36207 0.78276
0.34138 0.83793
0.32069 0.88966
0.33793 0.94828
0.38966 0.98966
0.44828 0.99655
0.5069 0.98276
0.56552 1
0.62414 0.9931
0.68276 0.96897
0.71034 0.91034
0.70345 0.85172
0.68621 0.80345
0.74483 0.77241
0.8 0.72069
0.82069 0.66207
0.81724 0.60345
0.83448 0.54483
0.88966 0.57241
0.94483 0.54828
0.94138 0.48966
0.88276 0.47241
0.82414 0.5
0.78276 0.54138
0.77241 0.48276
0.82414 0.42759
0.84483 0.36897
0.83103 0.31034
0.84138 0.25172
0.84483 0.1931
0.86897 0.13448
0.87241 0.07931
0.81379 0.058621
0.75517 0.051724
0.74483 0.1
0.78966 0.15517
0.78621 0.21379
0.77241 0.27241
0.73448 0.32414
0.69655 0.37586
0.65172 0.43103
0.62414 0.37931
0.63103 0.32069
0.5931 0.26207
0.56207 0.20345
0.53103 0.14483
0.5 0.14828
0.52069 0.2069
0.53793 0.26552
0.52414 0.32069
0.48621 0.37931
0.45862 0.42414
0.43103 0.38966
0.43103 0.33103
0.43448 0.27241
0.44828 0.21379
0.46207 0.15517
0.47586 0.096552
0.49655 0.037931
0.46207 0.0034483
0.40345 0
0.35862 0.041379
0.38966 0.07931
0.42414 0.13793
0.41034 0.19655
0.4 0.25517
0.37586 0.31034
0.33793 0.36207
0.2931 0.35172
0.25517 0.29655
0.22414 0.23793
0.20345 0.17931
0.17586 0.12069
0.16552 0.062069
0.12414 0.027586
0.065517 0.024138
0.037931 0.058621
0.093103 0.089655
0.14483 0.13793
0.16552 0.19655
0.17931 0.25517
0.18621 0.31379
0.18621 0.37241
0.18276 0.43103
0.13448 0.47586
0.1069 0.53448
0.11034 0.54483
# triangles
16 17 69
4 5 6
15 16 101
1 2 15
2 14 15
17 18 69
18 30 69
50 51 52
50 52 53
48 49 50
48 50 53
47 48 53
16 69 85
16 85 101
26 27 28
26 28 29
2 7 14
15 101 102
18 24 30
18 19 24
45 46 55
44 45 56
45 55 56
69 70 85
87 88 98
42 57 58
30 58 69
31 32 33
2 3 7
3 6 7
3 4 6
7 13 14
11 12 13
90 91 96
89 90 96
78 79 80
77 78 80
75 77 80
88 89 97
88 97 98
89 96 97
0 102 103
0 15 102
0 1 15
25 29 30
24 25 30
25 26 29
19 22 23
19 23 24
75 76 77
59 60 67
60 61 67
62 63 65
47 53 54
46 54 55
46 47 54
85 86 101
86 100 101
86 87 100
72 83 84
71 72 84
71 84 85
70 71 85
61 66 67
62 65 66
61 62 66
73 74 82
73 82 83
72 73 83
41 42 58
31 33 41
30 41 58
30 31 41
42 43 57
43 56 57
43 44 56
36 37 38
36 38 39
7 8 13
8 11 13
8 10 11
8 9 10
19 21 22
19 20 21
63 64 65
75 80 81
74 75 81
74 81 82
87 98 99
87 99 100
59 67 68
58 68 69
58 59 68
33 34 41
91 92 95
91 95 96
92 93 95
93 94 95
35 36 39
35 39 40
35 40 41
34 35 41
