# points
0.44344 0.40724
0.46606 0.41176
0.48869 0.41629
0.51131 0.42081
0.53394 0.42534
0.55656 0.42986
0.57919 0.42986
0.60181 0.43439
0.62443 0.43891
0.64706 0.43891
0.66968 0.44344
0.69231 0.43439
0.71493 0.42081
0.73756 0.40271
0.76018 0.38462
0.78281 0.36652
0.80543 0.36652
0.82805 0.37104
0.85068 0.37557
0.8733 0.38009
0.89593 0.38009
0.91855 0.38462
0.94118 0.38462
0.9638 0.38462
0.96833 0.36199
0.97285 0.33937
0.9819 0.31674
0.98643 0.29412
1 0.27149
1 0.24887
0.97738 0.22624
0.95475 0.20362
0.93213 0.181
0.9095 0.15837
0.89593 0.13575
0.89593 0.11312
0.89593 0.090498
0.89593 0.067873
0.90045 0.045249
0.90045 0.022624
0.87783 0.0181
0.8552 0.013575
0.83258 0.0045249
0.80995 0
0.78733 0.0181
0.76471 0.036199
0.74208 0.049774
0.71946 0.058824
0.69683 0.067873
0.67421 0.076923
0.65158 0.085973
0.62896 0.085973
0.60633 0.085973
0.58371 0.085973
0.56109 0.085973
0.53846 0.085973
0.51584 0.081448
0.49321 0.076923
0.47059 0.072398
0.44796 0.067873
0.42534 0.063348
0.40271 0.058824
0.38009 0.058824
0.35747 0.054299
0.33484 0.054299
0.31222 0.049774
0.28959 0.049774
0.26697 0.058824
0.24434 0.067873
0.22172 0.076923
0.1991 0.095023
0.17647 0.11312
0.15837 0.13575
0.13575 0.14027
0.11312 0.14027
0.090498 0.14027
0.067873 0.13575
0.045249 0.13575
0.022624 0.13122
0 0.13575
0 0.15837
0 0.181
0 0.20362
0 0.22624
0 0.24887
0.022624 0.26697
0.045249 0.28507
0.067873 0.30769
0.090498 0.33032
0.11312 0.34389
0.11312 0.36652
0.11312 0.38914
0.11312 0.41176
0.11312 0.43439
0.1267 0.45249
0.14932 0.45701
0.17195 0.46154
0.19457 0.46154
0.21719 0.46606
0.23982 0.47059
0.26244 0.47059
0.28507 0.44796
0.30769 0.42534
0.33032 0.40271
0.35294 0.38914
0.37557 0.38462
0.39819 0.39367
0.42081 0.40271
0.44344 0.40724
0.44344 0.40724
# triangles
70 72 104
72 73 89
37 40 41
60 61 62
75 82 85
68 70 104
68 69 70
75 76 82
38 39 40
37 38 40
60 62 105
97 98 102
89 97 102
42 43 44
41 42 44
37 41 44
83 84 85
82 83 85
64 68 104
64 104 105
62 63 64
62 64 105
65 66 67
64 65 67
64 67 68
70 71 72
73 74 87
92 95 96
89 90 97
93 94 95
92 93 95
59 60 105
0 56 57
0 106 107
0 57 106
99 100 101
98 99 101
98 101 102
89 102 103
72 103 104
72 89 103
15 48 49
15 34 48
15 49 50
0 1 56
6 7 51
13 50 51
7 13 51
2 3 55
1 2 55
1 55 56
78 79 80
77 80 81
77 78 80
35 45 46
34 35 46
7 8 9
7 9 13
73 88 89
73 87 88
74 75 86
74 86 87
75 85 86
91 96 97
90 91 97
91 92 96
58 59 105
58 105 106
57 58 106
13 14 50
14 15 50
6 52 53
6 51 52
4 6 53
4 5 6
35 36 45
36 37 44
36 44 45
34 47 48
34 46 47
22 23 24
20 26 27
15 33 34
28 29 30
27 28 30
4 53 54
3 54 55
3 4 54
20 25 26
15 16 33
16 17 32
16 32 33
9 12 13
9 11 12
9 10 11
17 18 32
20 27 31
19 20 31
18 19 31
18 31 32
27 30 31
20 21 25
21 22 24
21 24 25
77 81 82
76 77 82
