# points
0.44348 0.36957
0.46522 0.37391
0.48696 0.37826
0.5087 0.38696
0.53043 0.3913
0.55217 0.39565
0.57391 0.39565
0.59565 0.39565
0.61739 0.39565
0.63913 0.39565
0.66087 0.39565
0.68261 0.39565
0.70435 0.39565
0.72609 0.38696
0.74783 0.37391
0.76957 0.36087
0.7913 0.35217
0.81304 0.34783
0.83478 0.34783
0.85652 0.34348
0.87826 0.33913
0.9 0.33913
0.92174 0.33913
0.94348 0.33913
0.96522 0.33913
0.97826 0.31739
0.98261 0.29565
0.9913 0.27391
1 0.25217
1 0.23043
0.97826 0.21739
0.97391 0.19565
0.96087 0.17391
0.94783 0.15217
0.93043 0.13478
0.91304 0.11304
0.91304 0.091304
0.91739 0.069565
0.93043 0.047826
0.9087 0.034783
0.88696 0.026087
0.86522 0.017391
0.84348 0.0086957
0.82174 0.0043478
0.8 0.0043478
0.77826 0
0.75652 0.013043
0.73478 0.030435
0.71304 0.047826
0.6913 0.06087
0.66957 0.069565
0.64783 0.069565
0.62609 0.069565
0.60435 0.069565
0.58261 0.069565
0.56087 0.069565
0.53913 0.069565
0.51739 0.069565
0.49565 0.065217
0.47391 0.06087
0.45217 0.056522
0.43043 0.052174
0.4087 0.047826
0.38696 0.047826
0.36522 0.043478
0.34348 0.03913
0.32174 0.03913
0.3 0.047826
0.27826 0.065217
0.25652 0.082609
0.23478 0.1
0.21739 0.11304
0.19565 0.11304
0.17391 0.11739
0.15217 0.11739
0.13043 0.11739
0.1087 0.11739
0.086957 0.11739
0.065217 0.11739
0.043478 0.1087
0.021739 0.11304
0.013043 0.13478
0.0086957 0.15652
0 0.17826
0 0.2
0.0086957 0.22174
0.030435 0.23043
0.047826 0.24783
0.065217 0.26957
0.082609 0.2913
0.095652 0.31304
0.1 0.33478
0.1 0.35652
0.1 0.37826
0.10435 0.4
0.11304 0.42174
0.13043 0.43478
0.15217 0.43478
0.17391 0.43478
0.19565 0.43913
0.21739 0.43913
0.23913 0.43913
0.26087 0.43913
0.28261 0.43913
0.30435 0.42609
0.32609 0.4087
0.34783 0.38696
0.36957 0.36957
0.3913 0.36957
0.41304 0.36957
0.43478 0.36957
0.44348 0.36957
# triangles
23 24 25
23 25 26
22 23 26
17 35 49
44 45 46
17 34 35
32 33 34
16 17 49
35 42 43
35 43 44
7 53 54
6 7 54
35 44 47
44 46 47
2 56 57
17 18 19
17 19 34
35 36 42
78 81 82
2 55 56
6 54 55
35 48 49
35 47 48
59 60 110
1 2 57
7 8 53
11 13 14
10 11 14
11 12 13
10 14 50
14 15 50
15 16 50
16 49 50
30 31 32
27 28 30
26 27 30
28 29 30
22 26 30
21 22 30
20 32 34
19 20 34
20 30 32
20 21 30
36 41 42
36 40 41
37 39 40
36 37 40
37 38 39
65 66 67
65 67 68
63 68 69
61 62 63
79 80 81
78 79 81
73 74 89
71 73 90
73 89 90
75 76 87
2 4 55
4 6 55
0 57 58
0 1 57
0 59 110
0 58 59
8 52 53
8 9 52
9 10 51
10 50 51
9 51 52
75 87 88
74 88 89
74 75 88
78 82 86
82 83 86
83 84 86
84 85 86
71 90 106
90 91 106
64 65 68
63 64 68
77 78 86
76 77 87
77 86 87
71 72 73
2 3 4
4 5 6
70 71 107
71 106 107
69 70 107
63 69 107
91 100 101
101 105 106
91 101 106
93 94 97
95 96 97
94 95 97
91 92 98
92 93 98
93 97 98
61 63 108
63 107 108
91 99 100
91 98 99
60 61 109
61 108 109
60 109 110
101 102 105
102 103 104
102 104 105
