# points
0.3301 0.32524
0.34951 0.31553
0.36893 0.30583
0.38835 0.30583
0.40777 0.30583
0.42718 0.30583
0.4466 0.30583
0.46602 0.30583
0.48544 0.30583
0.50485 0.30583
0.52427 0.31068
0.54369 0.31068
0.56311 0.31553
0.58252 0.32039
0.60194 0.3301
0.62136 0.33495
0.64078 0.34466
0.66019 0.34951
0.67961 0.34951
0.69903 0.34951
0.71845 0.33981
0.73786 0.32524
0.75728 0.31553
0.7767 0.31553
0.79612 0.31068
0.81553 0.31068
0.83495 0.31068
0.85437 0.31068
0.87379 0.31068
0.8932 0.31068
0.91262 0.31068
0.93204 0.31068
0.95146 0.31068
0.97087 0.29126
0.98058 0.27184
0.99029 0.25243
1 0.23301
1 0.21359
0.98058 0.19417
0.96117 0.17961
0.9466 0.16505
0.93204 0.14563
0.92718 0.12621
0.92718 0.1068
0.92718 0.087379
0.92718 0.067961
0.92718 0.048544
0.92718 0.029126
0.91748 0.014563
0.89806 0.014563
0.87864 0.0097087
0.85922 0.0048544
0.83981 0.0048544
0.82039 0.0048544
0.80097 0.0048544
0.78155 0
0.76214 0
0.74272 0.0048544
0.7233 0.0048544
0.70388 0.0097087
0.68447 0.024272
0.66505 0.038835
0.64563 0.053398
0.62621 0.058252
0.6068 0.063107
0.58738 0.063107
0.56796 0.063107
0.54854 0.063107
0.52913 0.053398
0.50971 0.048544
0.49029 0.043689
0.47087 0.038835
0.45146 0.038835
0.43204 0.038835
0.41262 0.038835
0.3932 0.038835
0.37379 0.038835
0.35437 0.033981
0.33495 0.033981
0.31553 0.038835
0.29612 0.048544
0.2767 0.058252
0.25728 0.072816
0.23786 0.087379
0.21845 0.092233
0.19903 0.10194
0.17961 0.1068
0.16019 0.1068
0.14078 0.1068
0.12136 0.1068
0.10194 0.1068
0.082524 0.1068
0.063107 0.1068
0.043689 0.1068
0.024272 0.10194
0.0048544 0.11165
0.0048544 0.13107
0 0.15049
0 0.1699
0 0.18932
0.014563 0.19903
0.033981 0.21359
0.053398 0.22816
0.072816 0.24272
0.092233 0.26214
0.097087 0.28155
0.097087 0.30097
0.087379 0.32039
0.082524 0.33981
0.07767 0.35922
0.092233 0.36408
0.11165 0.36893
0.13107 0.37379
0.15049 0.37379
0.1699 0.37379
0.18932 0.37864
0.20874 0.37864
0.22816 0.37864
0.24757 0.37864
0.26699 0.37379
0.28641 0.35922
0.30583 0.34466
0.32524 0.3301
0.3301 0.32524
# triangles
24 42 54
24 41 42
94 95 96
11 65 66
16 17 18
22 24 61
22 61 62
42 53 54
93 96 97
93 94 96
31 32 33
106 111 112
106 107 111
106 112 113
106 113 114
11 12 65
12 64 65
57 60 61
24 54 57
24 57 61
76 79 80
2 76 80
2 80 82
15 16 18
11 66 67
118 119 120
18 19 20
44 45 50
24 25 41
25 26 41
26 27 41
29 30 39
92 98 100
98 99 100
92 100 101
108 110 111
107 108 111
108 109 110
85 86 104
88 103 104
90 102 103
12 13 64
13 14 15
85 104 121
114 115 116
13 63 64
13 15 63
4 74 75
22 23 24
42 43 53
43 52 53
43 44 52
44 51 52
44 50 51
28 29 40
29 39 40
27 28 40
27 40 41
30 34 39
31 33 34
30 31 34
90 91 102
91 92 101
91 101 102
80 81 82
87 88 104
86 87 104
88 89 103
89 90 103
6 7 70
104 105 121
105 120 121
105 106 114
105 114 116
117 118 120
105 117 120
105 116 117
3 4 75
2 3 76
3 75 76
0 85 121
0 121 122
2 82 83
1 2 83
0 1 83
83 84 85
0 83 85
8 9 67
9 10 11
9 11 67
7 69 70
7 8 69
8 67 69
67 68 69
15 21 63
15 18 21
18 20 21
21 22 62
21 62 63
70 71 72
6 70 72
6 72 73
57 58 60
35 38 39
34 35 39
35 36 38
36 37 38
45 49 50
45 46 49
47 48 49
46 47 49
5 6 73
4 5 74
5 73 74
58 59 60
55 56 57
54 55 57
92 93 98
93 97 98
77 78 79
76 77 79
