# points
0.46429 0.40625
0.48661 0.41071
0.50893 0.41071
0.53125 0.41518
0.55357 0.41518
0.57589 0.41518
0.59821 0.41518
0.62054 0.41518
0.64286 0.41518
0.66518 0.41518
0.6875 0.40625
0.70536 0.38393
0.72768 0.375
0.75 0.36161
0.77232 0.35268
0.79464 0.33929
0.81696 0.33482
0.83929 0.33482
0.86161 0.33482
0.88393 0.33482
0.90625 0.34375
0.92857 0.34821
0.95089 0.35268
0.97321 0.35268
0.98661 0.33036
0.99554 0.30804
1 0.28571
1 0.26339
0.99554 0.24107
0.99107 0.21875
0.97321 0.19643
0.95089 0.17411
0.93304 0.15179
0.93304 0.12946
0.9375 0.10714
0.94643 0.084821
0.94643 0.0625
0.95089 0.040179
0.94643 0.022321
0.92411 0.022321
0.90179 0.017857
0.87946 0.0089286
0.85714 0
0.83482 0
0.8125 0
0.79018 0.0089286
0.76786 0.013393
0.74554 0.022321
0.72321 0.03125
0.70089 0.044643
0.67857 0.049107
0.65625 0.049107
0.63393 0.049107
0.61161 0.044643
0.58929 0.044643
0.56696 0.044643
0.54464 0.044643
0.52232 0.044643
0.5 0.044643
0.47768 0.044643
0.45536 0.044643
0.43304 0.040179
0.41071 0.040179
0.38839 0.035714
0.36607 0.026786
0.34375 0.017857
0.32143 0.0089286
0.29911 0.022321
0.27679 0.040179
0.25446 0.053571
0.23214 0.058036
0.20982 0.071429
0.1875 0.084821
0.16518 0.10268
0.14286 0.12054
0.12054 0.11607
0.098214 0.10714
0.075893 0.10268
0.053571 0.098214
0.03125 0.089286
0.013393 0.10268
0.0089286 0.125
0.0044643 0.14732
0 0.16964
0 0.19196
0.0089286 0.21429
0.03125 0.23214
0.049107 0.25446
0.0625 0.27679
0.075893 0.29018
0.080357 0.3125
0.080357 0.33482
0.084821 0.35714
0.09375 0.37946
0.098214 0.40179
0.098214 0.42411
0.11607 0.44196
0.13839 0.44643
0.16071 0.45089
0.18304 0.45089
0.20536 0.44643
0.22768 0.42857
0.25 0.41518
0.27232 0.40179
0.29464 0.39286
0.31696 0.39286
0.33929 0.39286
0.36161 0.39732
0.38393 0.39732
0.40625 0.40179
0.42857 0.40179
0.45089 0.40625
0.46429 0.40625
# triangles
41 42 43
35 36 40
78 79 80
63 69 106
93 94 98
94 95 96
73 74 104
74 89 104
69 71 104
69 70 71
69 105 106
69 104 105
43 44 45
0 2 58
36 39 40
37 38 39
36 37 39
8 9 11
7 8 11
6 7 11
21 24 25
21 25 26
60 108 110
62 63 106
62 106 108
60 62 108
60 61 62
94 97 98
94 96 97
72 73 104
71 72 104
89 103 104
93 101 102
106 107 108
0 58 59
59 60 110
0 59 110
0 1 2
2 56 57
2 57 58
83 84 86
84 85 86
78 80 81
78 81 82
11 51 52
6 52 54
6 11 52
34 35 40
34 40 41
22 23 24
21 22 24
20 21 26
63 68 69
77 78 82
77 82 83
77 83 86
76 77 86
92 93 102
91 92 102
89 90 103
90 91 102
90 102 103
93 98 99
93 99 101
108 109 110
2 4 56
4 55 56
2 3 4
45 46 47
74 87 89
87 88 89
75 76 86
74 75 87
75 86 87
52 53 54
28 29 30
19 30 31
19 28 30
18 19 31
19 27 28
19 20 27
20 26 27
9 10 11
63 64 68
99 100 101
4 5 55
5 6 54
5 54 55
15 49 50
18 31 32
17 18 32
32 47 48
32 48 49
65 66 67
65 67 68
64 65 68
0 110 111
15 16 49
16 32 49
16 17 32
33 45 47
32 33 47
33 43 45
33 41 43
33 34 41
11 13 51
11 12 13
13 50 51
13 15 50
13 14 15
