# points
0.39801 0.31343
0.41791 0.31343
0.43781 0.31343
0.45771 0.31841
0.47761 0.31841
0.49751 0.32338
0.51741 0.32836
0.53731 0.33333
0.55721 0.33831
0.57711 0.34328
0.59701 0.34826
0.61692 0.35323
0.63682 0.35323
0.65672 0.35323
0.67662 0.35323
0.69652 0.34826
0.71642 0.33831
0.73632 0.32836
0.75622 0.31841
0.77612 0.30846
0.79602 0.29353
0.81592 0.28856
0.83582 0.28856
0.85572 0.28856
0.87562 0.29851
0.89552 0.30348
0.91542 0.30348
0.93532 0.29851
0.95522 0.29353
0.97512 0.28358
0.99005 0.26368
1 0.24378
1 0.22388
0.99005 0.20398
0.9801 0.18408
0.96517 0.16418
0.94527 0.14925
0.93035 0.12935
0.9204 0.10945
0.9204 0.089552
0.93035 0.069652
0.9403 0.049751
0.95522 0.029851
0.9602 0.0099502
0.9403 0
0.9204 0
0.9005 0
0.8806 0
0.8607 0
0.8408 0
0.8209 0.0049751
0.801 0.0049751
0.78109 0.0099502
0.76119 0.014925
0.74129 0.024876
0.72139 0.039801
0.70149 0.054726
0.68159 0.069652
0.66169 0.074627
0.64179 0.074627
0.62189 0.074627
0.60199 0.069652
0.58209 0.069652
0.56219 0.064677
0.54229 0.059701
0.52239 0.054726
0.50249 0.049751
0.48259 0.044776
0.46269 0.039801
0.44279 0.039801
0.42289 0.039801
0.40299 0.039801
0.38308 0.039801
0.36318 0.039801
0.34328 0.039801
0.32338 0.044776
0.30348 0.044776
0.28358 0.049751
0.26368 0.054726
0.24378 0.054726
0.22388 0.064677
0.20398 0.079602
0.18408 0.094527
0.16915 0.10448
0.14925 0.099502
0.12935 0.094527
0.10945 0.089552
0.089552 0.084577
0.069652 0.084577
0.049751 0.079602
0.029851 0.079602
0.0099502 0.079602
0 0.099502
0 0.1194
0 0.1393
0 0.1592
0.0049751 0.1791
0.024876 0.199
0.039801 0.21891
0.059701 0.23383
0.074627 0.24876
0.094527 0.26866
0.094527 0.28856
0.089552 0.30846
0.084577 0.32836
0.084577 0.34826
0.089552 0.36816
0.10945 0.37313
0.12935 0.37811
0.14925 0.38308
0.16915 0.38806
0.18905 0.38806
0.20896 0.39303
0.22886 0.39801
0.24876 0.39303
0.26866 0.37811
0.28856 0.36318
0.30348 0.34328
0.31841 0.32338
0.33831 0.31841
0.35821 0.31343
0.37811 0.31343
0.39801 0.31343
0.39801 0.31343
# triangles
42 43 44
82 83 118
83 101 118
101 102 111
12 13 59
8 60 62
111 115 117
101 117 118
101 111 117
111 112 115
112 113 114
112 114 115
94 95 97
84 85 99
78 118 119
42 44 45
39 49 50
38 39 50
38 50 52
50 51 52
109 110 111
102 109 111
103 108 109
102 103 109
2 3 4
10 12 59
10 59 60
7 8 62
4 64 65
115 116 117
85 86 99
86 87 97
83 84 100
84 99 100
83 100 101
88 94 97
87 88 97
88 93 94
88 89 93
81 82 118
78 81 118
77 119 120
77 78 119
39 48 49
41 45 46
41 42 45
20 56 57
20 21 56
2 66 67
2 4 66
4 65 66
103 104 108
95 96 97
18 19 57
19 20 57
8 9 60
9 10 60
10 11 12
16 17 58
13 58 59
13 16 58
18 57 58
17 18 58
6 7 62
86 98 99
86 97 98
78 79 80
78 80 81
90 92 93
89 90 93
90 91 92
75 77 120
75 76 77
73 75 120
73 74 75
39 47 48
28 29 30
13 14 15
13 15 16
67 68 69
2 67 69
2 69 70
0 1 71
1 70 71
1 2 70
0 71 72
104 107 108
104 105 107
105 106 107
40 46 47
40 41 46
39 40 47
0 72 121
73 120 121
72 73 121
38 52 55
52 54 55
21 38 55
21 55 56
52 53 54
23 36 37
22 23 37
21 37 38
21 22 37
27 35 36
27 34 35
27 28 33
27 33 34
28 30 33
23 24 36
60 61 62
26 27 36
24 25 36
25 26 36
6 62 63
5 6 63
4 5 63
4 63 64
31 32 33
30 31 33
