# points
0.48661 0.40179
0.50893 0.40625
0.53125 0.40625
0.55357 0.40625
0.57589 0.41071
0.59821 0.41071
0.62054 0.41071
0.64286 0.41071
0.66518 0.41071
0.6875 0.41071
0.70982 0.40625
0.73214 0.40179
0.75446 0.38839
0.77679 0.375
0.79911 0.35714
0.82143 0.34375
0.84375 0.34375
0.86607 0.34375
0.88839 0.34375
0.91071 0.34375
0.93304 0.34375
0.95536 0.34375
0.97768 0.33482
0.99107 0.31696
1 0.29464
1 0.27232
0.99554 0.25
0.99107 0.22768
0.97768 0.20536
0.95536 0.1875
0.94196 0.16518
0.9375 0.14286
0.9375 0.12054
0.94196 0.098214
0.94643 0.075893
0.95536 0.053571
0.96875 0.03125
0.95089 0.0089286
0.92857 0
0.90625 0
0.88393 0
0.86161 0
0.83929 0
0.81696 0.0044643
0.79464 0.0089286
0.77232 0.017857
0.75 0.026786
0.72768 0.040179
0.70536 0.053571
0.68304 0.075893
0.66071 0.075893
0.63839 0.071429
0.61607 0.066964
0.59375 0.0625
0.57143 0.058036
0.54911 0.053571
0.52679 0.044643
0.50446 0.044643
0.48214 0.040179
0.45982 0.03125
0.4375 0.026786
0.41518 0.022321
0.39286 0.022321
0.37054 0.022321
0.34821 0.026786
0.32589 0.03125
0.30357 0.044643
0.28125 0.053571
0.25893 0.071429
0.23661 0.084821
0.21429 0.098214
0.19643 0.11607
0.17411 0.11607
0.15179 0.11161
0.12946 0.10714
0.10714 0.10268
0.084821 0.098214
0.0625 0.09375
0.040179 0.089286
0.017857 0.089286
0.0089286 0.11161
0 0.13393
0 0.15625
0 0.17857
0 0.20089
0.017857 0.22321
0.040179 0.24107
0.058036 0.26339
0.080357 0.28125
0.098214 0.30357
0.098214 0.32589
0.098214 0.34821
0.098214 0.37054
0.098214 0.39286
0.10268 0.41518
0.11161 0.4375
0.13393 0.45089
0.15625 0.45089
0.17857 0.45089
0.20089 0.45089
0.22321 0.45089
0.24554 0.45089
0.26786 0.44643
0.29018 0.43304
0.3125 0.41071
0.33036 0.38839
0.35268 0.37946
0.375 0.37946
0.39732 0.37946
0.41964 0.38393
0.44196 0.39286
0.46429 0.39732
0.48661 0.40179
0.48661 0.40179
# triangles
94 95 96
69 71 106
68 69 106
83 84 85
83 85 86
76 83 86
35 38 39
35 37 38
35 36 37
62 63 64
69 70 71
94 96 97
71 105 106
3 4 5
101 102 103
77 80 81
74 75 86
75 76 86
7 8 50
8 12 50
60 61 62
58 59 60
64 65 66
62 64 66
6 7 50
3 5 52
0 1 2
0 2 54
2 3 54
74 86 87
93 94 97
71 89 105
71 72 89
72 88 89
72 73 88
73 74 87
73 87 88
78 79 80
77 78 80
76 82 83
76 77 82
77 81 82
20 23 24
32 43 44
32 42 43
8 9 10
8 10 12
10 11 12
5 51 52
6 50 51
5 6 51
3 53 54
3 52 53
0 54 55
0 55 111
68 106 107
66 68 107
90 104 105
89 90 105
66 67 68
34 39 40
34 35 39
21 22 23
20 21 23
20 24 25
33 41 42
32 33 42
33 40 41
33 34 40
32 44 45
31 32 45
55 56 57
57 58 109
109 110 111
55 109 111
55 57 109
90 100 104
100 101 103
100 103 104
20 25 26
31 46 47
31 45 46
16 29 30
15 16 30
58 108 109
58 60 108
60 62 108
62 66 108
66 107 108
16 17 29
17 18 29
18 19 29
19 26 29
19 20 26
26 28 29
15 30 49
30 31 49
31 47 49
47 48 49
14 15 49
13 14 49
12 49 50
12 13 49
26 27 28
93 97 98
92 93 98
91 98 99
91 92 98
91 99 100
90 91 100
