# points
0.51327 0.38053
0.5354 0.38496
0.55752 0.38938
0.57965 0.39381
0.60177 0.39823
0.62389 0.40708
0.64602 0.4115
0.66814 0.41593
0.69027 0.41593
0.71239 0.4115
0.73451 0.39823
0.75221 0.38053
0.77434 0.36283
0.79646 0.34513
0.81858 0.33628
0.84071 0.32743
0.86283 0.33186
0.88496 0.33628
0.90708 0.34071
0.9292 0.34513
0.95133 0.34956
0.97345 0.34956
0.9823 0.32743
0.98673 0.30531
0.99115 0.28319
1 0.26106
1 0.23894
1 0.21681
0.9823 0.19469
0.96903 0.17257
0.95133 0.15044
0.9292 0.12832
0.92478 0.10619
0.93805 0.084071
0.94248 0.061947
0.94248 0.039823
0.94248 0.017699
0.9292 0
0.90708 0
0.88496 0
0.86283 0
0.84071 0
0.81858 0
0.79646 0
0.77434 0.0088496
0.75221 0.017699
0.73009 0.026549
0.70796 0.035398
0.68584 0.039823
0.66372 0.053097
0.64159 0.061947
0.61947 0.061947
0.59735 0.057522
0.57522 0.053097
0.5531 0.053097
0.53097 0.048673
0.50885 0.044248
0.48673 0.035398
0.4646 0.030973
0.44248 0.030973
0.42035 0.026549
0.39823 0.017699
0.37611 0.0044248
0.35398 0
0.33186 0.0088496
0.30973 0.017699
0.28761 0.026549
0.26549 0.035398
0.24336 0.053097
0.22124 0.070796
0.20354 0.09292
0.18142 0.097345
0.15929 0.09292
0.13717 0.088496
0.11504 0.088496
0.09292 0.088496
0.070796 0.088496
0.048673 0.084071
0.026549 0.079646
0.013274 0.097345
0.0044248 0.11947
0 0.14159
0 0.16372
0.0044248 0.18584
0.017699 0.20796
0.035398 0.23009
0.039823 0.25221
0.057522 0.26991
0.075221 0.29204
0.09292 0.30531
0.088496 0.32743
0.088496 0.34956
0.088496 0.37168
0.084071 0.39381
0.084071 0.41593
0.097345 0.43363
0.11947 0.43363
0.14159 0.43363
0.16372 0.43363
0.18584 0.43363
0.20796 0.43363
0.23009 0.4292
0.25221 0.42035
0.27434 0.40708
0.29646 0.40265
0.31858 0.39381
0.34071 0.37611
0.36283 0.36283
0.38496 0.36283
0.40708 0.36726
0.4292 0.37168
0.45133 0.37168
0.47345 0.37611
0.49558 0.38053
0.51327 0.38053
# triangles
60 68 107
68 70 107
76 80 81
76 81 82
56 57 59
70 106 107
70 89 106
77 79 80
76 77 80
77 78 79
68 69 70
19 22 23
20 21 22
19 20 22
42 43 44
32 42 44
32 44 45
60 107 108
59 60 108
60 66 68
94 95 96
93 94 96
70 71 89
34 35 39
57 58 59
62 63 64
47 48 49
66 67 68
89 103 106
89 102 103
90 91 99
89 90 99
72 73 85
35 38 39
36 37 38
35 36 38
32 41 42
32 33 39
33 34 39
31 32 45
31 45 46
31 46 47
18 19 23
16 29 30
16 28 29
16 17 28
8 9 10
61 62 64
61 64 65
52 53 54
4 12 50
4 5 6
59 108 109
56 59 109
54 55 112
74 75 85
73 74 85
92 96 97
92 93 96
89 101 102
72 85 87
71 87 89
71 72 87
75 76 84
75 84 85
76 82 84
82 83 84
32 39 40
32 40 41
17 24 28
17 18 24
18 23 24
15 30 31
15 16 30
14 15 47
15 31 47
12 13 50
13 49 50
13 14 47
13 47 49
6 7 11
4 6 11
4 11 12
7 8 11
8 10 11
4 50 51
1 52 54
1 2 51
1 51 52
2 3 51
3 4 51
56 109 111
109 110 111
55 56 111
55 111 112
103 104 106
104 105 106
92 97 98
91 98 99
91 92 98
89 99 100
89 100 101
87 88 89
85 86 87
24 25 26
24 26 28
26 27 28
0 1 54
0 54 112
0 112 113
61 65 66
60 61 66
