# points
0.35266 0.343
0.37681 0.343
0.40097 0.34783
0.42512 0.35266
0.44928 0.35749
0.47343 0.36715
0.49758 0.36715
0.52174 0.37198
0.54589 0.37198
0.57005 0.37198
0.5942 0.37198
0.61836 0.37681
0.64251 0.38164
0.66667 0.38164
0.69082 0.37198
0.71498 0.35266
0.73913 0.33333
0.76329 0.31401
0.78744 0.29469
0.81159 0.29469
0.83575 0.29952
0.8599 0.30435
0.88406 0.30435
0.90821 0.30918
0.93237 0.31401
0.95652 0.31884
0.97585 0.30435
0.99034 0.28019
1 0.25604
0.99517 0.23188
0.98551 0.20773
0.96618 0.18357
0.94203 0.15942
0.92271 0.1401
0.93237 0.11594
0.94203 0.091787
0.95169 0.067633
0.96618 0.043478
0.96618 0.019324
0.94203 0.014493
0.91787 0.0048309
0.89372 0.0048309
0.86957 0.0048309
0.84541 0.0048309
0.82126 0
0.7971 0
0.77295 0.0048309
0.74879 0.019324
0.72464 0.028986
0.70048 0.048309
0.67633 0.072464
0.65217 0.067633
0.62802 0.062802
0.60386 0.05314
0.57971 0.05314
0.55556 0.05314
0.5314 0.048309
0.50725 0.043478
0.48309 0.043478
0.45894 0.033816
0.43478 0.033816
0.41063 0.033816
0.38647 0.028986
0.36232 0.038647
0.33816 0.05314
0.31401 0.067633
0.28986 0.077295
0.2657 0.091787
0.24155 0.10145
0.21739 0.11594
0.19324 0.12077
0.16908 0.11594
0.14493 0.11111
0.12077 0.11111
0.096618 0.10628
0.072464 0.10628
0.048309 0.11594
0.038647 0.1401
0.024155 0.16425
0.014493 0.18841
0 0.21256
0.024155 0.23188
0.048309 0.24638
0.072464 0.27053
0.091787 0.28986
0.11594 0.30435
0.10628 0.3285
0.096618 0.35266
0.096618 0.37681
0.11111 0.3913
0.13527 0.39614
0.15942 0.40097
0.18357 0.4058
0.20773 0.41063
0.23188 0.41063
0.25604 0.4058
0.27536 0.38647
0.28986 0.36232
0.30435 0.33816
0.3285 0.33816
0.35266 0.343
0.35266 0.343
# triangles
75 76 77
87 88 89
61 62 63
34 42 43
35 36 41
34 35 42
35 41 42
37 38 39
36 37 39
12 13 14
68 69 98
1 65 99
85 97 98
85 91 92
92 93 97
85 92 97
85 86 91
69 70 98
70 85 98
74 75 77
73 74 77
36 40 41
36 39 40
22 31 32
22 23 31
67 68 98
67 98 99
93 96 97
0 1 99
86 90 91
86 87 90
87 89 90
72 73 83
61 63 64
1 64 65
1 61 64
24 26 27
24 25 26
33 34 43
10 16 51
58 59 60
56 57 58
8 9 55
9 54 55
23 30 31
65 66 99
66 67 99
93 94 96
94 95 96
79 80 81
71 72 83
71 83 84
70 71 85
71 84 85
11 12 15
12 14 15
10 11 15
10 15 16
18 33 49
4 56 58
27 28 29
23 29 30
24 27 29
23 24 29
73 77 82
73 82 83
79 81 82
21 22 32
21 32 33
20 21 33
33 47 49
45 46 47
44 45 47
43 44 47
33 43 47
18 49 50
17 18 50
16 50 51
16 17 50
52 53 54
10 51 52
9 10 52
9 52 54
6 55 56
4 6 56
6 7 8
6 8 55
3 4 58
77 78 82
78 79 82
18 19 33
19 20 33
47 48 49
4 5 6
2 3 58
2 58 60
1 2 61
2 60 61
