# points
0.33498 0.34483
0.35468 0.34483
0.37438 0.3399
0.39409 0.33498
0.41379 0.33498
0.4335 0.33498
0.4532 0.33498
0.47291 0.33498
0.49261 0.33498
0.51232 0.33498
0.53202 0.33498
0.55172 0.33498
0.57143 0.33498
0.59113 0.33498
0.61084 0.33498
0.63054 0.3399
0.65025 0.34483
0.66995 0.34483
0.68966 0.34975
0.70936 0.35468
0.72906 0.35468
0.74877 0.34975
0.76847 0.3399
0.78818 0.32512
0.80788 0.31527
0.82759 0.31034
0.84729 0.31034
0.867 0.31034
0.8867 0.31034
0.9064 0.31034
0.92611 0.31034
0.94581 0.31527
0.96552 0.3202
0.97537 0.30049
0.98522 0.28079
0.99507 0.26108
1 0.24138
1 0.22167
1 0.20197
0.98522 0.18719
0.97044 0.17241
0.95074 0.15764
0.93103 0.13793
0.92118 0.11823
0.92118 0.098522
0.93103 0.078818
0.93103 0.059113
0.93103 0.039409
0.93103 0.019704
0.91133 0.0049261
0.89163 0.0049261
0.87192 0
0.85222 0
0.83251 0
0.81281 0
0.7931 0
0.7734 0
0.75369 0
0.73399 0.0098522
0.71429 0.024631
0.69951 0.039409
0.6798 0.059113
0.6601 0.068966
0.64039 0.078818
0.62069 0.078818
0.60099 0.078818
0.58128 0.078818
0.56158 0.078818
0.54187 0.078818
0.52217 0.078818
0.50246 0.078818
0.48276 0.078818
0.46305 0.073892
0.44335 0.073892
0.42365 0.068966
0.40394 0.068966
0.38424 0.064039
0.36453 0.064039
0.34483 0.064039
0.32512 0.064039
0.30542 0.064039
0.28571 0.064039
0.26601 0.068966
0.24631 0.078818
0.23153 0.098522
0.21182 0.11823
0.19212 0.12808
0.17241 0.12808
0.15271 0.12808
0.133 0.12808
0.1133 0.12808
0.093596 0.12808
0.073892 0.12808
0.054187 0.12808
0.034483 0.12808
0.014778 0.12808
0 0.14286
0 0.16256
0 0.18227
0 0.20197
0.019704 0.22167
0.039409 0.24138
0.059113 0.25123
0.078818 0.27094
0.08867 0.29064
0.08867 0.31034
0.08867 0.33005
0.08867 0.34975
0.093596 0.36946
0.10837 0.38424
0.12808 0.38424
0.14778 0.38424
0.16749 0.38916
0.18719 0.38916
0.2069 0.39409
0.2266 0.39409
0.24631 0.38916
0.26601 0.37438
0.28571 0.36453
0.30542 0.35468
0.32512 0.34975
0.33498 0.34483
# triangles
104 111 113
46 47 50
47 48 49
47 49 50
108 109 110
0 79 84
0 84 85
24 25 43
111 112 113
106 110 111
86 87 104
87 103 104
87 88 103
90 91 102
81 82 84
82 83 84
80 81 84
79 80 84
75 76 77
86 104 117
86 117 118
104 113 117
113 114 117
114 115 117
115 116 117
85 86 119
86 118 119
0 85 119
0 1 2
44 52 53
44 51 52
44 50 51
44 46 50
17 18 23
18 22 23
104 105 111
105 106 111
107 108 110
106 107 110
89 90 102
89 102 103
88 89 103
91 92 102
0 78 79
0 2 78
3 75 77
3 4 75
2 3 78
3 77 78
24 43 61
10 68 69
0 119 120
35 36 40
25 42 43
92 101 102
14 64 65
12 66 67
43 60 61
14 63 64
17 23 63
43 55 60
55 59 60
15 16 17
15 17 63
14 15 63
10 11 68
11 67 68
11 12 67
9 10 69
36 39 40
44 45 46
30 34 35
30 35 40
25 26 42
31 32 33
30 33 34
30 31 33
18 21 22
98 99 100
93 98 100
92 93 100
92 100 101
23 62 63
56 57 58
56 58 59
55 56 59
44 53 54
43 44 54
43 54 55
6 7 71
7 8 71
12 13 66
13 65 66
13 14 65
36 37 39
37 38 39
26 27 42
27 28 41
27 41 42
28 29 41
29 30 40
29 40 41
8 9 70
9 69 70
8 70 71
71 72 73
5 6 73
6 71 73
4 5 73
73 74 75
4 73 75
94 96 97
94 95 96
94 97 98
93 94 98
19 20 21
18 19 21
24 61 62
23 24 62
