# points
0.23913 0.50435
0.29565 0.52174
0.34348 0.57391
0.30435 0.57826
0.24783 0.54348
0.1913 0.52609
0.13478 0.52174
0.17826 0.56087
0.23478 0.57391
0.28696 0.6
0.34783 0.61304
0.40435 0.61304
0.46087 0.62174
0.45217 0.66957
0.45652 0.71739
0.48696 0.76522
0.5087 0.82174
0.51304 0.87826
0.53478 0.91304
0.53913 0.86957
0.53478 0.81304
0.52609 0.75652
0.48696 0.7087
0.51304 0.7
0.57391 0.7087
0.59565 0.76957
0.62174 0.82609
0.64348 0.88261
0.65217 0.93913
0.63913 1
0.66957 0.9913
0.67391 0.93043
0.66522 0.87826
0.65217 0.82174
0.66087 0.8087
0.66522 0.78261
0.69565 0.75652
0.72174 0.76522
0.72609 0.71304
0.76957 0.73913
0.82174 0.76522
0.87826 0.78261
0.93913 0.79565
0.92174 0.76957
0.86522 0.75652
0.8087 0.73478
0.75652 0.70435
0.7 0.67826
0.65652 0.63478
0.65217 0.58261
0.66522 0.56087
0.70435 0.60435
0.76087 0.62609
0.81304 0.63913
0.86087 0.63913
0.82609 0.61304
0.76957 0.5913
0.71304 0.56087
0.66087 0.52609
0.60435 0.52174
0.60435 0.46957
0.6087 0.4087
0.59565 0.34783
0.58261 0.2913
0.57391 0.23913
0.56957 0.18261
0.54348 0.20435
0.54348 0.25652
0.55652 0.31304
0.56957 0.36957
0.55217 0.37391
0.52174 0.33043
0.51304 0.26957
0.46957 0.22174
0.42174 0.16522
0.37391 0.11739
0.34348 0.056522
0.32174 0
0.28261 0.0043478
0.31304 0.047826
0.33043 0.095652
0.35652 0.14348
0.4 0.18696
0.45217 0.23043
0.47391 0.28261
0.44348 0.27826
0.38696 0.24783
0.32609 0.24783
0.26957 0.27826
0.23913 0.33478
0.23478 0.39565
0.24348 0.45217
0.2 0.42609
0.16522 0.37391
0.13478 0.32609
0.086957 0.28261
0.03913 0.24348
0 0.23043
0.030435 0.28261
0.082609 0.31739
0.11304 0.36522
0.16522 0.42609
0.21304 0.47391
0.23913 0.50435
# triangles
96 97 98
41 42 43
38 46 47
53 54 55
36 38 47
36 37 38
24 36 47
24 25 36
53 55 56
52 53 56
38 39 46
40 41 44
41 43 44
3 4 9
4 8 9
25 35 36
60 61 70
1 2 70
5 7 8
4 5 8
5 6 7
94 95 99
95 96 98
95 98 99
85 89 90
1 85 91
85 90 91
94 99 100
12 49 59
12 24 49
12 59 60
12 60 70
51 56 57
51 52 56
24 47 48
24 48 49
39 40 45
40 44 45
39 45 46
25 26 35
26 34 35
61 62 69
61 69 70
85 86 89
64 65 66
1 70 71
1 71 85
93 94 100
0 1 91
93 100 101
75 80 81
75 76 80
12 23 24
2 11 70
11 12 70
50 57 58
50 51 57
49 50 59
50 58 59
26 33 34
28 29 30
28 30 31
26 27 33
27 32 33
27 31 32
27 28 31
87 88 89
86 87 89
64 66 67
63 64 67
71 84 85
71 72 84
0 91 102
76 79 80
77 78 79
76 77 79
2 10 11
2 3 10
3 9 10
16 19 20
63 67 68
62 63 68
62 68 69
72 73 84
91 92 102
92 101 102
92 93 101
13 14 22
12 13 23
13 22 23
16 17 19
17 18 19
74 75 81
74 81 82
74 82 83
73 74 83
73 83 84
15 21 22
14 15 22
15 16 20
15 20 21
