# points
0.20232 0.49751
0.25539 0.53234
0.31012 0.56219
0.37148 0.54892
0.39138 0.58872
0.37977 0.65008
0.38806 0.70647
0.37645 0.76451
0.34992 0.8126
0.3864 0.80431
0.41128 0.75456
0.41294 0.69486
0.41128 0.63847
0.45108 0.59867
0.47098 0.64511
0.45771 0.70481
0.44942 0.76783
0.44279 0.82919
0.43449 0.89055
0.41625 0.95025
0.37313 0.99668
0.40133 1
0.43947 0.94693
0.45605 0.89221
0.46932 0.83582
0.47927 0.77446
0.49254 0.71144
0.51741 0.65837
0.53731 0.65008
0.57546 0.63018
0.59204 0.59536
0.65672 0.58872
0.71642 0.58706
0.78275 0.58872
0.84743 0.58375
0.90547 0.56882
0.95854 0.53566
0.92869 0.52902
0.87231 0.55058
0.81426 0.56219
0.75124 0.56219
0.69154 0.5539
0.63682 0.55887
0.57877 0.56219
0.53897 0.53068
0.57546 0.49751
0.6335 0.50912
0.68988 0.52073
0.74793 0.50249
0.7529 0.46269
0.7131 0.48922
0.6534 0.48922
0.5937 0.46766
0.53068 0.47098
0.49585 0.43947
0.52073 0.38308
0.49917 0.32338
0.47098 0.267
0.45605 0.2073
0.41459 0.1791
0.42289 0.22222
0.44942 0.28027
0.47595 0.33333
0.48756 0.38972
0.4461 0.36982
0.40464 0.31675
0.38474 0.26202
0.36153 0.2073
0.32172 0.15589
0.28192 0.10614
0.267 0.043118
0.25041 0
0.2471 0.034826
0.25207 0.096186
0.25207 0.13101
0.30182 0.17081
0.34494 0.21725
0.32504 0.23051
0.27695 0.18242
0.22554 0.1592
0.16584 0.1791
0.13433 0.23217
0.15755 0.29022
0.19403 0.34494
0.17579 0.34992
0.13101 0.30182
0.10448 0.24544
0.053068 0.23051
0 0.21061
0.0082919 0.24544
0.067993 0.26866
0.11609 0.31509
0.1592 0.36484
0.20896 0.40299
0.26368 0.42786
0.3068 0.48259
0.32504 0.5257
0.27363 0.5141
0.22886 0.46932
0.17745 0.44113
0.14594 0.40796
0.13765 0.4461
0.19071 0.48093
0.20232 0.49751
# triangles
29 30 43
34 38 39
48 49 50
54 55 63
56 57 61
34 35 38
35 36 37
35 37 38
3 54 95
3 13 54
3 4 13
46 51 52
45 46 52
45 52 53
28 29 43
30 31 42
30 42 43
57 58 60
57 60 61
65 77 94
77 83 94
77 82 83
77 78 82
64 65 94
64 94 95
54 64 95
54 63 64
55 56 62
55 62 63
56 61 62
17 23 24
28 43 44
13 28 44
44 45 53
13 44 54
44 53 54
16 17 25
17 24 25
4 12 13
83 93 94
0 98 102
87 88 89
87 89 90
65 66 77
58 59 60
83 84 93
84 92 93
86 87 90
33 39 40
32 33 40
33 34 39
32 40 41
31 32 41
31 41 42
3 95 96
2 3 96
19 20 21
19 21 22
17 18 23
18 22 23
18 19 22
4 5 12
5 11 12
13 14 28
0 1 98
85 91 92
84 85 92
85 90 91
85 86 90
78 79 82
47 48 50
47 50 51
46 47 51
5 6 11
6 10 11
6 7 10
16 25 26
7 9 10
7 8 9
99 100 101
99 101 102
98 99 102
1 97 98
2 96 97
1 2 97
66 76 77
66 67 76
79 80 82
14 15 26
15 16 26
14 27 28
14 26 27
67 68 76
80 81 82
70 71 72
68 75 76
69 74 75
68 69 75
69 73 74
69 70 73
70 72 73
