# points
0.21673 0.48289
0.25475 0.52852
0.29658 0.56274
0.3346 0.59696
0.35741 0.64259
0.34221 0.65399
0.29278 0.63118
0.25856 0.62357
0.21293 0.63118
0.1635 0.63118
0.14068 0.63498
0.15589 0.6654
0.20532 0.65779
0.25475 0.65779
0.29658 0.68821
0.34601 0.69202
0.39924 0.70342
0.44867 0.72243
0.47529 0.76806
0.49049 0.82129
0.4981 0.86312
0.51331 0.89734
0.53232 0.92395
0.53232 0.96958
0.56274 1
0.56654 0.95057
0.56274 0.90875
0.57795 0.88213
0.54753 0.8403
0.52091 0.79468
0.52091 0.76046
0.57414 0.76806
0.59316 0.81749
0.61597 0.78327
0.6654 0.77186
0.68821 0.74144
0.71483 0.73384
0.73384 0.68821
0.76426 0.67681
0.72624 0.6616
0.73004 0.62738
0.73764 0.58555
0.77947 0.61977
0.81369 0.65019
0.85551 0.6692
0.90114 0.68061
0.94677 0.69962
0.94297 0.65779
0.90494 0.64639
0.86692 0.62357
0.8365 0.60076
0.79848 0.57795
0.75285 0.55513
0.70722 0.52471
0.70722 0.47148
0.70342 0.42205
0.69962 0.37262
0.69582 0.327
0.68821 0.28897
0.69202 0.24335
0.70722 0.19772
0.68821 0.1635
0.6654 0.20532
0.65779 0.24715
0.65779 0.30038
0.63878 0.327
0.65779 0.38023
0.65779 0.42205
0.61597 0.37643
0.58175 0.3384
0.56654 0.29278
0.53612 0.25095
0.5057 0.20913
0.47529 0.1711
0.44487 0.14068
0.42586 0.091255
0.40684 0.041825
0.37643 0
0.35741 0.030418
0.37643 0.076046
0.40684 0.11787
0.42205 0.1711
0.40304 0.19011
0.43726 0.22814
0.47529 0.26996
0.50951 0.30418
0.5057 0.327
0.45247 0.31939
0.39924 0.327
0.34981 0.35741
0.32319 0.40304
0.30798 0.45247
0.30798 0.5057
0.28897 0.5019
0.26996 0.45627
0.23574 0.41445
0.20152 0.36882
0.1673 0.36882
0.12548 0.3384
0.079848 0.30798
0.04943 0.26996
0 0.26616
0.019011 0.30798
0.064639 0.3384
0.10646 0.36122
0.14449 0.39163
0.17871 0.44106
0.21673 0.48289
0.21673 0.48289
# triangles
45 46 47
87 88 90
76 77 78
45 47 48
100 101 102
86 87 90
3 86 92
60 61 62
71 72 84
72 73 83
72 83 84
5 14 15
4 5 15
0 95 106
71 84 85
70 71 85
70 85 86
2 3 92
76 78 79
75 76 79
23 24 25
22 23 25
21 26 27
21 22 26
22 25 26
3 4 67
0 94 95
97 105 106
95 96 106
96 97 106
98 104 105
97 98 105
9 10 11
9 11 12
8 12 13
7 8 13
8 9 12
5 6 14
6 13 14
6 7 13
58 63 64
73 74 81
81 82 83
73 81 83
17 30 53
4 17 67
17 53 67
19 20 28
21 27 28
20 21 28
44 45 48
44 48 49
3 68 86
3 67 68
53 54 67
86 90 91
86 91 92
0 1 93
0 93 94
1 2 93
2 92 93
88 89 90
99 103 104
98 99 104
99 102 103
99 100 102
58 59 63
59 62 63
59 60 62
57 58 64
57 64 65
74 75 80
74 80 81
75 79 80
4 15 16
4 16 17
19 28 29
69 70 86
68 69 86
56 57 66
57 65 66
54 55 67
55 56 66
55 66 67
17 18 30
18 19 29
18 29 30
30 31 53
37 38 39
41 42 51
43 44 49
31 35 39
35 37 39
40 41 53
31 40 53
31 39 40
41 52 53
41 51 52
43 49 50
42 50 51
42 43 50
31 32 33
31 33 35
35 36 37
33 34 35
