# points
0.16107 0.50336
0.20805 0.54362
0.25503 0.59396
0.25839 0.62081
0.20805 0.66107
0.16443 0.72483
0.15101 0.7651
0.16443 0.81544
0.11074 0.87584
0.077181 0.94295
0.10738 0.98322
0.11745 0.91611
0.15772 0.86242
0.2047 0.80872
0.22483 0.75839
0.24832 0.69128
0.29195 0.71477
0.34564 0.77852
0.33893 0.80201
0.32886 0.85235
0.3557 0.8255
0.41946 0.84228
0.47651 0.82886
0.51007 0.86242
0.55369 0.8255
0.50336 0.80201
0.55034 0.76174
0.60067 0.69799
0.63087 0.72819
0.65101 0.7953
0.6745 0.83893
0.72483 0.88926
0.75168 0.94966
0.77181 1
0.78523 0.9396
0.75168 0.87248
0.70805 0.82886
0.71812 0.77852
0.7047 0.72819
0.66443 0.66443
0.61409 0.61745
0.64094 0.56711
0.69799 0.52349
0.74497 0.48658
0.7953 0.46309
0.7953 0.42953
0.82886 0.36913
0.89262 0.33221
0.86913 0.30537
0.81879 0.34899
0.76846 0.39597
0.72483 0.43624
0.67785 0.47987
0.65772 0.45973
0.66107 0.39262
0.68792 0.32886
0.72819 0.27181
0.75168 0.21812
0.77517 0.17785
0.82215 0.12416
0.86242 0.063758
0.86242 0.0067114
0.82886 0.057047
0.79195 0.11074
0.73826 0.13087
0.7047 0.1745
0.68121 0.24161
0.65101 0.27181
0.63087 0.2047
0.58054 0.14094
0.52013 0.090604
0.45302 0.050336
0.38591 0.063758
0.33557 0.10738
0.28188 0.16107
0.24497 0.22819
0.21812 0.25839
0.19128 0.19463
0.16443 0.13087
0.13423 0.14094
0.080537 0.090604
0.04698 0.033557
0.013423 0
0.026846 0.067114
0.07047 0.13087
0.10403 0.18792
0.15436 0.23154
0.17114 0.28523
0.2047 0.34564
0.22483 0.4094
0.22819 0.47651
0.19463 0.4698
0.14094 0.41275
0.10403 0.37919
0.050336 0.33221
0.010067 0.28859
0 0.32886
0.053691 0.36913
0.10067 0.42953
0.10738 0.45973
0.13758 0.49664
0.16107 0.50336
# triangles
32 33 34
32 34 35
31 32 35
54 67 89
31 35 36
80 83 84
94 95 96
2 3 40
2 40 41
2 41 90
60 61 62
58 64 65
3 16 40
81 82 83
80 81 83
45 50 51
43 44 51
44 45 51
58 63 64
57 58 65
45 46 50
56 66 67
57 65 66
56 57 66
54 55 67
55 56 67
30 31 36
17 21 22
3 4 15
3 15 16
69 70 73
69 73 74
94 96 97
76 86 87
1 2 90
1 90 91
0 1 91
41 53 90
53 54 89
53 89 90
58 59 63
59 60 62
59 62 63
67 68 69
28 38 39
29 36 37
29 30 36
29 37 38
28 29 38
18 19 20
17 20 21
17 18 20
70 71 72
70 72 73
79 80 84
79 84 85
67 75 89
67 69 75
69 74 75
92 98 99
93 94 97
92 93 98
93 97 98
76 87 88
75 88 89
75 76 88
0 91 100
92 99 100
91 92 100
43 51 52
42 43 52
41 42 52
41 52 53
46 49 50
46 47 49
47 48 49
27 39 40
27 28 39
16 17 26
16 26 40
26 27 40
4 5 15
5 14 15
5 6 14
6 13 14
77 85 86
77 79 85
77 78 79
76 77 86
22 23 25
17 22 25
17 25 26
6 7 13
7 12 13
7 8 12
23 24 25
8 11 12
9 10 11
8 9 11
