# points
0.087719 0.50439
0.10526 0.51754
0.10526 0.53509
0.10965 0.55263
0.10965 0.57018
0.10965 0.58772
0.10965 0.60526
0.10965 0.62281
0.10965 0.64035
0.10965 0.65789
0.10526 0.67544
0.10088 0.69298
0.096491 0.71053
0.083333 0.72807
0.074561 0.74561
0.070175 0.76316
0.065789 0.7807
0.065789 0.79825
0.061404 0.81579
0.061404 0.83333
0.061404 0.85088
0.061404 0.86842
0.061404 0.88596
0.065789 0.90351
0.074561 0.92105
0.078947 0.9386
0.092105 0.95614
0.10088 0.97368
0.11842 0.98684
0.13596 0.99561
0.15351 1
0.17105 0.99561
0.1886 0.99561
0.20614 0.98246
0.22368 0.96491
0.23684 0.94737
0.24561 0.92982
0.25439 0.91228
0.25877 0.89474
0.26316 0.87719
0.26316 0.85965
0.26316 0.84211
0.25877 0.82456
0.25877 0.80702
0.25439 0.78947
0.25 0.77193
0.25 0.75439
0.24123 0.73684
0.23246 0.7193
0.23246 0.70175
0.23246 0.68421
0.23246 0.66667
0.23246 0.64912
0.23246 0.63158
0.22807 0.61404
0.22807 0.59649
0.22807 0.57895
0.22368 0.5614
0.22368 0.54386
0.22368 0.52632
0.22368 0.50877
0.22807 0.49123
0.24561 0.48246
0.25877 0.46491
0.27193 0.44737
0.28509 0.42982
0.29386 0.41228
0.30263 0.39474
0.3114 0.37719
0.32018 0.35965
0.32456 0.34211
0.32456 0.32456
0.32895 0.30702
0.32895 0.28947
0.32895 0.27193
0.32895 0.25439
0.32895 0.23684
0.32456 0.2193
0.32456 0.20175
0.32018 0.18421
0.31579 0.16667
0.31579 0.14912
0.3114 0.13158
0.30263 0.11404
0.28947 0.096491
0.2807 0.078947
0.26754 0.061404
0.25 0.04386
0.23246 0.026316
0.21491 0.017544
0.19737 0.0087719
0.17982 0.004386
0.16228 0
0.14474 0
0.12719 0.004386
0.10965 0.013158
0.092105 0.026316
0.078947 0.04386
0.065789 0.061404
0.048246 0.078947
0.035088 0.096491
0.026316 0.11404
0.017544 0.13158
0.017544 0.14912
0.013158 0.16667
0.004386 0.18421
0 0.20175
0 0.2193
0 0.23684
0 0.25439
0 0.27193
0 0.28947
0 0.30702
0.004386 0.32456
0.004386 0.34211
0.004386 0.35965
0.0087719 0.37719
0.017544 0.39474
0.02193 0.41228
0.026316 0.42982
0.035088 0.44737
0.04386 0.46491
0.057018 0.48246
0.074561 0.49561
0.087719 0.50439
# triangles
80 103 104
80 84 103
105 106 107
104 105 107
64 117 118
79 80 104
77 79 104
77 78 79
91 94 95
80 82 83
80 83 84
101 102 103
99 101 103
84 86 98
84 98 103
98 99 103
77 104 108
104 107 108
80 81 82
67 113 117
0 1 61
61 118 120
89 90 91
84 85 86
99 100 101
86 87 98
87 88 89
89 91 97
87 89 97
87 97 98
91 95 97
95 96 97
113 114 117
114 116 117
114 115 116
75 76 77
111 112 113
77 108 109
75 77 109
5 56 57
4 5 57
118 119 120
3 4 57
61 120 123
0 61 123
64 66 117
66 67 117
67 68 113
61 62 63
63 64 118
61 63 118
121 122 123
120 121 123
15 16 17
26 27 28
24 25 26
38 39 40
17 18 19
1 2 59
2 3 59
68 69 71
68 71 113
71 72 73
3 57 58
3 58 59
1 60 61
1 59 60
17 19 42
20 40 42
19 20 42
42 43 44
17 42 44
12 47 48
10 11 49
11 12 48
11 48 49
12 13 47
13 14 15
6 7 54
7 8 54
28 29 31
26 28 31
29 30 31
69 70 71
21 38 40
20 21 40
21 24 38
21 22 23
21 23 24
40 41 42
64 65 66
13 45 47
13 15 45
45 46 47
17 44 45
15 17 45
8 9 52
9 51 52
10 49 50
9 10 50
9 50 51
24 26 35
8 52 53
8 53 54
26 31 34
26 34 35
24 35 36
36 37 38
24 36 38
5 55 56
5 6 55
6 54 55
31 32 33
31 33 34
91 93 94
91 92 93
74 110 111
73 74 111
74 75 109
74 109 110
71 73 111
71 111 113
