# points
0.16529 0.033058
0.14463 0.03719
0.12397 0.045455
0.10331 0.049587
0.082645 0.053719
0.061983 0.057851
0.041322 0.061983
0.020661 0.07438
0.0041322 0.095041
0 0.1157
0.0082645 0.13636
0.028926 0.14876
0.049587 0.14876
0.070248 0.13223
0.090909 0.1281
0.11157 0.12397
0.13223 0.11983
0.15289 0.1157
0.17355 0.10744
0.19421 0.10331
0.21488 0.099174
0.23554 0.099174
0.2562 0.095041
0.27686 0.095041
0.29752 0.090909
0.31818 0.090909
0.33884 0.086777
0.3595 0.086777
0.38017 0.082645
0.40083 0.082645
0.42149 0.082645
0.44215 0.082645
0.46281 0.082645
0.48347 0.082645
0.50413 0.082645
0.52479 0.086777
0.54545 0.086777
0.56612 0.090909
0.58678 0.095041
0.60331 0.1157
0.62397 0.13223
0.64463 0.14876
0.66529 0.16116
0.68595 0.16942
0.70661 0.17355
0.72727 0.17769
0.74793 0.18182
0.7686 0.18595
0.78926 0.18595
0.80992 0.18595
0.83058 0.18595
0.85124 0.18182
0.8719 0.17769
0.89256 0.17355
0.91322 0.16116
0.93388 0.14463
0.95455 0.1281
0.97107 0.10744
0.98347 0.086777
0.99174 0.066116
1 0.045455
1 0.024793
0.98347 0.0041322
0.96281 0
0.94215 0.0041322
0.92149 0.0082645
0.90083 0.012397
0.88017 0.016529
0.8595 0.020661
0.83884 0.024793
0.81818 0.028926
0.79752 0.028926
0.77686 0.028926
0.7562 0.028926
0.73554 0.028926
0.71488 0.028926
0.69421 0.028926
0.67355 0.028926
0.65289 0.024793
0.63223 0.020661
0.61157 0.020661
0.59091 0.016529
0.57025 0.016529
0.54959 0.012397
0.52893 0.012397
0.50826 0.0082645
0.4876 0.0082645
0.46694 0.0082645
0.44628 0.0082645
0.42562 0.0082645
0.40496 0.0082645
0.3843 0.0082645
0.36364 0.0082645
0.34298 0.012397
0.32231 0.012397
0.30165 0.016529
0.28099 0.016529
0.26033 0.020661
0.23967 0.020661
0.21901 0.024793
0.19835 0.028926
0.17769 0.033058
0.16529 0.033058
# triangles
8 9 11
60 61 63
61 62 63
9 10 11
49 50 70
52 53 54
56 57 66
32 87 88
60 63 64
59 60 64
50 51 70
1 2 17
31 88 89
31 32 88
23 96 97
22 23 97
29 90 91
23 24 96
26 27 93
26 93 94
25 26 94
40 77 78
38 78 79
54 55 68
52 54 68
44 74 75
57 58 65
57 65 66
58 59 65
59 64 65
6 7 13
7 8 13
8 11 13
11 12 13
2 16 17
30 31 89
30 89 90
29 30 90
41 76 77
41 42 76
40 41 77
32 33 87
33 86 87
39 40 78
38 39 78
36 83 84
35 36 84
22 97 98
1 17 18
18 19 101
27 92 93
24 25 95
25 94 95
24 95 96
38 79 80
38 80 81
36 82 83
48 49 71
49 70 71
55 67 68
56 66 67
55 56 67
43 44 75
42 43 76
43 75 76
44 45 74
45 73 74
45 46 73
4 14 15
5 6 13
5 13 14
4 5 14
3 4 15
2 3 16
3 15 16
34 85 86
33 34 86
34 84 85
34 35 84
36 37 82
37 38 81
37 81 82
0 1 18
0 18 101
20 21 99
21 98 99
21 22 98
19 100 101
19 20 100
20 99 100
27 28 92
28 91 92
28 29 91
52 68 69
51 52 69
51 69 70
46 47 72
46 72 73
47 48 72
48 71 72
