# points
0.10331 0.50413
0.10331 0.52479
0.10331 0.54545
0.10331 0.56612
0.10331 0.58678
0.10331 0.60744
0.10331 0.6281
0.099174 0.64876
0.099174 0.66942
0.095041 0.69008
0.095041 0.71074
0.090909 0.7314
0.086777 0.75207
0.086777 0.77273
0.082645 0.79339
0.078512 0.81405
0.07438 0.83471
0.070248 0.85537
0.066116 0.87603
0.061983 0.89669
0.057851 0.91736
0.045455 0.93802
0.03719 0.95868
0.041322 0.97934
0.057851 0.99587
0.078512 1
0.099174 0.99174
0.11983 0.97107
0.12397 0.95041
0.13223 0.92975
0.13636 0.90909
0.1405 0.88843
0.14463 0.86777
0.14876 0.84711
0.15289 0.82645
0.15702 0.80579
0.16116 0.78512
0.16116 0.76446
0.16529 0.7438
0.16529 0.72314
0.16942 0.70248
0.17355 0.68182
0.17355 0.66116
0.17769 0.6405
0.17769 0.61983
0.17769 0.59917
0.17769 0.57851
0.17769 0.55785
0.17769 0.53719
0.17769 0.51653
0.17769 0.49587
0.17355 0.47521
0.17355 0.45455
0.16942 0.43388
0.16942 0.41322
0.16529 0.39256
0.16529 0.3719
0.16116 0.35124
0.16116 0.33058
0.15702 0.30992
0.15702 0.28926
0.15702 0.2686
0.15702 0.24793
0.15702 0.22727
0.15702 0.20661
0.15702 0.18595
0.16116 0.16529
0.16116 0.14463
0.16942 0.12397
0.17355 0.10331
0.17769 0.082645
0.18182 0.061983
0.18595 0.041322
0.18182 0.020661
0.16529 0.0041322
0.14463 0
0.12397 0.0041322
0.10331 0.016529
0.082645 0.024793
0.061983 0.041322
0.041322 0.061983
0.028926 0.082645
0.012397 0.10331
0.0082645 0.12397
0.0041322 0.14463
0 0.16529
0 0.18595
0 0.20661
0 0.22727
0.0041322 0.24793
0.0082645 0.2686
0.012397 0.28926
0.016529 0.30992
0.024793 0.33058
0.033058 0.35124
0.049587 0.3719
0.066116 0.39256
0.086777 0.41322
0.095041 0.42975
0.095041 0.45041
0.099174 0.47107
0.10331 0.49174
0.10331 0.50413
# triangles
24 25 26
81 82 83
71 76 77
68 79 80
67 80 81
67 68 80
67 81 83
59 94 95
65 84 85
67 83 84
65 66 84
66 67 84
59 93 94
65 85 86
8 41 42
7 8 42
2 47 48
51 52 100
4 45 46
20 28 29
58 59 95
21 26 27
21 27 28
20 21 28
21 22 23
2 3 47
3 46 47
3 4 46
1 2 48
1 48 49
52 53 99
52 99 100
6 43 44
6 42 43
6 7 42
8 9 40
8 40 41
9 10 40
10 39 40
13 36 37
12 13 37
13 35 36
18 30 31
17 31 32
17 18 31
68 69 79
69 78 79
61 62 90
61 90 91
57 58 95
56 57 97
55 56 97
18 19 30
19 29 30
19 20 29
63 88 89
62 89 90
62 63 89
0 49 50
0 1 49
53 54 98
53 98 99
55 97 98
54 55 98
4 5 45
5 44 45
5 6 44
13 14 35
14 34 35
14 15 34
15 33 34
11 37 38
11 12 37
11 38 39
10 11 39
70 71 77
70 77 78
69 70 78
59 60 93
60 92 93
60 91 92
60 61 91
57 96 97
57 95 96
50 51 101
0 50 101
51 100 101
16 32 33
16 17 32
15 16 33
72 73 74
72 74 75
71 72 75
71 75 76
64 86 87
64 65 86
63 87 88
63 64 87
21 23 24
21 24 26
