# points
0.51915 0.53191
0.54043 0.55319
0.5617 0.57447
0.58298 0.59149
0.59574 0.61277
0.61277 0.63404
0.62979 0.65532
0.6383 0.6766
0.65532 0.69787
0.6766 0.71915
0.68936 0.74043
0.70213 0.7617
0.71064 0.78298
0.72766 0.80426
0.74043 0.82553
0.75319 0.84681
0.76596 0.86809
0.77447 0.88936
0.78298 0.91064
0.78723 0.93191
0.79149 0.95319
0.79149 0.97447
0.80851 0.99574
0.82979 1
0.85106 0.99574
0.86809 0.97447
0.86809 0.95319
0.86809 0.93191
0.86383 0.91064
0.85532 0.88936
0.85106 0.86809
0.84255 0.84681
0.82979 0.82553
0.81702 0.80426
0.80426 0.78298
0.79574 0.7617
0.77872 0.74043
0.77021 0.71915
0.75745 0.69787
0.74043 0.6766
0.7234 0.65532
0.70638 0.63404
0.69362 0.61277
0.68085 0.59149
0.66383 0.57021
0.64681 0.54894
0.62979 0.52766
0.60851 0.51064
0.58723 0.48936
0.56596 0.46809
0.54468 0.44681
0.5234 0.42979
0.50638 0.40851
0.48511 0.39574
0.4766 0.37447
0.45532 0.35745
0.43404 0.33617
0.41702 0.31489
0.4 0.29362
0.37872 0.2766
0.3617 0.25532
0.34043 0.23404
0.3234 0.21702
0.30213 0.19574
0.28511 0.17447
0.26383 0.15319
0.25106 0.13191
0.22979 0.11064
0.20851 0.093617
0.18723 0.080851
0.16596 0.068085
0.14468 0.055319
0.1234 0.042553
0.10213 0.029787
0.080851 0.012766
0.059574 0
0.038298 0
0.017021 0.0085106
0 0.029787
0 0.051064
0.0042553 0.07234
0.0085106 0.093617
0.021277 0.11489
0.029787 0.13617
0.038298 0.15745
0.051064 0.17872
0.068085 0.2
0.080851 0.22128
0.093617 0.24255
0.11064 0.26383
0.1234 0.28511
0.14043 0.30638
0.1617 0.31915
0.17872 0.34043
0.2 0.35745
0.22128 0.37021
0.24255 0.37872
0.26383 0.38298
0.28511 0.38723
0.30638 0.39149
0.32766 0.39574
0.34894 0.39574
0.37021 0.40426
0.39149 0.40426
0.40851 0.42553
0.42553 0.44681
0.44681 0.46383
0.46809 0.48085
0.48511 0.49787
0.50638 0.51915
0.51915 0.53191
# triangles
23 24 25
77 78 79
76 77 79
21 22 23
74 75 76
74 76 79
20 21 23
66 67 88
70 71 85
72 73 82
73 81 82
2 3 46
3 45 46
12 13 36
62 93 94
62 94 95
13 35 36
13 34 35
69 70 86
70 85 86
72 82 83
71 72 83
74 79 80
73 74 80
73 80 81
20 26 27
23 25 26
20 23 26
6 7 41
6 41 42
3 4 45
11 36 37
11 12 36
17 30 31
15 32 33
13 14 34
14 33 34
14 15 33
62 63 93
58 59 101
67 68 87
67 87 88
71 84 85
71 83 84
59 99 100
59 100 101
57 101 102
57 58 101
49 50 109
50 108 109
50 51 108
52 106 107
51 52 107
51 107 108
52 53 106
53 105 106
7 8 41
8 40 41
19 27 28
19 20 27
15 16 32
16 31 32
16 17 31
62 95 96
61 62 96
61 96 97
2 46 47
1 2 47
1 47 48
4 44 45
4 5 44
6 42 43
5 6 43
5 43 44
54 55 104
53 54 104
53 104 105
10 38 39
10 37 38
10 11 37
17 18 30
63 64 92
63 92 93
90 91 92
65 66 88
65 88 89
65 89 90
65 90 92
64 65 92
0 1 48
0 49 109
0 48 49
61 97 98
59 98 99
59 60 98
60 61 98
55 56 103
55 103 104
56 57 103
57 102 103
9 10 39
9 39 40
8 9 40
18 29 30
19 28 29
18 19 29
69 86 87
68 69 87
