# points
0 0.14912
0 0.16667
0.004386 0.18421
0.0087719 0.20175
0.02193 0.2193
0.030702 0.23684
0.048246 0.25439
0.065789 0.27193
0.083333 0.2807
0.10088 0.29386
0.11842 0.30263
0.13596 0.3114
0.15351 0.31579
0.17105 0.32018
0.1886 0.32456
0.20614 0.32456
0.22368 0.32456
0.24123 0.32895
0.25877 0.32895
0.27632 0.32895
0.29386 0.32895
0.3114 0.32895
0.32895 0.32456
0.34649 0.32456
0.36404 0.31579
0.38158 0.30702
0.39912 0.30263
0.41667 0.29386
0.43421 0.28509
0.45175 0.27193
0.4693 0.25439
0.48684 0.24123
0.49561 0.22368
0.51316 0.22368
0.5307 0.22368
0.54825 0.22368
0.56579 0.22368
0.58333 0.22807
0.60088 0.22807
0.61842 0.23246
0.63596 0.23246
0.65351 0.23246
0.67105 0.23246
0.6886 0.23246
0.70614 0.23246
0.72368 0.23246
0.74123 0.24123
0.75877 0.25
0.77632 0.25439
0.79386 0.25877
0.8114 0.25877
0.82895 0.25877
0.84649 0.26316
0.86404 0.26316
0.88158 0.26316
0.89912 0.25877
0.91667 0.25
0.93421 0.24123
0.95175 0.23246
0.9693 0.2193
0.98684 0.20175
0.99561 0.18421
1 0.16667
1 0.14912
0.99561 0.13158
0.98246 0.11404
0.9693 0.096491
0.95175 0.087719
0.93421 0.078947
0.91667 0.074561
0.89912 0.065789
0.88158 0.061404
0.86404 0.061404
0.84649 0.061404
0.82895 0.061404
0.8114 0.061404
0.79386 0.065789
0.77632 0.065789
0.75877 0.070175
0.74123 0.074561
0.72368 0.083333
0.70614 0.096491
0.6886 0.10088
0.67105 0.10965
0.65351 0.10965
0.63596 0.10965
0.61842 0.10965
0.60088 0.10965
0.58333 0.10965
0.56579 0.10965
0.54825 0.10965
0.5307 0.10526
0.51316 0.10088
0.5 0.083333
0.49123 0.065789
0.47368 0.052632
0.45614 0.039474
0.4386 0.030702
0.42105 0.02193
0.40351 0.017544
0.38596 0.013158
0.36842 0.0087719
0.35088 0.004386
0.33333 0.004386
0.31579 0
0.29825 0
0.2807 0
0.26316 0
0.24561 0
0.22807 0
0.21053 0
0.19298 0
0.17544 0.0087719
0.15789 0.013158
0.14035 0.017544
0.12281 0.02193
0.10526 0.030702
0.087719 0.039474
0.070175 0.057018
0.052632 0.070175
0.035088 0.083333
0.017544 0.10088
0.0087719 0.11842
0.004386 0.13596
0 0.14912
# triangles
120 121 122
120 122 123
0 1 123
4 6 119
4 5 6
4 119 120
4 120 123
6 118 119
59 60 61
27 30 100
25 27 100
45 80 81
27 29 30
19 106 107
19 20 106
70 71 72
1 2 123
2 4 123
2 3 4
59 61 65
62 63 65
61 62 65
63 64 65
30 32 97
32 95 97
22 25 103
38 39 86
30 31 32
34 90 91
33 34 91
20 21 22
27 28 29
25 26 27
74 75 76
10 11 12
10 12 113
116 117 118
114 115 116
10 113 114
114 116 118
15 16 112
16 18 107
18 19 107
16 17 18
59 65 67
58 59 67
65 66 67
30 99 100
30 97 99
25 100 101
25 101 103
101 102 103
103 104 105
22 103 105
20 22 105
20 105 106
32 33 92
33 91 92
38 86 87
36 37 88
34 35 90
36 88 89
51 74 76
8 9 10
8 10 114
8 114 118
6 7 8
6 8 118
110 111 112
12 13 113
13 112 113
13 15 112
13 14 15
56 57 69
69 70 72
97 98 99
95 96 97
51 72 73
51 73 74
51 53 72
51 52 53
53 55 56
53 54 55
93 94 95
32 93 95
32 92 93
50 51 76
48 49 50
48 50 76
16 107 108
45 78 80
78 79 80
76 77 78
22 24 25
22 23 24
44 82 83
44 45 81
44 81 82
16 109 112
16 108 109
109 110 112
45 46 78
46 76 78
46 48 76
46 47 48
42 43 83
43 44 83
37 87 88
37 38 87
35 89 90
35 36 89
40 85 86
39 40 86
67 68 69
57 58 69
58 67 69
53 56 69
53 69 72
41 42 83
41 83 84
40 41 85
41 84 85
