# points
0.40083 0.49174
0.42562 0.50826
0.45041 0.52893
0.47107 0.54959
0.49587 0.57025
0.51653 0.59504
0.54132 0.61983
0.56612 0.6405
0.57438 0.66529
0.56198 0.69008
0.55785 0.71488
0.55372 0.73967
0.54959 0.76446
0.54959 0.78926
0.54959 0.81405
0.55785 0.83884
0.57025 0.86364
0.58264 0.88843
0.60331 0.91322
0.6281 0.92975
0.65289 0.94215
0.67769 0.95041
0.70248 0.95041
0.72727 0.95041
0.75207 0.95041
0.77686 0.95041
0.80165 0.94215
0.82645 0.93802
0.85124 0.92149
0.87603 0.90083
0.90083 0.88017
0.92562 0.85537
0.94215 0.83058
0.95868 0.80579
0.97521 0.78099
0.9876 0.7562
0.99174 0.7314
1 0.70661
1 0.68182
1 0.65702
0.99587 0.63223
0.9876 0.60744
0.97107 0.58264
0.95041 0.55785
0.92562 0.53719
0.90083 0.52479
0.87603 0.51653
0.85124 0.5124
0.82645 0.5124
0.80165 0.5124
0.77686 0.51653
0.75207 0.52479
0.72727 0.52893
0.70248 0.53719
0.67769 0.54959
0.65289 0.57025
0.6281 0.59091
0.60331 0.57438
0.57851 0.54959
0.55785 0.52479
0.53306 0.50413
0.5124 0.47934
0.4876 0.46281
0.46281 0.43802
0.43802 0.42149
0.41322 0.40083
0.38843 0.37603
0.36364 0.35537
0.33884 0.33471
0.31818 0.30992
0.29339 0.28926
0.27273 0.26446
0.25207 0.23967
0.22727 0.21901
0.20248 0.19835
0.17769 0.17769
0.15289 0.15702
0.1281 0.13636
0.10331 0.11157
0.090909 0.086777
0.082645 0.061983
0.090909 0.03719
0.082645 0.012397
0.057851 0
0.033058 0.0041322
0.0082645 0.016529
0 0.041322
0 0.066116
0.0041322 0.090909
0.016529 0.1157
0.033058 0.1405
0.049587 0.16529
0.07438 0.19008
0.099174 0.21074
0.12397 0.2314
0.14876 0.25207
0.17355 0.27273
0.19835 0.29339
0.21901 0.31818
0.23967 0.34298
0.26446 0.36364
0.28512 0.38843
0.30992 0.40909
0.33471 0.42975
0.3595 0.45455
0.3843 0.47521
0.40083 0.49174
# triangles
80 84 86
84 85 86
26 27 28
80 86 87
48 50 51
24 25 26
16 19 22
16 22 23
19 20 22
20 21 22
17 18 19
16 17 19
80 87 88
65 104 105
70 99 100
0 1 63
77 92 93
81 82 83
80 83 84
80 81 83
71 72 97
72 73 97
73 96 97
30 31 32
36 48 51
34 35 36
42 45 48
80 88 89
64 65 105
0 63 64
0 64 105
68 101 102
68 100 101
48 49 50
6 7 57
7 56 57
7 8 56
26 28 29
29 30 56
8 29 56
3 60 61
2 3 61
11 23 24
13 16 23
13 15 16
11 13 23
11 12 13
13 14 15
79 80 89
76 77 93
74 75 95
73 74 96
74 95 96
40 41 42
39 40 42
75 94 95
76 93 94
75 76 94
71 97 98
70 98 99
70 71 98
32 33 51
33 36 51
33 34 36
38 39 42
38 42 48
36 38 48
36 37 38
46 47 48
45 46 48
43 44 45
42 43 45
68 69 100
69 70 100
51 52 55
32 51 55
30 32 55
30 55 56
52 53 55
53 54 55
3 4 60
4 59 60
1 62 63
1 2 62
2 61 62
67 68 102
66 67 103
67 102 103
6 57 58
8 9 10
8 10 29
10 26 29
10 24 26
10 11 24
79 89 90
78 79 90
78 90 91
4 5 59
5 58 59
5 6 58
66 103 104
65 66 104
77 78 92
78 91 92
