# points
0.47934 0.49174
0.45455 0.5124
0.43388 0.53719
0.40909 0.56198
0.3843 0.58264
0.3595 0.57851
0.33471 0.56198
0.30992 0.54545
0.28512 0.53719
0.26033 0.52479
0.23554 0.52066
0.21074 0.51653
0.18595 0.5124
0.16116 0.5124
0.13636 0.51653
0.11157 0.52066
0.086777 0.53306
0.061983 0.54545
0.03719 0.57025
0.020661 0.59504
0.0082645 0.61983
0 0.64463
0 0.66942
0 0.69421
0.0041322 0.71901
0.0082645 0.7438
0.016529 0.7686
0.033058 0.79339
0.049587 0.81818
0.066116 0.84298
0.086777 0.86777
0.11157 0.89256
0.13636 0.91322
0.16116 0.92975
0.18595 0.94215
0.21074 0.94628
0.23554 0.95041
0.26033 0.95041
0.28512 0.95041
0.30992 0.95041
0.33471 0.94628
0.3595 0.93388
0.3843 0.92149
0.40909 0.90083
0.42562 0.87603
0.43802 0.85124
0.45041 0.82645
0.45041 0.80165
0.45041 0.77686
0.45041 0.75207
0.44628 0.72727
0.43802 0.70248
0.42975 0.67769
0.42149 0.65289
0.44628 0.63223
0.47107 0.60744
0.49587 0.58264
0.51653 0.56198
0.53719 0.53719
0.56198 0.52066
0.58678 0.49587
0.61157 0.47934
0.63636 0.45868
0.66116 0.43388
0.68595 0.41322
0.71074 0.39256
0.7314 0.36777
0.7562 0.34711
0.77686 0.32231
0.79752 0.29752
0.82231 0.27686
0.84711 0.25207
0.8719 0.23554
0.89669 0.21488
0.92149 0.19008
0.94628 0.16942
0.96281 0.14463
0.97934 0.11983
0.99174 0.095041
1 0.070248
1 0.045455
0.99587 0.020661
0.97107 0.0041322
0.94628 0
0.92149 0.0082645
0.90909 0.033058
0.91322 0.057851
0.91322 0.082645
0.89669 0.10744
0.87603 0.13223
0.85124 0.15289
0.82645 0.17355
0.80165 0.19421
0.77686 0.21488
0.75207 0.23554
0.7314 0.26033
0.71074 0.28512
0.68595 0.30579
0.66529 0.33058
0.6405 0.35124
0.6157 0.3719
0.59091 0.39669
0.56612 0.41736
0.54132 0.43388
0.51653 0.45868
0.49174 0.47521
0.47934 0.49174
# triangles
33 34 35
80 81 82
79 80 86
80 82 86
82 83 86
32 33 35
31 32 51
32 35 51
35 36 37
35 37 51
5 6 30
6 29 30
22 23 24
41 44 45
41 45 48
38 41 48
37 38 48
37 48 51
25 26 27
24 25 27
11 24 27
10 11 27
14 22 24
11 14 24
78 79 86
39 40 41
38 39 41
58 59 104
58 104 105
31 51 52
5 52 53
30 31 52
5 30 52
3 4 54
4 53 54
4 5 53
10 27 28
42 43 44
41 42 44
65 98 99
3 54 55
1 2 56
2 3 55
2 55 56
48 50 51
48 49 50
71 91 92
71 72 91
74 89 90
77 78 87
78 86 87
76 77 87
76 87 88
74 75 89
75 88 89
75 76 88
83 85 86
83 84 85
0 58 105
1 56 57
0 1 57
0 57 58
8 9 10
8 10 28
6 7 8
8 28 29
6 8 29
20 21 22
19 20 22
14 16 22
16 19 22
16 18 19
16 17 18
14 15 16
60 102 103
60 103 104
59 60 104
63 100 101
45 47 48
45 46 47
69 70 94
65 66 98
66 97 98
67 68 96
66 67 97
67 96 97
73 74 90
72 73 91
73 90 91
64 99 100
63 64 100
64 65 99
62 101 102
62 63 101
70 93 94
71 92 93
70 71 93
68 69 95
68 95 96
69 94 95
60 61 102
61 62 102
11 12 14
12 13 14
