# points
0.23404 0.53191
0.21702 0.55319
0.2 0.57447
0.18723 0.59574
0.17021 0.61702
0.1617 0.6383
0.14043 0.65957
0.1234 0.68085
0.11064 0.70213
0.097872 0.7234
0.089362 0.74468
0.07234 0.76596
0.059574 0.78723
0.046809 0.80851
0.034043 0.82979
0.025532 0.85106
0.017021 0.87234
0.0085106 0.89362
0.0042553 0.91489
0 0.93617
0 0.95745
0.0042553 0.97872
0.021277 0.99574
0.042553 1
0.06383 0.99149
0.076596 0.97021
0.076596 0.94894
0.080851 0.92766
0.085106 0.90638
0.093617 0.88511
0.10638 0.86383
0.11915 0.84255
0.13191 0.82128
0.14468 0.8
0.15745 0.77872
0.16596 0.75745
0.17872 0.73617
0.19574 0.71489
0.21702 0.69362
0.22979 0.67234
0.24255 0.65106
0.25532 0.62979
0.27234 0.60851
0.28936 0.58723
0.31064 0.57021
0.33191 0.54894
0.35319 0.52766
0.37447 0.50638
0.39574 0.48936
0.41277 0.46809
0.43404 0.45532
0.45532 0.43404
0.47234 0.41277
0.48936 0.40426
0.51064 0.4
0.53191 0.39574
0.55319 0.39574
0.57447 0.39149
0.59574 0.38723
0.61702 0.37872
0.6383 0.37447
0.65957 0.36596
0.68085 0.34894
0.70213 0.32766
0.71915 0.31064
0.74043 0.29362
0.75319 0.27234
0.77021 0.25106
0.77872 0.22979
0.79574 0.20851
0.81277 0.18723
0.82128 0.16596
0.8383 0.14468
0.84255 0.1234
0.85532 0.10213
0.85957 0.080851
0.86383 0.059574
0.86809 0.038298
0.85957 0.017021
0.8383 0.0042553
0.81702 0
0.79574 0.0085106
0.77447 0.021277
0.75319 0.034043
0.73191 0.051064
0.71064 0.06383
0.68936 0.080851
0.66809 0.089362
0.64681 0.10638
0.62553 0.1234
0.60851 0.14468
0.59149 0.16596
0.57021 0.18723
0.55319 0.20851
0.53617 0.22979
0.51489 0.24681
0.49787 0.26809
0.4766 0.28936
0.45957 0.30638
0.4383 0.32766
0.42128 0.34894
0.4 0.36596
0.38723 0.38723
0.37021 0.4
0.34894 0.42128
0.33191 0.44255
0.31064 0.45957
0.28936 0.48085
0.26809 0.50213
0.24681 0.5234
0.23404 0.53191
# triangles
77 78 79
21 22 25
22 23 25
20 21 25
23 24 25
76 77 79
19 20 26
20 25 26
18 19 26
18 26 27
44 45 108
45 107 108
13 30 31
79 80 81
76 79 81
76 81 82
45 46 107
46 106 107
58 95 96
44 108 109
0 43 109
43 44 109
2 41 42
9 10 35
4 39 40
2 3 41
3 40 41
3 4 40
16 28 29
15 16 29
13 14 30
14 29 30
14 15 29
74 75 82
75 76 82
64 65 66
68 86 88
66 68 90
66 67 68
86 87 88
73 83 84
63 64 92
64 91 92
66 90 91
64 66 91
58 59 95
59 94 95
46 47 106
51 52 101
50 51 102
51 101 102
48 49 104
1 2 42
0 1 43
1 42 43
7 36 37
6 7 37
5 38 39
4 5 39
10 34 35
10 33 34
10 11 33
11 32 33
16 17 28
17 27 28
17 18 27
68 88 89
68 89 90
69 70 86
68 69 86
71 72 73
71 73 84
71 84 85
70 71 86
71 85 86
62 93 94
62 63 93
63 92 93
60 62 94
59 60 94
47 105 106
48 104 105
47 48 105
57 58 96
56 57 96
53 54 98
53 98 99
49 103 104
50 102 103
49 50 103
7 8 36
8 9 35
8 35 36
11 12 32
12 13 31
12 31 32
60 61 62
52 100 101
52 53 100
53 99 100
54 55 98
55 97 98
55 56 96
55 96 97
73 82 83
73 74 82
5 6 37
5 37 38
