# points
0.16279 0.50166
0.16944 0.52824
0.17608 0.55482
0.1794 0.5814
0.18272 0.60797
0.18272 0.63455
0.1794 0.66113
0.1794 0.68771
0.17608 0.71429
0.17608 0.74086
0.19601 0.7608
0.21927 0.77076
0.24585 0.78738
0.26578 0.80731
0.29236 0.8206
0.29236 0.84718
0.28904 0.87375
0.28571 0.90033
0.28904 0.92691
0.30565 0.95349
0.33223 0.95681
0.3588 0.95681
0.37209 0.97674
0.38538 1
0.41196 0.99668
0.42193 0.97342
0.44186 0.95681
0.46844 0.95349
0.49502 0.94352
0.50166 0.91694
0.50166 0.89037
0.49834 0.86379
0.49834 0.83721
0.50831 0.81395
0.53156 0.78738
0.55482 0.77076
0.5814 0.7608
0.60133 0.74751
0.60465 0.72093
0.60133 0.69435
0.59468 0.66777
0.59468 0.6412
0.60133 0.61462
0.60465 0.58804
0.6113 0.56146
0.61462 0.53488
0.62126 0.50831
0.62458 0.48173
0.63455 0.45515
0.6412 0.42857
0.65116 0.40199
0.65781 0.37542
0.66777 0.34884
0.68106 0.32226
0.69435 0.299
0.70764 0.27243
0.72093 0.24585
0.73754 0.21927
0.75415 0.19269
0.77076 0.16944
0.78073 0.14286
0.77076 0.1196
0.74419 0.10299
0.71761 0.089701
0.69103 0.083056
0.66445 0.076412
0.63787 0.069767
0.6113 0.063123
0.58804 0.053156
0.56146 0.049834
0.53488 0.049834
0.50831 0.046512
0.48173 0.043189
0.45515 0.043189
0.43189 0.046512
0.40864 0.043189
0.40864 0.016611
0.39203 0.0033223
0.36545 0
0.33887 0.0033223
0.34219 0.0299
0.32558 0.043189
0.299 0.046512
0.27243 0.049834
0.24585 0.053156
0.21927 0.056478
0.19269 0.063123
0.16611 0.066445
0.13953 0.07309
0.11296 0.079734
0.086379 0.086379
0.059801 0.096346
0.033223 0.10631
0.0066445 0.1196
0 0.14618
0.0099668 0.17276
0.023256 0.19934
0.043189 0.22591
0.056478 0.25249
0.079734 0.27907
0.086379 0.30565
0.10631 0.33223
0.11628 0.3588
0.12625 0.38538
0.13621 0.41196
0.14618 0.43854
0.15282 0.46512
0.15947 0.49169
0.16279 0.50166
# triangles
59 60 61
3 4 43
2 3 43
1 2 45
14 34 41
0 1 47
45 46 47
1 45 47
18 19 20
2 43 44
2 44 45
4 42 43
4 41 42
8 9 10
36 37 38
35 36 38
34 40 41
34 35 40
91 95 96
89 97 98
91 96 97
88 89 98
88 98 99
47 48 49
27 28 29
27 29 30
26 27 30
4 5 41
5 14 41
5 6 12
5 12 14
26 30 31
21 26 31
35 38 39
35 39 40
75 76 77
74 75 104
59 61 62
91 92 95
92 93 94
92 94 95
89 90 97
90 91 97
86 87 99
87 88 99
78 79 80
75 77 80
77 78 80
0 47 107
47 106 107
75 103 104
49 104 105
47 49 105
47 105 106
22 23 24
21 25 26
21 22 25
22 24 25
17 18 20
17 20 21
16 17 21
12 13 14
6 7 12
14 33 34
14 32 33
71 72 74
72 73 74
56 57 65
67 68 69
82 101 102
99 100 101
86 99 101
75 80 81
75 81 103
81 82 102
81 102 103
14 15 32
15 31 32
15 16 21
15 21 31
7 11 12
8 10 11
7 8 11
54 67 70
67 69 70
52 71 74
54 55 67
58 59 62
58 62 63
57 64 65
58 63 64
57 58 64
56 65 66
55 56 66
55 66 67
82 83 101
83 84 101
85 86 101
84 85 101
51 52 74
51 74 104
49 51 104
49 50 51
53 70 71
52 53 71
53 54 70
