# points
0.11719 0.44141
0.11719 0.46484
0.125 0.48828
0.13281 0.51172
0.13672 0.53516
0.14453 0.55859
0.15234 0.58203
0.16016 0.60547
0.16406 0.62891
0.16797 0.65234
0.17188 0.67578
0.17578 0.69922
0.17969 0.72266
0.17969 0.74609
0.17969 0.76953
0.18359 0.79297
0.19922 0.81641
0.22266 0.82812
0.24609 0.83984
0.25781 0.86328
0.25391 0.88672
0.25 0.91016
0.25391 0.93359
0.26953 0.95703
0.29297 0.97656
0.31641 0.99219
0.33984 1
0.36328 1
0.38672 1
0.41016 0.98828
0.43359 0.96875
0.44922 0.94531
0.46094 0.92188
0.46094 0.89844
0.45312 0.875
0.45703 0.85156
0.48047 0.83203
0.50391 0.8125
0.51562 0.79297
0.51953 0.76953
0.51953 0.74609
0.51953 0.72266
0.52344 0.69922
0.52734 0.67578
0.52734 0.65234
0.53516 0.62891
0.53906 0.60547
0.54297 0.58203
0.54297 0.55859
0.55078 0.53516
0.55859 0.51172
0.5625 0.48828
0.57031 0.46484
0.57422 0.44141
0.57812 0.41797
0.58594 0.39453
0.58984 0.37109
0.59766 0.34766
0.60938 0.32422
0.61328 0.30078
0.625 0.27734
0.63281 0.25391
0.64062 0.23047
0.64453 0.20703
0.65625 0.18359
0.66797 0.16016
0.67969 0.13672
0.65625 0.125
0.63281 0.12109
0.60938 0.11328
0.58594 0.10547
0.5625 0.097656
0.53906 0.09375
0.51562 0.085938
0.49219 0.078125
0.46875 0.074219
0.44531 0.066406
0.42188 0.0625
0.39844 0.058594
0.37891 0.046875
0.37891 0.023438
0.35938 0.0039062
0.33594 0
0.3125 0.015625
0.30859 0.039062
0.30078 0.058594
0.27734 0.058594
0.25391 0.0625
0.23047 0.070312
0.20703 0.074219
0.18359 0.078125
0.16016 0.089844
0.13672 0.089844
0.11328 0.097656
0.089844 0.10938
0.066406 0.12109
0.042969 0.125
0.019531 0.14453
0 0.15625
0.011719 0.17969
0.023438 0.20312
0.039062 0.22656
0.050781 0.25
0.0625 0.27344
0.070312 0.29688
0.082031 0.32031
0.085938 0.34375
0.097656 0.36719
0.10547 0.39062
0.10938 0.41406
0.11719 0.4375
0.11719 0.44141
# triangles
25 26 27
24 25 27
24 27 34
19 34 35
6 7 48
7 8 44
21 22 23
27 30 34
18 19 35
36 37 39
7 44 46
7 46 48
81 82 84
95 96 100
5 6 48
9 10 44
8 9 44
31 33 34
30 31 34
31 32 33
27 28 29
27 29 30
14 15 17
49 50 51
54 108 110
37 38 39
46 47 48
44 45 46
57 58 59
57 75 77
57 59 75
82 83 84
85 87 88
96 97 100
13 14 17
12 13 18
13 17 18
15 16 17
20 24 34
19 20 34
20 23 24
20 21 23
51 52 53
53 54 110
51 53 110
3 51 110
3 49 51
3 48 49
3 4 5
3 5 48
56 85 108
54 55 56
54 56 108
56 78 85
56 57 77
56 77 78
105 106 107
85 107 108
88 105 107
85 88 107
108 109 110
10 11 44
42 43 44
11 42 44
65 66 67
62 63 71
63 70 71
73 74 75
59 73 75
62 71 72
59 72 73
64 65 68
65 67 68
75 76 77
79 84 85
78 79 85
79 81 84
91 92 93
93 94 102
91 93 102
85 86 87
94 95 101
94 101 102
95 100 101
91 104 105
97 98 99
97 99 100
2 3 110
36 39 40
12 18 41
18 35 41
35 36 41
36 40 41
61 62 72
63 64 69
64 68 69
63 69 70
79 80 81
89 90 91
88 89 105
89 91 105
91 102 103
91 103 104
0 1 2
0 2 110
59 60 72
60 61 72
11 41 42
11 12 41
