# points
0.12245 0.5034
0.12925 0.53061
0.13605 0.55782
0.13605 0.58503
0.12925 0.61224
0.14966 0.63946
0.14966 0.66667
0.14966 0.69388
0.16327 0.72109
0.17687 0.7483
0.19728 0.76871
0.21088 0.79592
0.22449 0.82313
0.21769 0.85034
0.21769 0.87755
0.21769 0.90476
0.2381 0.92517
0.26531 0.93197
0.29252 0.93197
0.30612 0.95238
0.31973 0.97959
0.33333 1
0.36054 1
0.38776 0.9932
0.39456 0.96599
0.41497 0.94558
0.44218 0.94558
0.46939 0.94558
0.4966 0.93197
0.5034 0.90476
0.4966 0.87755
0.48299 0.85034
0.48299 0.82313
0.4966 0.80272
0.5034 0.77551
0.52381 0.7483
0.53741 0.72109
0.55782 0.70068
0.56463 0.67347
0.56463 0.64626
0.57143 0.61905
0.57823 0.59184
0.58503 0.56463
0.58503 0.53741
0.59184 0.5102
0.59864 0.48299
0.60544 0.45578
0.61224 0.42857
0.61905 0.40136
0.62585 0.37415
0.64626 0.34694
0.64626 0.31973
0.65986 0.29252
0.68027 0.26531
0.68707 0.2381
0.70748 0.21088
0.72109 0.18367
0.7415 0.15646
0.7415 0.12925
0.71429 0.12245
0.68707 0.10884
0.65986 0.095238
0.63265 0.088435
0.60544 0.07483
0.57823 0.068027
0.55102 0.068027
0.52381 0.061224
0.4966 0.054422
0.46939 0.054422
0.44218 0.054422
0.42177 0.040816
0.42177 0.013605
0.40136 0
0.37415 0
0.34694 0
0.32653 0.013605
0.31973 0.040816
0.29252 0.047619
0.26531 0.054422
0.2381 0.054422
0.21088 0.061224
0.18367 0.061224
0.15646 0.068027
0.12925 0.081633
0.10204 0.088435
0.07483 0.095238
0.047619 0.10204
0.020408 0.11565
0 0.12925
0 0.15646
0.013605 0.18367
0.034014 0.21088
0.047619 0.2381
0.054422 0.26531
0.07483 0.29252
0.081633 0.31973
0.081633 0.34694
0.095238 0.37415
0.10204 0.40136
0.10884 0.42857
0.11565 0.45578
0.12245 0.48299
0.12245 0.5034
# triangles
57 58 59
56 57 59
43 44 101
80 83 94
56 59 60
49 51 69
49 69 97
55 60 61
55 56 60
1 43 101
1 2 43
44 45 101
20 21 22
70 71 72
69 70 76
95 96 97
51 68 69
54 55 61
6 7 8
49 50 51
0 1 101
86 90 91
80 82 83
73 74 76
70 73 76
70 72 73
87 89 90
86 87 90
87 88 89
54 61 62
54 62 65
2 3 5
2 5 40
3 4 5
2 41 43
2 40 41
20 22 24
22 23 24
19 20 24
19 24 25
11 12 32
83 92 94
92 93 94
83 84 92
84 91 92
74 75 76
66 67 68
51 65 66
51 66 68
62 63 65
6 8 10
5 6 10
8 9 10
5 10 36
41 42 43
52 53 54
51 52 65
52 54 65
12 18 32
18 19 25
12 13 18
14 15 16
14 16 17
13 14 18
14 17 18
85 86 91
84 85 91
69 77 97
69 76 77
80 81 82
63 64 65
5 39 40
5 36 39
10 34 36
10 11 34
32 33 34
11 32 34
25 26 31
18 25 31
18 31 32
78 94 95
78 95 97
77 78 97
78 80 94
78 79 80
34 35 36
26 27 30
26 30 31
36 38 39
36 37 38
27 28 29
27 29 30
45 46 100
45 100 101
48 97 98
48 49 97
46 47 100
47 99 100
47 48 98
47 98 99
