# points
0.17647 0.50588
0.18824 0.52941
0.2 0.55294
0.2 0.57647
0.21176 0.6
0.21176 0.62353
0.21176 0.64706
0.21176 0.67059
0.21176 0.69412
0.18824 0.71765
0.18824 0.74118
0.2 0.76471
0.21176 0.77647
0.23529 0.78824
0.25882 0.8
0.27059 0.82353
0.28235 0.83529
0.30588 0.83529
0.31765 0.85882
0.31765 0.88235
0.31765 0.90588
0.31765 0.92941
0.31765 0.95294
0.34118 0.96471
0.36471 0.96471
0.38824 0.96471
0.4 0.98824
0.42353 1
0.44706 1
0.47059 1
0.48235 0.98824
0.48235 0.96471
0.50588 0.95294
0.52941 0.95294
0.55294 0.94118
0.55294 0.91765
0.55294 0.89412
0.54118 0.87059
0.54118 0.84706
0.56471 0.83529
0.58824 0.82353
0.61176 0.8
0.62353 0.77647
0.64706 0.77647
0.67059 0.76471
0.67059 0.74118
0.68235 0.71765
0.68235 0.69412
0.68235 0.67059
0.65882 0.65882
0.65882 0.63529
0.64706 0.61176
0.65882 0.58824
0.65882 0.56471
0.65882 0.54118
0.65882 0.51765
0.65882 0.49412
0.65882 0.47059
0.67059 0.44706
0.67059 0.42353
0.68235 0.4
0.69412 0.37647
0.69412 0.35294
0.71765 0.32941
0.71765 0.30588
0.72941 0.28235
0.75294 0.25882
0.75294 0.23529
0.75294 0.21176
0.77647 0.18824
0.78824 0.16471
0.8 0.14118
0.8 0.11765
0.8 0.094118
0.78824 0.070588
0.76471 0.058824
0.74118 0.058824
0.71765 0.047059
0.69412 0.047059
0.67059 0.047059
0.64706 0.035294
0.62353 0.035294
0.6 0.035294
0.57647 0.035294
0.55294 0.023529
0.52941 0.023529
0.50588 0.023529
0.48235 0.023529
0.45882 0.035294
0.44706 0.011765
0.42353 0
0.4 0
0.37647 0
0.36471 0.023529
0.34118 0.035294
0.31765 0.047059
0.29412 0.047059
0.27059 0.047059
0.24706 0.047059
0.22353 0.058824
0.2 0.058824
0.17647 0.058824
0.15294 0.070588
0.12941 0.070588
0.10588 0.082353
0.082353 0.082353
0.058824 0.094118
0.035294 0.10588
0.011765 0.11765
0 0.14118
0 0.16471
0.011765 0.18824
0.023529 0.21176
0.047059 0.23529
0.058824 0.25882
0.058824 0.28235
0.082353 0.29412
0.094118 0.31765
0.10588 0.34118
0.11765 0.36471
0.12941 0.38824
0.14118 0.41176
0.15294 0.43529
0.16471 0.45882
0.17647 0.48235
0.17647 0.50588
0.17647 0.50588
# triangles
73 74 75
8 11 12
8 9 10
8 10 11
45 46 47
21 22 23
21 23 24
15 16 17
38 39 42
95 120 121
95 121 122
14 15 17
106 112 113
106 111 112
20 21 24
17 18 38
20 24 25
19 20 25
18 19 25
25 26 27
31 32 37
25 31 37
18 37 38
18 25 37
104 106 113
104 105 106
102 103 104
102 113 114
102 104 113
2 57 124
2 3 4
2 56 57
88 93 94
88 94 95
8 12 13
8 13 14
38 42 51
17 38 51
6 17 51
4 51 54
106 107 111
107 109 110
107 108 109
107 110 111
91 92 93
88 91 93
88 90 91
62 63 64
64 65 83
62 83 88
62 64 83
42 43 45
43 44 45
99 117 118
102 114 116
114 115 116
99 116 117
99 102 116
0 1 124
1 2 124
97 98 99
51 52 53
51 53 54
6 7 17
7 14 17
7 8 14
42 49 51
42 45 49
45 47 49
47 48 49
4 5 51
5 6 51
88 89 90
65 66 67
65 67 68
76 77 78
68 76 78
70 72 76
70 71 72
60 61 62
2 55 56
2 4 55
4 54 55
33 34 35
32 33 35
96 99 118
96 97 99
95 119 120
95 96 119
96 118 119
99 100 102
100 101 102
49 50 51
68 78 79
68 69 76
69 70 76
86 87 88
83 84 85
57 59 124
59 123 124
59 122 123
59 95 122
59 88 95
59 62 88
59 60 62
57 58 59
32 36 37
32 35 36
79 80 81
68 79 81
68 81 82
65 68 82
65 82 83
40 41 42
39 40 42
73 75 76
72 73 76
28 30 31
28 29 30
25 28 31
25 27 28
83 85 86
83 86 88
