# points
0.030457 0.58376
0.0050761 0.60914
0.015228 0.63452
0 0.6599
0 0.68528
0.010152 0.71066
0 0.73604
0.015228 0.76142
0.035533 0.7868
0.060914 0.81218
0.035533 0.82234
0.010152 0.84264
0.0050761 0.86802
0.0050761 0.8934
0.010152 0.91878
0.020305 0.94416
0.040609 0.96954
0.06599 0.9797
0.091371 0.99492
0.11675 1
0.14213 1
0.16751 0.99492
0.18274 0.9797
0.19797 0.95431
0.21827 0.93909
0.24365 0.93401
0.26904 0.92893
0.29442 0.92893
0.3198 0.92386
0.34518 0.92386
0.37056 0.92386
0.38071 0.89848
0.40609 0.90355
0.43147 0.87817
0.45685 0.86294
0.46701 0.84264
0.49239 0.82741
0.51269 0.80711
0.52792 0.78173
0.54315 0.75635
0.55838 0.73096
0.5736 0.72589
0.58883 0.70051
0.60406 0.6802
0.61929 0.66497
0.63959 0.63959
0.66497 0.63452
0.69036 0.61421
0.71574 0.58883
0.73604 0.5736
0.76142 0.55838
0.7868 0.53807
0.81218 0.54315
0.83756 0.53299
0.86294 0.52284
0.88832 0.51269
0.89848 0.48731
0.92386 0.47716
0.91371 0.45178
0.8934 0.4264
0.87817 0.41117
0.85787 0.39086
0.84264 0.36548
0.81726 0.35533
0.80711 0.33503
0.78173 0.3198
0.75635 0.30457
0.73096 0.28934
0.70558 0.26904
0.6802 0.24873
0.65482 0.22843
0.63452 0.2132
0.63959 0.18782
0.63452 0.16244
0.61929 0.13706
0.59391 0.12183
0.56853 0.11168
0.54315 0.11168
0.51777 0.11675
0.49239 0.13706
0.46701 0.12183
0.44162 0.1066
0.41624 0.091371
0.39086 0.076142
0.36548 0.06599
0.3401 0.060914
0.31472 0.050761
0.28934 0.040609
0.26396 0.035533
0.23858 0.020305
0.2132 0.010152
0.18782 0
0.16244 0.010152
0.15228 0.035533
0.15228 0.060914
0.16244 0.086294
0.15228 0.11168
0.16244 0.13706
0.16244 0.16244
0.16751 0.18782
0.16751 0.2132
0.16751 0.23858
0.15228 0.26396
0.14213 0.28934
0.13198 0.31472
0.13198 0.3401
0.12183 0.36548
0.10152 0.39086
0.091371 0.41624
0.086294 0.44162
0.076142 0.46701
0.060914 0.49239
0.045685 0.51777
0.040609 0.54315
0.030457 0.56853
0.030457 0.58376
# triangles
9 13 14
45 71 79
79 80 101
15 16 17
17 18 19
14 15 17
9 14 17
20 21 22
71 72 73
45 48 68
89 90 95
106 108 109
40 106 109
40 109 110
17 19 23
19 20 23
20 22 23
9 17 23
9 23 24
51 65 66
45 68 69
48 67 68
86 97 98
86 98 99
77 78 79
71 75 79
75 77 79
75 76 77
71 73 75
73 74 75
79 101 105
45 105 106
45 79 105
95 96 97
5 8 9
45 70 71
45 69 70
51 53 61
51 52 53
56 57 58
51 61 63
61 62 63
63 64 65
51 63 65
48 49 67
49 66 67
43 45 106
40 43 106
45 47 48
45 46 47
86 87 97
85 86 99
85 99 100
82 100 101
106 107 108
91 92 93
90 91 93
2 5 9
0 2 9
2 3 4
2 4 5
0 1 2
10 11 12
5 6 7
5 7 8
54 55 56
56 58 59
50 51 66
49 50 66
43 44 45
39 40 110
40 42 43
40 41 42
88 89 95
88 95 97
87 88 97
82 83 100
83 84 85
83 85 100
80 81 101
81 82 101
90 94 95
90 93 94
101 103 105
101 102 103
103 104 105
28 29 31
29 30 31
9 26 31
26 28 31
0 9 31
0 31 35
0 35 113
111 112 113
35 39 113
110 111 113
39 110 113
9 24 25
9 25 26
26 27 28
53 60 61
53 54 60
54 56 60
56 59 60
35 38 39
33 34 35
31 33 35
31 32 33
0 113 114
10 12 13
9 10 13
35 36 38
36 37 38
