# points
0.18519 0.50926
0.2037 0.52778
0.21296 0.55556
0.22222 0.58333
0.22222 0.61111
0.23148 0.63889
0.23148 0.66667
0.23148 0.69444
0.25 0.72222
0.25926 0.75
0.26852 0.77778
0.27778 0.80556
0.2963 0.83333
0.31481 0.86111
0.34259 0.87963
0.37037 0.89815
0.38889 0.92593
0.38889 0.9537
0.38889 0.98148
0.40741 1
0.43519 1
0.46296 1
0.49074 1
0.51852 1
0.5463 0.99074
0.55556 0.97222
0.56481 0.94444
0.55556 0.91667
0.56481 0.88889
0.59259 0.87037
0.62037 0.84259
0.62037 0.81481
0.63889 0.78704
0.63889 0.75926
0.64815 0.73148
0.66667 0.71296
0.67593 0.68519
0.67593 0.65741
0.67593 0.62963
0.67593 0.60185
0.68519 0.57407
0.69444 0.5463
0.7037 0.51852
0.72222 0.49074
0.73148 0.46296
0.73148 0.43519
0.74074 0.40741
0.75926 0.37963
0.78704 0.35185
0.7963 0.32407
0.7963 0.2963
0.80556 0.26852
0.83333 0.24074
0.84259 0.21296
0.86111 0.18519
0.87037 0.15741
0.87037 0.12963
0.84259 0.10185
0.82407 0.083333
0.7963 0.074074
0.76852 0.074074
0.74074 0.055556
0.71296 0.055556
0.68519 0.046296
0.65741 0.046296
0.62963 0.046296
0.60185 0.037037
0.57407 0.037037
0.5463 0.037037
0.51852 0.037037
0.49074 0.0092593
0.46296 0
0.43519 0
0.40741 0
0.37963 0.018519
0.35185 0.037037
0.32407 0.046296
0.2963 0.046296
0.26852 0.046296
0.24074 0.055556
0.21296 0.064815
0.18519 0.074074
0.15741 0.083333
0.12963 0.092593
0.10185 0.10185
0.074074 0.11111
0.046296 0.12037
0.018519 0.13889
0 0.16667
0 0.19444
0.018519 0.22222
0.046296 0.25
0.064815 0.26852
0.083333 0.2963
0.10185 0.32407
0.11111 0.35185
0.12037 0.37963
0.14815 0.39815
0.16667 0.42593
0.17593 0.4537
0.17593 0.48148
0.18519 0.50926
0.18519 0.50926
# triangles
55 56 57
1 42 99
3 5 39
12 13 14
14 15 31
15 28 31
15 16 28
10 11 12
42 45 99
42 43 45
43 44 45
23 24 25
16 27 28
22 23 27
23 25 27
45 98 99
45 69 98
57 58 59
54 55 57
5 38 39
8 9 34
5 8 34
5 34 38
34 35 36
3 39 40
2 3 40
1 99 100
0 1 100
3 4 5
21 22 27
16 21 27
76 97 98
86 87 90
84 85 91
81 82 93
80 81 94
81 93 94
69 72 74
69 71 72
72 73 74
65 66 67
34 36 37
34 37 38
31 32 33
10 12 33
9 10 33
9 33 34
14 31 33
12 14 33
28 29 31
29 30 31
2 40 41
1 41 42
1 2 41
6 7 8
5 6 8
79 94 97
79 80 94
69 75 98
75 76 98
69 74 75
95 96 97
94 95 97
84 91 92
53 54 57
69 70 71
62 63 64
25 26 27
77 78 79
76 77 97
77 79 97
83 84 92
82 83 93
83 92 93
57 59 60
53 57 60
47 48 49
47 49 50
47 67 68
47 65 67
47 50 65
60 61 62
51 52 53
51 53 60
51 60 62
51 62 64
50 51 65
51 64 65
46 68 69
46 47 68
45 46 69
87 89 90
87 88 89
18 19 20
17 18 20
17 20 21
16 17 21
85 86 91
86 90 91
