# points
0.17576 0.50303
0.18182 0.52727
0.18788 0.55152
0.18788 0.57576
0.19394 0.6
0.19394 0.62424
0.2 0.64848
0.2 0.67273
0.20606 0.69697
0.21818 0.72121
0.22424 0.74545
0.24242 0.7697
0.26061 0.78182
0.28485 0.79394
0.30303 0.81818
0.32121 0.83636
0.30909 0.86061
0.30303 0.88485
0.29697 0.90909
0.29697 0.93333
0.31515 0.95758
0.33939 0.96364
0.36364 0.96364
0.38788 0.96364
0.39394 0.98788
0.40606 1
0.4303 1
0.45455 1
0.46061 0.97576
0.48485 0.96364
0.50909 0.9697
0.53333 0.96364
0.55758 0.95152
0.56364 0.93333
0.56364 0.90909
0.55758 0.88485
0.55152 0.86061
0.53939 0.83636
0.55152 0.81212
0.56364 0.79394
0.58788 0.78788
0.61212 0.7697
0.6303 0.74545
0.64242 0.72121
0.64848 0.69697
0.64848 0.67273
0.65455 0.64848
0.65455 0.62424
0.66061 0.6
0.66061 0.57576
0.66667 0.55152
0.66667 0.52727
0.67273 0.50303
0.67273 0.47879
0.67879 0.45455
0.68485 0.4303
0.69091 0.40606
0.69697 0.38182
0.70303 0.35758
0.71515 0.33333
0.73333 0.30909
0.75152 0.28485
0.77576 0.26061
0.8 0.23636
0.82424 0.21212
0.83636 0.18788
0.83636 0.16364
0.83636 0.13939
0.8303 0.11515
0.80606 0.09697
0.78182 0.084848
0.75758 0.072727
0.73333 0.066667
0.70909 0.060606
0.68485 0.054545
0.66061 0.048485
0.63636 0.042424
0.61212 0.042424
0.58788 0.036364
0.56364 0.036364
0.53939 0.030303
0.51515 0.030303
0.49091 0.030303
0.46667 0.030303
0.44242 0.024242
0.44242 0
0.41818 0
0.39394 0
0.39394 0.024242
0.3697 0.030303
0.34545 0.036364
0.32121 0.036364
0.29697 0.036364
0.27273 0.036364
0.24848 0.042424
0.22424 0.042424
0.2 0.048485
0.17576 0.054545
0.15152 0.054545
0.12727 0.066667
0.10303 0.072727
0.078788 0.084848
0.054545 0.090909
0.030303 0.10909
0.0060606 0.12727
0 0.15152
0 0.17576
0 0.2
0.012121 0.22424
0.024242 0.24242
0.048485 0.26667
0.072727 0.29091
0.090909 0.31515
0.10303 0.33939
0.12121 0.36364
0.13333 0.38788
0.14545 0.41212
0.15152 0.43636
0.16364 0.46061
0.1697 0.48485
0.17576 0.50303
# triangles
19 20 21
101 108 109
106 107 108
103 106 108
101 103 108
103 105 106
103 104 105
26 27 28
18 19 21
101 109 110
101 102 103
1 2 51
1 51 53
0 1 53
56 57 116
67 68 69
66 67 69
66 69 70
62 63 72
63 66 70
62 72 73
23 26 28
15 16 23
23 28 29
16 17 23
15 23 37
23 29 37
13 14 39
9 10 11
9 12 13
9 11 12
2 49 51
6 13 39
6 39 47
6 9 13
6 7 8
6 8 9
15 37 38
14 15 38
14 38 39
79 80 81
63 71 72
63 70 71
64 65 66
63 64 66
51 52 53
61 62 73
59 77 79
61 75 77
58 79 81
58 59 79
58 81 82
57 58 83
58 82 83
24 25 26
23 24 26
4 47 49
4 5 6
4 6 47
2 4 49
39 45 47
39 42 45
29 34 35
29 36 37
29 35 36
97 99 111
99 101 110
99 110 111
94 95 96
84 85 86
86 87 88
84 86 88
0 53 119
56 116 118
55 56 118
54 55 118
53 54 118
53 118 119
49 50 51
61 74 75
61 73 74
77 78 79
59 60 77
60 61 77
17 22 23
18 21 22
17 18 22
2 3 4
45 46 47
42 43 45
29 30 31
29 31 34
99 100 101
94 96 112
112 113 114
94 112 114
96 97 112
97 111 112
116 117 118
75 76 77
47 48 49
43 44 45
31 33 34
39 41 42
39 40 41
97 98 99
92 93 94
92 94 114
91 92 114
31 32 33
90 115 116
57 90 116
90 114 115
90 91 114
83 89 90
57 83 90
84 88 89
83 84 89
