# points
0.20814 0.50226
0.21719 0.52941
0.22172 0.55656
0.21719 0.58371
0.21719 0.61086
0.21267 0.63801
0.20362 0.66516
0.1991 0.69231
0.1991 0.71946
0.1991 0.74661
0.1991 0.77376
0.20362 0.8009
0.22172 0.82805
0.24887 0.84163
0.27602 0.85973
0.30317 0.86878
0.32579 0.87783
0.31674 0.90498
0.32127 0.93213
0.33937 0.95928
0.36199 0.9819
0.38914 0.98643
0.41629 1
0.44344 1
0.47059 1
0.49774 1
0.52489 0.99095
0.55204 0.97738
0.57919 0.95475
0.58371 0.9276
0.58371 0.90045
0.57919 0.8733
0.59276 0.8552
0.61991 0.84163
0.64706 0.82353
0.66968 0.79638
0.67873 0.76923
0.68326 0.74208
0.68326 0.71493
0.68326 0.68778
0.68326 0.66063
0.68326 0.63348
0.67421 0.60633
0.67421 0.57919
0.67421 0.55204
0.67421 0.52489
0.67873 0.49774
0.68326 0.47059
0.68778 0.44344
0.69683 0.41629
0.70588 0.38914
0.71493 0.36199
0.73303 0.33484
0.76018 0.30769
0.78281 0.28507
0.80995 0.26244
0.82353 0.23982
0.82805 0.21267
0.8371 0.18552
0.84615 0.15837
0.84615 0.13122
0.83258 0.10407
0.80543 0.081448
0.77828 0.067873
0.75113 0.063348
0.72398 0.054299
0.69683 0.049774
0.66968 0.045249
0.64253 0.040724
0.61538 0.036199
0.58824 0.031674
0.56561 0.022624
0.53846 0.0045249
0.51131 0
0.48416 0
0.45701 0
0.42986 0
0.40271 0
0.37557 0
0.34842 0.0090498
0.32127 0.022624
0.29412 0.031674
0.26697 0.031674
0.23982 0.036199
0.21267 0.036199
0.18552 0.040724
0.15837 0.045249
0.13122 0.049774
0.10407 0.058824
0.076923 0.063348
0.049774 0.076923
0.022624 0.090498
0 0.11765
0 0.1448
0.0090498 0.17195
0.022624 0.1991
0.036199 0.22624
0.045249 0.25339
0.072398 0.28054
0.095023 0.29864
0.12217 0.32579
0.1448 0.35294
0.1629 0.38009
0.181 0.40724
0.19005 0.43439
0.1991 0.46154
0.20814 0.48869
0.20814 0.50226
# triangles
59 60 61
24 25 26
48 105 106
2 42 43
11 12 13
10 11 13
9 10 13
21 22 23
19 20 21
59 61 62
6 7 8
86 98 99
2 43 44
2 44 45
1 2 45
0 1 106
32 40 42
71 72 73
51 70 71
80 81 103
49 50 103
76 80 103
50 51 76
50 76 103
51 52 70
52 69 70
54 57 64
96 97 98
40 41 42
47 48 106
16 19 21
16 21 23
5 32 42
5 16 32
5 6 8
34 35 36
33 36 37
33 34 36
54 65 66
54 64 65
48 49 104
49 103 104
48 104 105
51 71 75
51 75 76
53 54 66
33 37 38
32 33 38
54 55 57
87 88 96
86 87 98
87 96 98
91 93 94
90 91 94
91 92 93
88 95 96
90 94 95
81 101 102
81 102 103
85 86 99
85 99 100
76 77 80
77 79 80
77 78 79
16 18 19
16 31 32
24 26 31
23 24 31
16 23 31
4 5 42
2 4 42
2 3 4
5 8 15
5 15 16
13 14 15
9 13 15
8 9 15
27 28 29
58 62 63
58 59 62
57 58 64
58 63 64
71 73 74
71 74 75
52 68 69
32 39 40
32 38 39
1 45 46
1 46 106
46 47 106
55 56 57
88 89 95
89 90 95
83 100 101
81 83 101
81 82 83
16 17 18
26 30 31
26 27 30
27 29 30
52 53 67
52 67 68
53 66 67
84 85 100
83 84 100
