# points
0.14932 0.18778
0.14932 0.21267
0.15611 0.23756
0.16063 0.26244
0.1448 0.27828
0.11991 0.28054
0.095023 0.27828
0.070136 0.27828
0.045249 0.27828
0.020362 0.28054
0 0.29186
0 0.31674
0.0181 0.33032
0.042986 0.33032
0.067873 0.33258
0.09276 0.33258
0.11765 0.33258
0.14253 0.33258
0.16742 0.33484
0.19231 0.3371
0.21719 0.3371
0.24208 0.34389
0.26697 0.34389
0.29186 0.34389
0.31674 0.34615
0.34163 0.34615
0.36652 0.34615
0.3914 0.34615
0.41629 0.34615
0.44118 0.34615
0.46606 0.34615
0.49095 0.34615
0.51584 0.34615
0.54072 0.34615
0.56561 0.34615
0.5905 0.34615
0.61538 0.34615
0.64027 0.34615
0.66516 0.34615
0.69005 0.34389
0.71493 0.34389
0.73982 0.34389
0.76471 0.34389
0.78959 0.34163
0.81448 0.34163
0.83937 0.34163
0.86425 0.34163
0.88914 0.33937
0.91403 0.33937
0.93891 0.33937
0.9638 0.33032
0.98869 0.31448
1 0.28959
1 0.26471
1 0.23982
1 0.21493
0.99774 0.19005
0.99774 0.16516
0.99548 0.14027
0.99321 0.11538
0.99095 0.090498
0.98869 0.065611
0.98416 0.040724
0.96154 0.020362
0.93665 0.015837
0.91176 0.015837
0.88688 0.015837
0.86199 0.013575
0.8371 0.013575
0.81222 0.011312
0.78733 0.011312
0.76244 0.011312
0.73756 0.011312
0.71267 0.0090498
0.68778 0.0090498
0.6629 0.0090498
0.63801 0.0090498
0.61312 0.0022624
0.58824 0
0.56335 0.0067873
0.53846 0.0067873
0.51357 0.0045249
0.48869 0.0045249
0.4638 0.0045249
0.43891 0.0045249
0.41403 0.0022624
0.38914 0.0045249
0.36425 0.0045249
0.33937 0.0045249
0.31448 0.0045249
0.28959 0.0045249
0.26471 0.0067873
0.23982 0.0090498
0.21493 0.0181
0.19005 0.036199
0.16968 0.058824
0.16063 0.08371
0.15611 0.1086
0.14932 0.13348
0.14932 0.15837
0.14932 0.18326
0.14932 0.18778
# triangles
50 51 52
61 62 63
49 50 53
50 52 53
26 27 86
33 34 79
23 24 100
24 89 100
2 22 23
48 53 54
47 48 54
48 49 53
47 54 55
37 38 75
24 88 89
34 35 79
27 28 86
30 82 83
33 79 80
32 33 80
32 80 81
91 92 93
9 12 13
9 10 11
9 11 12
36 37 76
37 75 76
35 36 76
35 76 79
24 25 88
26 86 87
25 26 87
25 87 88
29 30 83
30 31 82
31 81 82
31 32 81
90 91 97
91 93 94
7 14 15
7 13 14
97 98 99
89 99 100
89 90 99
90 97 99
4 17 18
2 3 22
3 21 22
3 20 21
3 19 20
3 4 18
3 18 19
45 46 56
46 47 56
47 55 56
39 40 73
38 39 75
61 63 64
77 78 79
76 77 79
29 83 84
28 29 84
84 85 86
28 84 86
91 96 97
91 94 96
94 95 96
8 9 13
7 8 13
6 7 15
0 1 2
0 23 100
0 2 23
39 73 74
39 74 75
5 15 16
5 6 15
4 5 17
5 16 17
42 43 71
41 42 71
45 56 68
44 45 68
41 71 72
40 72 73
40 41 72
56 57 68
57 58 68
43 44 69
44 68 69
58 59 66
59 60 66
43 70 71
43 69 70
58 67 68
58 66 67
60 65 66
60 61 65
61 64 65
