# points
0.047859 0.52645
0.030227 0.56927
0 0.61209
0.02267 0.61965
0.065491 0.61461
0.10831 0.61209
0.15113 0.60705
0.19395 0.60202
0.23678 0.5995
0.2796 0.59446
0.32242 0.58942
0.36524 0.58438
0.40806 0.58186
0.42065 0.60957
0.41562 0.65239
0.40806 0.69521
0.40302 0.73804
0.39547 0.78086
0.39043 0.82368
0.38287 0.8665
0.37783 0.90932
0.3728 0.95214
0.36524 0.99496
0.39798 0.97481
0.44081 0.94962
0.48363 0.93451
0.52645 0.93703
0.56927 0.9597
0.60957 1
0.60957 0.96725
0.60202 0.92443
0.59446 0.88161
0.58942 0.83879
0.58186 0.79597
0.57431 0.75315
0.56927 0.71033
0.56171 0.66751
0.55416 0.62469
0.55164 0.58186
0.59446 0.5869
0.63728 0.59194
0.6801 0.59446
0.72292 0.5995
0.76574 0.60202
0.80856 0.60705
0.85139 0.61209
0.89421 0.61461
0.93703 0.61965
0.97985 0.62217
0.96474 0.58942
0.93955 0.5466
0.92443 0.50378
0.92443 0.46096
0.93955 0.41814
0.97733 0.37783
0.95718 0.37028
0.91436 0.37531
0.87154 0.38035
0.82872 0.38287
0.78589 0.38791
0.74307 0.39043
0.70025 0.39547
0.65743 0.4005
0.61461 0.40302
0.57179 0.40806
0.55416 0.38539
0.56171 0.34257
0.56675 0.29975
0.57431 0.25693
0.58186 0.21411
0.5869 0.17128
0.59446 0.12846
0.5995 0.085642
0.60705 0.042821
0.61209 0
0.59194 0.017632
0.54912 0.050378
0.5063 0.062972
0.46348 0.055416
0.42065 0.035264
0.37783 0
0.36776 0.017632
0.37531 0.060453
0.38035 0.10327
0.38539 0.1461
0.39043 0.18892
0.39798 0.23174
0.40302 0.27456
0.40806 0.31738
0.41562 0.3602
0.42065 0.40302
0.38539 0.40806
0.34257 0.40302
0.29975 0.4005
0.25693 0.39547
0.21411 0.39043
0.17128 0.38791
0.12846 0.38287
0.085642 0.37783
0.042821 0.3728
0 0.37028
0.017632 0.40302
0.040302 0.44584
0.050378 0.48866
0.047859 0.52645
# triangles
43 44 59
44 51 59
15 35 36
17 33 34
26 27 30
27 28 29
27 29 30
19 24 25
18 19 25
17 18 33
97 102 103
96 97 103
70 71 77
71 76 77
70 77 85
77 84 85
44 45 51
45 50 51
45 46 50
25 26 32
18 32 33
18 25 32
53 55 56
53 54 55
73 74 75
73 75 76
51 58 59
72 73 76
71 72 76
16 17 34
15 16 35
16 34 35
1 2 3
1 3 4
0 1 4
13 37 38
40 62 63
43 59 60
40 41 62
41 61 62
99 100 101
99 101 102
97 98 102
98 99 102
68 86 87
77 78 84
14 15 36
14 36 37
13 14 37
0 6 103
7 95 96
7 8 95
7 96 103
6 7 103
8 94 95
8 9 94
46 47 50
47 48 49
47 49 50
26 30 31
26 31 32
51 52 58
52 57 58
53 56 57
52 53 57
21 22 23
21 23 24
19 20 24
20 21 24
67 68 87
39 40 63
38 39 64
39 63 64
68 69 86
69 70 85
69 85 86
41 42 61
42 43 60
42 60 61
79 80 81
79 81 82
79 82 83
78 79 83
78 83 84
10 11 92
0 4 5
0 5 6
67 87 88
38 64 90
64 65 90
65 89 90
65 66 89
66 88 89
66 67 88
10 92 93
9 93 94
9 10 93
12 13 38
12 38 90
12 90 91
11 91 92
11 12 91
