# points
0.047516 0.41469
0.032397 0.4406
0.021598 0.46652
0.012959 0.49244
0.0064795 0.51836
0.0021598 0.54428
0 0.57019
0 0.59611
0.0043197 0.62203
0.0086393 0.64795
0.012959 0.67387
0.021598 0.69978
0.034557 0.7257
0.047516 0.75162
0.064795 0.77754
0.090713 0.8013
0.11663 0.81425
0.14255 0.82289
0.16847 0.82721
0.19438 0.82721
0.2203 0.82505
0.24622 0.82073
0.27214 0.81425
0.29806 0.80346
0.32397 0.7905
0.34989 0.77322
0.37581 0.75594
0.39525 0.7365
0.41253 0.71058
0.42981 0.68467
0.44492 0.65875
0.45788 0.63283
0.46868 0.60691
0.48164 0.58099
0.4946 0.55508
0.50972 0.54644
0.52052 0.57235
0.53348 0.59827
0.54644 0.62419
0.56156 0.65011
0.57667 0.67603
0.59179 0.70194
0.61123 0.72786
0.63283 0.75162
0.65659 0.77538
0.68251 0.7905
0.70842 0.8013
0.73434 0.80562
0.76026 0.80562
0.78618 0.80346
0.8121 0.79698
0.83801 0.78618
0.86393 0.77322
0.88985 0.7581
0.91577 0.73866
0.93952 0.71706
0.95896 0.6933
0.97192 0.66739
0.98272 0.64147
0.99136 0.61555
0.99568 0.58963
1 0.56371
1 0.5378
0.99784 0.51188
0.99568 0.48596
0.9892 0.46004
0.98272 0.43413
0.97192 0.40821
0.96112 0.38229
0.946 0.35637
0.93089 0.33045
0.90929 0.30454
0.88985 0.28078
0.86825 0.25486
0.84233 0.2311
0.81641 0.20734
0.7905 0.1879
0.76458 0.16847
0.73866 0.15119
0.71274 0.13607
0.68683 0.11879
0.66091 0.10367
0.63499 0.088553
0.60907 0.073434
0.58315 0.056156
0.55724 0.038877
0.53132 0.019438
0.5054 0
0.4838 0.023758
0.45788 0.047516
0.43197 0.073434
0.40605 0.097192
0.38013 0.11879
0.35421 0.13823
0.32829 0.15983
0.30238 0.17927
0.27646 0.20086
0.25054 0.2203
0.22462 0.2419
0.1987 0.2635
0.17279 0.2851
0.14687 0.30886
0.12311 0.33261
0.099352 0.35421
0.077754 0.37797
0.056156 0.40389
0.047516 0.41469
# triangles
12 20 21
5 6 28
86 87 88
35 94 95
34 35 96
35 95 96
12 19 20
13 18 19
12 13 19
13 17 18
60 61 62
34 98 99
34 99 100
34 100 101
0 1 105
1 2 105
33 34 101
34 97 98
34 96 97
35 81 92
35 80 81
35 92 93
35 93 94
35 79 80
35 78 79
35 75 76
85 86 88
35 74 75
35 73 74
69 70 71
35 69 71
9 21 23
9 12 21
9 10 11
9 11 12
21 22 23
39 40 60
39 60 62
67 68 69
43 44 45
2 30 105
2 3 30
37 38 67
37 67 69
33 101 102
82 83 91
81 82 92
82 91 92
35 77 78
35 76 77
83 90 91
35 72 73
35 71 72
9 24 25
9 23 24
8 25 28
8 9 25
6 8 28
6 7 8
58 59 60
40 58 60
43 45 48
43 48 50
48 49 50
43 50 51
42 43 51
42 51 52
39 62 63
38 39 65
65 66 67
38 65 67
63 64 65
39 63 65
40 41 52
41 42 52
31 104 105
30 31 105
3 4 29
3 29 30
5 28 29
4 5 29
35 36 69
36 37 69
83 84 90
85 88 89
84 85 89
84 89 90
55 56 57
45 47 48
14 15 16
13 16 17
13 14 16
32 103 104
31 32 104
32 102 103
32 33 102
40 52 53
40 54 58
54 57 58
40 53 54
54 55 57
45 46 47
25 26 27
25 27 28
