# points
0 0.39871
0 0.43355
0 0.46839
0 0.50323
0 0.53806
0 0.5729
0 0.60774
0 0.64258
0 0.67742
0 0.71226
0 0.7471
0 0.78194
0.019355 0.79742
0.054194 0.79742
0.089032 0.79742
0.12387 0.79742
0.15871 0.79742
0.19355 0.79742
0.22839 0.79742
0.26323 0.79742
0.29806 0.79742
0.3329 0.79742
0.36774 0.79742
0.40258 0.79742
0.43742 0.79742
0.47226 0.79742
0.5071 0.79742
0.54194 0.79742
0.57677 0.79742
0.61161 0.79742
0.64645 0.79742
0.68129 0.79742
0.71613 0.79742
0.75097 0.79742
0.78581 0.79742
0.82065 0.79742
0.85548 0.79742
0.89032 0.79742
0.92516 0.79742
0.96 0.79742
0.99484 0.79742
1 0.76774
1 0.7329
1 0.69806
1 0.66323
1 0.62839
1 0.59355
1 0.55871
1 0.52387
1 0.48903
1 0.45419
1 0.41935
1 0.38452
1 0.34968
1 0.31484
1 0.28
1 0.24516
1 0.21032
1 0.17548
1 0.14065
1 0.10581
1 0.070968
1 0.036129
1 0.0012903
0.96645 0
0.93161 0
0.89677 0
0.86194 0
0.8271 0
0.79226 0
0.75742 0
0.72258 0
0.68774 0
0.6529 0
0.61806 0
0.58323 0
0.54839 0
0.51355 0
0.47871 0
0.44387 0
0.40903 0
0.37419 0
0.33935 0
0.30452 0
0.26968 0
0.23484 0
0.2 0
0.16516 0
0.13032 0
0.095484 0
0.060645 0
0.025806 0
0 0.0090323
0 0.043871
0 0.07871
0 0.11355
0 0.14839
0 0.18323
0 0.21806
0 0.2529
0 0.28774
0 0.32258
0 0.35742
0 0.39226
0 0.39871
# triangles
39 40 41
0 1 22
6 7 16
57 69 70
38 39 42
39 41 42
83 100 101
82 83 101
27 76 77
1 21 22
0 23 80
0 22 23
10 11 12
54 72 73
54 55 72
62 63 64
91 92 93
38 42 43
82 101 102
1 2 21
23 24 80
8 9 14
57 58 69
53 54 73
53 73 74
52 53 74
56 57 70
55 71 72
55 56 71
56 70 71
59 60 67
60 66 67
60 61 66
85 98 99
37 43 44
37 38 43
29 74 75
29 52 74
81 82 102
3 4 19
3 19 20
2 3 20
2 20 21
4 5 18
4 18 19
24 79 80
26 77 78
26 27 77
10 12 13
9 10 13
9 13 14
8 14 15
7 8 15
7 15 16
58 59 68
59 67 68
58 68 69
61 65 66
61 62 65
62 64 65
87 96 97
84 85 99
84 99 100
83 84 100
86 97 98
85 86 98
86 87 97
89 94 95
88 89 95
88 95 96
87 88 96
36 37 44
36 44 45
35 36 45
32 33 48
34 35 46
35 45 46
28 29 75
28 75 76
27 28 76
29 30 51
30 50 51
29 51 52
30 31 50
81 102 103
80 81 103
0 80 103
5 6 17
5 17 18
6 16 17
25 26 78
25 78 79
24 25 79
90 93 94
89 90 94
90 91 93
33 34 47
34 46 47
33 47 48
31 49 50
31 32 49
32 48 49
