# points
0.094891 0.50122
0.072993 0.54015
0.046229 0.57664
0.024331 0.61314
0.0097324 0.64964
0.024331 0.68856
0.046229 0.72749
0.075426 0.76642
0.11192 0.79805
0.15085 0.81509
0.18978 0.83698
0.22871 0.86131
0.26277 0.88808
0.29684 0.91727
0.33577 0.94404
0.3747 0.9708
0.40633 1
0.44039 0.97324
0.47689 0.94404
0.51582 0.92457
0.54988 0.90024
0.58394 0.87835
0.618 0.85401
0.6545 0.82968
0.69343 0.80779
0.73236 0.78345
0.76642 0.75426
0.79075 0.72019
0.80779 0.68127
0.80049 0.64234
0.78345 0.60341
0.76156 0.56448
0.73236 0.52555
0.71046 0.48662
0.68856 0.44769
0.6618 0.41119
0.6326 0.382
0.59854 0.35036
0.56204 0.32603
0.55718 0.30414
0.56448 0.26521
0.52798 0.25061
0.48905 0.24818
0.45742 0.23844
0.44526 0.19951
0.42579 0.16058
0.39903 0.12165
0.36253 0.087591
0.32603 0.065693
0.2871 0.053528
0.24818 0.046229
0.21168 0.036496
0.18005 0.024331
0.14355 0.012165
0.10949 0
0.10706 0.021898
0.14355 0.041363
0.14355 0.055961
0.10462 0.077859
0.072993 0.10949
0.055961 0.14842
0.048662 0.18491
0.055961 0.22141
0.068127 0.26034
0.082725 0.29927
0.097324 0.3382
0.097324 0.37713
0.077859 0.41606
0.038929 0.43796
0.012165 0.41606
0.019465 0.37713
0.0097324 0.35766
0 0.39659
0 0.43552
0.036496 0.45255
0.075426 0.44282
0.10462 0.41119
0.11679 0.37226
0.11679 0.33333
0.10706 0.2944
0.092457 0.25547
0.085158 0.21655
0.085158 0.17762
0.099757 0.13869
0.13382 0.10462
0.17275 0.090024
0.21168 0.087591
0.25061 0.097324
0.28954 0.11922
0.32117 0.15085
0.34307 0.18978
0.35766 0.22871
0.3382 0.24818
0.29927 0.25061
0.26521 0.27494
0.27251 0.31387
0.25304 0.33577
0.21655 0.3601
0.17762 0.38929
0.14842 0.42579
0.11922 0.46229
0.097324 0.49878
0.094891 0.50122
# triangles
46 47 89
11 36 96
27 28 29
36 38 96
46 89 90
47 48 88
47 88 89
7 8 9
21 22 36
11 21 36
11 20 21
36 37 38
45 46 90
48 49 88
51 85 86
51 52 85
11 96 97
64 65 79
65 78 79
70 71 72
11 97 99
97 98 99
65 77 78
65 66 77
9 10 101
10 11 99
13 18 19
3 4 5
1 9 101
1 7 9
38 42 43
49 87 88
64 79 80
11 12 20
12 19 20
12 13 19
15 16 17
15 17 18
13 14 18
14 15 18
2 5 6
2 3 5
10 100 101
10 99 100
67 68 75
25 26 30
25 30 31
26 27 30
27 29 30
22 34 36
24 25 31
24 31 32
23 24 32
43 91 92
43 44 91
45 90 91
44 45 91
38 39 42
49 50 87
50 51 86
50 86 87
61 62 81
61 81 82
60 61 82
53 54 55
62 63 81
63 80 81
63 64 80
67 75 76
66 67 76
66 76 77
0 1 101
68 73 74
68 74 75
69 70 72
69 72 73
68 69 73
22 33 34
22 23 33
23 32 33
34 35 36
92 93 95
38 95 96
93 94 95
38 43 95
43 92 95
39 40 41
39 41 42
57 84 85
57 58 84
52 57 85
59 60 83
60 82 83
52 53 56
52 56 57
53 55 56
1 2 7
2 6 7
58 83 84
58 59 83
