# points
0.092838 0.49602
0.074271 0.5305
0.050398 0.56499
0.03183 0.59416
0.01061 0.62865
0 0.66048
0.013263 0.69496
0.03183 0.72944
0.05305 0.76393
0.084881 0.7878
0.11936 0.80637
0.15385 0.81698
0.18833 0.83289
0.22281 0.85146
0.25729 0.86737
0.29178 0.88859
0.32626 0.91512
0.36074 0.9443
0.38727 0.97613
0.4191 1
0.45358 0.98143
0.48806 0.95756
0.51989 0.92573
0.55172 0.8939
0.58621 0.87268
0.62069 0.85411
0.65517 0.8382
0.68966 0.82759
0.72414 0.81698
0.75862 0.80371
0.7931 0.7931
0.82493 0.77188
0.84615 0.74271
0.86737 0.70822
0.87003 0.67374
0.85676 0.63926
0.84085 0.60477
0.81963 0.57029
0.79576 0.53581
0.77454 0.50133
0.75862 0.46684
0.73475 0.43236
0.71353 0.40053
0.687 0.37401
0.66048 0.34483
0.62865 0.3183
0.59416 0.30504
0.59682 0.28117
0.60743 0.24668
0.5809 0.22812
0.54642 0.22281
0.51194 0.22016
0.48541 0.2069
0.4748 0.17241
0.46154 0.13793
0.44032 0.10345
0.41379 0.068966
0.38196 0.04244
0.34748 0.023873
0.313 0.01061
0.27851 0.0026525
0.24403 0
0.20955 0.0026525
0.17507 0.005305
0.14058 0.013263
0.1061 0.034483
0.076923 0.061008
0.055703 0.092838
0.047745 0.12732
0.045093 0.1565
0.050398 0.19098
0.061008 0.22546
0.082228 0.25995
0.10875 0.27851
0.098143 0.24403
0.084881 0.20955
0.082228 0.17507
0.084881 0.14058
0.095491 0.1061
0.12202 0.074271
0.1565 0.05305
0.19098 0.047745
0.22546 0.047745
0.25995 0.055703
0.29443 0.074271
0.32626 0.098143
0.35013 0.12997
0.3687 0.16446
0.37931 0.19894
0.36605 0.22016
0.33156 0.22016
0.29708 0.23077
0.27851 0.25995
0.28647 0.29443
0.27056 0.31034
0.23873 0.33422
0.20424 0.35544
0.16976 0.38727
0.14589 0.4191
0.12202 0.45093
0.10345 0.48276
0.092838 0.49602
# triangles
25 43 46
66 67 78
62 63 81
63 80 81
63 64 80
64 65 80
47 48 49
7 8 9
16 22 23
18 19 20
67 68 78
65 79 80
66 78 79
65 66 79
32 33 34
32 34 35
30 31 32
43 44 46
44 45 46
25 41 43
41 42 43
25 39 41
39 40 41
61 62 82
62 81 82
47 49 50
46 50 51
46 47 50
1 11 12
14 24 95
24 25 46
24 46 95
15 16 23
14 15 24
15 23 24
95 96 97
46 93 94
46 94 95
16 17 22
17 21 22
17 18 20
17 20 21
68 69 77
68 77 78
26 38 39
26 27 38
25 26 39
27 28 38
54 55 87
61 82 83
59 83 84
58 59 84
3 6 7
3 7 9
12 13 100
1 12 100
69 76 77
28 37 38
55 56 86
55 86 87
52 53 88
53 54 88
54 87 88
60 61 83
59 60 83
4 5 6
3 4 6
2 9 10
2 3 9
2 10 11
1 2 11
13 14 99
13 99 100
71 74 75
0 1 100
70 71 75
70 75 76
69 70 76
90 91 93
91 92 93
29 36 37
28 29 37
29 35 36
29 30 32
29 32 35
89 90 93
52 88 89
51 52 89
46 51 89
46 89 93
14 98 99
95 97 98
14 95 98
72 73 74
71 72 74
57 58 85
58 84 85
56 57 85
56 85 86
