# points
0.040268 0.49664
0.020134 0.52013
0.0067114 0.54362
0.0033557 0.57047
0 0.59732
0.020134 0.62081
0.040268 0.64094
0.057047 0.66107
0.077181 0.67785
0.10403 0.70134
0.13087 0.72148
0.15436 0.74161
0.17785 0.76174
0.19799 0.77852
0.21812 0.80201
0.2349 0.82215
0.25839 0.84564
0.27852 0.87248
0.29866 0.89933
0.31879 0.92617
0.33557 0.95302
0.34564 0.97987
0.36242 1
0.38255 0.98658
0.39597 0.95973
0.41611 0.93289
0.43624 0.90604
0.45973 0.87919
0.47987 0.85235
0.5 0.8255
0.52349 0.80537
0.54698 0.78523
0.57047 0.7651
0.59732 0.74832
0.62081 0.7349
0.64765 0.71812
0.6745 0.70134
0.70134 0.68121
0.72483 0.66107
0.74832 0.63758
0.75503 0.61074
0.74832 0.58389
0.73826 0.55705
0.72148 0.5302
0.70134 0.51007
0.6745 0.48993
0.64765 0.46309
0.62416 0.44295
0.60067 0.42282
0.57383 0.40268
0.55034 0.38255
0.52349 0.36242
0.49664 0.35235
0.4698 0.34899
0.45638 0.33557
0.46309 0.30872
0.45302 0.28859
0.43289 0.27517
0.41611 0.25168
0.39933 0.22483
0.39933 0.19799
0.39933 0.17114
0.39933 0.1443
0.40604 0.11745
0.41275 0.090604
0.42953 0.067114
0.45302 0.043624
0.47987 0.033557
0.50671 0.050336
0.53356 0.050336
0.54698 0.040268
0.56711 0.067114
0.59396 0.067114
0.61745 0.067114
0.60403 0.040268
0.57718 0.02349
0.55034 0.010067
0.52349 0.0033557
0.49664 0
0.4698 0.0033557
0.44295 0.010067
0.41611 0.02349
0.39597 0.043624
0.37584 0.07047
0.35906 0.097315
0.35906 0.12416
0.35235 0.15101
0.35235 0.17785
0.34228 0.20134
0.34899 0.22483
0.34564 0.25168
0.32886 0.27181
0.30537 0.27517
0.29866 0.29866
0.30201 0.3255
0.29866 0.34899
0.27181 0.34899
0.24497 0.35906
0.22148 0.37248
0.19463 0.38591
0.17114 0.39933
0.1443 0.41946
0.11745 0.43289
0.090604 0.45302
0.067114 0.47315
0.040268 0.49664
0.040268 0.49664
# triangles
13 31 95
13 30 31
31 53 95
31 32 53
13 14 30
37 42 43
32 33 48
33 47 48
33 46 47
37 43 44
53 54 95
54 94 95
7 8 104
8 103 104
6 7 104
0 6 104
95 97 98
9 10 101
9 101 102
8 9 103
9 102 103
0 1 6
1 5 6
19 20 25
14 29 30
12 13 95
12 95 98
33 34 46
20 21 24
20 24 25
54 55 56
70 75 76
70 76 77
69 70 77
70 71 75
68 77 78
68 69 77
34 45 46
34 35 45
37 38 42
38 41 42
91 92 93
91 93 94
1 3 5
1 2 3
3 4 5
15 16 29
14 15 29
17 18 27
21 22 23
21 23 24
32 48 49
32 49 53
49 50 53
50 52 53
50 51 52
72 73 74
72 74 75
71 72 75
67 78 79
67 68 78
35 36 45
95 96 97
11 99 100
11 98 99
11 12 98
10 11 101
11 100 101
16 28 29
16 17 28
17 27 28
18 26 27
18 19 26
19 25 26
66 67 79
60 61 87
60 87 88
60 88 89
66 80 81
66 79 80
65 66 81
61 86 87
57 90 91
57 58 90
54 57 94
57 91 94
54 56 57
59 60 89
59 89 90
58 59 90
65 81 82
63 84 85
62 63 85
61 62 86
62 85 86
64 82 83
64 65 82
64 83 84
63 64 84
38 40 41
38 39 40
36 44 45
36 37 44
