# points
0.36475 0.27459
0.34016 0.31148
0.33197 0.35041
0.32992 0.3873
0.32992 0.42213
0.33197 0.46107
0.32582 0.5
0.31762 0.53689
0.30943 0.57582
0.31557 0.61066
0.35041 0.625
0.38934 0.625
0.42828 0.6168
0.46516 0.6127
0.5041 0.60861
0.53893 0.60246
0.57582 0.59631
0.6127 0.59631
0.64959 0.60246
0.68852 0.60861
0.72541 0.6209
0.76025 0.625
0.79918 0.625
0.83811 0.6209
0.875 0.62705
0.90779 0.6332
0.91189 0.60041
0.90984 0.56352
0.92213 0.52664
0.93648 0.48975
0.93238 0.45492
0.93238 0.42213
0.92623 0.3873
0.92623 0.35451
0.93033 0.31762
0.93648 0.27869
0.94877 0.24385
0.96311 0.20697
0.97951 0.17008
0.9918 0.13115
1 0.094262
0.9959 0.057377
0.96516 0.034836
0.92623 0.038934
0.8873 0.045082
0.85246 0.040984
0.81352 0.036885
0.77664 0.026639
0.73975 0.018443
0.70287 0.016393
0.66393 0.02459
0.6332 0.04918
0.61066 0.061475
0.58607 0.032787
0.57582 0.055328
0.56762 0.090164
0.53893 0.063525
0.5041 0.047131
0.47131 0.036885
0.48361 0.07377
0.45492 0.055328
0.42213 0.047131
0.39959 0.034836
0.3709 0.014344
0.34836 0.0081967
0.31352 0.0020492
0.28279 0
0.25 0.0040984
0.22336 0.0081967
0.18852 0.014344
0.15369 0.034836
0.1332 0.057377
0.11066 0.07582
0.092213 0.10451
0.079918 0.125
0.07582 0.14344
0.05123 0.16803
0.045082 0.19467
0.014344 0.22131
0 0.24795
0.034836 0.24385
0.059426 0.22131
0.090164 0.22541
0.10656 0.19262
0.12705 0.16598
0.15164 0.13525
0.15369 0.096311
0.18033 0.07582
0.21311 0.059426
0.24795 0.053279
0.28074 0.055328
0.30328 0.061475
0.33811 0.07377
0.36066 0.092213
0.38525 0.11066
0.39549 0.13934
0.41393 0.17008
0.44057 0.20082
0.41393 0.19467
0.38934 0.20697
0.42008 0.23975
0.40574 0.25205
0.36885 0.27254
0.36475 0.27459
# triangles
8 9 10
40 41 42
7 8 10
7 10 11
81 82 83
77 81 83
78 79 80
78 80 81
77 78 81
49 50 51
48 49 51
52 54 55
55 59 97
33 34 55
33 55 97
17 33 97
68 69 88
21 28 30
28 29 30
23 27 28
20 21 30
7 11 12
6 7 12
4 5 15
5 14 15
40 42 43
47 48 51
36 45 46
36 37 45
52 53 54
60 94 95
59 60 95
57 58 59
59 95 96
59 96 97
3 4 101
2 3 101
15 16 101
4 15 101
76 77 83
75 76 83
75 83 84
69 70 87
69 87 88
70 71 87
67 68 89
68 88 89
23 24 27
21 22 28
22 23 28
24 25 26
24 26 27
5 13 14
5 6 13
6 12 13
17 18 33
18 32 33
37 44 45
35 47 51
35 51 52
35 46 47
34 35 55
35 52 55
35 36 46
60 61 94
55 56 59
56 57 59
0 1 102
1 2 102
2 101 102
73 84 85
71 86 87
73 85 86
66 67 90
67 89 90
65 66 90
18 19 32
19 31 32
19 30 31
19 20 30
37 38 44
98 99 100
97 98 100
17 97 100
16 17 100
16 100 101
74 75 84
73 74 84
71 72 86
72 73 86
64 65 91
65 90 91
39 43 44
38 39 44
39 40 43
63 64 92
64 91 92
62 63 92
62 92 93
61 93 94
61 62 93
