# points
0.090909 0.50369
0.066339 0.543
0.039312 0.58231
0.019656 0.62162
0 0.66093
0.002457 0.70025
0.02457 0.73956
0.056511 0.7715
0.090909 0.79853
0.13022 0.82064
0.16953 0.84521
0.20393 0.86978
0.23833 0.89435
0.27027 0.91646
0.30958 0.93857
0.34889 0.96069
0.38329 0.99263
0.42015 1
0.45209 0.96806
0.4914 0.94103
0.53071 0.91155
0.56511 0.88698
0.59951 0.85749
0.63882 0.83292
0.67813 0.81327
0.71744 0.79115
0.75184 0.75676
0.77887 0.71744
0.79853 0.67813
0.80344 0.63882
0.78133 0.60197
0.75921 0.56757
0.73464 0.52826
0.71007 0.48894
0.6855 0.45209
0.65848 0.41769
0.62408 0.38084
0.58477 0.35381
0.54791 0.3317
0.543 0.30221
0.54054 0.2629
0.50123 0.24816
0.46192 0.24816
0.457 0.21622
0.4742 0.1769
0.50123 0.14005
0.53563 0.11057
0.57494 0.093366
0.61425 0.085995
0.65356 0.090909
0.69287 0.11302
0.7199 0.14988
0.72973 0.18919
0.72973 0.2285
0.71744 0.26781
0.7027 0.30713
0.69533 0.34644
0.69779 0.38575
0.71744 0.42506
0.75184 0.44963
0.79115 0.45455
0.81818 0.42506
0.81081 0.38575
0.79853 0.35381
0.79607 0.39066
0.80098 0.42998
0.76413 0.43735
0.72727 0.40541
0.71499 0.36609
0.7199 0.32678
0.7371 0.28747
0.75184 0.24816
0.76167 0.20885
0.76658 0.17199
0.7543 0.13514
0.73219 0.09828
0.69779 0.068796
0.65848 0.04914
0.68305 0.031941
0.7199 0.009828
0.69287 0
0.65848 0.009828
0.62408 0.027027
0.59214 0.039312
0.55283 0.044226
0.51351 0.054054
0.4742 0.068796
0.43735 0.095823
0.40295 0.13268
0.37838 0.17199
0.36364 0.2113
0.34398 0.24079
0.30958 0.24816
0.27027 0.25553
0.24324 0.27764
0.25799 0.31695
0.23587 0.3317
0.19902 0.35872
0.16708 0.39066
0.14005 0.42506
0.11302 0.46192
0.093366 0.50123
0.090909 0.50369
# triangles
93 94 95
42 91 95
42 90 91
3 6 7
3 4 5
3 5 6
0 1 101
38 42 95
22 38 99
78 79 80
11 22 99
10 11 101
11 99 101
99 100 101
92 93 95
91 92 95
44 87 88
42 43 90
44 45 87
9 10 101
1 9 101
2 3 7
54 70 71
53 54 71
22 37 38
38 95 96
59 60 66
54 55 70
58 59 66
50 75 76
51 73 74
50 51 75
51 74 75
27 28 30
28 29 30
22 23 33
23 32 33
23 24 32
11 12 22
12 13 20
15 18 19
15 16 18
16 17 18
14 15 19
14 19 20
13 14 20
43 89 90
44 88 89
43 44 89
46 85 86
45 46 86
45 86 87
1 8 9
1 2 8
2 7 8
62 63 64
61 62 64
53 71 72
39 40 41
38 39 42
39 41 42
38 98 99
60 61 65
60 65 66
61 64 65
55 69 70
56 68 69
55 56 69
22 33 34
35 36 37
22 35 37
22 34 35
49 50 76
49 76 77
48 49 77
78 80 81
77 78 81
27 30 31
26 27 31
24 31 32
24 25 31
25 26 31
12 21 22
12 20 21
58 66 67
52 53 72
51 52 73
52 72 73
38 96 97
38 97 98
46 84 85
46 47 84
57 58 67
57 67 68
56 57 68
47 48 83
47 83 84
77 81 82
48 77 82
48 82 83
