# points
0.084967 0.50109
0.050109 0.53159
0.013072 0.55991
0.015251 0.59913
0.04793 0.62963
0.087146 0.65577
0.12636 0.67974
0.16558 0.70588
0.20479 0.72767
0.24401 0.75381
0.27669 0.78649
0.30719 0.82135
0.33115 0.85403
0.3573 0.88889
0.38344 0.91503
0.4183 0.93682
0.45098 0.96296
0.46841 1
0.49891 0.98911
0.51852 0.95425
0.54684 0.93464
0.5817 0.91939
0.60784 0.89542
0.62963 0.8671
0.64924 0.8366
0.66667 0.8061
0.70153 0.77124
0.7342 0.74292
0.77124 0.71678
0.81046 0.69499
0.84967 0.67538
0.88889 0.65142
0.92375 0.62309
0.94553 0.58606
0.92593 0.54902
0.88671 0.52505
0.84967 0.49673
0.81917 0.46623
0.79303 0.43137
0.76471 0.39216
0.73203 0.35948
0.69499 0.33987
0.65577 0.33769
0.62527 0.33987
0.62745 0.30065
0.60349 0.2963
0.57734 0.32244
0.56863 0.29847
0.55773 0.25926
0.54248 0.22222
0.5207 0.23965
0.50545 0.24401
0.49891 0.20479
0.48584 0.17647
0.46623 0.16122
0.45752 0.12854
0.4488 0.11111
0.43137 0.10458
0.41176 0.078431
0.39216 0.063181
0.37255 0.04793
0.34858 0.030501
0.32026 0.0087146
0.28105 0
0.25054 0.0087146
0.21786 0.0065359
0.18736 0.0087146
0.15468 0.010893
0.13508 0.019608
0.12418 0.034858
0.093682 0.037037
0.078431 0.056645
0.039216 0.058824
0 0.054466
0.017429 0.087146
0.056645 0.089325
0.071895 0.11111
0.11111 0.10893
0.14379 0.082789
0.18301 0.084967
0.22004 0.061002
0.25708 0.043573
0.28758 0.056645
0.31808 0.065359
0.34205 0.089325
0.36166 0.11329
0.38344 0.13508
0.39869 0.17211
0.40959 0.20044
0.40523 0.23312
0.39216 0.27233
0.39216 0.31155
0.38344 0.32244
0.36166 0.29194
0.34641 0.32026
0.35512 0.35948
0.3159 0.34423
0.27669 0.34205
0.23747 0.35076
0.19826 0.37908
0.16776 0.41612
0.13943 0.45098
0.11111 0.48366
0.084967 0.50109
# triangles
32 33 34
26 43 46
13 14 20
10 25 95
26 46 95
25 26 95
1 3 4
1 4 5
8 95 100
6 7 102
5 6 102
51 89 90
28 29 37
13 20 23
20 22 23
14 15 20
15 19 20
15 16 19
20 21 22
10 11 25
51 90 91
47 51 91
46 47 91
9 10 95
8 9 95
1 2 3
0 5 102
0 1 5
95 99 100
66 67 79
69 70 71
71 76 77
71 75 76
26 27 43
32 34 35
31 32 35
38 39 43
27 38 43
28 37 38
27 28 38
30 31 35
16 17 18
16 18 19
12 24 25
11 12 25
12 13 23
12 23 24
95 96 99
92 94 95
46 92 95
46 91 92
39 40 42
39 42 43
40 41 42
48 49 50
47 48 51
48 50 51
43 45 46
43 44 45
8 100 101
7 101 102
7 8 101
55 56 57
65 66 80
66 79 80
92 93 94
67 78 79
67 68 78
68 69 78
71 77 78
69 71 78
71 72 75
72 73 74
72 74 75
30 35 36
29 36 37
29 30 36
97 98 99
96 97 99
51 52 89
64 65 81
65 80 81
63 64 81
54 55 87
55 57 87
62 63 82
63 81 82
54 87 88
53 54 88
52 88 89
52 53 88
62 82 83
61 62 83
60 61 83
59 60 84
60 83 84
58 59 85
59 84 85
57 58 86
58 85 86
57 86 87
