# points
0.040685 0.58672
0.027837 0.62527
0.023555 0.66595
0.017131 0.70021
0.012848 0.7409
0.0085653 0.77944
0.0021413 0.81585
0.0021413 0.85439
0 0.89507
0.0021413 0.93362
0.012848 0.97002
0.049251 0.98929
0.089936 0.98929
0.12848 0.98929
0.16916 0.98073
0.20985 0.9743
0.24625 0.96574
0.28694 0.97002
0.32334 0.97859
0.36403 0.98715
0.40471 0.99572
0.4454 1
0.48608 0.99143
0.52463 0.97859
0.56317 0.97216
0.60171 0.96574
0.63597 0.95503
0.64026 0.91649
0.65525 0.87794
0.67024 0.83726
0.68094 0.79657
0.68522 0.75589
0.68308 0.7152
0.68308 0.67666
0.68308 0.63812
0.68522 0.59743
0.69807 0.55675
0.71734 0.5182
0.72805 0.47966
0.73448 0.44325
0.73662 0.40257
0.73448 0.36188
0.69593 0.34475
0.65739 0.33191
0.61884 0.32548
0.57816 0.3212
0.53747 0.31692
0.49679 0.31478
0.4561 0.31478
0.41756 0.31263
0.37687 0.31906
0.33833 0.32548
0.31692 0.35546
0.31263 0.39186
0.30193 0.39829
0.29336 0.3576
0.29122 0.31692
0.26124 0.31049
0.25268 0.34475
0.2334 0.34047
0.20128 0.31478
0.17559 0.32976
0.14561 0.30621
0.13704 0.33191
0.12206 0.2955
0.11135 0.2591
0.11135 0.22056
0.12206 0.17987
0.14347 0.14347
0.18201 0.12206
0.20343 0.098501
0.22484 0.066381
0.26338 0.059957
0.2955 0.036403
0.32762 0.040685
0.36617 0.029979
0.40471 0.021413
0.36617 0.0021413
0.32548 0
0.2848 0.0085653
0.24411 0.021413
0.20985 0.038544
0.17559 0.055675
0.14561 0.079229
0.11777 0.11135
0.094218 0.14347
0.072805 0.18201
0.059957 0.22056
0.059957 0.2591
0.062099 0.29979
0.074946 0.33619
0.089936 0.36617
0.11135 0.40043
0.10278 0.40471
0.079229 0.37473
0.070664 0.40471
0.06424 0.44325
0.08137 0.4818
0.068522 0.49036
0.027837 0.49893
0.040685 0.53105
0.08137 0.54176
0.11563 0.55675
0.077088 0.5546
0.047109 0.57388
0.040685 0.58672
# triangles
33 54 102
54 92 102
8 12 13
8 9 12
9 10 11
9 11 12
4 16 102
18 33 102
18 32 33
33 34 54
35 36 47
23 24 28
23 28 29
36 46 47
75 77 78
54 59 92
1 2 102
5 14 15
5 15 16
4 5 16
16 17 102
17 18 102
19 23 32
18 19 32
24 27 28
23 29 30
40 41 42
75 76 77
71 80 81
35 47 53
34 53 54
34 35 53
63 91 92
59 61 92
61 63 92
59 60 61
3 4 102
2 3 102
7 8 13
7 13 14
20 22 23
19 20 23
20 21 22
25 26 27
24 25 27
23 31 32
23 30 31
37 38 44
39 43 44
38 39 44
39 40 42
39 42 43
36 45 46
37 44 45
36 37 45
71 81 82
68 69 83
68 83 84
68 84 85
67 68 85
66 86 87
66 67 86
67 85 86
71 72 80
61 62 63
63 90 91
92 97 102
97 101 102
5 6 14
6 7 14
73 78 79
73 79 80
72 73 80
70 71 82
69 70 83
70 82 83
47 48 53
48 49 53
74 75 78
73 74 78
54 58 59
54 55 58
56 57 58
55 56 58
65 88 89
64 89 90
64 65 89
63 64 90
0 1 102
0 102 103
0 103 104
93 95 96
92 93 97
93 96 97
93 94 95
98 99 100
97 98 101
98 100 101
49 50 53
50 52 53
50 51 52
65 87 88
65 66 87
