# points
0.041995 0.32546
0.026247 0.37008
0.010499 0.4147
0 0.45932
0 0.50394
0.015748 0.54856
0.044619 0.5853
0.081365 0.61155
0.12336 0.61942
0.16798 0.61417
0.18898 0.6273
0.22047 0.62992
0.23885 0.64304
0.27034 0.6378
0.29921 0.6378
0.34121 0.64042
0.33071 0.60367
0.32283 0.5958
0.36745 0.59055
0.40945 0.5853
0.45407 0.57218
0.49869 0.55906
0.54331 0.54068
0.5853 0.51969
0.62992 0.49869
0.66404 0.47769
0.70079 0.45144
0.73491 0.42257
0.77428 0.42782
0.81102 0.45932
0.85564 0.46982
0.90026 0.47769
0.94488 0.47769
0.9895 0.46194
1 0.42782
0.98688 0.39108
0.94226 0.35433
0.91864 0.30971
0.90551 0.26509
0.88714 0.22572
0.87402 0.19948
0.88451 0.16798
0.92388 0.14436
0.92126 0.11286
0.93963 0.08399
0.90289 0.11024
0.88189 0.08399
0.85564 0.10236
0.83727 0.12598
0.81365 0.14436
0.81627 0.17848
0.7769 0.19948
0.73228 0.21785
0.68766 0.2336
0.64304 0.25459
0.59843 0.27822
0.60105 0.2336
0.60105 0.19685
0.58268 0.22835
0.5643 0.20735
0.54593 0.22835
0.52756 0.22835
0.49869 0.2336
0.49606 0.26772
0.46719 0.27559
0.50131 0.29659
0.50656 0.32808
0.46194 0.34383
0.44094 0.33858
0.46194 0.30184
0.43307 0.31759
0.43832 0.27559
0.40945 0.30971
0.37795 0.34121
0.36745 0.31496
0.34646 0.33858
0.32021 0.37795
0.30184 0.42257
0.26772 0.45669
0.22835 0.48819
0.18373 0.51444
0.13911 0.52493
0.097113 0.49606
0.07874 0.45407
0.070866 0.40945
0.081365 0.36745
0.091864 0.32808
0.10499 0.28346
0.11811 0.24147
0.12861 0.20735
0.14698 0.16273
0.15748 0.11811
0.16798 0.073491
0.17323 0.028871
0.14436 0
0.10236 0.026247
0.062992 0.062992
0.08399 0.068241
0.12861 0.034121
0.14436 0.060367
0.13386 0.10499
0.11811 0.14961
0.094488 0.1916
0.081365 0.23622
0.060367 0.28084
0.044619 0.32283
0.041995 0.32546
# triangles
28 38 51
95 96 97
23 24 66
24 25 66
9 10 11
9 11 80
9 80 81
6 7 81
23 66 67
28 51 52
27 28 52
27 52 53
41 47 48
38 39 51
48 49 50
41 48 50
39 50 51
45 46 47
41 45 47
30 31 36
28 29 36
29 30 36
32 33 34
32 34 35
31 32 36
32 35 36
11 12 13
13 14 17
11 13 17
8 9 81
7 8 81
3 4 83
25 55 66
25 26 55
26 27 55
43 44 45
40 41 50
39 40 50
28 37 38
28 36 37
19 20 77
20 21 67
18 19 77
18 77 78
17 18 78
5 6 82
6 81 82
4 5 82
4 82 83
17 78 79
11 79 80
11 17 79
88 102 103
88 89 102
89 101 102
95 97 98
94 95 98
93 94 98
22 23 67
21 22 67
73 75 76
73 76 77
58 59 60
55 58 60
55 56 58
56 57 58
27 53 54
27 54 55
41 42 45
42 43 45
20 67 68
20 68 77
68 73 77
14 15 16
14 16 17
2 3 83
86 87 104
87 88 103
87 103 104
0 1 85
89 90 101
92 99 100
92 93 99
93 98 99
55 65 66
55 60 65
86 104 105
85 86 105
0 85 105
2 83 84
1 2 84
1 84 85
91 92 100
91 100 101
90 91 101
68 72 73
63 64 65
61 62 63
60 63 65
60 61 63
68 69 70
68 70 72
73 74 75
70 71 72
