# points
0.080268 0.47157
0.043478 0.52508
0.020067 0.5786
0.006689 0.63211
0 0.69231
0.006689 0.74582
0.0301 0.79933
0.063545 0.84615
0.11371 0.88294
0.16722 0.90635
0.22742 0.91304
0.27425 0.9097
0.31773 0.89967
0.31104 0.9398
0.28763 0.95652
0.34114 0.95318
0.37124 0.92642
0.39799 0.91304
0.44147 0.88963
0.46488 0.84281
0.51505 0.80936
0.56522 0.78261
0.61873 0.74916
0.66555 0.70569
0.71237 0.65886
0.75251 0.6087
0.78595 0.55853
0.8194 0.51171
0.79933 0.56522
0.76923 0.61538
0.81605 0.64548
0.87625 0.64214
0.92977 0.63211
0.97993 0.59197
1 0.53846
0.99331 0.47826
0.97324 0.43144
0.9398 0.37793
0.89632 0.32441
0.85284 0.28094
0.81605 0.24415
0.80268 0.19398
0.80268 0.13378
0.79264 0.076923
0.80936 0.0301
0.76923 0
0.74582 0.026756
0.74247 0.053512
0.70234 0.063545
0.69565 0.09699
0.7291 0.12375
0.74916 0.15719
0.74916 0.21739
0.73244 0.27425
0.68227 0.30435
0.62542 0.35452
0.58863 0.39799
0.54515 0.42475
0.54849 0.37793
0.52174 0.32776
0.51171 0.36789
0.46154 0.34783
0.47157 0.38796
0.42809 0.38796
0.44147 0.42809
0.43144 0.45151
0.48161 0.47157
0.45485 0.51839
0.42809 0.51505
0.40803 0.47826
0.39465 0.50502
0.38127 0.45819
0.37124 0.50502
0.34448 0.53846
0.32776 0.53512
0.32107 0.58528
0.31773 0.64214
0.30435 0.699
0.26756 0.74916
0.21405 0.77258
0.15385 0.76923
0.10033 0.74247
0.073579 0.68562
0.083612 0.62876
0.09699 0.57191
0.1204 0.51171
0.14716 0.45485
0.17391 0.40134
0.19732 0.34448
0.22074 0.29097
0.23746 0.23411
0.22074 0.1806
0.16722 0.16722
0.12709 0.22408
0.14716 0.22408
0.18729 0.18395
0.2107 0.22742
0.19398 0.28763
0.16388 0.34114
0.13378 0.38462
0.10033 0.43813
0.080268 0.47157
# triangles
26 27 56
27 34 35
47 48 49
27 31 32
27 55 56
27 37 38
27 28 31
44 45 46
44 46 47
92 93 94
70 71 72
6 7 81
5 6 81
13 14 15
25 26 56
20 67 76
22 23 67
24 66 67
23 24 67
27 53 54
27 54 55
27 35 36
27 36 37
41 51 52
27 39 53
27 38 39
87 88 98
0 86 100
0 85 86
0 1 85
70 72 73
73 74 75
12 19 78
12 13 15
4 5 82
5 81 82
3 4 82
92 94 95
91 92 95
88 97 98
62 64 66
27 33 34
27 32 33
28 30 31
20 76 77
19 20 77
19 77 78
21 22 67
20 21 67
68 75 76
67 68 76
68 73 75
68 70 73
68 69 70
47 49 50
40 52 53
39 40 53
40 41 52
87 98 99
86 99 100
86 87 99
9 10 79
11 78 79
11 12 78
10 11 79
17 18 19
12 17 19
2 3 83
3 82 83
64 65 66
62 63 64
58 59 60
60 61 62
28 29 30
43 44 47
43 47 50
12 15 16
12 16 17
1 2 84
2 83 84
1 84 85
7 8 80
7 80 81
8 9 80
9 79 80
91 95 96
90 91 96
88 89 97
89 96 97
89 90 96
57 58 60
57 62 66
57 60 62
24 57 66
25 56 57
24 25 57
42 50 51
42 43 50
41 42 51
