# points
0.043956 0.27473
0.024176 0.32088
0.0043956 0.36264
0 0.40659
0.010989 0.45275
0.035165 0.48571
0.076923 0.51209
0.12088 0.52088
0.16703 0.51648
0.2 0.52308
0.23077 0.53187
0.25275 0.53626
0.29231 0.54286
0.32967 0.54286
0.35824 0.52088
0.32088 0.50549
0.36703 0.5011
0.41099 0.49451
0.45714 0.48791
0.5033 0.47692
0.54945 0.46154
0.5956 0.44615
0.64176 0.42637
0.68352 0.40659
0.72527 0.38681
0.76484 0.35824
0.7956 0.36264
0.75165 0.39341
0.70989 0.41538
0.74066 0.43736
0.78462 0.44176
0.83077 0.44615
0.87692 0.43736
0.91868 0.41978
0.95165 0.38462
0.96484 0.34286
0.96703 0.2967
0.95604 0.25055
0.93846 0.2044
0.90989 0.17802
0.92967 0.14066
0.94505 0.1011
0.96703 0.061538
0.99341 0.03956
1 0.010989
0.98242 0
0.94945 0.0021978
0.94066 0.028571
0.9011 0.021978
0.87912 0.048352
0.88132 0.068132
0.8989 0.081319
0.87692 0.11868
0.84615 0.14945
0.80659 0.16044
0.76044 0.17143
0.71868 0.17802
0.67912 0.18901
0.63516 0.1978
0.61978 0.16923
0.5978 0.2
0.57143 0.17363
0.56044 0.20879
0.52747 0.19121
0.52527 0.22637
0.48791 0.22857
0.52308 0.25055
0.52088 0.28132
0.47473 0.29451
0.47033 0.27912
0.46813 0.25055
0.44176 0.27912
0.46154 0.24396
0.42857 0.25495
0.4 0.28571
0.38242 0.26374
0.35385 0.29231
0.32527 0.32967
0.2989 0.36703
0.25934 0.3978
0.21538 0.42418
0.16923 0.43956
0.12308 0.43297
0.087912 0.3956
0.074725 0.34945
0.083516 0.30549
0.098901 0.26374
0.11648 0.21978
0.12747 0.18681
0.14945 0.14725
0.16484 0.10769
0.1978 0.07033
0.21758 0.10549
0.23077 0.11209
0.22637 0.065934
0.19121 0.043956
0.15385 0.074725
0.12527 0.11648
0.1011 0.15824
0.081319 0.2044
0.059341 0.24835
0.043956 0.27473
# triangles
9 10 80
7 8 82
6 7 82
5 6 82
43 44 45
45 46 47
43 45 47
10 11 80
91 95 96
90 91 96
91 94 95
87 88 99
90 96 97
89 90 97
2 3 83
2 83 84
3 4 83
4 5 83
5 82 83
42 43 47
11 12 15
11 15 80
88 89 98
89 97 98
88 98 99
86 87 99
0 85 86
1 2 84
1 84 85
0 1 85
8 81 82
8 9 81
9 80 81
26 32 33
26 33 34
26 34 35
12 13 15
20 67 68
91 92 94
92 93 94
86 99 100
0 86 100
47 48 51
41 42 51
42 47 51
13 14 15
16 17 78
15 16 78
15 79 80
15 78 79
74 76 77
17 77 78
17 74 77
74 75 76
68 71 74
71 73 74
19 20 68
21 22 67
20 21 67
26 54 55
26 39 54
48 49 51
49 50 51
39 40 52
40 41 51
40 51 52
26 37 39
22 23 67
23 58 67
23 24 58
58 60 67
58 59 60
71 72 73
68 69 71
69 70 71
18 19 68
17 18 74
18 68 74
39 52 53
39 53 54
26 35 36
26 36 37
37 38 39
26 31 32
26 30 31
27 29 30
26 27 30
27 28 29
62 66 67
60 62 67
60 61 62
64 65 66
62 64 66
62 63 64
24 57 58
24 25 57
25 56 57
25 26 55
25 55 56
