# points
0.19874 0.39117
0.24606 0.38486
0.29338 0.37224
0.33754 0.35331
0.38486 0.33438
0.43218 0.32177
0.4795 0.32492
0.49842 0.37224
0.52997 0.4164
0.49527 0.42902
0.4511 0.42902
0.40694 0.42271
0.42587 0.46372
0.41009 0.48265
0.39432 0.51735
0.43849 0.5142
0.43533 0.5489
0.46057 0.58044
0.4858 0.53943
0.51735 0.56467
0.54574 0.52997
0.56151 0.4858
0.59621 0.44479
0.63407 0.41009
0.61514 0.44479
0.59937 0.49211
0.56467 0.51735
0.54259 0.55521
0.54259 0.59306
0.56782 0.60883
0.60252 0.61514
0.63407 0.62145
0.64038 0.57729
0.66246 0.5836
0.66877 0.63091
0.68139 0.67823
0.69716 0.72555
0.72555 0.77287
0.77287 0.77287
0.81388 0.73502
0.84227 0.69085
0.87066 0.64353
0.88328 0.59621
0.87066 0.5489
0.86435 0.50789
0.88959 0.46372
0.8959 0.42271
0.92114 0.42587
0.95268 0.44795
0.97161 0.42271
1 0.39432
1 0.35016
0.96215 0.33754
0.94637 0.29968
0.90852 0.30915
0.88328 0.33754
0.8612 0.35962
0.83596 0.33123
0.82019 0.28707
0.7918 0.2429
0.75079 0.21136
0.70347 0.18927
0.65931 0.17666
0.66877 0.13249
0.64669 0.097792
0.60252 0.082019
0.61199 0.041009
0.58991 0.028391
0.56782 0
0.53312 0.031546
0.49211 0.015773
0.47634 0.044164
0.45741 0.072555
0.46372 0.097792
0.45426 0.13565
0.50158 0.12934
0.54574 0.14196
0.50473 0.17666
0.46688 0.20505
0.42271 0.21136
0.38801 0.23028
0.34385 0.24921
0.30599 0.27129
0.26498 0.29338
0.22713 0.31861
0.17981 0.32177
0.13249 0.31546
0.085174 0.29022
0.047319 0.24606
0.0347 0.20189
0.031546 0.15457
0.053628 0.10726
0.07571 0.066246
0.0347 0.097792
0.0094637 0.14511
0 0.19243
0.0063091 0.23975
0.025237 0.28707
0.059937 0.33123
0.097792 0.35962
0.14511 0.37855
0.19243 0.38486
0.19874 0.39117
# triangles
41 42 43
35 39 40
23 61 62
6 23 62
87 97 98
33 34 43
34 41 43
34 40 41
34 35 40
35 36 39
36 37 38
36 38 39
33 43 44
23 33 44
25 26 32
25 32 33
26 27 32
62 63 64
65 67 69
67 68 69
88 96 97
87 88 97
3 82 83
4 81 82
3 4 82
2 3 83
1 2 84
2 83 84
85 100 101
1 84 101
84 85 101
85 86 100
13 14 15
30 31 32
27 28 29
29 30 32
27 29 32
18 19 20
65 66 67
6 7 23
7 8 23
23 24 33
24 25 33
8 22 23
69 70 71
5 79 80
4 80 81
4 5 80
71 72 73
6 62 77
89 95 96
88 89 96
0 1 101
86 99 100
87 98 99
86 87 99
16 17 18
15 16 18
12 13 15
10 11 12
23 44 56
23 56 57
9 15 18
9 10 12
9 12 15
8 21 22
8 9 21
18 20 21
9 18 21
6 77 78
5 6 78
5 78 79
73 74 75
69 71 75
71 73 75
90 94 95
89 90 95
90 93 94
23 60 61
23 59 60
23 57 58
23 58 59
62 76 77
65 69 76
69 75 76
64 65 76
62 64 76
91 92 93
90 91 93
44 45 56
45 46 56
47 48 49
47 49 52
52 53 54
50 51 52
49 50 52
47 52 55
46 55 56
46 47 55
52 54 55
