# points
0.19572 0.50153
0.21407 0.55963
0.24771 0.61468
0.28135 0.67278
0.33028 0.72171
0.38532 0.75535
0.43425 0.78899
0.44648 0.82569
0.3945 0.85933
0.40673 0.87768
0.43119 0.88685
0.40367 0.9419
0.36391 0.98777
0.3792 1
0.42202 0.95107
0.44648 0.95107
0.47095 0.96024
0.49847 0.91437
0.4893 0.85933
0.53517 0.85321
0.57187 0.81957
0.55657 0.77982
0.61468 0.77064
0.67278 0.74618
0.72783 0.69725
0.75841 0.63914
0.77064 0.58104
0.76147 0.52294
0.76147 0.48012
0.80122 0.4526
0.80428 0.3945
0.79817 0.33639
0.80122 0.27829
0.76758 0.30887
0.73089 0.25994
0.72171 0.2844
0.70948 0.30887
0.70948 0.34251
0.74618 0.36697
0.75841 0.40367
0.70642 0.39144
0.64832 0.36086
0.59021 0.33639
0.53211 0.33028
0.47401 0.33333
0.4159 0.33333
0.3578 0.33945
0.36391 0.3945
0.42202 0.42508
0.47706 0.45872
0.53517 0.47706
0.5841 0.49541
0.54434 0.52599
0.48624 0.52905
0.44954 0.51376
0.42202 0.51988
0.40979 0.57798
0.41284 0.60245
0.35474 0.5841
0.29969 0.54434
0.26911 0.4893
0.24159 0.43425
0.20795 0.37615
0.16208 0.32722
0.11621 0.29052
0.067278 0.24465
0.042813 0.1896
0.055046 0.1315
0.10092 0.079511
0.15902 0.045872
0.21713 0.027523
0.27523 0.027523
0.33333 0.042813
0.39144 0.070336
0.44648 0.10703
0.50153 0.14679
0.55963 0.18349
0.61774 0.21101
0.67584 0.22324
0.73394 0.22936
0.75841 0.21407
0.70031 0.20795
0.6422 0.19878
0.58716 0.17431
0.53211 0.13761
0.48318 0.10398
0.43119 0.067278
0.37615 0.030581
0.31804 0.0061162
0.25994 0
0.20183 0
0.14373 0.015291
0.085627 0.042813
0.033639 0.088685
0.0091743 0.14679
0 0.20489
0.021407 0.263
0.073394 0.31804
0.12538 0.36697
0.16208 0.41896
0.18654 0.47706
0.19572 0.50153
# triangles
1 2 59
30 31 38
31 32 33
31 33 38
70 89 90
68 92 93
67 93 94
67 68 93
69 90 91
69 70 90
69 91 92
68 69 92
2 58 59
64 97 98
62 98 99
33 37 38
33 36 37
61 99 100
61 62 99
63 64 98
62 63 98
64 65 97
65 96 97
66 94 95
66 67 94
66 95 96
65 66 96
11 13 14
2 3 58
11 12 13
33 35 36
33 34 35
0 60 100
60 61 100
1 59 60
0 1 60
3 4 58
4 57 58
4 5 57
18 19 21
5 6 57
6 21 57
72 87 88
75 84 85
75 76 84
45 46 47
10 11 14
10 14 15
10 17 18
15 16 17
10 15 17
7 18 21
6 7 21
7 10 18
28 29 39
28 39 40
30 38 39
29 30 39
24 25 52
23 24 52
22 23 52
21 22 52
21 52 57
71 88 89
71 72 88
70 71 89
74 85 86
74 75 85
73 86 87
72 73 87
73 74 86
77 78 82
76 83 84
76 77 83
77 82 83
7 8 9
7 9 10
19 20 21
41 42 51
40 41 51
28 40 51
27 28 51
26 27 51
25 26 51
25 51 52
79 80 81
78 79 81
78 81 82
42 43 50
42 50 51
43 44 49
43 49 50
45 47 48
44 45 48
44 48 49
53 56 57
52 53 57
54 55 56
53 54 56
