# points
0.029412 0.4902
0.058824 0.53268
0.10131 0.56863
0.14052 0.60784
0.18301 0.63399
0.19935 0.66667
0.16993 0.69935
0.1732 0.74183
0.21242 0.77778
0.2549 0.79085
0.29739 0.77451
0.31373 0.73203
0.33987 0.69935
0.36928 0.72876
0.34967 0.77124
0.35948 0.81373
0.38889 0.85294
0.43137 0.86601
0.47386 0.85948
0.50654 0.8268
0.5098 0.78431
0.50654 0.74183
0.54248 0.70261
0.58497 0.68301
0.60131 0.72222
0.59477 0.76471
0.59804 0.80719
0.56863 0.84314
0.5817 0.88562
0.60458 0.92484
0.61765 0.96732
0.65686 0.98693
0.69935 1
0.74183 0.99673
0.78431 0.97059
0.80392 0.9281
0.84641 0.9085
0.88235 0.89869
0.90196 0.85621
0.89869 0.81373
0.85948 0.77451
0.82026 0.76471
0.83333 0.72222
0.83333 0.67974
0.8366 0.63725
0.83333 0.59477
0.82353 0.55229
0.81373 0.5098
0.80392 0.46732
0.77778 0.42484
0.74183 0.38235
0.69935 0.37255
0.65686 0.39216
0.62418 0.37908
0.61765 0.3366
0.62418 0.29412
0.61765 0.25163
0.58497 0.21242
0.55229 0.17974
0.55229 0.13725
0.55229 0.094771
0.58824 0.065359
0.58824 0.022876
0.54575 0.0065359
0.50327 0
0.46732 0.022876
0.47386 0.065359
0.47059 0.10784
0.47059 0.15033
0.47059 0.19281
0.45425 0.23529
0.42484 0.27124
0.41503 0.31373
0.37908 0.33007
0.3366 0.33333
0.30065 0.31699
0.28105 0.27451
0.27124 0.23203
0.26144 0.18954
0.25817 0.14706
0.2549 0.10458
0.29739 0.065359
0.29085 0.029412
0.24837 0.026144
0.22876 0.068627
0.21895 0.11111
0.20261 0.15359
0.17647 0.16993
0.18301 0.12745
0.19281 0.084967
0.22222 0.042484
0.19608 0.019608
0.15359 0.01634
0.13072 0.052288
0.13399 0.094771
0.12745 0.13725
0.098039 0.17647
0.081699 0.21569
0.062092 0.25817
0.045752 0.30065
0.04902 0.34314
0.03268 0.34967
0 0.35621
0 0.39869
0.003268 0.44118
0.022876 0.48366
0.029412 0.4902
# triangles
61 62 63
12 73 74
4 12 74
3 4 74
4 5 12
5 6 7
53 72 73
89 91 92
2 3 75
3 74 75
76 97 98
89 92 93
89 93 94
55 56 57
50 51 52
5 7 8
81 82 83
81 83 84
1 2 100
2 75 100
75 76 100
100 103 104
98 99 100
76 98 100
57 58 70
55 57 70
70 71 72
53 54 72
54 70 72
54 55 70
5 11 12
5 8 11
8 9 11
23 52 53
23 47 52
63 64 66
64 65 66
58 59 68
59 67 68
89 90 91
88 89 94
88 94 95
80 81 84
80 84 85
79 80 85
0 1 100
0 104 105
0 100 104
101 102 103
100 101 103
58 68 69
58 69 70
49 50 52
23 24 43
36 40 41
36 37 38
36 38 39
36 39 40
35 36 41
31 32 35
32 33 35
33 34 35
26 35 41
9 10 11
23 45 46
23 46 47
60 66 67
59 60 67
60 61 63
60 63 66
77 78 87
87 95 96
87 88 95
87 96 97
76 77 87
76 87 97
79 85 86
78 79 86
78 86 87
47 48 52
48 49 52
12 22 73
22 53 73
22 23 53
12 13 22
13 21 22
13 14 15
24 41 42
24 42 43
23 44 45
23 43 44
24 25 41
25 26 41
29 30 31
29 31 35
26 29 35
13 15 20
13 20 21
26 27 28
26 28 29
15 16 17
15 17 20
18 19 20
17 18 20
