# points
0.011765 0.56078
0.0078431 0.60392
0.0078431 0.64706
0.0078431 0.6902
0.0039216 0.73333
0.0039216 0.77647
0 0.81961
0 0.86275
0 0.90588
0.0039216 0.94902
0.039216 0.98039
0.082353 0.98824
0.12549 0.99216
0.16863 0.99608
0.21176 0.99608
0.2549 1
0.29804 1
0.34118 1
0.38431 1
0.42745 0.99608
0.47059 1
0.51373 1
0.55686 0.99608
0.6 0.99608
0.64314 0.98431
0.67059 0.94118
0.67059 0.89804
0.7098 0.86667
0.75294 0.87451
0.79608 0.87059
0.83922 0.8549
0.87843 0.81569
0.89804 0.77255
0.9098 0.72941
0.91765 0.68627
0.92157 0.64314
0.92157 0.6
0.92157 0.55686
0.91765 0.51373
0.91373 0.47059
0.90196 0.42745
0.8902 0.38431
0.87059 0.34118
0.83529 0.30196
0.79216 0.28235
0.74902 0.27059
0.70588 0.27451
0.67451 0.28235
0.67843 0.32549
0.68235 0.36863
0.68627 0.38824
0.71765 0.3451
0.76078 0.32549
0.80392 0.33725
0.83922 0.38039
0.8549 0.42353
0.86275 0.46667
0.87059 0.5098
0.87451 0.55294
0.87451 0.59608
0.87451 0.63922
0.86667 0.68235
0.85882 0.72549
0.84706 0.76863
0.81569 0.80784
0.77255 0.82745
0.72941 0.80392
0.70588 0.76078
0.68235 0.72157
0.66667 0.67843
0.66275 0.63529
0.66275 0.59216
0.65882 0.54902
0.6549 0.50588
0.65882 0.46275
0.65882 0.41961
0.65882 0.37647
0.6549 0.33333
0.65098 0.2902
0.64706 0.24706
0.64706 0.20392
0.64706 0.16078
0.64314 0.11765
0.60784 0.07451
0.56471 0.047059
0.52157 0.027451
0.47843 0.019608
0.43529 0.011765
0.39216 0.0039216
0.34902 0
0.30588 0.0039216
0.26275 0.0039216
0.21961 0.011765
0.17647 0.019608
0.13333 0.035294
0.090196 0.058824
0.054902 0.098039
0.039216 0.14118
0.039216 0.18431
0.035294 0.22745
0.031373 0.27059
0.027451 0.31373
0.023529 0.35686
0.019608 0.4
0.015686 0.44314
0.015686 0.48627
0.011765 0.52941
0.011765 0.56078
# triangles
6 7 12
8 9 10
90 92 99
95 96 98
94 95 98
92 98 99
7 11 12
7 8 11
8 10 11
96 97 98
41 42 54
73 74 104
3 17 70
90 91 92
90 99 100
93 94 98
92 93 98
73 104 105
79 86 87
79 80 86
74 103 104
26 67 68
6 12 13
5 6 13
5 13 14
3 4 15
4 5 14
4 14 15
3 16 17
3 15 16
0 73 106
73 105 106
38 39 57
39 56 57
39 40 56
0 72 73
0 71 72
36 37 59
21 22 26
21 26 68
79 87 88
88 89 90
81 82 83
81 83 84
80 81 84
80 85 86
80 84 85
74 75 103
75 76 102
75 102 103
77 101 102
76 77 102
45 46 52
46 48 51
46 51 52
44 45 52
32 33 62
32 62 63
33 61 62
22 23 26
0 1 71
1 70 71
40 55 56
41 54 55
40 41 55
37 58 59
38 57 58
37 38 58
19 20 68
20 21 68
78 90 100
78 100 101
77 78 101
78 79 88
78 88 90
42 43 53
42 53 54
43 44 53
44 52 53
49 50 51
48 49 51
30 31 64
31 63 64
31 32 63
29 30 64
23 25 26
23 24 25
26 27 67
27 66 67
27 28 66
19 68 69
18 19 69
17 18 69
17 69 70
35 36 60
36 59 60
33 34 61
34 35 60
34 60 61
2 3 70
1 2 70
46 47 48
28 29 65
28 65 66
29 64 65
