# points
0.015974 0.51757
0.01278 0.55911
0.0095847 0.60064
0.0063898 0.64217
0.0063898 0.68371
0.0063898 0.72524
0.0063898 0.76677
0 0.80831
0.0095847 0.84984
0.031949 0.89137
0.073482 0.91054
0.11502 0.92332
0.15655 0.93291
0.19808 0.9361
0.23962 0.9393
0.28115 0.94249
0.32268 0.94249
0.36422 0.94569
0.40575 0.94569
0.44728 0.94569
0.48882 0.94569
0.53035 0.94249
0.57188 0.9361
0.61342 0.93291
0.65495 0.92332
0.69649 0.91054
0.71885 0.8722
0.74441 0.84665
0.78594 0.85304
0.82748 0.85304
0.86901 0.85623
0.91054 0.85623
0.95208 0.83387
0.97444 0.79233
0.98403 0.7508
1 0.70927
0.99681 0.66773
0.99361 0.6262
0.99361 0.58466
0.99361 0.54313
0.99042 0.5016
0.98083 0.46006
0.97125 0.41853
0.96486 0.377
0.94888 0.33546
0.91374 0.30351
0.8722 0.29393
0.83067 0.28754
0.78914 0.28435
0.7476 0.26837
0.72843 0.27476
0.73163 0.31629
0.73802 0.35783
0.76677 0.36422
0.80831 0.36422
0.84984 0.38019
0.87859 0.42173
0.89457 0.46326
0.90415 0.50479
0.90735 0.54633
0.91374 0.58786
0.91693 0.62939
0.91374 0.67093
0.91054 0.71246
0.90415 0.75399
0.86581 0.77316
0.82428 0.76358
0.78275 0.76997
0.74121 0.75399
0.73163 0.71246
0.73482 0.67093
0.73482 0.62939
0.73802 0.58786
0.74121 0.54633
0.73482 0.50479
0.73163 0.46326
0.72524 0.42173
0.71885 0.38019
0.71565 0.33866
0.70927 0.29712
0.70607 0.25559
0.69968 0.21406
0.6901 0.17252
0.67732 0.13099
0.64856 0.089457
0.60703 0.057508
0.5655 0.031949
0.52396 0.019169
0.48243 0.0095847
0.44089 0.0031949
0.39936 0
0.35783 0
0.31629 0.0031949
0.27476 0.0063898
0.23323 0.019169
0.19169 0.028754
0.15016 0.051118
0.11502 0.092652
0.092652 0.13419
0.086262 0.17572
0.079872 0.21725
0.070288 0.25879
0.057508 0.30032
0.044728 0.34185
0.035144 0.38339
0.028754 0.42492
0.022364 0.46645
0.015974 0.50799
0.015974 0.51757
# triangles
1 16 17
8 9 10
95 96 97
44 55 56
47 54 55
37 60 61
85 86 87
44 45 55
94 95 97
92 93 94
31 32 64
32 33 64
6 7 8
6 8 10
75 105 106
1 2 16
6 11 12
6 10 11
6 12 13
22 23 68
23 26 68
40 41 58
41 57 58
36 37 61
79 90 101
90 91 101
31 64 65
33 34 64
34 35 63
34 63 64
3 15 16
2 3 16
3 4 15
4 14 15
5 6 13
5 13 14
4 5 14
26 27 68
75 76 105
76 104 105
76 77 104
47 48 54
42 56 57
41 42 57
37 38 60
38 39 60
39 59 60
40 58 59
39 40 59
74 75 106
19 20 69
20 21 69
22 68 69
21 22 69
1 17 71
79 89 90
46 47 55
45 46 55
81 87 88
77 103 104
92 94 100
91 92 100
91 100 101
27 67 68
27 28 67
28 29 67
35 36 62
35 62 63
36 61 62
23 24 26
24 25 26
78 79 101
48 53 54
43 44 56
42 43 56
0 74 106
72 73 74
1 71 72
0 1 72
0 72 74
17 18 71
18 19 71
80 81 88
79 80 89
80 88 89
82 85 87
81 82 87
82 84 85
82 83 84
77 102 103
77 78 102
78 101 102
30 31 65
29 30 65
19 69 70
19 70 71
51 52 53
48 51 53
48 49 51
0 106 107
49 50 51
94 99 100
97 98 99
94 97 99
29 65 66
29 66 67
