# points
0.021472 0.48466
0.018405 0.52454
0.018405 0.56442
0.015337 0.60429
0.01227 0.64417
0.0092025 0.68405
0.006135 0.72393
0.0030675 0.7638
0 0.80368
0.02454 0.83742
0.064417 0.84969
0.10429 0.86196
0.14417 0.86503
0.18405 0.8681
0.22393 0.87423
0.2638 0.88037
0.30368 0.88037
0.34356 0.8773
0.38344 0.8773
0.42331 0.88037
0.46319 0.88037
0.50307 0.8773
0.54294 0.87423
0.58282 0.87423
0.6227 0.87117
0.66258 0.86503
0.70245 0.84663
0.71166 0.80675
0.71472 0.76687
0.75153 0.7546
0.79141 0.7638
0.83129 0.7638
0.87117 0.75767
0.91104 0.74233
0.95092 0.70859
0.97853 0.67178
0.98773 0.6319
0.99693 0.59202
0.99693 0.55215
1 0.51227
0.99387 0.47239
0.98773 0.43252
0.97546 0.39264
0.95706 0.35276
0.92638 0.31288
0.8865 0.29141
0.84663 0.28221
0.80675 0.27914
0.76687 0.27607
0.7362 0.29448
0.73926 0.33436
0.73926 0.37423
0.75153 0.3865
0.78221 0.35276
0.82209 0.34663
0.86196 0.3589
0.89571 0.39877
0.91411 0.43865
0.92331 0.47853
0.92945 0.5184
0.93252 0.55828
0.93252 0.59816
0.92331 0.63804
0.89571 0.67791
0.85583 0.69632
0.81595 0.69632
0.77607 0.67178
0.75767 0.6319
0.72699 0.59816
0.72699 0.55828
0.72699 0.5184
0.72699 0.47853
0.72699 0.43865
0.72393 0.39877
0.72086 0.3589
0.71779 0.31902
0.71779 0.27914
0.71472 0.23926
0.71472 0.19939
0.70859 0.15951
0.67791 0.11963
0.64417 0.082822
0.60429 0.058282
0.56442 0.03681
0.52454 0.027607
0.48466 0.018405
0.44479 0.0092025
0.40491 0.0030675
0.36503 0
0.32515 0
0.28528 0.0092025
0.2454 0.018405
0.20552 0.039877
0.16564 0.052147
0.12577 0.082822
0.08589 0.11043
0.06135 0.15031
0.055215 0.19018
0.052147 0.23006
0.04908 0.26994
0.042945 0.30982
0.039877 0.34969
0.033742 0.38957
0.030675 0.42945
0.027607 0.46933
0.021472 0.48466
# triangles
37 38 60
37 60 61
34 35 62
7 8 9
7 9 10
22 23 28
88 89 90
41 42 57
38 39 59
38 59 60
90 91 92
90 92 99
72 73 103
71 103 104
71 72 103
95 96 97
0 1 104
1 2 104
2 16 17
17 18 104
2 17 104
2 3 16
22 28 68
36 37 61
36 61 62
35 36 62
6 7 10
6 10 11
23 24 28
75 85 86
80 81 82
77 80 82
75 76 85
39 40 59
94 95 97
92 93 94
74 75 101
73 74 101
75 100 101
75 86 100
86 99 100
4 13 14
3 4 14
14 15 16
3 14 16
28 67 68
24 27 28
24 25 27
25 26 27
4 5 13
6 11 12
5 12 13
5 6 12
18 19 68
19 20 68
21 22 68
20 21 68
45 46 55
44 45 55
86 87 99
87 88 90
87 90 99
77 82 84
76 84 85
76 77 84
48 50 53
50 51 53
47 48 53
77 78 80
78 79 80
48 49 50
51 52 53
40 58 59
41 57 58
40 41 58
94 97 98
92 98 99
92 94 98
73 102 103
73 101 102
18 68 69
32 33 64
31 32 64
46 54 55
46 47 54
47 53 54
43 44 56
44 55 56
42 43 56
42 56 57
82 83 84
33 34 63
33 63 64
34 62 63
70 71 104
18 70 104
18 69 70
28 66 67
28 29 66
31 64 65
30 31 65
29 30 65
29 65 66
