# points
0.021739 0.51812
0.018116 0.56159
0.025362 0.60507
0.021739 0.64855
0.01087 0.69203
0.01087 0.73551
0.018116 0.77899
0 0.82246
0.0036232 0.86594
0.047101 0.87319
0.09058 0.88406
0.13406 0.88768
0.17754 0.8913
0.22101 0.8913
0.26449 0.89493
0.30797 0.89493
0.35145 0.89855
0.39493 0.89855
0.43841 0.89493
0.48188 0.89493
0.52536 0.89855
0.56884 0.89855
0.61232 0.89493
0.6558 0.8913
0.69203 0.86957
0.69928 0.82609
0.68841 0.78261
0.73188 0.77536
0.77536 0.78261
0.81884 0.77536
0.86232 0.77174
0.9058 0.75362
0.94928 0.72464
0.97101 0.68116
0.99275 0.63768
1 0.5942
1 0.55072
0.99638 0.50725
0.98188 0.46377
0.96377 0.42029
0.94203 0.37681
0.92029 0.33333
0.88768 0.29348
0.8442 0.25725
0.80072 0.23913
0.75725 0.22826
0.71377 0.22101
0.67029 0.22101
0.64493 0.25
0.63406 0.29348
0.65217 0.32246
0.69565 0.32246
0.73913 0.32971
0.78261 0.34058
0.82609 0.37319
0.86594 0.41304
0.8913 0.45652
0.9058 0.5
0.91667 0.54348
0.91667 0.58696
0.9058 0.63043
0.87319 0.67391
0.82971 0.69928
0.78623 0.7029
0.74275 0.69203
0.69928 0.66667
0.6558 0.6413
0.62319 0.60507
0.61232 0.56159
0.6087 0.51812
0.59783 0.47464
0.58696 0.43116
0.58696 0.38768
0.59058 0.3442
0.61232 0.30072
0.62319 0.25725
0.63043 0.21377
0.63043 0.17029
0.61957 0.12681
0.60145 0.083333
0.56159 0.043478
0.51812 0.025362
0.47464 0.0072464
0.43116 0.0072464
0.38768 0
0.3442 0
0.30072 0
0.25725 0.0072464
0.21377 0.014493
0.17029 0.025362
0.12681 0.039855
0.10145 0.083333
0.09058 0.12681
0.076087 0.17029
0.068841 0.21377
0.057971 0.25725
0.054348 0.30072
0.050725 0.3442
0.039855 0.38768
0.036232 0.43116
0.028986 0.47464
0.021739 0.51812
0.021739 0.51812
# triangles
7 8 9
6 7 9
6 9 10
89 90 91
89 91 92
88 89 92
87 88 92
71 99 100
3 4 12
40 55 56
40 41 55
41 42 54
41 54 55
81 82 83
44 45 52
77 78 81
2 3 14
2 14 15
6 10 11
6 11 12
5 6 12
4 5 12
42 43 53
42 53 54
44 52 53
43 44 53
33 34 60
21 22 26
20 21 26
73 84 85
73 83 84
0 1 2
71 97 99
97 98 99
3 12 13
3 13 14
15 16 68
2 15 68
70 71 100
0 70 100
0 2 70
2 68 70
68 69 70
37 38 57
38 56 57
29 30 62
30 31 62
23 24 25
22 23 25
22 25 26
71 72 97
72 73 96
72 96 97
73 85 94
86 87 94
85 86 94
76 77 81
76 81 83
49 50 51
45 46 52
46 51 52
39 40 56
38 39 56
19 20 67
18 19 67
17 18 67
16 17 67
16 67 68
35 36 59
34 35 59
34 59 60
31 61 62
31 32 61
32 33 61
33 60 61
26 64 65
28 29 63
29 62 63
26 27 64
27 28 63
27 63 64
73 95 96
73 94 95
87 92 93
87 93 94
75 76 83
73 74 75
73 75 83
48 49 51
46 48 51
46 47 48
26 65 66
20 26 66
20 66 67
36 58 59
36 37 58
37 57 58
78 80 81
78 79 80
