# points
0.013072 0.49346
0.013072 0.53268
0.0098039 0.5719
0.0065359 0.61111
0.0098039 0.65033
0.0065359 0.68954
0.0065359 0.72876
0.0065359 0.76797
0.0065359 0.80719
0 0.84641
0.026144 0.87582
0.065359 0.88562
0.10458 0.89542
0.14379 0.90196
0.18301 0.90523
0.22222 0.9085
0.26144 0.91176
0.30065 0.91503
0.33987 0.9183
0.37908 0.9183
0.4183 0.9183
0.45752 0.9183
0.49673 0.9183
0.53595 0.9183
0.57516 0.91503
0.61438 0.91176
0.65359 0.90523
0.68954 0.88235
0.68954 0.84314
0.69281 0.80392
0.69608 0.76471
0.72549 0.73529
0.76471 0.74183
0.80392 0.72876
0.84314 0.71569
0.88235 0.69935
0.92157 0.6732
0.95425 0.63399
0.97712 0.59477
0.9902 0.55556
1 0.51634
1 0.47712
0.9902 0.43791
0.97712 0.39869
0.95098 0.35948
0.91503 0.32026
0.87582 0.29412
0.8366 0.27451
0.79739 0.26144
0.75817 0.2549
0.71895 0.26144
0.72222 0.30065
0.72549 0.33987
0.75163 0.34967
0.79085 0.33987
0.83007 0.34641
0.86928 0.37582
0.90196 0.41503
0.92157 0.45425
0.93137 0.49346
0.9281 0.53268
0.91503 0.5719
0.88235 0.61111
0.84314 0.64379
0.80392 0.66013
0.76471 0.66013
0.72549 0.64706
0.70261 0.61438
0.70261 0.57516
0.70261 0.53595
0.70261 0.49673
0.70261 0.45752
0.70588 0.4183
0.70588 0.37908
0.70261 0.33987
0.70261 0.30065
0.69935 0.26144
0.69281 0.22222
0.68627 0.18301
0.6732 0.14379
0.64706 0.10458
0.62418 0.065359
0.58497 0.039216
0.54575 0.026144
0.50654 0.01634
0.46732 0.0098039
0.4281 0.0065359
0.38889 0.003268
0.34967 0
0.31046 0
0.27124 0
0.23203 0.003268
0.19281 0.0065359
0.15359 0.01634
0.11765 0.042484
0.11438 0.081699
0.084967 0.12092
0.058824 0.16013
0.039216 0.19935
0.03268 0.23856
0.029412 0.27778
0.026144 0.31699
0.022876 0.35621
0.019608 0.39542
0.019608 0.43464
0.01634 0.47386
0.013072 0.49346
# triangles
19 20 67
20 21 67
21 30 67
21 22 30
25 26 28
4 5 15
2 3 4
92 93 95
93 94 95
38 39 61
36 37 62
37 38 61
37 61 62
26 27 28
2 4 17
30 66 67
30 31 66
31 65 66
36 62 63
74 86 87
77 85 86
76 77 86
70 71 104
74 87 101
70 104 105
0 1 105
1 17 18
1 2 17
91 92 95
90 91 95
89 90 95
80 81 82
80 82 83
77 78 80
34 35 63
35 36 63
22 23 30
23 24 30
24 29 30
25 28 29
24 25 29
4 15 16
4 16 17
34 63 64
44 45 56
45 46 56
8 11 12
7 8 12
8 9 10
8 10 11
71 103 104
71 72 103
87 88 100
87 100 101
88 89 100
69 70 105
1 69 105
89 95 96
89 96 100
78 79 80
77 84 85
77 80 84
80 83 84
7 12 13
6 7 13
31 32 65
43 44 57
44 56 57
46 55 56
46 47 55
75 76 86
74 75 86
5 14 15
5 6 14
6 13 14
72 73 102
72 102 103
73 74 102
74 101 102
97 98 99
96 97 99
96 99 100
19 67 68
18 19 68
1 18 68
1 68 69
33 34 64
33 64 65
32 33 65
42 43 58
43 57 58
47 48 54
47 54 55
48 49 54
49 50 51
51 52 53
51 53 54
49 51 54
39 40 60
39 60 61
41 42 59
42 58 59
40 41 59
40 59 60
