# points
0.039007 0.51064
0.014184 0.54965
0.0035461 0.58865
0 0.62766
0.0070922 0.66667
0.024823 0.70567
0.056738 0.74468
0.095745 0.7695
0.13475 0.78369
0.17376 0.78723
0.21277 0.78014
0.25177 0.7766
0.29078 0.79078
0.31915 0.8227
0.35816 0.83688
0.39716 0.84397
0.43617 0.84752
0.47518 0.85461
0.51418 0.85816
0.55319 0.8617
0.5922 0.86525
0.63121 0.86879
0.67021 0.86879
0.70922 0.86879
0.74823 0.86525
0.78723 0.86525
0.82624 0.8617
0.86525 0.85461
0.90426 0.85106
0.94326 0.84397
0.98227 0.83333
0.99291 0.79787
0.98582 0.75887
0.98582 0.71986
0.98582 0.68085
0.98582 0.64184
0.98582 0.60284
0.98582 0.56383
0.98582 0.52482
0.98936 0.48582
0.98936 0.44681
0.98936 0.4078
0.98936 0.36879
0.98936 0.32979
0.98936 0.29078
0.98936 0.25177
0.98936 0.21277
1 0.17376
0.99645 0.13475
0.97872 0.095745
0.93972 0.06383
0.90071 0.046099
0.8617 0.031915
0.8227 0.01773
0.78369 0.010638
0.74468 0.0035461
0.70567 0
0.66667 0
0.62766 0
0.58865 0.0035461
0.54965 0.0035461
0.51064 0.010638
0.47163 0.01773
0.43262 0.031915
0.39362 0.060284
0.35461 0.092199
0.32624 0.13121
0.32979 0.17021
0.34043 0.20922
0.34397 0.24823
0.34397 0.28723
0.34752 0.32624
0.35461 0.36525
0.35106 0.40426
0.34397 0.44326
0.34043 0.48227
0.33333 0.52128
0.32979 0.56028
0.3227 0.59929
0.31915 0.6383
0.31206 0.6773
0.30142 0.71631
0.26241 0.73404
0.2234 0.74113
0.1844 0.74113
0.14539 0.73759
0.10638 0.72695
0.067376 0.69504
0.046099 0.65603
0.039007 0.61702
0.046099 0.57801
0.067376 0.53901
0.10284 0.5
0.14184 0.46809
0.18085 0.43972
0.21986 0.41489
0.25887 0.39007
0.29787 0.36525
0.32979 0.33688
0.31915 0.30142
0.28014 0.32979
0.24113 0.35461
0.20213 0.37589
0.16312 0.40426
0.12411 0.43617
0.085106 0.46454
0.046099 0.5
0.039007 0.51064
# triangles
2 3 89
48 49 50
42 43 72
44 45 54
46 51 52
45 46 52
46 50 51
46 47 48
46 48 50
38 39 73
39 40 73
41 72 73
40 41 73
41 42 72
38 73 74
38 74 75
7 8 85
19 20 77
18 78 79
18 19 78
19 77 78
16 79 80
2 89 90
65 66 67
59 61 69
59 60 61
43 57 72
44 56 57
43 44 57
45 52 53
45 53 54
44 55 56
44 54 55
20 76 77
20 21 76
21 75 76
95 96 102
21 22 75
22 38 75
5 6 87
17 18 79
16 17 79
12 81 82
11 12 82
8 9 85
9 84 85
1 90 91
1 2 90
61 68 69
61 62 68
62 64 68
65 67 68
64 65 68
59 69 70
59 70 71
98 99 100
57 58 72
58 71 72
58 59 71
93 94 104
91 92 106
96 101 102
25 26 34
26 27 34
22 37 38
22 23 37
23 36 37
25 34 35
23 24 36
24 25 35
24 35 36
6 7 86
6 86 87
7 85 86
4 5 88
5 87 88
3 4 88
3 88 89
14 15 81
15 80 81
15 16 80
11 82 83
13 14 81
12 13 81
0 91 106
0 1 91
62 63 64
97 98 100
97 100 101
96 97 101
95 102 103
94 95 103
94 103 104
92 105 106
93 104 105
92 93 105
27 33 34
10 11 83
9 10 84
10 83 84
29 30 31
27 28 32
27 32 33
28 29 32
29 31 32
