# points
0.072368 0.50658
0.069079 0.55263
0.0625 0.59868
0.046053 0.64474
0.032895 0.69079
0.029605 0.73684
0.029605 0.78289
0.019737 0.82895
0.0098684 0.875
0 0.92105
0.0032895 0.96711
0.049342 0.98684
0.095395 0.98684
0.14145 0.99013
0.1875 0.99013
0.23355 0.99342
0.27961 0.99342
0.32566 0.99342
0.37171 0.99342
0.41776 0.99671
0.46382 1
0.50987 1
0.55592 0.99671
0.60197 0.99671
0.64803 0.99342
0.68421 0.96382
0.68421 0.91776
0.67763 0.87171
0.68092 0.82566
0.72368 0.79605
0.76974 0.80921
0.81579 0.82895
0.86184 0.84868
0.89803 0.82237
0.90461 0.77632
0.90789 0.73026
0.90789 0.68421
0.90789 0.63816
0.91776 0.59211
0.93092 0.54605
0.94079 0.5
0.95724 0.45395
0.9375 0.40789
0.89145 0.375
0.84539 0.34211
0.79934 0.30592
0.75329 0.26316
0.71053 0.22697
0.69079 0.21382
0.69079 0.25987
0.69079 0.30592
0.6875 0.35197
0.73355 0.35197
0.77961 0.38158
0.82566 0.42434
0.85855 0.46711
0.85855 0.51316
0.85197 0.55921
0.84539 0.60526
0.83553 0.65132
0.82895 0.69737
0.80263 0.74342
0.75658 0.74342
0.71053 0.72368
0.66776 0.68421
0.66118 0.63816
0.65789 0.59211
0.65789 0.54605
0.66118 0.5
0.66447 0.45395
0.66776 0.40789
0.66776 0.36184
0.66776 0.31579
0.67105 0.26974
0.67105 0.22368
0.67434 0.17763
0.67105 0.13158
0.66776 0.085526
0.625 0.052632
0.57895 0.039474
0.53289 0.023026
0.48684 0.013158
0.44079 0.0065789
0.39474 0.0032895
0.34868 0
0.30263 0.0032895
0.25658 0.0098684
0.21053 0.013158
0.16447 0.023026
0.11842 0.039474
0.072368 0.055921
0.026316 0.088816
0.0065789 0.13487
0.0065789 0.18092
0.0098684 0.22697
0.019737 0.27303
0.029605 0.31908
0.046053 0.36513
0.0625 0.41118
0.072368 0.45724
0.072368 0.50329
0.072368 0.50658
# triangles
9 10 11
0 1 67
0 67 100
90 91 92
21 22 27
45 46 52
3 4 5
39 56 57
68 69 99
67 68 100
68 99 100
31 32 33
30 31 61
31 33 34
31 34 61
18 19 64
19 20 64
22 23 27
72 73 82
47 48 74
69 70 99
46 50 52
2 17 18
2 3 17
9 11 12
8 9 12
7 8 12
7 12 13
6 7 14
7 13 14
6 14 15
84 85 98
85 86 97
85 97 98
90 92 93
89 90 93
89 93 94
87 88 95
88 89 95
89 94 95
86 87 95
39 40 56
36 37 59
37 58 59
41 42 55
40 41 55
40 55 56
43 44 54
42 43 55
43 54 55
23 24 26
23 26 27
34 35 61
2 18 65
18 64 65
72 82 83
83 84 98
72 83 98
73 81 82
73 74 81
74 75 79
76 77 78
76 78 79
75 76 79
50 51 52
44 53 54
45 52 53
44 45 53
46 49 50
46 47 49
3 5 16
3 16 17
5 6 16
6 15 16
86 96 97
86 95 96
38 39 57
38 57 58
37 38 58
24 25 26
35 60 61
36 59 60
35 36 60
30 61 62
28 63 64
20 28 64
20 21 28
21 27 28
1 66 67
1 2 66
2 65 66
74 79 80
74 80 81
71 72 98
71 98 99
70 71 99
29 62 63
28 29 63
29 30 62
