# points
0.031348 0.50784
0.025078 0.54859
0.025078 0.58934
0.025078 0.63009
0.021944 0.67085
0.018809 0.7116
0.015674 0.75235
0.012539 0.7931
0.0094044 0.83386
0.0031348 0.87461
0 0.91536
0.012539 0.95611
0.050157 0.98433
0.090909 0.9906
0.13166 0.99687
0.17241 0.99687
0.21317 1
0.25392 1
0.29467 1
0.33542 1
0.37618 0.99373
0.41693 0.9906
0.45768 0.98746
0.49843 0.98746
0.53918 0.98746
0.57994 0.97492
0.62069 0.95925
0.65204 0.92163
0.65517 0.88088
0.65204 0.84013
0.66771 0.80564
0.70846 0.81191
0.74922 0.81191
0.78997 0.80878
0.83072 0.78683
0.8652 0.74922
0.89028 0.70846
0.90909 0.66771
0.92476 0.62696
0.93417 0.58621
0.94044 0.54545
0.94044 0.5047
0.94044 0.46395
0.9185 0.4232
0.87774 0.39498
0.83699 0.37931
0.79624 0.36991
0.75549 0.3605
0.71473 0.34169
0.67398 0.30721
0.63636 0.27586
0.6395 0.31661
0.6395 0.35737
0.64263 0.39812
0.64263 0.43887
0.68339 0.43887
0.72414 0.44514
0.76489 0.45141
0.80564 0.46395
0.84639 0.48589
0.86834 0.52665
0.86834 0.5674
0.85893 0.60815
0.84013 0.6489
0.82132 0.68966
0.7931 0.73041
0.75235 0.74922
0.7116 0.73668
0.68339 0.69906
0.66458 0.65831
0.63323 0.61755
0.62382 0.5768
0.62382 0.53605
0.62382 0.4953
0.62382 0.45455
0.62382 0.41379
0.62069 0.37304
0.62069 0.33229
0.61755 0.29154
0.61442 0.25078
0.61442 0.21003
0.61442 0.16928
0.60815 0.12853
0.58621 0.087774
0.54859 0.056426
0.50784 0.031348
0.46708 0.018809
0.42633 0.0062696
0.38558 0
0.34483 0
0.30408 0
0.26332 0
0.22257 0.012539
0.18182 0.015674
0.14107 0.018809
0.10031 0.034483
0.062696 0.0721
0.047022 0.11285
0.043887 0.15361
0.043887 0.19436
0.043887 0.23511
0.040752 0.27586
0.037618 0.31661
0.037618 0.35737
0.034483 0.39812
0.034483 0.43887
0.031348 0.47962
0.031348 0.50784
# triangles
7 15 16
6 7 16
9 10 13
10 12 13
10 11 12
2 3 71
0 2 71
0 1 2
84 85 86
24 25 29
42 43 59
41 42 59
7 8 15
8 14 15
8 9 13
8 13 14
6 16 17
5 6 17
4 5 18
4 18 20
5 17 18
4 20 70
3 70 71
3 4 70
22 29 70
81 82 84
82 83 84
46 47 57
45 46 58
46 57 58
79 88 89
79 87 88
79 86 87
73 105 106
0 73 106
79 89 101
92 99 100
18 19 20
25 28 29
25 26 28
26 27 28
37 62 63
23 24 29
22 23 29
43 44 59
44 45 58
44 58 59
79 80 86
80 81 84
80 84 86
78 101 102
78 79 101
48 49 52
76 103 104
0 71 72
0 72 73
41 59 60
40 41 60
40 60 61
93 98 99
92 93 99
29 30 70
37 38 62
20 21 70
21 22 70
49 51 52
49 50 51
36 37 63
90 91 92
90 92 100
89 90 101
90 100 101
30 69 70
30 68 69
34 35 65
33 34 65
39 61 62
38 39 62
39 40 61
76 77 103
77 102 103
77 78 102
48 52 53
48 53 55
47 48 56
48 55 56
47 56 57
36 63 64
35 36 64
35 64 65
30 67 68
30 31 67
75 76 104
75 104 105
32 33 66
33 65 66
31 32 66
31 66 67
73 74 105
74 75 105
53 54 55
94 96 97
94 95 96
93 94 97
93 97 98
