# points
0.013746 0.50515
0.010309 0.54639
0.0068729 0.58763
0.0034364 0.62887
0.0034364 0.6701
0 0.71134
0 0.75258
0 0.79381
0 0.83505
0.037801 0.85223
0.079038 0.85567
0.12027 0.85911
0.16151 0.86254
0.20275 0.86254
0.24399 0.86254
0.28522 0.86254
0.32646 0.86254
0.3677 0.86254
0.40893 0.86254
0.45017 0.86254
0.49141 0.86254
0.53265 0.86254
0.57388 0.86254
0.61512 0.86254
0.65636 0.86254
0.69759 0.86254
0.72509 0.83849
0.7354 0.79725
0.7732 0.78007
0.81443 0.78351
0.85567 0.77663
0.89691 0.75601
0.93814 0.72852
0.96564 0.68729
0.98282 0.64605
0.99313 0.60481
0.99656 0.56357
1 0.52234
0.99656 0.4811
0.98969 0.43986
0.97595 0.39863
0.95533 0.35739
0.9244 0.31615
0.88316 0.28179
0.84192 0.26117
0.80069 0.25086
0.75945 0.25086
0.7354 0.27835
0.73883 0.31959
0.78007 0.30584
0.82131 0.31271
0.86254 0.34708
0.89691 0.38832
0.91409 0.42955
0.92784 0.47079
0.93127 0.51203
0.93127 0.55326
0.92784 0.5945
0.91753 0.63574
0.90378 0.67698
0.87285 0.71821
0.83162 0.72852
0.79038 0.71478
0.74914 0.69072
0.73196 0.65292
0.73196 0.61168
0.73196 0.57045
0.73196 0.52921
0.73196 0.48797
0.72852 0.44674
0.72852 0.4055
0.72509 0.36426
0.71821 0.32302
0.71478 0.28179
0.7079 0.24055
0.7079 0.19931
0.7079 0.15808
0.69416 0.11684
0.67698 0.075601
0.63574 0.04811
0.5945 0.030928
0.55326 0.020619
0.51203 0.013746
0.47079 0.0068729
0.42955 0.0034364
0.38832 0.0034364
0.34708 0
0.30584 0
0.2646 0.0034364
0.22337 0.010309
0.18213 0.017182
0.14089 0.027491
0.099656 0.044674
0.065292 0.079038
0.051546 0.12027
0.044674 0.16151
0.041237 0.20275
0.034364 0.24399
0.030928 0.28522
0.024055 0.32646
0.020619 0.3677
0.017182 0.40893
0.013746 0.45017
0.013746 0.49141
0.013746 0.50515
# triangles
92 93 94
91 92 94
91 94 95
72 73 85
30 60 61
0 17 68
0 68 103
68 69 103
74 82 83
73 74 85
40 52 53
43 50 51
43 44 50
44 45 50
45 49 50
90 91 95
34 35 57
34 57 58
33 34 58
31 32 60
30 31 60
29 30 61
17 67 68
23 63 64
23 27 63
5 6 11
7 8 9
72 85 98
72 98 99
85 86 98
75 80 81
74 81 82
74 75 81
47 48 49
45 46 49
46 47 49
74 84 85
74 83 84
75 76 77
75 77 80
77 79 80
77 78 79
42 43 51
42 51 52
39 40 53
39 53 54
35 36 57
29 61 62
36 56 57
37 55 56
36 37 56
23 24 27
24 25 26
24 26 27
21 22 64
22 23 64
17 18 67
18 66 67
18 19 66
19 65 66
0 16 17
4 12 13
5 11 12
4 5 12
6 7 10
6 10 11
7 9 10
86 87 98
88 89 96
90 95 96
89 90 96
69 102 103
69 101 102
69 70 101
71 72 100
72 99 100
70 71 100
70 100 101
40 41 52
41 42 52
38 39 54
37 38 55
38 54 55
32 59 60
32 33 59
33 58 59
28 29 62
27 28 63
28 62 63
19 20 65
20 21 64
20 64 65
2 14 15
1 2 15
1 15 16
0 1 16
87 97 98
87 88 97
88 96 97
3 13 14
3 4 13
2 3 14
