# points
0.033285 0.50651
0.070912 0.56585
0.13603 0.589
0.20405 0.5919
0.27207 0.589
0.34009 0.59045
0.4081 0.59479
0.47612 0.60347
0.54414 0.60347
0.61216 0.59479
0.68017 0.62229
0.70333 0.67873
0.66715 0.73806
0.59913 0.76266
0.54993 0.82055
0.53256 0.88857
0.49059 0.94356
0.47033 0.97974
0.53111 0.97685
0.54559 0.95803
0.56151 0.89001
0.60203 0.92619
0.58466 0.99276
0.62808 0.93922
0.65123 0.97974
0.70767 1
0.73806 0.95948
0.78148 0.96671
0.79305 0.98987
0.80897 0.97395
0.78437 0.90593
0.78726 0.87554
0.822 0.822
0.8466 0.87699
0.83502 0.80897
0.86252 0.79884
0.90883 0.81331
0.92475 0.88133
0.94356 0.85384
0.95224 0.79161
0.88857 0.75253
0.82489 0.72504
0.85962 0.67873
0.92041 0.64978
0.93922 0.5919
0.87844 0.57598
0.81042 0.56151
0.75253 0.53111
0.71201 0.46454
0.65268 0.40232
0.59624 0.35601
0.62373 0.29378
0.65702 0.23155
0.66715 0.16353
0.70478 0.096961
0.75832 0.054993
0.6932 0.044863
0.65991 0.047757
0.65557 0.10564
0.63531 0.17077
0.60058 0.23444
0.57887 0.22865
0.55427 0.16208
0.55137 0.095514
0.60347 0.037627
0.55282 0.017366
0.51085 0.043415
0.50362 0.086831
0.52243 0.15485
0.52677 0.22287
0.52388 0.29088
0.50072 0.34298
0.4356 0.32851
0.36903 0.31404
0.30101 0.32417
0.23734 0.34877
0.19826 0.3068
0.16498 0.24023
0.16208 0.17221
0.18958 0.1042
0.23878 0.041968
0.24023 0
0.18379 0.024602
0.16064 0.033285
0.1563 0.1013
0.12156 0.16787
0.092619 0.23155
0.11433 0.29812
0.059334 0.24457
0.039074 0.17656
0.047757 0.10854
0.10854 0.059334
0.05644 0.043415
0.018813 0.052098
0.0014472 0.1013
0.0086831 0.16932
0 0.23734
0.015919 0.29957
0.073806 0.35022
0.050651 0.41823
0.031838 0.48625
0.033285 0.50651
# triangles
2 3 75
2 75 99
78 79 84
78 84 85
36 37 38
36 38 39
36 39 40
79 83 84
90 93 94
6 71 72
2 99 100
1 2 100
0 1 100
89 95 96
90 94 95
89 90 95
11 41 42
14 15 20
13 14 20
12 13 23
12 23 31
11 12 41
23 26 31
35 40 41
35 36 40
79 80 82
79 82 83
80 81 82
5 72 73
5 6 72
8 49 50
8 50 71
75 98 99
87 97 98
88 89 96
88 96 97
87 88 97
77 86 87
77 78 85
77 85 86
50 51 70
50 70 71
51 52 60
43 44 45
42 43 45
42 45 46
11 42 46
10 46 47
10 11 46
13 21 23
13 20 21
21 22 23
15 19 20
23 24 26
24 25 26
12 32 41
12 31 32
26 30 31
90 92 93
90 91 92
5 74 75
5 73 74
3 4 75
4 5 75
15 16 19
6 7 71
7 8 71
9 48 49
8 9 49
9 10 47
9 47 48
75 76 98
76 87 98
76 77 87
61 69 70
51 61 70
51 60 61
53 54 58
63 67 68
63 64 65
63 66 67
63 65 66
16 17 18
16 18 19
34 35 41
32 34 41
32 33 34
27 29 30
26 27 30
27 28 29
52 59 60
52 53 59
53 58 59
54 57 58
62 63 68
62 68 69
61 62 69
54 55 56
54 56 57
