# points
0.090634 0.55891
0.099698 0.58912
0.14804 0.58912
0.19033 0.60725
0.23565 0.63746
0.21752 0.65861
0.17221 0.6435
0.12991 0.62538
0.090634 0.60423
0.042296 0.61027
0 0.61934
0.036254 0.64048
0.081571 0.6435
0.12991 0.65257
0.17221 0.67674
0.21148 0.70997
0.25076 0.71299
0.29305 0.67976
0.32628 0.70091
0.34441 0.7432
0.36254 0.79154
0.38973 0.83686
0.42296 0.86707
0.45619 0.83988
0.49547 0.81571
0.54079 0.77946
0.58006 0.73716
0.61027 0.69486
0.63142 0.65257
0.65559 0.61027
0.68882 0.57402
0.71299 0.53776
0.73112 0.49547
0.77644 0.50453
0.80665 0.54985
0.83082 0.59517
0.84894 0.6435
0.84894 0.69184
0.84894 0.74018
0.87915 0.74622
0.90634 0.75227
0.88218 0.70695
0.87915 0.66465
0.90937 0.69789
0.91239 0.66767
0.88218 0.63142
0.90332 0.58912
0.93656 0.61631
0.93958 0.66465
0.96073 0.68882
1 0.70393
0.97583 0.66163
0.99698 0.66163
0.98489 0.6284
0.97281 0.59215
0.9577 0.54985
0.95166 0.51057
0.94864 0.46224
0.9577 0.41692
0.91541 0.40785
0.87009 0.429
0.8429 0.39577
0.80967 0.35045
0.76435 0.33837
0.72508 0.32931
0.73112 0.29607
0.76133 0.25982
0.78248 0.22054
0.77946 0.17523
0.78248 0.12991
0.78248 0.087613
0.78248 0.042296
0.77341 0
0.7432 0.036254
0.74622 0.081571
0.74018 0.12991
0.74924 0.17221
0.7432 0.2145
0.70695 0.25378
0.70091 0.21148
0.69486 0.16616
0.6858 0.11782
0.68882 0.072508
0.68278 0.024169
0.65257 0.030211
0.64955 0.075529
0.64955 0.12085
0.65861 0.16918
0.66163 0.21148
0.6435 0.25378
0.61027 0.29305
0.57704 0.33233
0.55589 0.3716
0.54079 0.41692
0.49849 0.45015
0.45921 0.4864
0.44109 0.5287
0.39879 0.54079
0.3565 0.55891
0.30816 0.59517
0.26586 0.61027
0.22054 0.59215
0.17523 0.56798
0.12991 0.56193
0.090634 0.55891
# triangles
5 15 16
9 10 11
0 1 103
32 64 92
64 91 92
18 19 25
64 90 91
64 89 90
32 63 64
32 61 63
61 62 63
2 102 103
1 2 103
39 40 41
37 38 41
38 39 41
49 50 51
29 94 95
30 31 93
29 30 93
29 93 94
31 32 93
32 92 93
19 24 25
18 96 97
28 29 96
29 95 96
18 25 96
25 26 96
66 77 78
66 67 77
67 68 77
69 70 75
78 88 89
78 79 88
65 66 78
65 78 89
64 65 89
34 46 56
34 56 60
9 11 12
8 9 12
6 13 14
5 14 15
5 6 14
6 7 13
7 8 12
7 12 13
18 97 98
18 98 99
17 18 99
5 16 17
51 52 53
19 20 24
27 28 96
26 27 96
79 80 88
70 74 75
70 71 74
46 55 56
57 59 60
56 57 60
57 58 59
33 34 60
32 33 61
33 60 61
35 36 45
34 35 46
35 45 46
17 99 100
3 101 102
2 3 102
48 49 51
42 44 45
36 42 45
36 37 42
37 41 42
42 43 44
20 21 23
20 23 24
21 22 23
68 76 77
68 69 76
69 75 76
71 73 74
71 72 73
4 5 17
4 17 100
4 100 101
3 4 101
47 51 53
47 48 51
47 53 54
46 47 55
47 54 55
80 87 88
82 83 84
82 84 85
81 85 86
81 82 85
80 81 87
81 86 87
