# points
0.038194 0.42477
0.078704 0.47222
0.10995 0.52199
0.16667 0.52546
0.20949 0.55671
0.21991 0.61111
0.22569 0.65394
0.18171 0.64699
0.21875 0.68403
0.27546 0.67014
0.33102 0.65278
0.38426 0.625
0.43056 0.57986
0.47801 0.54398
0.53009 0.50231
0.58333 0.47685
0.62037 0.43287
0.66782 0.39699
0.72222 0.38542
0.75116 0.41782
0.75116 0.46875
0.72454 0.52083
0.72917 0.57639
0.75347 0.625
0.75347 0.68287
0.76157 0.70833
0.79977 0.6794
0.78935 0.64699
0.77546 0.59491
0.82407 0.625
0.84375 0.64468
0.84491 0.59606
0.8831 0.61458
0.92824 0.59606
0.90972 0.53819
0.94676 0.56134
0.97222 0.56597
0.95139 0.51968
0.89815 0.49306
0.90278 0.46528
0.91898 0.4456
0.92014 0.43171
0.88426 0.39468
0.91782 0.38079
0.96412 0.39468
1 0.42245
0.98032 0.36574
0.93056 0.35417
0.88657 0.34028
0.84375 0.32986
0.86574 0.27894
0.84954 0.23032
0.80324 0.25347
0.75347 0.28125
0.70602 0.28356
0.67014 0.24884
0.62731 0.23611
0.58449 0.23032
0.54977 0.26736
0.5081 0.24074
0.50231 0.18403
0.47685 0.1331
0.4537 0.082176
0.45255 0.028935
0.44097 0
0.4213 0.049769
0.40278 0.068287
0.43981 0.10995
0.45255 0.16782
0.45718 0.21181
0.41088 0.17361
0.36227 0.14236
0.35417 0.084491
0.32407 0.068287
0.31019 0.11921
0.3206 0.14468
0.37153 0.18056
0.41435 0.22338
0.44792 0.27546
0.43056 0.31597
0.37384 0.34375
0.3287 0.38194
0.29514 0.4294
0.25926 0.44329
0.20486 0.41898
0.16204 0.38079
0.1412 0.3287
0.13657 0.27199
0.13079 0.22685
0.096065 0.26273
0.081019 0.28472
0.11574 0.33218
0.12963 0.39005
0.1412 0.44329
0.19213 0.47454
0.1331 0.47106
0.081019 0.43634
0.056713 0.3831
0.06713 0.32639
0.020833 0.3588
0 0.38542
0.038194 0.42477
# triangles
20 39 42
18 49 53
18 53 54
44 45 46
44 46 47
13 81 82
13 14 80
13 80 81
19 20 42
18 19 49
19 42 49
20 28 31
97 99 100
84 93 94
56 57 58
50 51 52
49 50 52
49 52 53
39 41 42
43 44 47
43 47 48
42 48 49
42 43 48
3 4 94
4 11 82
4 10 11
21 22 28
20 21 28
17 18 54
17 54 55
17 56 58
17 55 56
14 15 79
14 79 80
58 78 79
34 37 38
20 38 39
20 31 38
31 34 38
35 36 37
34 35 37
24 25 26
28 29 31
29 30 31
72 73 74
63 64 65
97 98 99
87 88 89
84 85 93
39 40 41
4 83 94
4 82 83
83 84 94
4 5 10
12 13 82
11 12 82
16 17 58
16 58 79
15 16 79
22 23 28
1 2 95
2 3 95
3 94 95
1 95 96
70 76 77
70 71 76
71 75 76
71 74 75
71 72 74
87 89 90
86 87 91
87 90 91
5 9 10
6 7 8
6 8 9
5 6 9
31 32 34
32 33 34
24 26 27
23 24 27
23 27 28
85 92 93
85 86 92
86 91 92
0 1 96
0 97 100
0 96 97
62 65 66
62 63 65
69 70 77
69 77 78
62 66 67
61 62 67
61 67 68
60 61 68
60 68 69
59 60 69
58 59 78
59 69 78
