# points
0.0031496 0.47559
0 0.52441
0.018898 0.55906
0.067717 0.53386
0.11654 0.52441
0.16535 0.52441
0.21417 0.53228
0.25354 0.54646
0.30236 0.55118
0.35118 0.57165
0.37795 0.61417
0.42362 0.64094
0.46299 0.68346
0.50079 0.72598
0.54488 0.76378
0.5874 0.7937
0.62047 0.8315
0.62205 0.88031
0.61575 0.92756
0.64094 0.97165
0.68189 0.94803
0.71654 0.90236
0.75433 0.85669
0.79055 0.80945
0.79213 0.76063
0.8189 0.73071
0.86772 0.74646
0.89291 0.71811
0.84882 0.70866
0.86142 0.66457
0.90866 0.63937
0.94488 0.62992
0.92441 0.60787
0.95118 0.58583
1 0.5811
0.98268 0.55748
0.96693 0.52283
0.93386 0.55591
0.89134 0.59843
0.84252 0.63307
0.7937 0.66772
0.74646 0.68976
0.71024 0.66614
0.68976 0.61732
0.69291 0.5685
0.69134 0.51969
0.67559 0.47087
0.65197 0.42362
0.63307 0.3748
0.6252 0.32598
0.62677 0.27717
0.6315 0.22835
0.62677 0.1811
0.60472 0.13543
0.5874 0.088189
0.54488 0.050394
0.49606 0.055118
0.44724 0.058268
0.39843 0.066142
0.34961 0.075591
0.30079 0.059843
0.25354 0.031496
0.20472 0.023622
0.15591 0.022047
0.10709 0.0094488
0.058268 0
0.028346 0.0062992
0.017323 0.055118
0.059843 0.048819
0.10866 0.044094
0.15748 0.051969
0.2063 0.070866
0.25354 0.097638
0.21575 0.092913
0.16693 0.094488
0.1622 0.11496
0.11811 0.13228
0.069291 0.14961
0.033071 0.17953
0.011024 0.2126
0.025197 0.24882
0.058268 0.2063
0.10394 0.17323
0.15276 0.15906
0.20157 0.16063
0.24882 0.17795
0.29449 0.20472
0.34331 0.22205
0.37638 0.25039
0.34646 0.29764
0.34646 0.34331
0.34331 0.39213
0.35748 0.44094
0.35906 0.48819
0.31024 0.48346
0.26142 0.48031
0.2126 0.47874
0.16378 0.47087
0.11496 0.45827
0.066142 0.45197
0.023622 0.45984
0.0031496 0.47559
# triangles
65 66 68
66 67 68
11 46 47
11 47 93
59 86 87
64 65 68
78 79 81
1 2 3
8 9 93
7 8 95
9 10 93
10 11 93
0 1 3
0 3 100
79 80 81
58 59 87
49 50 88
50 51 88
51 52 88
52 53 88
58 87 88
77 78 81
59 72 86
72 85 86
4 5 97
4 97 98
18 19 20
16 21 22
26 27 28
16 17 21
17 20 21
17 18 20
13 14 43
16 41 42
15 16 42
14 42 43
14 15 42
8 93 94
8 94 95
5 96 97
12 13 43
12 43 44
11 12 44
3 99 100
3 4 99
4 98 99
11 45 46
11 44 45
35 36 37
32 37 38
57 58 88
64 68 69
63 64 69
63 69 70
62 63 70
77 81 82
88 89 90
49 88 90
48 49 90
60 61 72
59 60 72
16 24 41
16 22 24
90 91 92
48 90 92
47 92 93
47 48 92
5 6 96
6 7 95
6 95 96
30 31 32
30 38 39
30 32 38
33 35 37
32 33 37
33 34 35
53 56 88
56 57 88
53 54 56
54 55 56
73 74 75
73 75 84
72 73 84
72 84 85
75 83 84
76 77 82
75 76 83
76 82 83
62 70 71
61 62 71
61 71 72
22 23 24
25 28 40
25 26 28
24 25 41
25 40 41
29 30 39
28 29 40
29 39 40
