# points
0.0014493 0.50435
0.062319 0.54638
0.13043 0.57246
0.2 0.58551
0.26957 0.58841
0.33913 0.58696
0.40725 0.5913
0.47536 0.5971
0.54348 0.61449
0.61014 0.59855
0.67681 0.6058
0.73768 0.64058
0.72899 0.70145
0.67971 0.74203
0.61159 0.78116
0.57826 0.84783
0.56087 0.91739
0.50145 0.96667
0.54058 0.96087
0.58406 0.98986
0.5913 0.92029
0.63333 0.8942
0.63333 0.96377
0.65217 0.96377
0.69855 0.96232
0.73043 0.98406
0.77391 0.98116
0.81014 0.94493
0.82609 0.98261
0.84638 0.9913
0.83333 0.92174
0.82754 0.85797
0.84928 0.83188
0.87681 0.87536
0.87826 0.81884
0.89855 0.78696
0.94203 0.80435
0.96522 0.85072
0.97536 0.88551
1 0.82174
0.95507 0.77246
0.92029 0.72029
0.89565 0.67826
0.95797 0.64783
0.97826 0.58986
0.91739 0.57391
0.84783 0.55942
0.78261 0.53043
0.73188 0.46232
0.67826 0.40145
0.63478 0.34203
0.67246 0.27971
0.69855 0.21449
0.71304 0.14493
0.75797 0.07971
0.78116 0.042029
0.71739 0.057971
0.68406 0.05942
0.68986 0.12464
0.66232 0.19275
0.62609 0.25507
0.61304 0.19855
0.58551 0.13043
0.6087 0.063768
0.62754 0.014493
0.56377 0.034783
0.53333 0.046377
0.55362 0.11594
0.56522 0.18551
0.56522 0.25507
0.55652 0.32464
0.50145 0.33478
0.43188 0.33043
0.36232 0.32899
0.29275 0.34203
0.24348 0.32029
0.2087 0.25217
0.19855 0.18261
0.22029 0.11304
0.26812 0.047826
0.28696 0
0.22754 0.018841
0.19855 0.024638
0.19565 0.094203
0.16087 0.16232
0.12899 0.22754
0.15217 0.29565
0.097101 0.24058
0.076812 0.17101
0.089855 0.10145
0.15072 0.052174
0.086957 0.043478
0.047826 0.050725
0.04058 0.1087
0.044928 0.17826
0.036232 0.24783
0.065217 0.30725
0.11449 0.36377
0.078261 0.42899
0.056522 0.4942
0.021739 0.46232
0 0.49275
0.0014493 0.50435
# triangles
1 2 99
0 99 101
0 1 99
99 100 101
13 14 21
2 98 99
11 46 47
14 15 21
15 20 21
10 11 47
6 7 72
6 72 73
5 6 73
42 45 46
11 42 46
11 12 42
9 49 71
8 9 71
7 8 71
7 71 72
18 19 20
21 22 23
10 47 48
9 48 49
9 10 48
21 23 24
12 13 31
13 21 31
21 24 31
37 38 39
36 37 39
88 93 94
89 92 93
88 89 93
2 3 98
12 35 42
43 44 45
42 43 45
15 16 20
16 18 20
16 17 18
24 25 26
32 33 34
12 31 32
32 34 35
12 32 35
89 91 92
86 96 97
75 86 97
3 97 98
77 84 85
87 94 95
87 88 94
87 95 96
86 87 96
75 76 86
76 77 85
76 85 86
4 5 74
5 73 74
3 4 74
3 74 97
74 75 97
35 41 42
28 29 30
24 27 31
27 30 31
24 26 27
27 28 30
89 90 91
36 39 40
35 36 40
35 40 41
78 79 83
77 78 84
78 83 84
65 66 67
79 81 83
81 82 83
79 80 81
49 70 71
49 50 70
63 65 67
63 64 65
53 54 58
50 51 60
60 69 70
50 60 70
62 63 67
62 67 68
61 68 69
60 61 69
61 62 68
54 56 58
56 57 58
54 55 56
53 58 59
52 53 59
51 52 60
52 59 60
