# points
0.0028736 0.50287
0.064655 0.54454
0.13362 0.57184
0.20259 0.59052
0.27155 0.58477
0.34052 0.58764
0.40948 0.58908
0.47845 0.59483
0.54598 0.61063
0.61351 0.59339
0.68103 0.60776
0.73851 0.64799
0.71695 0.71121
0.66092 0.74282
0.59626 0.79023
0.57184 0.86063
0.54454 0.92816
0.49282 0.97989
0.55891 0.9569
0.5819 0.96121
0.59339 0.8908
0.63649 0.91523
0.61782 0.98563
0.66379 0.93103
0.68678 0.97701
0.74282 1
0.77299 0.94253
0.80747 0.9727
0.81897 0.99856
0.83764 0.94828
0.80891 0.87787
0.83477 0.85632
0.86638 0.84339
0.87931 0.84052
0.87069 0.77155
0.91379 0.78305
0.94828 0.83477
0.95402 0.88937
0.97557 0.83046
0.96408 0.77443
0.92385 0.72989
0.89368 0.68103
0.93822 0.6523
0.97845 0.5977
0.92098 0.57328
0.85057 0.55747
0.79598 0.53017
0.79023 0.47557
0.76437 0.43247
0.72414 0.39511
0.6796 0.37931
0.63075 0.35057
0.66236 0.28592
0.69253 0.22126
0.7069 0.15086
0.75 0.083333
0.7773 0.04454
0.71264 0.060345
0.67816 0.061782
0.68247 0.12787
0.65374 0.19684
0.61782 0.26006
0.60489 0.19253
0.58046 0.12356
0.61207 0.057471
0.61207 0.014368
0.55316 0.047414
0.53017 0.063218
0.55316 0.13362
0.56178 0.20402
0.56034 0.27443
0.54741 0.34339
0.47989 0.32615
0.41092 0.31178
0.34052 0.32184
0.27443 0.34626
0.2342 0.30172
0.20259 0.23276
0.20115 0.16236
0.23276 0.091954
0.28879 0.031609
0.26006 0
0.21408 0.031609
0.1954 0.056034
0.18103 0.12644
0.1408 0.19253
0.14368 0.26149
0.11925 0.27011
0.077586 0.20546
0.08046 0.13506
0.12356 0.073276
0.11638 0.041667
0.066092 0.068966
0.04023 0.086207
0.047414 0.15517
0.041667 0.22557
0.047414 0.2931
0.1092 0.34339
0.086207 0.41092
0.061782 0.47557
0.028736 0.4727
0 0.47845
0.0028736 0.50287
# triangles
8 9 71
16 17 18
0 1 99
1 2 99
2 98 99
87 95 96
9 49 50
87 96 97
36 37 38
9 48 49
9 10 48
79 80 82
80 81 82
16 18 19
0 100 101
0 99 100
88 94 95
87 88 95
88 89 94
89 93 94
9 51 71
9 50 51
7 8 71
12 31 34
10 46 47
10 47 48
79 82 83
78 84 85
78 79 84
79 83 84
89 92 93
51 52 61
21 22 23
24 25 26
23 24 26
27 28 29
26 27 29
32 33 34
31 32 34
13 21 23
13 14 21
23 26 30
26 29 30
13 23 30
12 30 31
12 13 30
10 11 46
11 45 46
36 38 39
35 36 39
41 44 45
11 41 45
12 34 41
11 12 41
90 91 92
89 90 92
51 70 71
51 61 70
7 71 72
5 6 74
6 73 74
6 72 73
6 7 72
77 78 85
16 19 20
15 16 20
14 15 20
14 20 21
42 43 44
41 42 44
35 39 40
34 35 40
34 40 41
53 54 60
52 53 61
53 60 61
64 65 66
77 85 86
76 77 86
86 87 97
76 86 97
2 3 98
5 74 75
4 5 75
75 97 98
75 76 97
3 75 98
3 4 75
54 59 60
62 68 69
61 62 69
61 69 70
55 56 57
54 55 59
55 57 59
57 58 59
62 63 68
63 64 66
63 66 67
63 67 68
