# points
0.12299 0.45455
0.10695 0.49198
0.085561 0.52941
0.064171 0.56684
0.042781 0.60428
0.02139 0.64171
0.0053476 0.67914
0 0.71658
0 0.75401
0.0053476 0.79144
0.010695 0.82888
0.02139 0.86631
0.048128 0.90374
0.085561 0.94118
0.12299 0.96791
0.16043 0.9893
0.19786 0.99465
0.23529 1
0.27273 0.99465
0.31016 0.98396
0.34759 0.97326
0.38503 0.95187
0.42246 0.91979
0.45455 0.8877
0.48663 0.85027
0.50802 0.81818
0.53476 0.78075
0.55615 0.74332
0.58289 0.70588
0.59893 0.66845
0.62567 0.63102
0.64706 0.59358
0.66845 0.5615
0.68984 0.52406
0.70588 0.48663
0.72727 0.4492
0.74866 0.41176
0.77005 0.37433
0.7861 0.3369
0.80749 0.29947
0.82888 0.26203
0.83957 0.2246
0.84492 0.18717
0.85561 0.14973
0.85561 0.1123
0.85561 0.074866
0.85561 0.037433
0.84492 0
0.81818 0.032086
0.80214 0.037433
0.80749 0
0.78075 0.016043
0.75936 0.053476
0.73797 0.090909
0.71658 0.12834
0.69519 0.16578
0.6738 0.20321
0.66845 0.24064
0.6631 0.27807
0.63636 0.31551
0.60963 0.34759
0.58824 0.38503
0.57219 0.42246
0.5508 0.45989
0.52941 0.49733
0.50802 0.53476
0.48663 0.57219
0.45989 0.60963
0.4385 0.64706
0.41711 0.68449
0.40107 0.72193
0.37968 0.75936
0.35294 0.79679
0.33155 0.83422
0.29947 0.86631
0.26203 0.8877
0.2246 0.8877
0.18717 0.88235
0.15508 0.85561
0.12834 0.81818
0.1123 0.78075
0.10695 0.74332
0.1123 0.70588
0.12299 0.66845
0.13904 0.63102
0.15508 0.59358
0.17647 0.55615
0.19786 0.51872
0.21925 0.48128
0.24064 0.44385
0.25134 0.40642
0.27273 0.36898
0.28342 0.33155
0.30481 0.29412
0.33155 0.25668
0.33155 0.21925
0.29412 0.20321
0.26738 0.23529
0.24599 0.27273
0.2246 0.30481
0.20321 0.34225
0.18182 0.37968
0.15508 0.41711
0.12299 0.45455
0.12299 0.45455
# triangles
7 8 81
20 21 74
8 9 81
43 44 53
43 53 54
30 65 66
29 30 66
29 66 67
91 92 99
13 14 78
12 13 78
45 46 48
46 47 48
26 69 70
19 20 74
35 60 61
34 35 61
28 29 67
30 31 65
44 52 53
0 87 88
89 90 101
5 6 82
7 81 82
6 7 82
91 99 100
90 100 101
90 91 100
95 96 97
92 93 98
92 98 99
93 97 98
14 15 77
14 77 78
15 16 77
11 12 79
12 78 79
10 11 79
49 50 51
49 51 52
45 48 49
44 45 49
44 49 52
25 26 70
23 24 72
31 64 65
34 61 62
33 34 62
33 62 63
94 95 97
93 94 97
31 32 64
32 33 63
32 63 64
26 27 69
40 55 56
37 38 58
27 68 69
28 67 68
27 28 68
89 101 102
88 89 102
0 88 102
3 4 84
3 84 85
2 85 86
2 3 85
19 74 75
18 19 75
17 18 75
9 10 80
10 79 80
9 80 81
24 71 72
24 25 71
25 70 71
22 23 73
23 72 73
21 73 74
21 22 73
5 82 83
4 83 84
4 5 83
35 36 60
42 43 54
42 54 55
40 56 57
1 86 87
1 2 86
0 1 87
16 76 77
16 17 76
17 75 76
40 41 55
41 42 55
36 59 60
37 58 59
36 37 59
38 39 58
39 57 58
39 40 57
