# points
0.11186 0.55932
0.14237 0.58983
0.16949 0.62712
0.20339 0.65763
0.2339 0.68814
0.26441 0.71864
0.30169 0.69831
0.32203 0.67119
0.29153 0.63729
0.26102 0.60339
0.2339 0.57288
0.20678 0.53559
0.17966 0.49831
0.15593 0.46102
0.13559 0.42373
0.12203 0.38644
0.10847 0.34915
0.10169 0.31186
0.10169 0.27458
0.10169 0.23729
0.11864 0.2
0.13898 0.16271
0.17627 0.14576
0.21356 0.13559
0.25085 0.12881
0.28814 0.14576
0.32203 0.17966
0.35254 0.21356
0.37627 0.24746
0.40339 0.28475
0.43051 0.31864
0.45424 0.35593
0.47119 0.39322
0.49831 0.43051
0.51525 0.4678
0.53559 0.50508
0.54915 0.54237
0.57288 0.57966
0.59322 0.61695
0.62034 0.65424
0.65085 0.68814
0.68475 0.72203
0.70508 0.75932
0.72203 0.79661
0.74576 0.8339
0.77627 0.86102
0.80678 0.89153
0.84407 0.91186
0.87797 0.92881
0.91186 0.95593
0.94915 0.97288
0.95593 0.94237
0.97627 0.94576
1 0.92542
0.98983 0.88814
0.98305 0.85085
0.96949 0.81356
0.95932 0.77627
0.9322 0.73898
0.90169 0.70508
0.87797 0.6678
0.85085 0.63729
0.82034 0.6
0.79661 0.56271
0.77627 0.52542
0.75932 0.49153
0.7322 0.46441
0.70847 0.42712
0.69153 0.38983
0.67119 0.35254
0.65085 0.31525
0.63051 0.27797
0.60678 0.24068
0.57966 0.20339
0.55254 0.16949
0.52542 0.13559
0.49153 0.10508
0.46441 0.074576
0.43051 0.047458
0.39661 0.033898
0.35932 0.013559
0.32203 0
0.28475 0.0033898
0.24746 0
0.21017 0.0067797
0.17288 0.016949
0.13559 0.040678
0.098305 0.061017
0.067797 0.091525
0.044068 0.12542
0.016949 0.16271
0.010169 0.2
0.0033898 0.23729
0 0.27458
0.0067797 0.31186
0.0067797 0.34915
0.013559 0.38644
0.033898 0.42373
0.044068 0.46102
0.061017 0.49492
0.084746 0.5322
0.11186 0.55932
# triangles
51 53 54
23 84 85
13 99 100
21 87 88
23 85 86
30 73 74
25 79 80
25 80 81
25 81 82
30 72 73
51 52 53
14 98 99
13 14 99
21 88 89
22 23 86
21 22 87
22 86 87
24 25 82
24 82 83
24 83 84
23 24 84
33 69 70
34 68 69
33 34 69
32 33 70
32 70 71
36 66 67
36 37 66
37 38 66
6 7 8
14 97 98
16 95 96
16 96 97
35 36 67
35 67 68
34 35 68
38 64 65
38 65 66
49 50 51
4 5 6
4 6 8
4 8 9
3 4 9
0 1 11
0 11 12
12 13 100
0 12 100
30 31 72
31 71 72
31 32 71
14 15 97
15 16 97
16 17 95
48 49 51
48 54 55
48 51 54
48 55 56
43 59 60
43 44 59
44 45 59
1 2 10
1 10 11
2 3 10
3 9 10
38 39 64
42 60 61
42 43 60
40 62 63
39 63 64
39 40 63
28 75 76
17 94 95
18 92 93
18 93 94
17 18 94
47 48 56
46 47 57
47 56 57
45 58 59
46 57 58
45 46 58
40 41 62
41 61 62
41 42 61
29 30 74
29 74 75
28 29 75
27 76 77
27 28 76
19 91 92
18 19 92
25 26 79
26 78 79
26 77 78
26 27 77
20 90 91
19 20 91
20 89 90
20 21 89
