# points
0.05625 0.41875
0.075 0.4625
0.0875 0.49375
0.11875 0.5375
0.15625 0.58125
0.2 0.625
0.2375 0.6625
0.28125 0.69375
0.325 0.71875
0.36875 0.74375
0.4125 0.7625
0.45625 0.775
0.5 0.7875
0.54375 0.79375
0.5875 0.80625
0.63125 0.80625
0.675 0.80625
0.71875 0.80625
0.7625 0.79375
0.80625 0.775
0.85 0.75625
0.89375 0.725
0.9375 0.68125
0.95625 0.6375
0.975 0.59375
0.9875 0.55
1 0.50625
0.99375 0.4625
0.9875 0.41875
0.975 0.375
0.95625 0.33125
0.93125 0.2875
0.9 0.2625
0.85625 0.225
0.8125 0.2
0.76875 0.175
0.725 0.1625
0.68125 0.14375
0.6375 0.13125
0.59375 0.11875
0.55 0.10625
0.50625 0.1
0.4625 0.09375
0.41875 0.0875
0.375 0.08125
0.33125 0.075
0.2875 0.06875
0.24375 0.05625
0.2 0.05
0.15625 0.0375
0.1125 0.025
0.06875 0.0125
0.025 0
0.03125 0.025
0.075 0.05
0.11875 0.075
0.1625 0.0875
0.20625 0.10625
0.25 0.11875
0.29375 0.13125
0.3375 0.14375
0.38125 0.15
0.425 0.1625
0.46875 0.16875
0.5125 0.18125
0.55625 0.19375
0.6 0.20625
0.64375 0.21875
0.6875 0.23125
0.73125 0.25
0.775 0.275
0.81875 0.30625
0.85625 0.35
0.88125 0.39375
0.90625 0.4375
0.90625 0.48125
0.9 0.525
0.8875 0.56875
0.86875 0.6125
0.8375 0.65
0.79375 0.68125
0.75 0.70625
0.70625 0.71875
0.6625 0.725
0.61875 0.71875
0.575 0.71875
0.53125 0.70625
0.4875 0.69375
0.44375 0.68125
0.4 0.65625
0.35625 0.63125
0.3125 0.6
0.26875 0.55625
0.23125 0.5125
0.2 0.46875
0.175 0.425
0.19375 0.38125
0.1625 0.375
0.14375 0.3375
0.11875 0.29375
0.1 0.25
0.08125 0.20625
0.06875 0.1625
0.05625 0.11875
0.0125 0.125
0.00625 0.16875
0 0.2125
0 0.25625
0.00625 0.3
0.01875 0.34375
0.0375 0.3875
0.05625 0.41875
# triangles
29 30 73
101 105 106
48 56 57
51 53 54
51 52 53
33 34 70
33 70 71
34 69 70
34 35 69
13 14 85
16 17 82
17 18 82
101 106 107
26 27 75
29 73 74
28 29 74
27 28 74
27 74 75
48 49 56
49 55 56
101 102 105
102 104 105
102 103 104
100 101 107
99 100 108
100 107 108
45 59 60
40 41 64
30 72 73
13 85 86
6 91 92
16 82 83
99 109 110
99 108 109
4 92 93
22 23 78
23 24 77
23 77 78
21 22 79
22 78 79
20 21 79
42 62 63
41 63 64
41 42 63
47 48 57
98 99 110
47 57 58
0 98 110
0 97 98
37 67 68
32 33 71
32 71 72
11 87 88
12 13 86
11 12 87
12 86 87
40 64 65
39 40 65
39 65 66
14 84 85
5 6 92
4 5 92
95 96 97
2 94 95
0 95 97
2 3 94
3 4 93
3 93 94
26 75 76
25 26 76
19 20 80
20 79 80
50 51 54
50 54 55
49 50 55
42 43 62
43 61 62
46 47 58
45 46 59
46 58 59
36 37 68
35 36 69
36 68 69
30 31 72
31 32 72
9 88 89
8 9 89
38 39 66
37 38 67
38 66 67
10 11 88
9 10 88
6 7 91
15 16 83
15 83 84
14 15 84
1 2 95
0 1 95
19 80 81
18 81 82
18 19 81
43 44 61
44 45 60
44 60 61
8 89 90
7 90 91
7 8 90
24 76 77
24 25 76
