# points
0.03599 0.51414
0.023136 0.54499
0.015424 0.57584
0.0077121 0.60668
0 0.63753
0.0025707 0.66838
0.0025707 0.69923
0.0051414 0.73008
0.010283 0.76093
0.020566 0.79177
0.025707 0.82005
0.03856 0.84833
0.053985 0.87404
0.069409 0.89974
0.087404 0.92288
0.11054 0.94087
0.13625 0.96144
0.16452 0.97943
0.19537 0.99229
0.22622 0.99743
0.25707 1
0.28792 0.99743
0.31877 0.98972
0.34704 0.98201
0.37532 0.96401
0.40103 0.94859
0.41645 0.92545
0.43445 0.89974
0.45244 0.87404
0.4653 0.84576
0.47044 0.81491
0.47815 0.78406
0.47815 0.75321
0.47815 0.72237
0.48072 0.69152
0.47044 0.66324
0.46272 0.63239
0.44987 0.60411
0.43188 0.58098
0.42416 0.59897
0.43445 0.62982
0.43445 0.66067
0.43445 0.69152
0.43188 0.72237
0.42931 0.75321
0.42416 0.78149
0.41902 0.80977
0.40617 0.83548
0.38817 0.86375
0.36247 0.88432
0.33933 0.89717
0.30848 0.91003
0.27763 0.91774
0.24679 0.91774
0.21594 0.90746
0.19023 0.88689
0.1671 0.86632
0.14653 0.84319
0.12853 0.81491
0.11568 0.78663
0.11568 0.76093
0.10797 0.73008
0.11054 0.7018
0.11825 0.67352
0.12339 0.64524
0.13368 0.61697
0.14396 0.58869
0.15424 0.56041
0.16967 0.5347
0.17481 0.50386
0.18509 0.47301
0.19537 0.44216
0.20823 0.41388
0.22108 0.3856
0.23393 0.35476
0.2545 0.32905
0.26221 0.30077
0.27506 0.27506
0.28792 0.24679
0.29563 0.21851
0.30077 0.19023
0.2982 0.15938
0.30077 0.13111
0.31105 0.10283
0.32391 0.07455
0.32648 0.046272
0.32905 0.015424
0.31105 0
0.28535 0.010283
0.26478 0.033419
0.24422 0.053985
0.22365 0.077121
0.20566 0.10026
0.19023 0.12596
0.17224 0.15424
0.15681 0.17995
0.14653 0.2108
0.13625 0.23907
0.13111 0.26735
0.12082 0.2982
0.1054 0.32391
0.095116 0.35219
0.084833 0.38046
0.07455 0.40874
0.064267 0.43959
0.051414 0.46787
0.03856 0.49614
0.03599 0.51414
# triangles
34 35 42
76 77 97
3 4 64
8 9 60
74 99 100
73 74 100
33 34 42
33 42 43
32 33 43
9 59 60
24 25 50
23 24 50
25 26 49
25 49 50
23 50 51
84 85 89
77 96 97
77 78 96
78 95 96
80 81 94
81 93 94
79 80 94
78 79 95
79 94 95
76 97 98
75 76 98
74 98 99
74 75 98
71 72 102
69 70 104
37 38 39
6 7 62
0 1 66
1 2 66
36 37 40
37 39 40
10 11 59
9 10 59
72 101 102
73 100 101
72 73 101
18 19 54
17 18 54
26 27 48
26 48 49
27 28 48
22 23 51
20 21 52
21 22 52
22 51 52
14 15 56
85 88 89
86 87 88
85 86 88
71 102 103
70 71 103
70 103 104
7 61 62
8 60 61
7 8 61
4 5 64
5 63 64
5 6 62
5 62 63
0 66 67
0 67 106
67 68 106
35 41 42
35 36 41
36 40 41
28 47 48
19 20 53
20 52 53
19 53 54
16 17 55
17 54 55
15 16 55
15 55 56
11 12 58
11 58 59
82 91 92
81 92 93
81 82 92
82 83 91
69 104 105
68 105 106
68 69 105
2 65 66
2 3 65
3 64 65
28 29 47
29 30 46
29 46 47
30 31 45
30 45 46
83 90 91
84 89 90
83 84 90
13 14 57
14 56 57
12 13 57
12 57 58
32 43 44
31 32 44
31 44 45
