# points
0.054545 0.45909
0.059091 0.47727
0.063636 0.49545
0.068182 0.51364
0.072727 0.53182
0.077273 0.55
0.081818 0.56818
0.086364 0.58636
0.090909 0.60455
0.081818 0.61818
0.072727 0.63636
0.072727 0.65455
0.077273 0.67273
0.081818 0.69091
0.086364 0.70909
0.090909 0.72727
0.095455 0.74545
0.1 0.76364
0.10455 0.78182
0.10455 0.8
0.10909 0.81818
0.11364 0.83636
0.11818 0.85455
0.11818 0.87273
0.12273 0.89091
0.12727 0.90909
0.12727 0.92727
0.13182 0.94545
0.13182 0.96364
0.13636 0.98182
0.14545 1
0.14545 0.98182
0.14545 0.96364
0.15 0.94545
0.15 0.92727
0.15 0.90909
0.15455 0.89091
0.15909 0.87273
0.16364 0.85455
0.16364 0.83636
0.16818 0.81818
0.17273 0.8
0.17273 0.78182
0.17727 0.76364
0.17727 0.74545
0.17727 0.72727
0.18182 0.70909
0.19091 0.69091
0.19091 0.67273
0.19545 0.65455
0.19545 0.63636
0.19545 0.61818
0.18636 0.6
0.17273 0.59091
0.17727 0.57273
0.18182 0.55455
0.18636 0.53636
0.18636 0.51818
0.19091 0.5
0.19545 0.48182
0.2 0.46364
0.20455 0.44545
0.20909 0.42727
0.21364 0.40909
0.21818 0.39091
0.22273 0.37273
0.23182 0.35455
0.23636 0.33636
0.23182 0.31818
0.21364 0.30909
0.21818 0.29091
0.22273 0.27273
0.23182 0.25455
0.23636 0.23636
0.24091 0.21818
0.24545 0.2
0.24545 0.18182
0.25909 0.16364
0.25455 0.14545
0.23636 0.13636
0.21818 0.13182
0.2 0.12727
0.18182 0.12273
0.16364 0.12273
0.15455 0.10909
0.15455 0.090909
0.15455 0.072727
0.15455 0.054545
0.15455 0.036364
0.15455 0.018182
0.14545 0
0.12727 0
0.11818 0.018182
0.11818 0.036364
0.11818 0.054545
0.11818 0.072727
0.11818 0.090909
0.11818 0.10909
0.10909 0.12727
0.090909 0.13182
0.072727 0.13636
0.054545 0.13636
0.036364 0.13636
0.018182 0.13636
0 0.14545
0 0.16364
0.0045455 0.18182
0.0090909 0.2
0.013636 0.21818
0.018182 0.23636
0.022727 0.25455
0.027273 0.27273
0.031818 0.29091
0.036364 0.30909
0.045455 0.32727
0.05 0.34545
0.031818 0.35455
0.027273 0.37273
0.036364 0.39091
0.040909 0.40909
0.05 0.42727
0.054545 0.44545
0.054545 0.45909
# triangles
103 104 105
76 77 79
9 11 12
77 78 79
29 30 31
83 84 98
9 10 11
115 116 117
9 48 49
9 12 48
76 79 80
99 100 109
76 80 81
9 49 50
8 9 50
7 8 53
8 50 53
50 51 53
73 83 98
71 73 98
99 109 110
71 98 110
98 99 110
100 108 109
100 107 108
102 103 105
115 117 118
115 118 119
63 115 120
115 119 120
46 47 48
84 97 98
51 52 53
65 69 115
67 68 69
70 112 114
69 70 114
112 113 114
69 114 115
73 74 83
74 82 83
74 81 82
71 110 111
100 101 107
102 105 106
101 102 106
101 106 107
0 1 121
60 61 121
1 60 121
1 59 60
62 63 120
29 31 32
28 29 32
66 67 69
65 66 69
63 64 115
64 65 115
71 72 73
75 76 81
74 75 81
13 46 48
12 13 48
13 14 46
15 16 45
6 54 55
6 7 54
7 53 54
1 2 59
3 4 57
16 44 45
16 17 44
17 43 44
22 38 39
22 37 38
27 32 33
27 28 32
27 33 34
26 27 34
2 58 59
3 57 58
2 3 58
5 6 55
5 55 56
5 56 57
4 5 57
21 22 39
22 23 37
89 91 92
89 90 91
88 89 92
88 92 93
86 95 96
85 86 96
88 93 94
87 88 94
86 94 95
86 87 94
85 96 97
84 85 97
70 71 111
70 111 112
61 62 121
62 120 121
14 15 45
14 45 46
17 18 42
17 42 43
18 19 42
19 41 42
19 40 41
19 20 40
20 21 40
21 39 40
23 24 36
23 36 37
24 25 36
25 35 36
25 26 34
25 34 35
