# points
0.097872 0.46809
0.11489 0.49362
0.12766 0.51915
0.14043 0.54468
0.15745 0.57021
0.16596 0.59574
0.1617 0.61702
0.13617 0.61702
0.11915 0.6383
0.14043 0.65957
0.16596 0.68511
0.18298 0.71064
0.19574 0.73617
0.21277 0.7617
0.22553 0.78723
0.2383 0.81277
0.21702 0.82128
0.19574 0.83404
0.20851 0.85957
0.23404 0.88511
0.25106 0.90638
0.27234 0.92766
0.28936 0.95319
0.31064 0.97872
0.33617 1
0.3617 0.98723
0.37872 0.9617
0.40426 0.93617
0.42979 0.91489
0.45532 0.88936
0.4766 0.86809
0.49787 0.84681
0.49362 0.82128
0.46809 0.82128
0.4766 0.79574
0.48511 0.77021
0.50638 0.74468
0.51489 0.71915
0.5234 0.69362
0.54043 0.66809
0.5617 0.64255
0.54894 0.62128
0.5234 0.61702
0.51915 0.59574
0.5234 0.57021
0.52766 0.54468
0.54043 0.51915
0.54468 0.49362
0.55745 0.46809
0.56596 0.44255
0.57872 0.41702
0.6 0.39149
0.62128 0.36596
0.60426 0.34468
0.57872 0.34894
0.56596 0.33617
0.57447 0.31064
0.58298 0.28511
0.59574 0.25957
0.60851 0.23404
0.62128 0.20851
0.64255 0.19149
0.65106 0.16596
0.62553 0.15745
0.6 0.14894
0.57447 0.14894
0.54894 0.15319
0.5234 0.1617
0.49787 0.16596
0.47234 0.17021
0.44681 0.17021
0.42128 0.15319
0.39574 0.14468
0.38298 0.13191
0.38298 0.10638
0.38298 0.080851
0.38298 0.055319
0.38298 0.029787
0.37021 0.0042553
0.34468 0
0.31915 0
0.29362 0
0.26809 0.0042553
0.24255 0.017021
0.24255 0.042553
0.24255 0.068085
0.24255 0.093617
0.24255 0.11915
0.24681 0.14468
0.23404 0.1617
0.20851 0.16596
0.18298 0.16596
0.15745 0.17021
0.13191 0.18298
0.10638 0.19574
0.080851 0.19149
0.055319 0.19149
0.029787 0.19149
0.0042553 0.19149
0 0.21702
0.012766 0.24255
0.029787 0.26809
0.046809 0.29362
0.07234 0.31915
0.093617 0.34468
0.11064 0.37021
0.097872 0.37872
0.07234 0.37447
0.051064 0.38723
0.059574 0.41277
0.076596 0.4383
0.093617 0.46383
0.097872 0.46809
# triangles
23 24 25
2 3 47
3 4 47
4 45 47
31 32 33
2 47 105
30 31 33
29 30 33
11 42 43
45 46 47
38 39 42
28 29 33
23 25 26
22 23 26
21 26 27
21 22 26
61 62 63
60 61 63
60 63 64
105 106 111
1 2 105
4 5 45
5 11 43
39 41 42
39 40 41
11 12 42
12 13 42
13 35 37
35 36 37
37 38 42
13 37 42
16 17 18
106 109 110
106 110 111
15 33 34
15 34 35
15 28 33
15 16 18
15 20 21
15 21 27
15 27 28
77 78 79
107 108 109
106 107 109
0 105 111
0 1 105
5 44 45
5 43 44
13 14 35
14 15 35
15 18 19
15 19 20
76 77 79
76 79 80
75 76 80
89 90 105
97 98 99
5 6 11
6 10 11
70 89 105
58 59 67
50 51 54
51 52 53
51 53 54
47 48 49
94 102 103
94 101 102
90 104 105
93 94 104
94 103 104
80 81 85
75 80 85
94 95 101
95 96 101
70 71 72
70 72 89
72 73 88
72 88 89
6 9 10
7 8 9
6 7 9
50 54 55
49 50 55
55 70 105
47 55 105
47 49 55
56 57 69
55 56 69
55 69 70
59 66 67
96 97 100
96 100 101
97 99 100
90 91 104
91 93 104
82 83 84
81 82 84
81 84 85
73 87 88
73 74 87
57 68 69
57 58 68
58 67 68
59 60 65
59 65 66
60 64 65
91 92 93
75 85 86
74 75 86
74 86 87
