# points
0.37975 0.025316
0.38397 0.050633
0.38397 0.075949
0.37553 0.097046
0.35021 0.092827
0.32489 0.092827
0.29958 0.092827
0.27426 0.097046
0.24895 0.10127
0.22363 0.11392
0.19831 0.1097
0.173 0.10127
0.14768 0.092827
0.12236 0.092827
0.097046 0.097046
0.07173 0.097046
0.046414 0.10127
0.021097 0.10127
0 0.11814
0.021097 0.13502
0.046414 0.1519
0.07173 0.16878
0.097046 0.18565
0.12236 0.20253
0.14346 0.22363
0.13502 0.23629
0.1097 0.23207
0.1097 0.25738
0.13502 0.2616
0.16034 0.26582
0.18565 0.27426
0.21097 0.2827
0.23629 0.28692
0.2616 0.29958
0.28692 0.31646
0.27848 0.33333
0.27848 0.35865
0.3038 0.36287
0.32911 0.37131
0.35443 0.38397
0.37975 0.40084
0.39662 0.42616
0.39241 0.45148
0.40506 0.47257
0.43038 0.48101
0.4557 0.49367
0.48101 0.51477
0.50633 0.53165
0.53165 0.54852
0.55696 0.53586
0.58228 0.51477
0.60338 0.49367
0.62869 0.47679
0.65401 0.46835
0.67932 0.4557
0.70464 0.44304
0.6962 0.41772
0.72152 0.39241
0.74262 0.37131
0.76793 0.35443
0.79325 0.34177
0.81857 0.32911
0.83544 0.31224
0.81013 0.29958
0.83122 0.27426
0.85654 0.24895
0.88186 0.23629
0.90717 0.23207
0.92405 0.21519
0.89873 0.20675
0.88608 0.19409
0.90717 0.173
0.93249 0.14768
0.95781 0.13502
0.98312 0.11814
1 0.10127
0.97468 0.088608
0.94937 0.092827
0.92405 0.092827
0.89873 0.097046
0.87342 0.10127
0.8481 0.10549
0.82278 0.092827
0.79747 0.075949
0.77215 0.07173
0.74684 0.075949
0.72152 0.080169
0.6962 0.084388
0.68354 0.067511
0.69198 0.042194
0.69198 0.016878
0.67089 0
0.64557 0
0.62025 0
0.59494 0
0.56962 0
0.5443 0
0.51899 0
0.49367 0
0.46835 0
0.44304 0
0.41772 0
0.39241 0
0.37975 0.021097
0.37975 0.025316
# triangles
17 18 19
3 96 97
89 90 91
3 40 87
16 17 19
3 87 88
3 88 96
2 3 97
1 2 100
47 49 50
47 48 49
64 86 87
74 75 76
40 56 87
3 39 40
16 19 20
15 16 20
15 20 21
14 15 21
9 31 32
9 30 31
13 14 22
14 21 22
88 94 95
88 95 96
88 93 94
101 102 103
0 101 103
0 1 101
1 100 101
2 97 98
34 37 38
3 34 39
34 38 39
73 77 78
74 76 77
73 74 77
72 73 78
63 64 87
58 59 63
58 63 87
64 82 85
64 85 86
82 84 85
67 68 69
64 65 82
65 70 81
65 81 82
57 58 87
56 57 87
46 47 50
7 9 32
25 27 28
89 91 92
88 89 92
88 92 93
2 99 100
2 98 99
7 32 33
6 7 33
35 36 37
34 35 37
82 83 84
72 78 79
59 60 63
71 72 79
70 71 81
66 67 69
66 69 70
65 66 70
54 55 56
46 50 51
45 46 51
12 13 22
9 24 30
25 28 29
24 29 30
24 25 29
25 26 27
3 4 34
4 33 34
71 80 81
71 79 80
61 62 63
60 61 63
52 53 56
53 54 56
41 51 52
40 41 56
41 52 56
41 45 51
41 44 45
41 42 43
41 43 44
7 8 9
12 22 23
5 6 33
4 5 33
11 12 23
9 10 24
10 23 24
10 11 23
