# points
0 0.47345
0.0044248 0.49558
0.0044248 0.5177
0.0088496 0.53982
0.022124 0.56195
0.030973 0.58407
0.044248 0.60619
0.053097 0.62832
0.066372 0.65044
0.070796 0.67257
0.066372 0.69027
0.044248 0.67257
0.022124 0.65929
0.0088496 0.67257
0.022124 0.69469
0.030973 0.71681
0.044248 0.73894
0.053097 0.76106
0.057522 0.78319
0.066372 0.80531
0.070796 0.82743
0.075221 0.84956
0.079646 0.87168
0.084071 0.89381
0.09292 0.91593
0.10177 0.93805
0.10619 0.96018
0.12832 0.9823
0.13717 1
0.14602 0.9823
0.15044 0.96018
0.15487 0.93805
0.16814 0.91593
0.18584 0.89381
0.19912 0.87168
0.20354 0.84956
0.20796 0.82743
0.21239 0.80531
0.21239 0.78319
0.21239 0.76106
0.21239 0.73894
0.21239 0.71681
0.21239 0.69469
0.22566 0.67257
0.20796 0.66372
0.18584 0.66372
0.19469 0.64159
0.20354 0.61947
0.21681 0.59735
0.23009 0.57522
0.23451 0.5531
0.24336 0.53097
0.25221 0.50885
0.25664 0.48673
0.27434 0.4646
0.26106 0.45133
0.23894 0.46018
0.21681 0.46903
0.21681 0.4469
0.22566 0.42478
0.23009 0.40265
0.23894 0.38053
0.24779 0.35841
0.25221 0.33628
0.26549 0.31416
0.27434 0.29204
0.28761 0.26991
0.29646 0.24779
0.31416 0.22566
0.30973 0.20796
0.28761 0.20354
0.26549 0.20354
0.24336 0.20354
0.23009 0.19469
0.23894 0.17257
0.24779 0.15044
0.24779 0.12832
0.24779 0.10619
0.24779 0.084071
0.24779 0.061947
0.25221 0.039823
0.25664 0.017699
0.23894 0.0044248
0.21681 0
0.19469 0
0.17257 0
0.15044 0
0.13717 0.022124
0.13717 0.044248
0.13274 0.066372
0.12832 0.088496
0.12389 0.11062
0.12389 0.13274
0.11947 0.15487
0.11947 0.17699
0.11504 0.19912
0.10177 0.21239
0.079646 0.21239
0.057522 0.20796
0.035398 0.20354
0.013274 0.19469
0.0088496 0.21681
0.013274 0.23894
0.017699 0.26106
0.017699 0.28319
0.022124 0.30531
0.026549 0.32743
0.030973 0.34956
0.035398 0.37168
0.044248 0.39381
0.048673 0.41593
0.053097 0.43805
0.061947 0.46018
0.066372 0.4823
0.053097 0.47788
0.030973 0.45575
0.0088496 0.43805
0 0.45575
0 0.47345
# triangles
99 101 102
80 82 83
80 81 82
98 99 102
19 37 38
19 38 39
18 19 39
22 23 32
74 76 92
85 86 87
99 100 101
78 79 89
79 83 84
79 80 83
42 43 44
42 44 45
7 8 47
8 9 45
58 59 110
59 60 110
53 54 55
53 55 56
27 28 29
22 33 34
22 32 33
27 29 30
26 27 30
66 67 71
74 92 93
79 84 88
79 88 89
84 85 88
85 87 88
41 42 45
8 46 47
8 45 46
58 112 113
51 52 57
57 58 113
53 56 57
52 53 57
60 109 110
62 63 107
96 106 107
63 96 107
96 105 106
96 97 105
97 104 105
61 62 107
61 107 108
60 61 109
61 108 109
10 40 41
10 15 16
9 10 45
10 41 45
10 11 14
10 14 15
23 24 32
24 25 31
24 31 32
74 75 76
66 71 72
76 91 92
76 77 91
78 89 90
77 78 90
77 90 91
97 98 103
97 103 104
98 102 103
58 110 111
58 111 112
50 51 57
50 57 113
48 49 50
48 50 113
10 16 17
10 17 40
17 18 39
17 39 40
67 70 71
67 68 70
68 69 70
64 65 72
65 66 72
64 72 73
63 73 96
63 64 73
73 95 96
73 94 95
73 74 93
73 93 94
6 7 47
5 6 113
6 47 48
6 48 113
3 4 113
4 5 113
115 116 117
0 115 117
0 1 115
1 114 115
1 2 114
2 3 113
2 113 114
21 34 35
21 22 34
25 26 30
25 30 31
11 13 14
11 12 13
19 36 37
19 20 36
21 35 36
20 21 36
