# points
0.10526 0.44211
0.12105 0.47368
0.13684 0.50526
0.12105 0.52105
0.089474 0.51579
0.057895 0.51579
0.026316 0.52105
0.031579 0.55263
0.057895 0.58421
0.084211 0.61579
0.11579 0.64737
0.14737 0.67895
0.16316 0.71053
0.18421 0.74211
0.15263 0.73684
0.12105 0.73684
0.089474 0.74737
0.10526 0.77368
0.13684 0.8
0.16316 0.82105
0.19474 0.84737
0.22105 0.87895
0.24737 0.91053
0.27368 0.94211
0.28947 0.97368
0.3 1
0.31053 0.97368
0.33158 0.94211
0.34211 0.91053
0.34211 0.87895
0.35263 0.84737
0.36316 0.81579
0.38421 0.78421
0.41579 0.75789
0.44737 0.74737
0.47895 0.73158
0.45789 0.71579
0.42632 0.72105
0.39474 0.73158
0.36316 0.73684
0.37368 0.70526
0.38421 0.67368
0.4 0.64211
0.42105 0.61053
0.44737 0.57895
0.47368 0.54737
0.50526 0.53158
0.53684 0.51579
0.52105 0.49474
0.48947 0.49474
0.45789 0.51053
0.42632 0.52105
0.42105 0.49474
0.42632 0.46316
0.44211 0.43158
0.45789 0.4
0.47368 0.37368
0.49474 0.34211
0.52632 0.32632
0.55789 0.31053
0.58947 0.31053
0.62105 0.29474
0.6 0.27368
0.56842 0.26316
0.53684 0.25789
0.50526 0.25263
0.47368 0.25263
0.44211 0.25263
0.41053 0.25789
0.37895 0.25263
0.37895 0.22105
0.38947 0.18947
0.38947 0.15789
0.38947 0.12632
0.38947 0.094737
0.38947 0.063158
0.39474 0.031579
0.39474 0
0.36316 0
0.33158 0
0.3 0
0.26842 0
0.23684 0
0.21053 0.010526
0.21053 0.042105
0.21053 0.073684
0.21053 0.10526
0.21053 0.13684
0.21053 0.16842
0.21053 0.2
0.21053 0.23158
0.21053 0.26316
0.18947 0.27368
0.15789 0.26316
0.12632 0.26316
0.094737 0.25789
0.063158 0.25789
0.031579 0.25789
0 0.26842
0.0052632 0.3
0.021053 0.33158
0.047368 0.36316
0.073684 0.39474
0.094737 0.42632
0.10526 0.44211
# triangles
73 86 87
13 20 31
23 27 28
73 74 86
74 80 86
60 61 62
60 62 63
76 77 78
3 9 10
3 8 9
23 26 27
13 31 39
75 78 79
75 76 78
75 79 80
74 75 80
82 83 84
81 82 84
81 84 85
80 81 85
80 85 86
46 47 48
97 98 99
96 97 99
96 99 100
95 96 101
96 100 101
13 19 20
13 18 19
11 12 41
11 41 42
3 4 8
4 5 8
5 6 7
5 7 8
24 25 26
23 24 26
34 35 36
32 33 38
32 38 39
31 32 39
13 39 40
12 13 40
12 40 41
22 23 28
94 95 101
94 101 102
42 43 51
43 44 51
2 51 52
2 42 51
2 11 42
2 3 10
2 10 11
2 52 53
58 64 65
13 14 18
14 17 18
33 37 38
33 34 37
34 36 37
22 28 29
21 22 29
92 93 102
93 94 102
72 73 87
69 70 90
44 45 51
45 46 50
45 50 51
1 53 92
1 2 53
0 1 92
59 60 63
59 63 64
58 59 64
15 16 17
14 15 17
21 29 30
20 30 31
20 21 30
72 87 88
53 54 91
54 69 91
53 91 92
69 90 91
54 55 69
46 48 49
46 49 50
92 102 103
0 92 103
70 89 90
70 88 89
70 71 88
71 72 88
57 58 65
55 68 69
57 67 68
57 65 66
57 66 67
55 56 68
56 57 68
