# points
0.29508 0.48634
0.26776 0.4918
0.22404 0.4918
0.18033 0.4918
0.13661 0.4918
0.092896 0.48907
0.054645 0.50546
0.090164 0.52732
0.13388 0.54372
0.17213 0.56831
0.21585 0.58743
0.25137 0.61475
0.28689 0.64754
0.31967 0.6776
0.3306 0.69945
0.28689 0.69945
0.24317 0.70219
0.22131 0.73497
0.25956 0.75683
0.29781 0.78415
0.33607 0.81148
0.36885 0.84153
0.39891 0.87158
0.4153 0.90984
0.42623 0.95082
0.44536 0.98361
0.48087 0.96721
0.5 0.92896
0.53279 0.89891
0.56831 0.87158
0.59836 0.8388
0.63115 0.80874
0.67213 0.78415
0.71038 0.75683
0.7541 0.73497
0.75956 0.70219
0.71585 0.69945
0.67213 0.69945
0.62842 0.70219
0.60929 0.68852
0.65027 0.66667
0.68852 0.64208
0.72678 0.61475
0.76776 0.5929
0.80874 0.57104
0.77869 0.54098
0.73497 0.54372
0.69126 0.55191
0.64754 0.55738
0.66667 0.53825
0.71038 0.51913
0.75137 0.49727
0.79235 0.47541
0.83333 0.45902
0.87432 0.44536
0.91803 0.42623
0.96175 0.4071
1 0.38525
0.98087 0.34973
0.93716 0.34426
0.89344 0.34153
0.84973 0.34153
0.80601 0.34153
0.7623 0.33607
0.71858 0.33607
0.67486 0.33607
0.63115 0.3388
0.58743 0.34426
0.56557 0.31967
0.56557 0.27596
0.56557 0.23224
0.56557 0.18852
0.56557 0.14481
0.56011 0.10383
0.56284 0.062842
0.56284 0.02459
0.52459 0
0.48087 0.010929
0.43716 0.016393
0.42623 0.054645
0.42623 0.098361
0.42623 0.14208
0.42623 0.18033
0.41803 0.22131
0.4153 0.25956
0.40164 0.29781
0.38251 0.31694
0.3388 0.31421
0.29508 0.30601
0.25137 0.30328
0.20765 0.30055
0.16393 0.29235
0.12022 0.28415
0.076503 0.27869
0.032787 0.27322
0 0.29508
0.040984 0.31694
0.081967 0.3388
0.12295 0.36066
0.1612 0.38525
0.19672 0.41257
0.23224 0.43989
0.27049 0.46721
0.29508 0.48634
# triangles
13 39 48
68 85 86
14 21 39
13 14 39
16 17 18
0 13 48
0 1 11
0 87 102
0 86 87
55 56 59
56 57 58
56 58 59
55 59 60
54 55 60
74 75 76
94 95 96
93 94 96
87 88 102
51 64 65
14 20 21
14 19 20
15 16 18
14 15 19
15 18 19
0 48 67
67 68 86
0 67 86
48 49 67
49 66 67
31 38 39
24 25 26
52 53 62
52 62 63
52 63 64
51 52 64
54 60 61
53 61 62
53 54 61
5 6 7
4 5 7
4 7 8
2 3 9
3 8 9
3 4 8
1 10 11
1 2 10
2 9 10
0 12 13
0 11 12
31 32 38
32 37 38
32 33 37
41 47 48
41 42 47
22 27 28
24 26 27
30 31 39
21 30 39
21 22 30
91 92 98
68 84 85
68 69 84
70 83 84
69 70 84
72 73 81
39 40 48
40 41 48
23 24 27
22 23 27
22 28 29
22 29 30
93 96 97
92 93 97
92 97 98
90 91 99
91 98 99
70 82 83
70 71 82
71 72 82
72 81 82
73 80 81
34 35 36
33 34 36
33 36 37
43 44 45
42 46 47
42 43 46
43 45 46
89 90 100
90 99 100
50 51 65
49 50 66
50 65 66
88 101 102
88 89 101
89 100 101
77 78 79
74 76 77
77 79 80
73 74 77
73 77 80
