# points
0.095455 0.47273
0.11818 0.50455
0.14545 0.53182
0.17273 0.56364
0.15909 0.59545
0.12727 0.6
0.095455 0.60455
0.063636 0.60455
0.031818 0.60455
0 0.60455
0 0.62273
0.031818 0.64545
0.063636 0.66818
0.095455 0.69091
0.12727 0.71364
0.15909 0.73182
0.18182 0.75909
0.15909 0.78182
0.12727 0.78636
0.095455 0.78636
0.063636 0.79545
0.077273 0.8
0.10455 0.82727
0.13636 0.85455
0.16364 0.88636
0.18636 0.91364
0.21818 0.93636
0.24545 0.96818
0.26818 1
0.29091 0.99545
0.32273 0.96364
0.35455 0.94091
0.38636 0.91818
0.41818 0.89545
0.45 0.87273
0.48182 0.85
0.51364 0.83636
0.53182 0.82273
0.5 0.81818
0.46818 0.81364
0.43636 0.80909
0.40909 0.78636
0.42727 0.75455
0.45909 0.72727
0.49091 0.70909
0.52273 0.68636
0.55455 0.66364
0.58636 0.64545
0.61818 0.62727
0.65 0.61364
0.61818 0.60909
0.58636 0.60909
0.55455 0.60909
0.52273 0.60909
0.49091 0.60909
0.45909 0.60909
0.44545 0.57727
0.46364 0.54545
0.49545 0.52273
0.52727 0.50455
0.55909 0.48182
0.59091 0.45909
0.62273 0.43636
0.65455 0.41364
0.63182 0.40909
0.6 0.40455
0.56818 0.4
0.53636 0.39545
0.50455 0.39091
0.47273 0.38636
0.44091 0.38182
0.40909 0.36818
0.4 0.33636
0.39545 0.30455
0.4 0.27273
0.40909 0.24091
0.41818 0.20909
0.42727 0.17727
0.44545 0.14545
0.45909 0.11364
0.47273 0.081818
0.48182 0.05
0.48636 0.018182
0.45909 0
0.42727 0
0.39545 0.0045455
0.36364 0.0045455
0.33182 0.0090909
0.3 0.0090909
0.26818 0.013636
0.25909 0.045455
0.25909 0.077273
0.25909 0.10909
0.26818 0.14091
0.26364 0.17273
0.26364 0.20455
0.26364 0.23636
0.25455 0.26818
0.24545 0.3
0.23636 0.33182
0.20455 0.36364
0.17273 0.37273
0.14091 0.38182
0.10909 0.38182
0.077273 0.38182
0.045455 0.38182
0.05 0.40455
0.068182 0.43636
0.090909 0.46818
0.095455 0.47273
# triangles
8 9 10
81 82 83
81 83 84
80 81 84
77 78 93
75 76 95
73 74 97
3 71 100
3 56 71
3 4 56
76 94 95
76 77 94
77 93 94
27 28 29
27 29 30
16 26 41
26 27 30
32 33 41
4 15 16
8 10 11
7 8 11
2 3 100
78 79 86
62 63 64
74 75 96
75 95 96
74 96 97
71 99 100
16 17 24
16 24 25
16 25 26
46 47 52
45 46 53
46 52 53
43 44 55
34 35 39
26 31 41
31 32 41
26 30 31
4 14 15
5 6 13
5 13 14
4 5 14
7 11 12
6 12 13
6 7 12
0 1 102
2 100 101
1 101 102
1 2 101
103 104 107
87 91 92
87 92 93
78 87 93
78 86 87
79 80 85
79 85 86
80 84 85
56 57 71
60 66 67
60 61 66
57 70 71
58 69 70
57 58 70
58 59 69
71 72 99
73 97 98
72 73 98
72 98 99
18 19 22
17 23 24
17 18 23
18 22 23
45 53 54
44 54 55
44 45 54
47 51 52
47 48 51
42 43 55
16 41 42
4 16 42
42 55 56
4 42 56
36 37 38
35 36 38
35 38 39
104 105 106
104 106 107
103 107 108
0 102 108
102 103 108
88 90 91
87 88 91
88 89 90
62 64 65
61 62 65
61 65 66
59 68 69
60 67 68
59 60 68
19 20 21
19 21 22
48 49 50
48 50 51
34 39 40
33 40 41
33 34 40
