# points
0.098214 0.47768
0.09375 0.5
0.080357 0.52232
0.075893 0.54464
0.066964 0.56696
0.066964 0.58929
0.066964 0.61161
0.075893 0.63393
0.09375 0.65625
0.11607 0.67857
0.13393 0.70089
0.14732 0.72321
0.15179 0.74554
0.15179 0.76786
0.13393 0.79018
0.12946 0.8125
0.13839 0.83482
0.15179 0.85714
0.16071 0.87946
0.17411 0.90179
0.19196 0.92411
0.20089 0.94643
0.20982 0.96875
0.21875 0.99107
0.23214 1
0.24554 0.97768
0.25446 0.95536
0.26786 0.93304
0.27679 0.91071
0.29018 0.88839
0.29911 0.86607
0.30357 0.84375
0.30357 0.82143
0.30357 0.79911
0.29018 0.77679
0.27232 0.75446
0.27232 0.73214
0.27232 0.70982
0.28125 0.6875
0.29018 0.66518
0.30357 0.64286
0.32143 0.62054
0.32589 0.59821
0.33482 0.57589
0.33036 0.55357
0.31696 0.53125
0.30357 0.50893
0.29464 0.48661
0.28125 0.46429
0.28125 0.44196
0.28571 0.41964
0.29911 0.39732
0.30357 0.375
0.3125 0.35268
0.32589 0.33036
0.34375 0.30804
0.35714 0.28571
0.35714 0.26786
0.33929 0.25
0.31696 0.23661
0.29464 0.23661
0.27232 0.24107
0.25 0.24554
0.22768 0.25
0.20536 0.24554
0.20536 0.22321
0.20536 0.20089
0.20982 0.17857
0.20982 0.15625
0.21429 0.13393
0.21429 0.11161
0.21875 0.089286
0.21875 0.066964
0.21875 0.044643
0.22321 0.022321
0.21429 0
0.19196 0.0044643
0.18304 0.026786
0.18304 0.049107
0.18304 0.071429
0.17857 0.09375
0.17857 0.11607
0.17411 0.13839
0.17411 0.16071
0.17411 0.18304
0.16964 0.20536
0.16964 0.22768
0.16964 0.25
0.15179 0.27232
0.13839 0.29464
0.12054 0.29018
0.098214 0.27232
0.075893 0.26339
0.053571 0.25
0.03125 0.25
0.0089286 0.25
0 0.25893
0.013393 0.28125
0.026786 0.30357
0.044643 0.32589
0.053571 0.34821
0.071429 0.37054
0.084821 0.39286
0.09375 0.41518
0.098214 0.4375
0.098214 0.45982
0.098214 0.47768
# triangles
74 75 76
74 76 77
49 104 105
73 74 77
5 7 8
5 6 7
89 102 103
89 101 102
91 92 99
92 98 99
23 24 25
40 41 42
71 79 80
68 69 82
71 72 79
58 59 60
56 57 58
17 30 31
68 82 83
55 56 58
55 58 60
40 42 45
50 89 103
49 50 104
50 103 104
50 52 89
50 51 52
73 77 78
72 73 78
72 78 79
70 71 80
64 86 87
66 84 85
66 67 84
67 83 84
67 68 83
18 29 30
17 18 30
17 31 32
9 39 40
9 10 39
10 11 37
89 90 101
90 100 101
90 91 99
90 99 100
92 93 98
93 97 98
93 94 97
95 96 97
94 95 97
42 43 44
42 44 45
3 5 8
3 4 5
3 8 9
3 9 40
52 63 89
54 55 60
69 70 81
69 81 82
70 80 81
64 87 88
63 88 89
63 64 88
54 60 61
54 61 62
12 13 35
13 17 35
10 37 38
10 38 39
40 45 46
3 40 46
48 49 105
64 65 86
65 85 86
65 66 85
53 62 63
53 54 62
52 53 63
18 19 29
22 23 25
32 33 34
17 32 34
17 34 35
13 16 17
13 14 16
14 15 16
1 46 47
1 3 46
1 47 48
19 28 29
19 20 28
20 27 28
20 21 27
12 35 36
11 12 36
11 36 37
1 2 3
0 48 105
0 1 48
21 26 27
22 25 26
21 22 26
