# points
0.18552 0.47964
0.17195 0.49774
0.14027 0.48869
0.1086 0.48869
0.076923 0.49321
0.045249 0.50226
0.067873 0.52941
0.099548 0.55204
0.1267 0.57466
0.15385 0.60181
0.17647 0.63348
0.19457 0.66516
0.21267 0.69683
0.19457 0.70588
0.1629 0.70136
0.13122 0.70588
0.099548 0.71041
0.11312 0.74208
0.1448 0.75113
0.17647 0.76923
0.20814 0.78281
0.23982 0.80543
0.26697 0.82805
0.28959 0.85973
0.31222 0.8914
0.32127 0.92308
0.33484 0.95475
0.33937 0.98643
0.36199 1
0.37557 0.96833
0.39367 0.93665
0.41629 0.90498
0.43891 0.8733
0.45701 0.84163
0.47511 0.80995
0.49321 0.77828
0.52036 0.75113
0.55204 0.72851
0.58371 0.71041
0.61086 0.69231
0.58371 0.67421
0.55204 0.67421
0.52036 0.67421
0.53394 0.64253
0.55204 0.61086
0.56561 0.57919
0.57919 0.54751
0.60181 0.51584
0.63348 0.49321
0.66063 0.47059
0.63348 0.45249
0.60181 0.45701
0.57014 0.45701
0.53846 0.46154
0.50679 0.46606
0.51584 0.43439
0.52489 0.40271
0.54299 0.37104
0.55656 0.33937
0.58371 0.31222
0.61538 0.29412
0.64706 0.28959
0.65158 0.26244
0.61991 0.25792
0.58824 0.25792
0.55656 0.25792
0.52489 0.26244
0.49321 0.27149
0.46154 0.28054
0.42986 0.28959
0.39819 0.29412
0.39819 0.26244
0.40271 0.23077
0.40271 0.1991
0.40271 0.16742
0.40271 0.13575
0.40271 0.10407
0.40724 0.072398
0.41176 0.040724
0.39819 0.0090498
0.36652 0
0.33484 0.0045249
0.30317 0.0045249
0.27149 0.013575
0.26697 0.045249
0.26697 0.076923
0.26244 0.1086
0.26244 0.14027
0.26244 0.17195
0.26697 0.20362
0.26697 0.23529
0.26697 0.26697
0.26697 0.29864
0.25339 0.31674
0.22172 0.30317
0.19005 0.28959
0.15837 0.28054
0.1267 0.27149
0.095023 0.26697
0.063348 0.26697
0.031674 0.26244
0 0.27149
0.013575 0.29864
0.045249 0.32579
0.072398 0.34842
0.10407 0.37557
0.1267 0.40724
0.15385 0.43891
0.17647 0.47059
0.18552 0.47964
# triangles
54 55 70
48 49 50
12 22 35
0 10 11
0 11 54
35 36 42
12 35 42
11 12 42
36 37 42
12 21 22
12 20 21
70 91 92
93 94 107
70 92 93
54 70 93
0 54 93
12 13 20
24 25 30
78 79 80
77 78 80
48 50 51
46 53 54
1 8 9
0 1 10
1 9 10
94 106 107
75 86 87
93 107 108
0 93 108
22 34 35
22 33 34
23 24 32
23 32 33
22 23 33
45 46 54
44 45 54
43 44 54
11 43 54
11 42 43
13 19 20
13 18 19
15 16 17
15 17 18
24 31 32
24 30 31
74 87 88
74 75 87
70 71 91
71 90 91
71 72 90
75 76 86
58 59 66
47 51 52
46 47 53
47 52 53
47 48 51
56 57 68
55 56 70
3 6 7
2 3 7
1 2 8
2 7 8
99 102 103
77 80 81
38 39 40
13 14 18
14 15 18
25 26 30
56 69 70
56 68 69
4 5 6
3 4 6
94 95 106
74 88 89
73 74 89
72 89 90
72 73 89
100 101 102
99 100 102
98 103 104
98 99 103
97 98 104
82 83 84
81 82 84
37 41 42
37 38 41
38 40 41
26 29 30
27 28 29
26 27 29
58 66 67
57 58 67
57 67 68
59 65 66
59 64 65
59 60 64
95 105 106
95 96 105
97 104 105
96 97 105
76 85 86
81 84 85
76 77 85
77 81 85
60 63 64
61 62 63
60 61 63
