# points
0.11364 0.50455
0.095455 0.53182
0.081818 0.55909
0.077273 0.58636
0.10455 0.58182
0.13182 0.57727
0.13182 0.59091
0.11364 0.61818
0.090909 0.64545
0.072727 0.67273
0.054545 0.7
0.036364 0.72727
0.018182 0.75455
0 0.78182
0.0045455 0.80455
0.031818 0.80455
0.059091 0.80455
0.086364 0.8
0.11364 0.79545
0.14091 0.78636
0.15 0.80455
0.14545 0.83182
0.14545 0.85909
0.14545 0.88636
0.15 0.91364
0.15455 0.94091
0.16364 0.96364
0.19091 0.96818
0.21818 0.96818
0.24545 0.97273
0.27273 0.98182
0.3 0.98636
0.32727 0.98636
0.35455 0.99545
0.38182 1
0.40909 0.99545
0.40909 0.96818
0.40909 0.94091
0.40909 0.91364
0.40909 0.88636
0.40909 0.85909
0.40909 0.83182
0.40909 0.80455
0.41364 0.77727
0.44091 0.78636
0.46818 0.79545
0.49545 0.79545
0.52273 0.8
0.55 0.8
0.57727 0.80455
0.60455 0.80909
0.63182 0.81818
0.65455 0.80909
0.64091 0.78182
0.61818 0.75455
0.6 0.72727
0.58182 0.7
0.56818 0.67273
0.55455 0.64545
0.53182 0.61818
0.51364 0.59091
0.5 0.56364
0.52273 0.56364
0.55 0.57727
0.57727 0.58636
0.57727 0.56364
0.56364 0.53636
0.55 0.50909
0.54091 0.48182
0.52727 0.45455
0.51818 0.42727
0.50455 0.4
0.49545 0.37273
0.48636 0.34545
0.48182 0.31818
0.50909 0.32273
0.53636 0.32273
0.52273 0.29545
0.50455 0.26818
0.48182 0.24091
0.46364 0.21364
0.44545 0.18636
0.42273 0.15909
0.40455 0.13182
0.38636 0.10455
0.37273 0.077273
0.35909 0.05
0.35 0.022727
0.34091 0
0.33182 0.022727
0.33182 0.05
0.32273 0.077273
0.31364 0.10455
0.29545 0.13182
0.27727 0.15909
0.25909 0.18636
0.24091 0.21364
0.22273 0.24091
0.20455 0.26818
0.18636 0.29545
0.16818 0.32273
0.18636 0.34091
0.21364 0.33636
0.24091 0.32727
0.23636 0.35455
0.22273 0.38182
0.20455 0.40909
0.19091 0.43636
0.16364 0.45909
0.14091 0.48182
0.11364 0.50455
0.11364 0.50455
# triangles
61 71 105
25 26 27
13 14 15
49 54 55
11 12 16
12 15 16
12 13 15
99 100 101
99 101 102
61 68 69
63 64 65
63 65 66
49 50 54
24 25 27
48 49 55
33 34 36
33 36 37
34 35 36
32 33 37
61 105 106
61 106 107
6 43 61
6 19 43
87 88 89
97 98 103
99 102 103
98 99 103
61 70 71
61 69 70
50 53 54
61 67 68
62 63 66
61 62 67
62 66 67
29 30 40
24 27 28
23 24 28
48 55 56
51 52 53
50 51 53
31 32 39
30 31 39
30 39 40
0 5 109
5 108 109
5 107 108
5 61 107
5 6 61
44 45 46
44 58 59
43 44 59
11 16 17
84 85 92
87 89 90
96 97 103
71 104 105
71 72 104
82 94 95
81 82 95
74 80 103
80 96 103
46 56 57
44 46 57
44 57 58
46 47 56
47 48 56
32 37 38
32 38 39
0 1 5
43 60 61
43 59 60
29 40 41
86 87 90
85 91 92
85 86 91
86 90 91
73 74 103
73 103 104
72 73 104
74 77 78
74 78 79
74 79 80
6 7 19
7 8 19
10 18 19
10 11 17
10 17 18
1 4 5
20 41 42
19 20 43
20 42 43
22 23 28
22 28 29
75 76 77
74 75 77
8 9 19
9 10 19
2 3 4
1 2 4
20 21 41
21 29 41
21 22 29
83 84 92
83 92 93
82 83 93
82 93 94
80 95 96
80 81 95
