# points
0.175 0.525
0.16667 0.55556
0.15833 0.58611
0.15278 0.61667
0.14722 0.64444
0.12778 0.66944
0.11111 0.69444
0.083333 0.70556
0.063889 0.68056
0.041667 0.65
0.041667 0.67222
0.027778 0.68333
0.019444 0.68889
0.027778 0.71944
0 0.71944
0.016667 0.74722
0.016667 0.77778
0 0.78889
0.022222 0.81111
0.047222 0.82778
0.069444 0.84167
0.097222 0.82778
0.12222 0.81111
0.12222 0.84167
0.125 0.86944
0.13333 0.89722
0.13333 0.925
0.13056 0.95556
0.12222 0.98611
0.14444 1
0.175 1
0.20556 0.98889
0.23333 0.97222
0.26389 0.96944
0.29444 0.96111
0.325 0.95278
0.35 0.93889
0.375 0.91389
0.40556 0.9
0.43333 0.88333
0.45833 0.85556
0.47222 0.82778
0.5 0.81111
0.525 0.78611
0.55 0.75833
0.56389 0.72778
0.575 0.70278
0.58889 0.67222
0.59722 0.64167
0.6 0.61111
0.61667 0.58333
0.62778 0.55278
0.63056 0.52222
0.62778 0.49167
0.61667 0.46111
0.60833 0.43056
0.61667 0.4
0.61111 0.375
0.60833 0.34444
0.59722 0.31389
0.58333 0.28333
0.59722 0.25556
0.59722 0.22778
0.575 0.21111
0.58889 0.18611
0.60556 0.16667
0.62222 0.13889
0.64722 0.11667
0.66667 0.097222
0.68333 0.069444
0.68889 0.041667
0.67222 0.016667
0.64722 0.0055556
0.61944 0
0.59444 0.0027778
0.56389 0.0083333
0.53611 0.022222
0.50833 0.033333
0.47778 0.041667
0.45278 0.052778
0.43056 0.075
0.41389 0.10556
0.39444 0.12778
0.37778 0.15278
0.36111 0.17778
0.33333 0.19722
0.31111 0.18333
0.28056 0.175
0.25556 0.15278
0.22778 0.13333
0.2 0.12778
0.18333 0.14444
0.18333 0.16667
0.17222 0.18611
0.17778 0.21389
0.20556 0.24167
0.23056 0.26389
0.26111 0.26389
0.25278 0.29167
0.24167 0.32222
0.23056 0.35
0.21944 0.37778
0.20833 0.40833
0.20278 0.43611
0.19167 0.46389
0.18056 0.48889
0.175 0.51944
0.175 0.525
# triangles
35 36 37
0 49 104
0 1 49
13 14 15
68 72 73
16 21 22
37 38 41
47 48 49
1 46 49
46 47 49
50 51 52
49 103 104
0 104 105
4 22 37
4 37 41
65 66 77
69 70 71
69 71 72
68 69 72
66 67 75
60 61 63
61 62 63
55 99 100
64 65 77
64 77 78
63 64 81
19 20 21
16 19 21
22 23 34
22 34 37
34 35 37
26 31 32
1 45 46
60 85 98
60 98 99
87 88 95
88 92 95
78 79 80
64 78 80
64 80 81
0 105 106
38 39 40
38 40 41
66 75 76
66 76 77
67 74 75
68 73 74
67 68 74
59 60 99
55 100 101
55 101 103
16 17 18
16 18 19
25 26 32
25 32 33
27 30 31
26 27 31
27 29 30
27 28 29
1 2 45
88 89 92
89 90 91
89 91 92
63 81 82
63 82 83
4 5 22
5 6 22
6 7 22
7 13 15
7 16 22
7 15 16
55 57 99
57 59 99
57 58 59
55 56 57
49 50 54
49 54 103
54 55 103
52 53 54
50 52 54
101 102 103
24 33 34
24 25 33
23 24 34
2 43 45
41 42 43
43 44 45
3 4 41
3 41 43
2 3 43
87 95 97
95 96 97
86 87 97
85 97 98
85 86 97
60 84 85
60 63 84
63 83 84
7 8 13
92 93 94
92 94 95
8 9 10
11 12 13
8 11 13
8 10 11
