# points
0.015936 0.34661
0.043825 0.35458
0.071713 0.35857
0.099602 0.35857
0.10359 0.38645
0.11952 0.41434
0.14741 0.43426
0.1753 0.44622
0.19522 0.4741
0.21116 0.50199
0.22311 0.52988
0.23904 0.55777
0.26693 0.57371
0.28685 0.59761
0.31474 0.61753
0.34263 0.62948
0.37052 0.64143
0.39841 0.65339
0.42629 0.65737
0.45418 0.66135
0.48207 0.67729
0.50996 0.68526
0.53785 0.68924
0.56574 0.68924
0.59363 0.68127
0.62151 0.67729
0.6494 0.67729
0.67729 0.67331
0.70518 0.66932
0.73307 0.66534
0.76096 0.66534
0.78884 0.65737
0.81673 0.63745
0.84064 0.62151
0.86853 0.60558
0.89641 0.59363
0.9243 0.57769
0.94821 0.55777
0.9761 0.55777
0.98805 0.54183
0.98008 0.51394
0.96414 0.48606
0.94821 0.45817
0.94422 0.43028
0.92829 0.40637
0.94821 0.39841
0.9761 0.39044
0.99602 0.36255
1 0.33466
0.99602 0.30677
0.98008 0.27888
0.96813 0.25896
0.95219 0.25896
0.94422 0.23904
0.92032 0.23108
0.89243 0.23904
0.88048 0.26693
0.88048 0.29482
0.86853 0.31873
0.84064 0.32669
0.81275 0.31474
0.78884 0.2988
0.76096 0.28287
0.73307 0.26295
0.70916 0.24701
0.68127 0.23108
0.65339 0.21116
0.6255 0.1992
0.59761 0.19124
0.56972 0.1753
0.54183 0.16733
0.51394 0.15538
0.48606 0.15538
0.45817 0.14343
0.43028 0.14343
0.43028 0.11952
0.43825 0.091633
0.43028 0.063745
0.41434 0.047809
0.39044 0.031873
0.37849 0.0079681
0.35458 0
0.33068 0.011952
0.31474 0.035857
0.31474 0.063745
0.32271 0.087649
0.32669 0.10757
0.31873 0.13546
0.30677 0.15936
0.28287 0.17928
0.25498 0.18327
0.22709 0.1992
0.1992 0.21912
0.17131 0.21912
0.14343 0.21514
0.11554 0.21514
0.087649 0.20717
0.059761 0.1992
0.031873 0.1992
0.0039841 0.20717
0 0.23506
0 0.26295
0 0.29084
0.0039841 0.31873
0.015936 0.34661
0.015936 0.34661
# triangles
48 49 57
34 42 44
52 53 54
34 44 59
52 56 57
54 55 56
52 54 56
25 62 63
25 63 64
50 51 52
49 50 57
50 52 57
42 43 44
98 99 100
97 98 100
0 1 103
1 102 103
3 92 93
3 7 92
7 91 92
10 11 12
9 10 12
12 14 15
12 13 14
12 15 72
9 12 72
44 58 59
34 35 42
35 36 42
33 59 60
33 34 59
37 38 39
37 39 40
37 40 41
37 41 42
36 37 42
28 61 62
28 29 60
28 60 61
22 23 24
44 45 58
45 47 48
45 46 47
45 48 57
45 57 58
96 101 102
97 100 101
96 97 101
1 2 102
2 96 102
2 3 95
2 95 96
3 94 95
3 93 94
3 4 6
3 6 7
21 22 24
29 30 32
30 31 32
29 32 60
32 33 60
25 27 62
27 28 62
79 82 83
79 83 84
4 5 6
19 21 24
25 26 27
9 72 74
19 24 65
25 64 65
24 25 65
19 20 21
15 16 72
70 71 72
16 70 72
74 87 88
74 88 89
7 8 89
8 9 89
9 74 89
7 89 91
89 90 91
19 65 68
68 69 70
16 18 70
16 17 18
18 19 68
18 68 70
78 79 85
79 84 85
76 77 78
75 76 78
74 86 87
74 75 86
78 85 86
75 78 86
65 67 68
65 66 67
72 73 74
79 80 82
80 81 82
