# points
0.057471 0.36015
0.072797 0.3908
0.091954 0.41762
0.065134 0.43295
0.034483 0.45594
0.011494 0.47893
0 0.50958
0.0038314 0.54023
0.022989 0.56705
0.05364 0.57854
0.084291 0.59004
0.11494 0.58621
0.14559 0.58238
0.17625 0.57471
0.2069 0.56705
0.23755 0.57471
0.2682 0.59004
0.29885 0.6092
0.32567 0.62452
0.35632 0.63602
0.38314 0.64751
0.4023 0.67433
0.42912 0.69349
0.45977 0.70115
0.49042 0.69732
0.52107 0.68582
0.55172 0.70881
0.58238 0.72031
0.61303 0.71648
0.64368 0.70115
0.659 0.67433
0.68582 0.659
0.71648 0.63985
0.73946 0.61686
0.77011 0.5977
0.79693 0.57854
0.81609 0.55172
0.83908 0.52107
0.86973 0.49808
0.89272 0.46743
0.90421 0.43678
0.91188 0.40613
0.9272 0.37548
0.93103 0.34483
0.94636 0.31418
0.95785 0.28352
0.96552 0.25287
0.97701 0.22605
0.95402 0.21456
0.95019 0.1954
0.97701 0.16858
0.99617 0.14176
1 0.11111
0.98467 0.091954
0.96169 0.076628
0.93103 0.068966
0.90038 0.065134
0.87356 0.08046
0.85057 0.076628
0.81992 0.065134
0.78927 0.068966
0.75862 0.068966
0.72797 0.076628
0.70115 0.095785
0.67816 0.11494
0.6705 0.099617
0.67433 0.068966
0.6705 0.038314
0.64368 0.015326
0.61686 0.0076628
0.58621 0.0038314
0.55939 0
0.53257 0.0076628
0.51724 0.030651
0.52107 0.061303
0.53257 0.091954
0.54023 0.12261
0.51724 0.1341
0.48659 0.13793
0.45594 0.14559
0.42529 0.15709
0.39464 0.16858
0.36398 0.18008
0.33333 0.18774
0.30268 0.20307
0.27203 0.21456
0.24138 0.23372
0.21073 0.2567
0.18008 0.26437
0.17625 0.23372
0.19157 0.20307
0.19923 0.17241
0.18391 0.14559
0.15709 0.12644
0.12644 0.12644
0.099617 0.11877
0.076628 0.13027
0.061303 0.15326
0.065134 0.18391
0.05364 0.2069
0.049808 0.23755
0.038314 0.26437
0.038314 0.29502
0.042146 0.32567
0.05364 0.35632
0.057471 0.36015
# triangles
6 7 9
7 8 9
71 72 73
37 40 41
37 64 77
37 41 64
41 43 64
36 37 77
33 36 77
41 42 43
51 52 53
60 61 63
60 63 64
49 60 64
50 54 55
49 50 55
50 53 54
50 51 53
55 56 57
49 55 57
77 79 80
33 34 36
34 35 36
71 73 74
70 71 74
70 74 75
77 78 79
64 76 77
94 95 96
92 93 94
90 92 94
88 89 100
5 6 9
4 5 9
37 38 40
38 39 40
61 62 63
64 65 76
65 75 76
49 58 60
49 57 58
58 59 60
25 31 33
25 33 77
25 77 80
31 32 33
69 70 75
65 69 75
82 83 84
17 82 84
16 17 84
16 86 87
84 85 86
16 84 86
2 87 88
96 97 98
94 96 98
89 90 98
90 94 98
88 100 101
66 67 68
66 68 69
65 66 69
28 29 30
25 30 31
90 91 92
15 16 87
1 2 88
89 99 100
89 98 99
88 102 103
88 101 102
43 44 64
44 45 48
48 49 64
44 48 64
20 80 81
20 25 80
2 14 87
14 15 87
0 1 88
0 103 104
0 88 103
2 3 12
46 47 48
45 46 48
25 26 30
26 27 28
26 28 30
2 12 13
2 13 14
3 11 12
4 9 11
3 4 11
22 23 24
21 22 24
20 24 25
20 21 24
9 10 11
19 81 82
19 20 81
17 19 82
17 18 19
