# points
0.0061162 0.27829
0 0.30275
0 0.33028
0.015291 0.35474
0.042813 0.36086
0.070336 0.37003
0.097859 0.38532
0.12538 0.38532
0.15291 0.38532
0.18043 0.38226
0.20795 0.37615
0.23242 0.37309
0.25688 0.39755
0.2844 0.4159
0.31193 0.43425
0.33945 0.46177
0.36697 0.48624
0.3945 0.50153
0.42202 0.51376
0.44954 0.52905
0.47706 0.53211
0.50459 0.54128
0.53211 0.5474
0.55963 0.55352
0.58716 0.55657
0.61468 0.55657
0.6422 0.55657
0.66972 0.55352
0.69725 0.55046
0.72477 0.54434
0.75229 0.53823
0.77982 0.52905
0.80734 0.51682
0.83486 0.49847
0.85627 0.47706
0.87768 0.45566
0.89908 0.43119
0.91743 0.40673
0.92966 0.3792
0.93884 0.35168
0.95107 0.32416
0.97248 0.29664
0.98777 0.26911
0.96942 0.25076
0.99694 0.23242
1 0.21101
0.97248 0.20795
0.94495 0.20489
0.91743 0.20183
0.91437 0.17431
0.93578 0.14679
0.9633 0.12538
0.98471 0.097859
0.98471 0.070336
0.98165 0.045872
0.95719 0.021407
0.92966 0
0.90826 0.0061162
0.88685 0
0.8685 0.0061162
0.86239 0.027523
0.8685 0.04893
0.87462 0.076453
0.85627 0.097859
0.8318 0.12538
0.81346 0.15291
0.78899 0.14679
0.76147 0.1315
0.73394 0.12844
0.70642 0.12844
0.6789 0.12538
0.65138 0.12232
0.62385 0.12538
0.59633 0.12232
0.56881 0.11927
0.54128 0.11621
0.51376 0.11621
0.48624 0.11621
0.45872 0.11927
0.43119 0.11927
0.40367 0.12232
0.37615 0.12844
0.35168 0.14067
0.32416 0.14373
0.29664 0.14679
0.2844 0.12538
0.28746 0.097859
0.28746 0.070336
0.28746 0.042813
0.27523 0.015291
0.25076 0
0.22324 0
0.19572 0.0030581
0.1682 0.0061162
0.17737 0.033639
0.19878 0.051988
0.20489 0.079511
0.19878 0.10703
0.19266 0.13456
0.19572 0.16208
0.19572 0.1896
0.1682 0.19572
0.14067 0.20183
0.11315 0.21101
0.085627 0.22018
0.061162 0.23547
0.033639 0.25382
0.0091743 0.27523
0.0061162 0.27829
# triangles
0 1 107
18 20 76
24 25 72
27 70 72
22 72 73
18 19 20
14 78 79
14 15 78
30 31 69
31 66 69
90 91 95
36 37 38
41 42 43
40 41 43
36 38 65
36 65 66
53 54 55
53 55 62
50 51 62
51 53 62
51 52 53
29 30 69
29 69 70
25 26 72
26 27 72
70 71 72
66 68 69
66 67 68
50 62 63
23 24 72
22 23 72
21 22 73
21 73 74
20 21 74
18 76 77
18 77 78
17 18 78
15 17 78
15 16 17
20 75 76
20 74 75
5 6 7
5 7 104
1 2 4
2 3 4
1 4 107
13 14 82
13 82 83
14 79 82
79 80 82
80 81 82
12 13 83
11 12 83
87 88 96
88 95 96
91 92 95
4 106 107
4 5 106
7 8 103
7 103 104
31 34 66
32 33 34
31 32 34
38 39 65
49 64 65
49 63 64
49 50 63
44 45 46
43 44 46
43 46 47
27 28 70
28 29 70
89 90 95
88 89 95
85 86 97
86 96 97
86 87 96
92 93 94
92 94 95
5 104 105
5 105 106
85 97 98
85 98 99
35 36 66
34 35 66
40 43 48
43 47 48
48 49 65
39 40 48
39 48 65
55 56 57
55 57 62
57 61 62
10 11 100
9 10 102
8 9 102
8 102 103
84 85 99
84 99 100
11 83 84
11 84 100
57 60 61
10 100 101
10 101 102
58 59 60
57 58 60
