# points
0.053942 0.42739
0.037344 0.46058
0.049793 0.49378
0.070539 0.51452
0.082988 0.53942
0.058091 0.56846
0.041494 0.59751
0.033195 0.62656
0.037344 0.65145
0.012448 0.6805
0 0.70954
0.029046 0.70954
0.058091 0.69295
0.058091 0.72614
0.082988 0.74689
0.11203 0.75104
0.14108 0.76349
0.16183 0.78838
0.19087 0.80913
0.21992 0.82573
0.25311 0.83402
0.28631 0.84232
0.3195 0.85062
0.34855 0.85062
0.38174 0.86307
0.41079 0.85477
0.44398 0.85062
0.47303 0.84647
0.50622 0.83817
0.53942 0.82988
0.57261 0.81743
0.59751 0.79668
0.62656 0.78008
0.6556 0.75104
0.68465 0.72199
0.70954 0.70124
0.73444 0.67635
0.75519 0.65145
0.77178 0.62656
0.78838 0.59751
0.80083 0.56846
0.80913 0.53527
0.81743 0.50207
0.81743 0.46888
0.82158 0.43568
0.83402 0.40249
0.84647 0.36929
0.85062 0.34025
0.85062 0.30705
0.86722 0.28631
0.89627 0.26971
0.92531 0.24481
0.94191 0.21992
0.95851 0.19502
0.97095 0.16183
0.98755 0.13278
1 0.099585
0.99585 0.06639
0.9834 0.041494
0.96266 0.016598
0.93361 0
0.90041 0
0.86722 0.016598
0.83817 0.041494
0.81328 0.062241
0.78838 0.087137
0.75934 0.099585
0.73444 0.13278
0.70954 0.16183
0.67635 0.15768
0.6473 0.17427
0.62241 0.14523
0.60166 0.12448
0.57676 0.095436
0.57261 0.062241
0.57261 0.033195
0.54772 0.020747
0.51867 0.024896
0.49378 0.049793
0.46888 0.070539
0.45228 0.099585
0.46058 0.13278
0.48133 0.15768
0.51037 0.17427
0.51037 0.20747
0.47718 0.21577
0.44398 0.22822
0.41494 0.24481
0.38589 0.26971
0.361 0.29461
0.3361 0.3278
0.30705 0.3527
0.28216 0.37759
0.25311 0.40249
0.22822 0.42324
0.19502 0.43568
0.17012 0.45228
0.16598 0.42324
0.18257 0.39004
0.18257 0.36515
0.16183 0.3527
0.14108 0.37344
0.12033 0.36515
0.095436 0.39419
0.06639 0.41494
0.053942 0.42739
# triangles
21 23 94
16 20 94
20 21 94
21 22 23
16 18 20
16 94 96
4 16 96
6 8 12
4 12 16
12 15 16
12 14 15
12 13 14
58 59 62
74 77 78
84 85 88
85 86 88
86 87 88
29 30 31
23 25 94
25 26 94
23 24 25
16 17 18
18 19 20
94 95 96
96 97 103
0 1 2
6 7 8
4 5 12
5 6 12
8 9 12
9 10 11
9 11 12
96 103 104
79 80 81
79 81 82
54 63 64
54 55 63
55 62 63
55 56 57
55 57 58
55 58 62
59 60 61
59 61 62
44 70 84
43 44 84
43 84 88
72 73 83
73 82 83
73 74 78
73 79 82
73 78 79
28 29 31
28 31 92
43 88 89
97 101 103
97 98 101
3 4 96
3 96 104
0 2 3
0 3 104
47 48 70
48 68 70
74 76 77
74 75 76
68 69 70
65 66 67
28 92 93
26 93 94
39 40 41
38 39 41
34 35 90
35 36 90
36 37 90
37 38 90
38 41 90
43 89 90
41 43 90
101 102 103
52 53 65
53 64 65
53 54 64
50 51 65
51 52 65
70 71 84
71 72 83
71 83 84
48 49 68
49 67 68
49 50 65
49 65 67
44 45 70
45 47 70
45 46 47
26 27 93
27 28 93
99 100 101
98 99 101
31 32 33
31 33 92
34 90 91
33 91 92
33 34 91
41 42 43
