# points
0.063679 0.2783
0.061321 0.3066
0.080189 0.32783
0.10849 0.34434
0.13679 0.35613
0.16509 0.36792
0.16745 0.38915
0.14623 0.41745
0.13443 0.44575
0.11085 0.46698
0.082547 0.48585
0.054245 0.5
0.025943 0.50472
0 0.50943
0.023585 0.52123
0.051887 0.52594
0.080189 0.52123
0.10849 0.51179
0.13679 0.50708
0.16274 0.52123
0.19104 0.52594
0.21698 0.54245
0.24528 0.5566
0.27358 0.56368
0.30189 0.56368
0.33019 0.55896
0.35849 0.55189
0.38679 0.54717
0.41509 0.53774
0.4434 0.5283
0.4717 0.53066
0.49528 0.50943
0.52358 0.49764
0.55189 0.48585
0.58019 0.48585
0.60849 0.45991
0.63679 0.44104
0.66509 0.42689
0.6934 0.41274
0.71934 0.39623
0.74057 0.36792
0.76179 0.33962
0.78066 0.31132
0.80425 0.29009
0.83255 0.2783
0.83726 0.25236
0.85377 0.23585
0.88208 0.23113
0.91038 0.22406
0.93868 0.22642
0.96698 0.22406
0.99528 0.20991
1 0.18632
0.99528 0.15802
0.97406 0.14387
0.94575 0.12972
0.91745 0.12736
0.88915 0.125
0.86321 0.11085
0.83491 0.11085
0.8066 0.11557
0.78066 0.13208
0.77358 0.10377
0.75472 0.087264
0.73821 0.063679
0.74764 0.049528
0.77123 0.033019
0.78066 0.0070755
0.76887 0
0.74764 0.009434
0.7217 0.021226
0.6934 0.028302
0.67453 0.049528
0.67217 0.07783
0.68396 0.10613
0.69104 0.12736
0.66274 0.12972
0.63443 0.13915
0.60613 0.14387
0.57783 0.15094
0.54953 0.15802
0.52123 0.16274
0.49292 0.16981
0.46462 0.17925
0.43632 0.1934
0.40802 0.20755
0.37972 0.2217
0.35142 0.23585
0.32547 0.25236
0.29717 0.27123
0.27358 0.29009
0.24764 0.29953
0.2217 0.29481
0.1934 0.29009
0.16509 0.28066
0.18396 0.25472
0.19811 0.22642
0.1934 0.20519
0.17689 0.21462
0.16274 0.21226
0.14623 0.22406
0.13208 0.22642
0.11321 0.24764
0.096698 0.24057
0.075472 0.26887
0.063679 0.2783
# triangles
52 53 54
2 3 102
37 38 79
35 83 84
22 23 24
6 22 24
6 21 22
0 1 104
1 2 104
2 102 104
102 103 104
37 79 80
5 6 91
5 91 92
32 85 86
36 80 81
36 37 80
6 20 21
8 19 20
11 15 16
8 18 19
8 9 18
9 17 18
98 99 100
95 98 100
95 96 98
96 97 98
94 95 100
94 100 101
94 101 102
3 94 102
12 13 14
12 14 15
11 12 15
9 10 17
10 11 16
10 16 17
50 52 54
49 50 54
50 51 52
38 40 79
36 81 82
35 82 83
35 36 82
28 89 90
27 28 90
31 86 87
31 32 86
31 87 88
33 84 85
32 33 85
33 35 84
25 90 91
6 24 25
6 25 91
6 7 20
7 8 20
3 4 94
5 92 93
4 5 93
4 93 94
49 54 55
38 39 40
66 67 68
40 41 77
41 42 77
46 60 61
29 31 88
29 88 89
28 29 89
33 34 35
26 27 90
25 26 90
46 47 57
64 72 73
64 71 72
46 59 60
46 57 59
57 58 59
64 70 71
40 78 79
40 77 78
42 75 76
42 76 77
45 46 61
29 30 31
48 56 57
47 48 57
48 49 55
48 55 56
61 62 75
62 63 75
64 65 70
66 68 69
65 66 69
65 69 70
64 73 74
63 64 74
63 74 75
43 44 45
43 45 61
42 43 75
43 61 75
