# points
0.2825 0.385
0.265 0.4175
0.24 0.44
0.21 0.465
0.1825 0.49
0.16 0.5175
0.13 0.53
0.1325 0.4975
0.1175 0.4675
0.11 0.4875
0.0975 0.5025
0.085 0.49
0.0725 0.505
0.0575 0.535
0.035 0.5325
0.03 0.565
0.01 0.5975
0 0.6275
0.01 0.66
0.04 0.6775
0.0725 0.6725
0.105 0.6575
0.1375 0.645
0.1425 0.6675
0.1425 0.69
0.11 0.71
0.0775 0.725
0.045 0.745
0.04 0.765
0.0725 0.755
0.105 0.75
0.1375 0.7425
0.17 0.7325
0.2025 0.74
0.235 0.7525
0.2675 0.76
0.3 0.765
0.3325 0.7675
0.365 0.76
0.3975 0.7525
0.43 0.74
0.4625 0.7275
0.495 0.72
0.5275 0.7075
0.56 0.685
0.5925 0.66
0.625 0.6375
0.655 0.6125
0.675 0.58
0.695 0.55
0.7175 0.5175
0.735 0.485
0.75 0.4525
0.7625 0.42
0.77 0.3875
0.78 0.355
0.79 0.3225
0.7875 0.29
0.755 0.2825
0.785 0.2725
0.8175 0.265
0.85 0.2625
0.88 0.25
0.9125 0.24
0.945 0.23
0.9775 0.2175
0.995 0.1875
1 0.155
0.9775 0.1325
0.95 0.13
0.9175 0.125
0.885 0.115
0.8525 0.12
0.82 0.13
0.7875 0.145
0.7575 0.1525
0.725 0.165
0.695 0.145
0.6625 0.15
0.6425 0.1325
0.6375 0.1
0.6475 0.0675
0.665 0.0375
0.6675 0.005
0.6525 0.0125
0.6375 0
0.63 0.0225
0.61 0.0175
0.6 0.0375
0.58 0.04
0.5625 0.065
0.5425 0.0975
0.5425 0.13
0.55 0.1625
0.535 0.19
0.5025 0.2125
0.4725 0.2375
0.44 0.265
0.41 0.295
0.3825 0.3225
0.355 0.355
0.3325 0.3825
0.3175 0.38
0.305 0.375
0.285 0.385
0.2825 0.385
# triangles
66 67 68
5 22 35
22 34 35
24 31 32
17 18 19
17 19 20
24 25 31
46 48 100
2 3 38
2 38 39
44 45 101
45 46 100
45 100 101
1 41 101
88 89 90
22 33 34
24 32 33
5 6 22
4 5 35
3 4 35
27 28 29
25 30 31
46 47 48
3 35 36
3 36 38
36 37 38
1 101 102
42 44 101
41 42 101
42 43 44
1 2 40
1 40 41
2 39 40
86 87 88
84 85 86
49 98 99
48 99 100
48 49 99
78 93 94
58 78 94
58 95 96
58 94 95
54 55 58
54 58 96
23 24 33
22 23 33
26 27 29
26 29 30
25 26 30
0 1 104
1 102 104
102 103 104
58 76 78
76 77 78
62 72 73
82 83 84
82 84 86
79 92 93
78 79 93
55 56 58
56 57 58
62 63 72
52 53 96
53 54 96
51 52 96
51 96 97
7 8 9
6 7 10
7 9 10
16 20 21
15 16 21
16 17 20
60 74 75
80 91 92
79 80 92
80 90 91
80 88 90
61 62 73
61 73 74
60 61 74
63 71 72
63 70 71
63 64 70
50 97 98
50 51 97
49 50 98
6 10 13
13 15 21
13 21 22
6 13 22
59 60 75
58 59 76
59 75 76
81 86 88
80 81 88
81 82 86
64 69 70
66 68 69
65 66 69
64 65 69
13 14 15
10 11 12
10 12 13
