# points
0.27467 0.528
0.25867 0.56533
0.248 0.6
0.22933 0.62933
0.21067 0.65867
0.17867 0.67733
0.14667 0.664
0.11467 0.65067
0.093333 0.62133
0.064 0.62133
0.032 0.64533
0.018667 0.67467
0 0.696
0 0.73067
0.024 0.76267
0.056 0.784
0.093333 0.78133
0.13067 0.77867
0.16 0.79467
0.14667 0.82933
0.152 0.864
0.18133 0.89067
0.20533 0.92267
0.24 0.936
0.272 0.91733
0.30667 0.92
0.344 0.928
0.37333 0.952
0.40533 0.97067
0.44 0.984
0.47733 0.992
0.51467 1
0.54667 0.992
0.584 0.98667
0.61867 0.976
0.656 0.968
0.69333 0.96267
0.728 0.94933
0.75733 0.93067
0.784 0.89867
0.808 0.872
0.84267 0.848
0.87467 0.82133
0.896 0.792
0.912 0.75733
0.93067 0.72
0.952 0.68533
0.968 0.65067
0.976 0.616
0.976 0.58133
0.98133 0.544
0.984 0.50667
0.984 0.46933
0.984 0.432
0.98667 0.39467
0.992 0.35733
0.98667 0.32
0.98133 0.28533
0.97067 0.25067
0.968 0.22133
0.95733 0.184
0.976 0.15467
0.98933 0.11733
0.984 0.085333
0.97333 0.048
0.94667 0.024
0.91467 0.013333
0.88 0.021333
0.84533 0.026667
0.808 0
0.776 0.0053333
0.75467 0.026667
0.72533 0.037333
0.70933 0.053333
0.712 0.082667
0.70133 0.10667
0.736 0.11733
0.77067 0.12533
0.77867 0.152
0.75467 0.168
0.71733 0.17333
0.68267 0.184
0.64533 0.19733
0.61333 0.18933
0.58667 0.176
0.552 0.16533
0.52267 0.17333
0.488 0.176
0.45067 0.18133
0.41333 0.176
0.376 0.18667
0.34133 0.208
0.33333 0.23733
0.304 0.26667
0.32267 0.29867
0.344 0.31467
0.38133 0.31467
0.41867 0.30667
0.456 0.304
0.488 0.30933
0.45067 0.336
0.416 0.352
0.38133 0.38133
0.352 0.41067
0.33333 0.44
0.312 0.46933
0.29067 0.50133
0.27467 0.528
# triangles
2 3 26
11 12 13
2 26 34
45 99 100
60 68 78
54 80 81
68 77 78
3 4 26
92 93 94
92 94 95
7 8 9
7 10 11
7 9 10
41 42 43
82 83 99
52 82 99
84 86 99
83 84 99
45 49 99
61 62 63
63 64 65
59 60 78
86 87 99
90 91 92
90 92 97
54 55 56
56 57 79
54 79 80
54 56 79
26 27 29
27 28 29
11 13 14
4 25 26
4 18 25
18 24 25
22 23 24
18 21 24
21 22 24
4 5 18
34 40 105
44 45 100
40 44 100
40 41 44
41 43 44
34 35 40
52 53 82
53 54 81
53 81 82
84 85 86
68 71 77
49 50 99
65 66 67
63 65 67
61 63 67
60 61 67
60 67 68
88 89 97
89 90 97
88 97 98
87 98 99
87 88 98
92 95 96
92 96 97
57 58 79
58 59 78
58 78 79
6 7 16
7 11 16
11 14 16
26 32 34
32 33 34
100 102 104
40 100 104
40 104 105
34 105 106
35 39 40
37 38 39
36 37 39
35 36 39
74 75 76
71 76 77
71 74 76
72 73 74
71 72 74
51 52 99
50 51 99
47 48 49
45 46 49
46 47 49
100 101 102
18 19 21
19 20 21
14 15 16
26 29 30
26 30 32
30 31 32
102 103 104
1 2 34
1 34 106
5 17 18
5 6 17
6 16 17
0 1 106
68 69 71
69 70 71
