# points
0.033557 0.34452
0.033557 0.37584
0.042506 0.40268
0.069351 0.41163
0.09396 0.434
0.11857 0.45861
0.12528 0.48993
0.13423 0.52125
0.15213 0.55257
0.1745 0.58166
0.19911 0.60626
0.23043 0.6264
0.26174 0.63982
0.29306 0.65324
0.32215 0.67338
0.35347 0.68233
0.38479 0.6868
0.41611 0.68009
0.44743 0.67785
0.47875 0.67785
0.51007 0.68233
0.54139 0.67338
0.57271 0.66443
0.60403 0.64653
0.63535 0.63535
0.66667 0.61969
0.69575 0.60403
0.7226 0.57494
0.74944 0.54586
0.77629 0.51902
0.79642 0.49217
0.82327 0.46532
0.84564 0.43848
0.86577 0.40716
0.88591 0.37584
0.89709 0.34899
0.91499 0.31991
0.93736 0.30872
0.96868 0.29083
0.98658 0.25951
1 0.22819
0.99105 0.19687
0.96421 0.17226
0.93289 0.16331
0.92841 0.15213
0.9217 0.12081
0.89933 0.10962
0.87472 0.10962
0.84787 0.09396
0.8255 0.098434
0.81208 0.11857
0.79195 0.12528
0.80984 0.15436
0.82998 0.18121
0.80761 0.20134
0.77852 0.18345
0.7472 0.17226
0.71588 0.15884
0.69575 0.13647
0.68233 0.10962
0.66219 0.082774
0.63758 0.069351
0.61074 0.051454
0.58613 0.035794
0.56376 0.013423
0.53468 0.0044743
0.50336 0
0.47875 0.011186
0.44743 0.01566
0.44295 0.04698
0.4519 0.071588
0.48322 0.09396
0.51454 0.11186
0.54362 0.13423
0.5302 0.14094
0.49888 0.13647
0.46756 0.13199
0.43624 0.13199
0.40492 0.13423
0.3736 0.14318
0.34228 0.15213
0.31096 0.16107
0.27964 0.1745
0.24832 0.19016
0.21924 0.20582
0.18792 0.21253
0.1566 0.21477
0.13423 0.18792
0.12304 0.1566
0.12304 0.12528
0.098434 0.11186
0.069351 0.11186
0.042506 0.12304
0.017897 0.13423
0 0.16331
0.0022371 0.19463
0.017897 0.22148
0.04698 0.24161
0.073826 0.26398
0.058166 0.28412
0.03132 0.30872
0.033557 0.34004
0.033557 0.34452
# triangles
13 14 15
12 13 83
5 12 83
92 93 94
13 82 83
18 79 80
13 80 82
23 24 74
19 23 74
5 6 12
92 94 95
67 68 69
67 69 70
66 67 71
67 70 71
13 17 80
17 18 80
15 16 17
13 15 17
80 81 82
60 61 73
27 28 74
24 27 74
24 25 27
19 20 21
19 21 23
9 11 12
6 9 12
9 10 11
5 83 84
3 4 98
4 86 98
1 2 3
3 98 99
86 87 98
87 97 98
92 95 96
65 66 71
19 74 75
18 19 75
18 75 79
62 63 73
61 62 73
30 31 56
39 40 41
39 41 42
25 26 27
21 22 23
5 84 85
4 5 85
4 85 86
0 1 3
0 3 99
0 99 101
87 88 97
88 92 96
88 96 97
88 91 92
88 90 91
88 89 90
99 100 101
77 78 79
75 77 79
75 76 77
65 71 72
63 72 73
59 60 73
58 59 73
30 57 74
30 56 57
57 73 74
57 58 73
31 32 56
28 29 74
29 30 74
34 35 54
33 34 54
32 54 56
32 33 54
35 36 54
36 53 54
6 8 9
6 7 8
63 64 72
64 65 72
44 47 53
44 45 46
44 46 47
37 38 39
36 37 53
47 52 53
43 44 53
37 43 53
39 42 43
37 39 43
50 51 52
47 50 52
48 49 50
47 48 50
54 55 56
