# points
0.25691 0.48343
0.24586 0.51657
0.23204 0.54972
0.22099 0.58011
0.20994 0.60773
0.1989 0.63812
0.19337 0.66851
0.18232 0.69613
0.1547 0.70718
0.12431 0.72652
0.093923 0.74309
0.085635 0.71271
0.085635 0.67956
0.071823 0.65193
0.063536 0.67127
0.035912 0.66851
0.041436 0.6989
0.019337 0.70166
0.019337 0.73481
0.0082873 0.74862
0 0.77348
0.0027624 0.80663
0.0082873 0.83702
0.038674 0.8453
0.069061 0.8453
0.10221 0.83702
0.1326 0.82597
0.16575 0.81768
0.1768 0.83978
0.1768 0.87293
0.18508 0.90608
0.18232 0.93646
0.17403 0.96685
0.16851 1
0.20166 0.98619
0.23204 0.96409
0.26519 0.96133
0.29834 0.95028
0.33149 0.94199
0.36464 0.93094
0.39779 0.91989
0.43094 0.90884
0.46409 0.8895
0.49724 0.87017
0.52762 0.83702
0.55525 0.81215
0.58564 0.77901
0.6105 0.74586
0.62983 0.71271
0.64365 0.67956
0.66298 0.64641
0.67956 0.61326
0.69337 0.58011
0.70442 0.54696
0.70718 0.51381
0.70718 0.48066
0.70718 0.44751
0.70718 0.41436
0.70442 0.38122
0.69061 0.34807
0.6768 0.31492
0.67127 0.28177
0.67956 0.25138
0.68232 0.22099
0.66851 0.19613
0.69061 0.16575
0.71271 0.13812
0.74033 0.11326
0.76519 0.088398
0.78177 0.066298
0.78177 0.035912
0.75138 0.013812
0.72376 0
0.69337 0.016575
0.66298 0.024862
0.63536 0.046961
0.60497 0.058011
0.57459 0.074586
0.54972 0.096685
0.54144 0.12707
0.5221 0.13536
0.48895 0.12431
0.46133 0.11602
0.4337 0.11602
0.44475 0.085635
0.45028 0.052486
0.4337 0.041436
0.4116 0.035912
0.40608 0.069061
0.38674 0.099448
0.37017 0.12983
0.37845 0.16022
0.40331 0.18508
0.43646 0.19337
0.43923 0.21271
0.41713 0.24309
0.39227 0.27624
0.37569 0.3011
0.35359 0.32873
0.32873 0.35635
0.30939 0.38398
0.29282 0.41436
0.27624 0.44475
0.26243 0.47514
0.25691 0.48343
# triangles
69 70 71
21 22 23
21 23 24
2 46 47
2 47 48
71 72 73
67 73 74
65 75 76
1 2 48
28 29 37
29 30 37
30 31 35
6 40 42
42 43 44
6 42 44
28 37 38
28 38 39
6 7 40
7 39 40
7 28 39
65 76 77
4 5 6
4 6 44
68 69 71
68 71 73
67 68 73
60 96 97
59 60 97
65 66 75
66 67 74
66 74 75
55 56 98
56 97 98
50 101 102
50 51 101
7 27 28
10 11 18
10 24 25
10 20 21
10 21 24
4 44 45
1 48 49
32 33 34
31 34 35
31 32 34
30 36 37
30 35 36
40 41 42
86 87 88
85 86 88
10 19 20
10 18 19
11 16 18
60 95 96
60 61 95
61 94 95
57 59 97
56 57 97
51 52 101
8 9 27
7 8 27
9 26 27
9 10 26
10 25 26
1 49 103
50 102 103
49 50 103
2 3 46
3 45 46
3 4 45
16 17 18
83 89 90
83 88 89
81 82 93
82 83 93
83 92 93
61 80 94
80 93 94
80 81 93
57 58 59
55 98 99
55 99 100
54 100 101
52 54 101
54 55 100
52 53 54
0 1 103
14 15 16
12 13 14
11 14 16
11 12 14
83 90 91
83 91 92
84 85 88
83 84 88
61 64 80
64 65 77
64 79 80
77 78 79
64 77 79
61 62 64
62 63 64
