# points
0.12128 0.45767
0.11899 0.4897
0.12128 0.52174
0.12128 0.55149
0.11213 0.56522
0.09611 0.56522
0.086957 0.58581
0.093822 0.61556
0.089245 0.6476
0.084668 0.67735
0.080092 0.70938
0.08238 0.73913
0.075515 0.76888
0.061785 0.7643
0.036613 0.74371
0.01373 0.74828
0.020595 0.77117
0.018307 0.78032
0.0045767 0.78719
0.018307 0.81693
0 0.83066
0.016018 0.86041
0.020595 0.89245
0.032037 0.92449
0.059497 0.93822
0.086957 0.93593
0.10755 0.91304
0.12357 0.88558
0.13501 0.86041
0.15332 0.8627
0.16934 0.8833
0.16018 0.91304
0.14645 0.94279
0.13272 0.97483
0.13501 1
0.15789 0.97025
0.18078 0.94508
0.19908 0.91762
0.21968 0.89016
0.24714 0.87872
0.27918 0.86957
0.30892 0.84897
0.33867 0.83295
0.36384 0.80549
0.38215 0.78032
0.39817 0.75057
0.41419 0.72311
0.43478 0.69565
0.44851 0.6659
0.45767 0.63387
0.46682 0.60183
0.47368 0.57208
0.48055 0.54005
0.48284 0.50801
0.47597 0.47597
0.4714 0.44394
0.4714 0.4119
0.46224 0.38215
0.45309 0.35011
0.43936 0.31808
0.42334 0.28833
0.41648 0.26087
0.40046 0.23341
0.37529 0.22654
0.36384 0.22654
0.38215 0.20137
0.40503 0.18078
0.42105 0.15332
0.43707 0.12357
0.45767 0.093822
0.47368 0.061785
0.4714 0.029748
0.45767 0.0045767
0.42792 0
0.40503 0.01373
0.37529 0.032037
0.34325 0.048055
0.32037 0.080092
0.30435 0.10984
0.28604 0.14188
0.27002 0.16705
0.24256 0.1762
0.21739 0.19451
0.18993 0.1968
0.16705 0.1762
0.15332 0.14645
0.15103 0.1167
0.13043 0.091533
0.13043 0.10984
0.10755 0.10984
0.11899 0.13501
0.091533 0.13959
0.10755 0.16934
0.091533 0.1762
0.093822 0.20824
0.10526 0.23799
0.12815 0.26316
0.15332 0.28146
0.14645 0.3135
0.1373 0.34554
0.13272 0.37757
0.12586 0.40961
0.12357 0.44165
0.12128 0.45767
# triangles
71 72 73
41 42 43
84 94 95
46 47 48
3 46 48
2 3 51
57 58 100
61 62 63
68 69 75
68 75 76
64 97 98
60 64 98
61 63 64
60 61 64
64 82 97
22 23 24
22 24 26
19 20 21
19 21 28
3 48 49
3 7 46
7 45 46
7 8 45
9 41 43
8 9 45
52 53 54
2 51 54
51 52 54
55 57 102
55 56 57
58 59 100
60 98 99
59 99 100
59 60 99
68 76 77
67 68 77
64 79 80
82 83 97
83 96 97
83 84 95
83 95 96
64 80 81
64 81 82
29 39 41
29 38 39
24 25 26
29 30 38
32 35 36
31 32 36
21 27 28
22 26 27
21 22 27
84 85 92
84 92 94
92 93 94
3 50 51
3 49 50
9 43 44
9 44 45
11 29 41
9 11 41
57 100 101
57 101 102
0 54 55
0 55 102
69 74 75
69 70 74
71 73 74
70 71 74
64 65 79
66 67 78
67 77 78
65 66 78
65 78 79
86 87 88
33 34 35
32 33 35
31 36 37
30 37 38
30 31 37
39 40 41
90 91 92
85 90 92
88 89 90
85 86 90
86 88 90
3 4 7
4 6 7
4 5 6
12 28 29
11 12 29
12 19 28
1 2 54
0 1 54
12 13 19
9 10 11
14 15 16
13 14 16
17 18 19
13 17 19
13 16 17
