# points
0.012048 0.22651
0.016867 0.24819
0.031325 0.26747
0.053012 0.26506
0.074699 0.26265
0.096386 0.25542
0.11807 0.2506
0.13976 0.24337
0.16145 0.24337
0.18313 0.2506
0.2 0.27229
0.21687 0.29398
0.23373 0.31566
0.25542 0.33253
0.27711 0.34458
0.2988 0.35904
0.32048 0.37108
0.34217 0.38072
0.36386 0.39277
0.38554 0.40482
0.40723 0.41205
0.42892 0.42169
0.4506 0.43133
0.47229 0.43855
0.49398 0.44337
0.51566 0.44337
0.53735 0.44337
0.55904 0.44337
0.58072 0.43855
0.60241 0.43133
0.6241 0.42169
0.64578 0.41446
0.66747 0.40723
0.68916 0.39759
0.71084 0.39036
0.73253 0.38072
0.75422 0.36867
0.7759 0.36386
0.79759 0.35181
0.81928 0.33976
0.84096 0.3253
0.86024 0.30361
0.88193 0.28434
0.90361 0.26988
0.9253 0.26506
0.94699 0.26024
0.96867 0.2506
0.98795 0.23855
1 0.21687
0.99759 0.19518
0.97831 0.17349
0.95663 0.15181
0.94217 0.13012
0.92048 0.11325
0.8988 0.11084
0.87711 0.10602
0.85542 0.098795
0.83614 0.081928
0.8241 0.060241
0.80482 0.055422
0.78313 0.045783
0.76145 0.048193
0.73976 0.040964
0.71807 0.021687
0.69639 0.016867
0.6747 0.0072289
0.65301 0.0072289
0.63133 0
0.60964 0
0.58795 0
0.56627 0
0.54458 0
0.5253 0.0072289
0.50361 0.012048
0.48193 0.016867
0.46024 0.016867
0.43855 0.021687
0.41687 0.024096
0.39518 0.028916
0.37349 0.031325
0.35181 0.036145
0.33012 0.040964
0.30843 0.050602
0.28675 0.060241
0.26506 0.072289
0.24337 0.089157
0.22651 0.11084
0.20723 0.13253
0.18554 0.14699
0.16386 0.14699
0.14217 0.13735
0.12048 0.12771
0.098795 0.11807
0.077108 0.10843
0.055422 0.10361
0.033735 0.10843
0.024096 0.13012
0.0072289 0.15181
0 0.17108
0.0048193 0.19277
0.0072289 0.21446
0.012048 0.22651
# triangles
30 31 72
97 98 99
47 48 49
47 49 50
25 26 74
26 30 74
30 73 74
30 72 73
11 13 14
23 24 25
21 25 74
20 21 74
20 74 76
26 29 30
46 47 50
36 37 38
36 38 61
11 12 13
96 97 99
92 96 99
92 93 96
93 94 96
94 95 96
22 23 25
21 22 25
14 15 82
15 80 82
80 81 82
14 82 83
74 75 76
15 16 80
16 17 78
36 61 62
32 33 69
31 69 72
31 32 69
26 27 28
26 28 29
45 50 51
45 46 50
1 2 3
5 92 99
9 87 88
9 10 87
10 11 87
5 91 92
7 89 90
16 78 79
16 79 80
42 43 55
35 36 62
62 63 64
33 66 69
64 65 66
33 62 66
62 64 66
41 42 56
41 56 57
42 55 56
39 57 61
39 41 57
38 39 61
39 40 41
43 44 51
44 45 51
0 1 3
0 99 100
0 5 99
7 8 89
8 9 88
8 88 89
11 86 87
11 14 86
84 85 86
14 83 86
83 84 86
5 6 91
6 7 90
6 90 91
69 70 72
70 71 72
18 19 20
18 20 76
18 76 77
17 18 78
18 77 78
57 59 61
57 58 59
43 51 54
43 54 55
51 52 54
52 53 54
33 34 62
34 35 62
66 67 68
66 68 69
0 3 4
0 4 5
59 60 61
