# points
0 0.25721
0 0.27885
0 0.30048
0.0048077 0.32212
0.0096154 0.34375
0.016827 0.36538
0.024038 0.38462
0.038462 0.40144
0.057692 0.39663
0.076923 0.38702
0.09375 0.3774
0.11298 0.36779
0.13221 0.35817
0.15385 0.34375
0.17308 0.33173
0.19471 0.32452
0.21635 0.32212
0.23798 0.31731
0.25 0.33894
0.25962 0.36058
0.27885 0.38221
0.30048 0.40144
0.32212 0.41827
0.34135 0.4375
0.36298 0.45673
0.3774 0.47356
0.39904 0.48558
0.42067 0.4976
0.44231 0.5
0.46394 0.50481
0.48558 0.50721
0.50721 0.50721
0.52885 0.50721
0.55048 0.50721
0.57212 0.50721
0.59375 0.50481
0.61538 0.5024
0.63702 0.4976
0.65625 0.49279
0.67548 0.48798
0.69712 0.48077
0.71875 0.47115
0.74038 0.46394
0.75962 0.45433
0.78125 0.44712
0.80288 0.4351
0.82452 0.42548
0.84375 0.41346
0.86298 0.40144
0.88221 0.38462
0.89663 0.36779
0.91346 0.34615
0.92788 0.32692
0.94231 0.30769
0.96394 0.29327
0.98558 0.27885
1 0.25962
0.9976 0.23798
0.98077 0.22356
0.95913 0.20673
0.9399 0.19471
0.92308 0.1851
0.90144 0.17308
0.87981 0.16587
0.86058 0.15625
0.83894 0.14183
0.81731 0.13221
0.79567 0.11779
0.77885 0.10096
0.75721 0.086538
0.73798 0.09375
0.71875 0.081731
0.69952 0.074519
0.67788 0.064904
0.65865 0.055288
0.63942 0.045673
0.61779 0.038462
0.59615 0.03125
0.57452 0.016827
0.55288 0.0072115
0.53365 0
0.51202 0
0.49038 0
0.47115 0.0048077
0.44952 0.012019
0.42788 0.024038
0.40625 0.040865
0.38462 0.057692
0.36298 0.076923
0.34135 0.096154
0.32452 0.11058
0.30769 0.13221
0.28846 0.15385
0.27404 0.17548
0.25962 0.19712
0.24519 0.21875
0.22356 0.23077
0.20192 0.23077
0.18029 0.22837
0.16106 0.22356
0.13942 0.22115
0.11779 0.21635
0.096154 0.21394
0.074519 0.20673
0.052885 0.20433
0.03125 0.19952
0.0096154 0.20913
0.0072115 0.23077
0.0048077 0.2524
0 0.25721
# triangles
105 106 107
6 7 8
5 6 8
21 93 94
77 87 88
56 57 58
104 105 107
104 107 108
103 104 108
0 1 108
33 34 35
29 30 31
21 22 93
89 90 91
31 88 89
23 31 89
22 89 91
22 23 89
1 2 102
102 103 108
1 102 108
16 96 97
20 21 94
18 20 94
83 84 85
77 78 83
77 83 85
55 56 58
43 67 70
77 86 87
77 85 86
32 76 77
32 33 76
31 32 88
32 77 88
41 43 70
70 71 72
41 70 72
38 39 72
38 72 73
74 75 76
33 74 76
35 73 74
33 35 74
37 38 73
35 36 37
35 37 73
23 24 31
24 25 26
26 27 28
24 26 28
28 29 31
24 28 31
14 99 100
15 16 97
22 91 92
22 92 93
18 94 95
16 17 96
17 18 95
17 95 96
18 19 20
2 3 11
2 11 102
81 82 83
78 81 83
68 69 70
67 68 70
43 44 45
39 40 72
40 41 72
15 97 98
14 98 99
14 15 98
5 8 9
4 5 9
12 101 102
11 12 102
79 80 81
78 79 81
47 48 49
53 54 59
54 58 59
54 55 58
52 53 63
51 52 63
41 42 43
4 9 10
3 4 10
3 10 11
13 14 100
13 100 101
12 13 101
50 51 64
51 63 64
49 50 64
47 49 64
53 59 60
53 60 61
53 62 63
53 61 62
47 64 66
46 47 66
45 46 66
43 66 67
43 45 66
64 65 66
