# points
0.0096386 0.26747
0.0072289 0.28916
0.016867 0.31084
0.038554 0.33012
0.060241 0.32771
0.081928 0.32048
0.10361 0.31566
0.1253 0.31325
0.14699 0.30843
0.16867 0.3012
0.19036 0.2988
0.21205 0.30361
0.21446 0.3253
0.21928 0.34699
0.22651 0.36867
0.23614 0.39036
0.24578 0.41205
0.26265 0.43373
0.28193 0.45542
0.30361 0.47711
0.3253 0.49398
0.34699 0.50843
0.36867 0.52048
0.38795 0.53494
0.40964 0.53494
0.43133 0.52771
0.45301 0.52771
0.4747 0.53012
0.49639 0.53012
0.51807 0.53494
0.53976 0.53494
0.56145 0.53494
0.58313 0.52771
0.60482 0.5253
0.62651 0.51807
0.64819 0.51807
0.66988 0.51084
0.69157 0.49639
0.71325 0.48434
0.73494 0.46988
0.75663 0.45542
0.77831 0.44096
0.8 0.42651
0.82169 0.41205
0.84337 0.4
0.86506 0.38072
0.88675 0.36627
0.90361 0.34458
0.91325 0.32289
0.93253 0.30361
0.95422 0.28434
0.9759 0.26988
0.99036 0.24819
0.99759 0.22892
1 0.21205
0.97831 0.19036
0.95663 0.17349
0.93494 0.15904
0.91325 0.1494
0.89157 0.14458
0.86988 0.13976
0.84819 0.13012
0.82651 0.11807
0.80482 0.10602
0.78313 0.096386
0.76627 0.074699
0.74458 0.057831
0.72289 0.053012
0.7012 0.050602
0.67952 0.043373
0.65783 0.036145
0.63614 0.031325
0.61446 0.028916
0.59277 0.021687
0.57108 0.016867
0.5494 0.014458
0.52771 0.0096386
0.50602 0.0072289
0.48434 0.0072289
0.46265 0.0048193
0.44096 0.0048193
0.41928 0
0.39759 0.0048193
0.3759 0.0048193
0.35422 0.0096386
0.33253 0.016867
0.31325 0.033735
0.29157 0.053012
0.27229 0.074699
0.25301 0.093976
0.24337 0.11566
0.2241 0.13735
0.21446 0.15904
0.21446 0.18072
0.19518 0.19036
0.17349 0.18554
0.15181 0.1759
0.13012 0.16627
0.10843 0.15422
0.086747 0.15181
0.06506 0.14458
0.043373 0.13976
0.024096 0.15904
0.0072289 0.18072
0 0.20241
0 0.2241
0.0024096 0.24578
0.0096386 0.26747
0.0096386 0.26747
# triangles
0 1 2
22 23 24
53 54 55
52 53 55
50 55 56
28 72 75
26 28 75
20 21 25
21 22 25
22 24 25
26 27 28
18 25 26
2 3 4
0 2 4
40 68 69
28 32 72
32 34 72
39 69 72
39 40 69
51 52 55
50 51 55
99 102 103
99 103 104
99 104 105
99 105 106
0 99 106
84 85 86
82 83 84
82 84 86
82 86 87
82 87 88
45 48 61
64 67 68
40 41 64
40 64 68
11 14 15
11 15 26
15 18 26
11 93 94
15 16 17
15 17 18
19 20 25
18 19 25
28 29 30
28 30 32
38 39 72
11 26 78
75 76 78
26 75 78
69 70 72
90 91 93
91 92 93
88 89 90
50 56 57
50 57 58
65 66 67
64 65 67
45 46 47
45 47 48
48 60 61
43 44 45
42 43 64
41 42 64
0 5 6
0 4 5
7 8 96
9 94 95
8 95 96
8 9 95
10 11 94
9 10 94
11 13 14
11 12 13
30 31 32
80 81 82
80 82 88
80 88 90
80 90 93
11 80 93
11 78 80
76 77 78
7 96 97
6 7 97
97 98 99
0 6 97
0 97 99
100 101 102
99 100 102
43 63 64
32 33 34
34 36 37
34 37 72
37 38 72
34 35 36
78 79 80
72 73 75
73 74 75
48 49 60
49 59 60
49 50 58
49 58 59
43 62 63
43 45 62
45 61 62
70 71 72
