# points
0 0.22115
0.0072115 0.24279
0.021635 0.26442
0.043269 0.27163
0.064904 0.27163
0.086538 0.26923
0.10817 0.26442
0.12981 0.26202
0.15144 0.25721
0.17308 0.25481
0.19471 0.25
0.21635 0.24519
0.23798 0.24279
0.25962 0.24519
0.28125 0.25721
0.30288 0.27404
0.32452 0.29567
0.33413 0.31731
0.33894 0.33894
0.36058 0.35817
0.38221 0.375
0.40385 0.38702
0.42548 0.40385
0.44712 0.41346
0.46875 0.42788
0.49038 0.43269
0.51202 0.4351
0.53365 0.4351
0.55529 0.4351
0.57692 0.43269
0.59856 0.43269
0.62019 0.42788
0.64183 0.42308
0.66346 0.42308
0.6851 0.42308
0.70673 0.42308
0.72837 0.42308
0.75 0.41827
0.77163 0.41346
0.79327 0.40385
0.8149 0.39663
0.83654 0.38462
0.85817 0.37019
0.87981 0.35337
0.89904 0.33413
0.91346 0.3125
0.9351 0.29087
0.95673 0.27644
0.97837 0.26202
0.99279 0.24038
1 0.22115
0.98798 0.20192
0.96635 0.1875
0.94471 0.17308
0.92308 0.16346
0.90144 0.15385
0.87981 0.14183
0.86058 0.1226
0.84856 0.10096
0.83894 0.084135
0.81731 0.09375
0.79567 0.091346
0.78606 0.069712
0.77644 0.048077
0.75481 0.03125
0.73317 0.021635
0.71154 0.014423
0.6899 0.0072115
0.67067 0
0.64904 0
0.6274 0.0024038
0.60577 0
0.58413 0
0.5625 0
0.54087 0
0.52163 0.0096154
0.5 0.024038
0.47837 0.038462
0.45673 0.055288
0.4351 0.067308
0.41346 0.072115
0.39183 0.079327
0.37019 0.084135
0.34856 0.09375
0.32692 0.11298
0.30769 0.12981
0.29087 0.14904
0.27163 0.17067
0.25 0.17788
0.22837 0.17067
0.20673 0.16587
0.1851 0.16106
0.16346 0.15625
0.14183 0.15144
0.12019 0.14663
0.098558 0.14183
0.076923 0.13942
0.055288 0.13462
0.033654 0.14183
0.016827 0.15865
0.0024038 0.18029
0 0.20192
0 0.22115
# triangles
99 100 101
49 50 51
0 4 101
16 21 79
21 23 79
39 40 41
32 61 70
39 41 61
0 1 4
32 77 78
32 70 77
21 22 23
16 17 21
17 18 19
16 79 80
23 25 26
23 24 25
1 2 3
1 3 4
17 20 21
17 19 20
49 51 52
48 49 52
47 48 52
47 52 53
58 59 60
57 60 61
57 58 60
43 45 56
56 57 61
46 53 54
46 47 53
32 33 61
37 39 61
35 37 61
37 38 39
27 78 79
27 29 78
27 28 29
23 27 79
23 26 27
62 63 64
61 62 66
72 76 77
70 71 77
71 72 77
16 80 81
16 81 84
81 82 84
67 69 70
61 67 70
61 66 67
67 68 69
15 16 84
82 83 84
96 98 99
96 97 98
5 95 96
4 5 96
96 99 101
4 96 101
43 44 45
42 43 56
41 42 61
42 56 61
45 46 55
45 55 56
46 54 55
29 30 31
31 32 78
29 31 78
34 35 61
33 34 61
35 36 37
62 64 65
62 65 66
72 73 76
5 6 95
6 7 94
6 94 95
15 84 85
15 85 86
73 74 75
73 75 76
9 10 91
13 87 88
7 8 93
7 93 94
8 92 93
8 9 92
9 91 92
13 14 87
14 15 86
14 86 87
11 89 90
10 90 91
10 11 90
12 13 88
12 88 89
11 12 89
