# points
0 0.22596
0.012019 0.24279
0.021635 0.26202
0.036058 0.28125
0.055288 0.29327
0.074519 0.28606
0.09375 0.27885
0.11298 0.28125
0.13221 0.28125
0.15144 0.27885
0.17067 0.27163
0.1899 0.26442
0.20913 0.25962
0.22837 0.25962
0.2476 0.27644
0.26442 0.29567
0.27885 0.3125
0.29808 0.32933
0.3149 0.34856
0.33173 0.36058
0.35096 0.36538
0.36779 0.38221
0.38702 0.38942
0.40625 0.40385
0.42548 0.41827
0.44471 0.43029
0.46394 0.43269
0.48317 0.43269
0.49519 0.44952
0.51442 0.44952
0.53365 0.44952
0.55288 0.44952
0.57212 0.44952
0.58894 0.44231
0.60817 0.4351
0.6274 0.4375
0.64663 0.4351
0.66587 0.42788
0.6851 0.42067
0.70433 0.42067
0.72356 0.41346
0.74279 0.40865
0.76202 0.40144
0.78125 0.39183
0.80048 0.38462
0.81971 0.375
0.83894 0.36779
0.85817 0.35817
0.875 0.33894
0.89423 0.31971
0.90865 0.30048
0.92548 0.28125
0.94471 0.27163
0.96394 0.26923
0.98317 0.26202
0.9976 0.24519
1 0.22596
0.98558 0.20913
0.96635 0.19471
0.94712 0.18269
0.92788 0.17067
0.90865 0.15625
0.89183 0.13942
0.875 0.1226
0.86058 0.10337
0.84375 0.086538
0.82452 0.079327
0.80529 0.074519
0.78606 0.072115
0.76683 0.055288
0.7476 0.045673
0.72837 0.038462
0.70913 0.03125
0.6899 0.024038
0.67067 0.019231
0.65144 0.014423
0.63221 0.0096154
0.61298 0.0072115
0.59375 0.0072115
0.57452 0.0048077
0.55529 0
0.53606 0.0048077
0.51683 0.0048077
0.4976 0.016827
0.47837 0.028846
0.45913 0.03125
0.4399 0.036058
0.42067 0.043269
0.40144 0.057692
0.38221 0.067308
0.36298 0.072115
0.34375 0.081731
0.32452 0.096154
0.30529 0.11298
0.28606 0.1274
0.26683 0.14423
0.25 0.16346
0.23077 0.16827
0.21154 0.16346
0.19231 0.15865
0.17308 0.14904
0.15385 0.13942
0.13462 0.13462
0.11538 0.13462
0.096154 0.13462
0.076923 0.12981
0.057692 0.1274
0.038462 0.13462
0.024038 0.15144
0.014423 0.17067
0 0.1875
0 0.20673
0 0.22596
0 0.22596
# triangles
55 56 57
54 55 57
15 94 95
22 88 89
20 22 89
15 95 96
14 15 96
34 37 38
27 33 34
109 110 111
38 68 71
17 20 93
12 98 99
12 97 98
11 12 99
12 13 97
13 96 97
13 14 96
34 36 37
81 82 83
76 77 78
27 34 84
34 78 84
81 83 84
22 84 88
22 27 84
22 23 27
23 24 27
1 109 111
0 1 111
53 54 57
53 57 58
52 53 58
16 93 94
16 17 93
15 16 94
89 90 91
105 108 109
104 105 109
105 107 108
105 106 107
10 99 100
10 11 99
9 10 100
34 35 36
78 79 84
79 81 84
79 80 81
85 86 88
84 85 88
24 26 27
24 25 26
27 31 33
27 30 31
31 32 33
27 28 29
27 29 30
38 71 72
38 72 74
72 73 74
64 65 66
68 70 71
68 69 70
50 51 61
45 63 68
45 48 63
52 58 59
51 52 59
1 2 6
6 103 104
6 104 109
1 6 109
89 91 92
20 92 93
20 89 92
86 87 88
46 47 48
45 46 48
34 75 78
75 76 78
34 38 75
38 74 75
63 67 68
64 66 67
63 64 67
50 61 62
49 50 62
48 49 62
48 62 63
17 18 20
18 19 20
20 21 22
3 4 5
2 3 5
2 5 6
38 39 40
38 40 68
40 41 42
42 43 68
40 42 68
51 60 61
51 59 60
8 102 103
8 101 102
8 9 100
8 100 101
44 45 68
43 44 68
6 7 103
7 8 103
