# points
0.0071599 0.22434
0.0071599 0.24582
0.0095465 0.2673
0.01432 0.28878
0.023866 0.30788
0.045346 0.30549
0.066826 0.3031
0.088305 0.29833
0.10979 0.29356
0.13126 0.2864
0.15274 0.27924
0.17422 0.27685
0.1957 0.27446
0.21718 0.27208
0.23866 0.27446
0.26014 0.28878
0.27446 0.30788
0.29594 0.3222
0.31742 0.3389
0.3389 0.35322
0.36038 0.3747
0.38186 0.39141
0.40334 0.40573
0.42482 0.42005
0.4463 0.42721
0.46778 0.43437
0.48926 0.44153
0.51074 0.4463
0.53222 0.4463
0.5537 0.4463
0.57518 0.4463
0.59666 0.44153
0.61814 0.43914
0.63962 0.43914
0.6611 0.43198
0.68258 0.42482
0.70406 0.41766
0.72554 0.40811
0.74702 0.39857
0.7685 0.38663
0.78998 0.37709
0.81146 0.36754
0.83294 0.35322
0.85442 0.3389
0.87589 0.32458
0.89499 0.30549
0.91647 0.30549
0.93795 0.29356
0.95943 0.2864
0.97852 0.27208
0.98091 0.2506
1 0.24344
0.99284 0.22673
0.97136 0.2148
0.94988 0.20048
0.9284 0.18616
0.90692 0.17661
0.88544 0.16468
0.86396 0.14797
0.84248 0.13126
0.821 0.12172
0.79952 0.10979
0.77804 0.10263
0.75656 0.095465
0.73508 0.093079
0.7136 0.078759
0.69212 0.062053
0.67064 0.050119
0.64916 0.0358
0.62768 0.031026
0.60621 0.02148
0.58473 0.01432
0.56325 0.0071599
0.54177 0.0047733
0.52029 0
0.49881 0.0047733
0.47733 0.0095465
0.45585 0.01432
0.43437 0.026253
0.41289 0.038186
0.39141 0.052506
0.36993 0.069212
0.35561 0.090692
0.33413 0.1074
0.31265 0.11933
0.29117 0.13365
0.26969 0.15274
0.2506 0.17422
0.2315 0.18616
0.21002 0.18616
0.18854 0.18377
0.16706 0.18138
0.14558 0.18138
0.12411 0.179
0.10263 0.17661
0.081146 0.17422
0.059666 0.17422
0.038186 0.17422
0.016706 0.17422
0 0.18377
0.0071599 0.20525
0.0071599 0.22434
# triangles
1 2 6
14 15 87
76 77 78
29 30 31
3 4 5
2 3 5
2 5 6
1 6 7
15 86 87
17 18 84
15 17 86
21 22 82
18 83 84
18 19 83
19 82 83
22 24 82
24 25 82
22 23 24
29 31 69
97 98 100
98 99 100
1 7 96
7 95 96
7 8 94
7 94 95
79 80 82
80 81 82
19 20 82
20 21 82
48 49 50
50 51 52
31 32 65
35 64 65
28 29 69
25 28 69
25 26 28
26 27 28
73 75 76
73 74 75
25 70 82
25 69 70
0 1 96
0 97 100
0 96 97
10 91 92
10 11 91
15 16 17
17 84 85
17 85 86
37 38 64
38 39 64
39 40 64
41 42 60
40 41 60
31 67 69
31 65 67
32 34 65
34 35 65
32 33 34
71 79 82
70 71 82
71 78 79
71 76 78
71 73 76
10 92 93
11 90 91
11 12 90
40 62 64
40 60 62
58 59 60
42 43 60
43 58 60
35 36 64
36 37 64
71 72 73
9 10 93
8 9 94
9 93 94
14 87 88
13 14 88
62 63 64
60 61 62
43 44 58
44 57 58
44 45 57
13 88 89
12 13 89
12 89 90
65 66 67
67 68 69
45 55 56
45 56 57
47 48 50
47 50 54
45 46 47
45 47 55
47 54 55
50 52 53
50 53 54
