# points
0.22419 0.50147
0.23009 0.53982
0.22714 0.57817
0.22419 0.61652
0.20944 0.65487
0.19764 0.69322
0.18879 0.73156
0.18584 0.76991
0.18584 0.80826
0.18584 0.84661
0.18289 0.88496
0.18584 0.9233
0.19764 0.96165
0.22124 0.9941
0.25959 1
0.29794 0.99115
0.33628 0.97345
0.37463 0.96755
0.41298 0.96755
0.44543 0.9469
0.46313 0.90855
0.47198 0.87021
0.49853 0.83186
0.52507 0.79351
0.54867 0.76106
0.58112 0.72271
0.61652 0.68437
0.64897 0.65782
0.68437 0.62832
0.72271 0.60177
0.75221 0.57227
0.77286 0.53687
0.80531 0.51032
0.84071 0.48083
0.87611 0.44248
0.90265 0.40413
0.92625 0.36578
0.93805 0.32743
0.94395 0.28909
0.9528 0.25074
0.93805 0.21239
0.89971 0.19174
0.86136 0.18584
0.83776 0.15339
0.80826 0.12389
0.76991 0.097345
0.73451 0.064897
0.69617 0.038348
0.65782 0.020649
0.61947 0.0058997
0.58112 0
0.54277 0
0.50442 0.0058997
0.46608 0.014749
0.42773 0.032448
0.38938 0.044248
0.35103 0.061947
0.31268 0.076696
0.27434 0.079646
0.23599 0.076696
0.23304 0.10029
0.19469 0.10619
0.15634 0.10619
0.11799 0.10914
0.079646 0.10914
0.041298 0.10619
0.014749 0.12389
0.053097 0.12684
0.091445 0.13569
0.12979 0.13569
0.16814 0.13864
0.20649 0.13864
0.24484 0.13864
0.23894 0.15634
0.22419 0.17699
0.24484 0.19764
0.27139 0.23304
0.30973 0.25664
0.34808 0.28024
0.38053 0.29794
0.34808 0.33333
0.32448 0.36283
0.30678 0.40118
0.28024 0.37758
0.25074 0.34218
0.21534 0.30678
0.17994 0.28909
0.14159 0.28024
0.10324 0.29499
0.073746 0.32743
0.041298 0.34513
0.067847 0.36283
0.038348 0.39528
0 0.41888
0.029499 0.42773
0.067847 0.41003
0.091445 0.40708
0.088496 0.43658
0.12389 0.41298
0.14749 0.40413
0.17994 0.41298
0.20944 0.44838
0.22419 0.48673
0.22419 0.50147
# triangles
12 13 14
25 26 82
1 25 82
50 51 79
17 18 19
26 27 82
3 4 23
27 80 82
28 79 80
27 28 80
52 53 79
51 52 79
46 47 79
7 8 21
6 7 21
12 14 15
33 34 42
36 37 42
37 38 42
1 2 25
2 3 25
3 23 24
3 24 25
80 81 82
82 83 101
82 101 102
55 78 79
55 56 78
65 66 67
47 48 79
48 50 79
48 49 50
17 19 20
17 20 21
5 6 22
6 21 22
4 22 23
4 5 22
29 30 31
28 31 79
28 29 31
34 35 42
35 36 42
38 41 42
39 40 41
38 39 41
0 1 82
0 82 102
58 59 60
56 77 78
56 57 77
57 76 77
53 54 79
54 55 79
61 62 70
63 64 68
64 67 68
64 65 67
62 69 70
62 63 69
63 68 69
8 9 16
9 10 16
8 16 21
16 17 21
32 33 42
31 32 79
92 93 94
92 94 95
85 86 99
87 88 99
86 87 99
88 89 99
89 90 91
91 95 96
89 91 99
91 92 95
58 60 72
57 58 72
57 72 76
72 75 76
61 70 71
60 61 71
60 71 72
11 12 15
11 15 16
10 11 16
32 45 79
45 46 79
84 85 100
85 99 100
83 84 100
83 100 101
91 96 98
91 98 99
96 97 98
73 74 75
72 73 75
32 42 43
32 43 45
43 44 45
