# points
0.087912 0.47802
0.071429 0.51648
0.049451 0.55495
0.016484 0.58791
0 0.62088
0.027473 0.62637
0.065934 0.5989
0.054945 0.63736
0.038462 0.67582
0.06044 0.68681
0.087912 0.64835
0.12088 0.62088
0.11538 0.64286
0.10989 0.68132
0.13736 0.68132
0.14835 0.64286
0.15385 0.6044
0.18132 0.63187
0.18681 0.5989
0.17033 0.56593
0.17033 0.52747
0.20879 0.51648
0.24176 0.52747
0.23626 0.56593
0.22527 0.6044
0.21978 0.64286
0.21429 0.68132
0.2033 0.71978
0.1978 0.75824
0.18132 0.7967
0.17033 0.83516
0.17582 0.87363
0.19231 0.90659
0.22527 0.93956
0.26374 0.95055
0.3022 0.94505
0.34066 0.93956
0.37912 0.94505
0.41758 0.95055
0.45604 0.94505
0.49451 0.91209
0.5 0.87363
0.51099 0.83516
0.54396 0.8022
0.57143 0.76374
0.60989 0.75275
0.64835 0.73077
0.68681 0.70879
0.72527 0.67582
0.76374 0.64286
0.8022 0.65934
0.84066 0.65385
0.87912 0.62637
0.90659 0.58791
0.93407 0.54945
0.95055 0.51099
0.96703 0.47253
0.97802 0.43407
0.98352 0.3956
1 0.35714
0.99451 0.31868
0.97802 0.28022
0.93956 0.28571
0.90659 0.25275
0.87363 0.21978
0.83516 0.18681
0.80769 0.14835
0.7967 0.10989
0.78022 0.076923
0.74176 0.06044
0.7033 0.043956
0.66484 0.032967
0.62637 0.027473
0.58791 0.021978
0.54945 0.027473
0.51099 0.027473
0.47253 0.027473
0.43407 0.016484
0.3956 0
0.37363 0.027473
0.40659 0.049451
0.4011 0.076923
0.36264 0.087912
0.32418 0.087912
0.28571 0.087912
0.24725 0.087912
0.21429 0.1044
0.24176 0.12637
0.28022 0.13187
0.31868 0.13736
0.30769 0.17033
0.34066 0.18681
0.37912 0.18681
0.37912 0.22527
0.41209 0.23626
0.43407 0.25275
0.4011 0.28022
0.37363 0.30769
0.34066 0.34615
0.32418 0.38462
0.29121 0.38462
0.25275 0.39011
0.21429 0.3956
0.17582 0.41209
0.13736 0.43407
0.098901 0.46154
0.087912 0.47802
# triangles
31 32 35
32 33 34
32 34 35
47 48 99
22 44 99
28 35 36
75 81 95
85 86 87
85 87 88
29 31 35
28 29 35
21 22 101
21 101 102
22 23 44
46 47 99
44 46 99
82 83 89
82 89 92
81 82 92
78 79 80
89 91 92
89 90 91
97 98 99
48 97 99
84 85 88
83 84 89
84 88 89
71 72 95
74 75 95
72 74 95
72 73 74
67 68 69
49 65 95
49 50 51
49 51 52
65 66 95
66 71 95
66 70 71
66 67 69
66 69 70
29 30 31
25 43 44
25 26 43
22 99 100
22 100 101
21 103 104
21 102 103
20 21 104
1 19 20
1 6 19
77 78 80
75 76 81
76 80 81
76 77 80
48 96 97
49 95 96
48 49 96
39 40 41
26 42 43
26 27 42
27 28 42
28 36 42
37 41 42
36 37 42
44 45 46
0 1 20
24 25 44
23 24 44
1 2 6
2 3 6
3 4 5
3 5 6
92 93 94
81 92 94
81 94 95
38 39 41
37 38 41
20 104 105
0 20 105
12 13 14
12 14 15
6 7 10
7 8 9
7 9 10
49 64 65
49 63 64
56 62 63
59 60 62
58 59 62
60 61 62
49 52 53
49 53 54
49 54 55
49 55 63
55 56 63
6 10 11
6 11 19
11 12 15
56 57 62
57 58 62
16 18 19
11 16 19
11 15 16
16 17 18
