# points
0.044118 0.50368
0.011029 0.51103
0 0.52574
0.029412 0.53676
0.011029 0.5625
0.018382 0.58456
0.051471 0.57721
0.044118 0.59559
0.047794 0.61029
0.080882 0.59559
0.10662 0.56618
0.13971 0.55515
0.17279 0.54779
0.20588 0.55882
0.22794 0.58088
0.22426 0.61397
0.21691 0.64706
0.20221 0.68015
0.1875 0.71324
0.18015 0.74632
0.17279 0.77941
0.16544 0.8125
0.15809 0.84559
0.15074 0.87868
0.14706 0.91176
0.14706 0.94485
0.15074 0.97794
0.17647 0.99632
0.20956 1
0.24265 0.99632
0.27574 0.98897
0.30882 0.98162
0.34191 0.98529
0.375 0.97794
0.40809 0.95588
0.44118 0.93015
0.46691 0.89706
0.48529 0.86397
0.50368 0.83088
0.52206 0.79779
0.54044 0.76471
0.5625 0.73162
0.58824 0.69853
0.61029 0.66912
0.63971 0.63971
0.67279 0.61397
0.70588 0.59191
0.73162 0.55882
0.76471 0.56985
0.79779 0.55882
0.83088 0.53309
0.85662 0.5
0.87132 0.46691
0.88603 0.43382
0.89706 0.40074
0.90441 0.36765
0.91912 0.33456
0.92279 0.30147
0.92279 0.26838
0.92647 0.23529
0.92647 0.20221
0.91912 0.16912
0.88971 0.13971
0.85662 0.12868
0.82721 0.10662
0.79779 0.084559
0.76471 0.066176
0.73162 0.0625
0.69853 0.055147
0.66544 0.047794
0.63235 0.033088
0.59926 0.022059
0.56618 0.011029
0.53309 0.0036765
0.5 0.0036765
0.46691 0
0.43382 0.0073529
0.40074 0.014706
0.36765 0.033088
0.33456 0.044118
0.30147 0.058824
0.26838 0.066176
0.23529 0.084559
0.20221 0.10294
0.16912 0.12132
0.14338 0.14338
0.11029 0.16544
0.077206 0.18382
0.091912 0.20221
0.0625 0.22059
0.088235 0.23897
0.12132 0.22794
0.14706 0.22059
0.13603 0.25368
0.11029 0.27941
0.13603 0.29412
0.16176 0.26838
0.18015 0.27574
0.17279 0.30882
0.1875 0.33456
0.21324 0.30882
0.23529 0.33824
0.25368 0.37132
0.25735 0.40441
0.25735 0.4375
0.23529 0.45956
0.20221 0.45221
0.16912 0.45221
0.13603 0.45221
0.10294 0.46324
0.069853 0.48529
0.044118 0.50368
# triangles
14 43 104
60 61 62
14 104 105
59 60 63
60 62 63
58 59 63
25 27 28
25 26 27
16 17 38
17 18 38
47 50 51
47 49 50
47 51 52
47 52 53
43 44 104
44 45 104
47 48 49
47 69 102
1 2 3
24 25 28
24 28 29
23 24 29
14 15 41
20 35 36
80 82 100
13 14 105
13 105 106
76 77 78
45 46 47
47 102 103
45 103 104
45 47 103
47 53 54
47 54 55
47 68 69
47 55 68
55 56 57
55 57 58
0 1 3
58 63 64
55 58 64
20 34 35
20 31 34
20 21 31
21 22 31
22 23 30
22 30 31
23 29 30
15 16 40
15 40 41
14 42 43
14 41 42
18 19 37
18 37 38
19 20 37
20 36 37
98 99 100
80 100 101
79 80 101
78 101 102
78 79 101
82 97 100
97 98 100
83 84 92
82 83 97
83 92 97
4 5 6
3 4 6
0 10 110
0 3 10
3 6 10
80 81 82
69 70 102
70 71 102
71 74 102
74 78 102
74 76 78
74 75 76
64 65 67
65 66 67
55 67 68
55 64 67
16 38 39
16 39 40
84 85 92
85 86 92
6 9 10
7 8 9
6 7 9
11 108 109
11 109 110
10 11 110
72 73 74
71 72 74
86 91 92
31 32 34
32 33 34
92 96 97
12 13 106
12 106 107
12 107 108
11 12 108
88 90 91
88 89 90
86 87 88
86 88 91
92 93 96
93 94 95
93 95 96
