# points
0.023923 0.50239
0.052632 0.54067
0.08134 0.57416
0.10526 0.61244
0.11962 0.65072
0.14833 0.689
0.1866 0.70335
0.22488 0.69378
0.23923 0.6555
0.27751 0.67464
0.311 0.70335
0.34928 0.73684
0.38756 0.75598
0.42584 0.77512
0.46411 0.78947
0.49761 0.82775
0.5311 0.86603
0.56938 0.89474
0.5933 0.93301
0.59809 0.97129
0.62679 1
0.66507 1
0.70335 0.98565
0.73684 0.96651
0.77512 0.96172
0.8134 0.96172
0.85167 0.95694
0.88517 0.93301
0.90431 0.89474
0.90431 0.85646
0.89952 0.81818
0.88995 0.7799
0.88995 0.74163
0.88517 0.70335
0.86603 0.66507
0.84689 0.62679
0.82297 0.58852
0.79904 0.55502
0.76077 0.52632
0.74641 0.49282
0.73684 0.45455
0.73684 0.41627
0.73684 0.37799
0.76555 0.33971
0.78469 0.30622
0.81818 0.33971
0.84211 0.32057
0.8756 0.32536
0.91388 0.33014
0.91866 0.29665
0.88038 0.28708
0.8756 0.26316
0.91388 0.26316
0.9378 0.23923
0.90431 0.22967
0.86603 0.2201
0.82775 0.19139
0.78947 0.1866
0.7512 0.1866
0.7177 0.21053
0.69378 0.24402
0.66507 0.27273
0.64115 0.311
0.61722 0.31579
0.58373 0.2823
0.54545 0.25837
0.50718 0.24402
0.50239 0.21531
0.52632 0.19139
0.56459 0.1866
0.57416 0.15311
0.61244 0.13397
0.63636 0.10048
0.61244 0.08134
0.65072 0.057416
0.66029 0.023923
0.62679 0.033493
0.58852 0.057416
0.55502 0.047847
0.58373 0.014354
0.55981 0
0.52153 0.019139
0.48325 0.038278
0.44498 0.057416
0.4067 0.062201
0.36842 0.066986
0.33014 0.07177
0.29187 0.08134
0.25359 0.095694
0.21531 0.11005
0.17703 0.11005
0.13876 0.1244
0.11005 0.14833
0.086124 0.1866
0.07177 0.22488
0.066986 0.26316
0.062201 0.30144
0.028708 0.33971
0.0095694 0.37799
0 0.41627
0.0047847 0.45455
0.019139 0.49282
0.023923 0.50239
# triangles
19 20 21
98 99 100
98 100 101
89 92 93
2 3 8
2 8 96
8 66 96
1 2 96
66 89 96
89 95 96
14 15 38
14 38 39
23 24 31
17 23 31
89 94 95
89 93 94
0 96 101
0 1 96
4 5 8
3 4 8
97 98 101
96 97 101
5 6 8
6 7 8
8 9 66
66 88 89
89 91 92
13 14 39
12 13 39
16 17 35
15 16 35
47 48 49
47 49 50
24 30 31
24 29 30
24 25 29
25 28 29
25 26 27
25 27 28
18 22 23
17 18 23
18 19 21
18 21 22
10 11 12
9 10 63
9 63 66
10 12 63
12 39 63
39 40 63
41 62 63
40 41 63
68 82 83
67 85 86
67 68 83
67 86 87
66 67 88
67 87 88
89 90 91
43 60 61
41 42 62
42 61 62
42 43 61
43 44 60
44 59 60
44 57 58
44 58 59
44 56 57
51 54 55
44 55 56
44 51 55
51 52 54
52 53 54
46 47 50
44 45 46
46 50 51
44 46 51
71 72 73
73 76 77
73 74 76
74 75 76
67 84 85
67 83 84
68 70 82
68 69 70
70 71 73
70 73 77
63 65 66
63 64 65
17 34 35
32 33 34
17 31 32
17 32 34
36 37 38
15 36 38
15 35 36
70 77 78
70 78 82
78 81 82
78 80 81
78 79 80
