# points
0.072626 0.47486
0.055866 0.51397
0.03352 0.55307
0 0.59218
0.022346 0.62011
0.055866 0.60894
0.03352 0.64804
0.044693 0.67598
0.072626 0.64804
0.10615 0.62011
0.10056 0.64246
0.11173 0.6648
0.13408 0.63687
0.14525 0.60894
0.17318 0.63128
0.17318 0.59218
0.15084 0.55866
0.16201 0.51955
0.20112 0.51397
0.22905 0.53073
0.22346 0.56983
0.21229 0.60894
0.2067 0.64804
0.20112 0.68715
0.19553 0.72626
0.17877 0.76536
0.16201 0.80447
0.15642 0.84358
0.16201 0.88268
0.18436 0.9162
0.21788 0.94413
0.25698 0.95531
0.29609 0.94972
0.3352 0.94413
0.3743 0.95531
0.41341 0.95531
0.45251 0.94413
0.48603 0.91061
0.49162 0.87151
0.50838 0.83799
0.5419 0.79888
0.56983 0.76536
0.60894 0.7486
0.64804 0.73184
0.68715 0.70391
0.72626 0.67039
0.76536 0.64246
0.80447 0.65922
0.84358 0.65363
0.88268 0.62011
0.91061 0.58101
0.93296 0.5419
0.95531 0.50279
0.97207 0.46369
0.97765 0.42458
0.98883 0.38547
1 0.34637
0.99441 0.30726
0.97207 0.27374
0.97207 0.23464
0.97765 0.19553
0.99441 0.15642
0.96648 0.11732
0.92737 0.11173
0.88827 0.11732
0.84916 0.11732
0.81006 0.12291
0.7933 0.083799
0.75978 0.061453
0.72067 0.039106
0.68156 0.027933
0.64246 0.022346
0.60335 0.011173
0.56425 0.011173
0.52514 0.01676
0.48603 0.01676
0.44693 0.01676
0.40782 0
0.3743 0.011173
0.39665 0.039106
0.39106 0.067039
0.35196 0.078212
0.31285 0.078212
0.27374 0.078212
0.26257 0.11173
0.29609 0.12849
0.29609 0.15084
0.31844 0.17877
0.35754 0.17877
0.36872 0.2067
0.39665 0.21788
0.42458 0.23464
0.40223 0.26816
0.36872 0.2905
0.34078 0.32961
0.31844 0.36872
0.2905 0.38547
0.2514 0.38547
0.21229 0.39106
0.17318 0.40223
0.13408 0.41899
0.094972 0.44693
0.072626 0.47486
# triangles
60 61 62
56 57 58
0 1 17
66 71 91
77 78 79
60 62 63
60 63 64
59 60 64
59 64 65
58 59 66
59 65 66
27 28 29
55 56 58
41 42 95
19 41 95
19 20 41
19 95 96
80 81 88
86 87 88
19 96 97
18 99 100
17 18 100
18 98 99
18 97 98
18 19 97
1 16 17
5 9 16
17 100 101
0 17 101
54 58 66
54 55 58
42 44 95
42 43 44
46 48 49
46 66 91
46 91 92
46 54 66
81 85 88
85 86 88
81 82 85
83 84 85
82 83 85
92 94 95
92 93 94
3 4 5
1 2 16
2 5 16
2 3 5
9 13 16
88 89 90
80 90 91
80 88 90
66 67 68
66 68 69
66 70 71
66 69 70
75 80 91
74 75 91
71 73 91
73 74 91
24 25 33
20 21 41
21 40 41
46 49 50
46 50 51
46 47 48
26 27 32
25 26 32
25 32 33
27 29 32
29 30 32
30 31 32
33 34 38
34 35 38
35 36 38
36 37 38
5 8 9
5 6 8
6 7 8
9 12 13
76 79 80
75 76 80
76 77 79
71 72 73
21 22 40
13 15 16
13 14 15
52 53 54
46 51 52
46 52 54
45 46 92
45 92 95
44 45 95
24 33 39
33 38 39
9 10 12
10 11 12
23 24 39
22 23 40
23 39 40
