# points
0.0090909 0.5
0.0090909 0.52424
0.0090909 0.54848
0.0090909 0.57273
0.0060606 0.59697
0.0060606 0.62121
0.0060606 0.64545
0.0060606 0.6697
0.0060606 0.69394
0.0060606 0.71818
0.0060606 0.74242
0.0030303 0.76667
0.0030303 0.79091
0.0030303 0.81515
0.0030303 0.83939
0.0030303 0.86364
0.0030303 0.88788
0.0030303 0.91212
0.0030303 0.93636
0 0.96061
0 0.98485
0.012121 1
0.036364 0.99697
0.060606 0.99697
0.084848 0.99394
0.10909 0.99091
0.13333 0.98788
0.15758 0.98182
0.18182 0.97576
0.20606 0.9697
0.2303 0.96061
0.25455 0.95455
0.27879 0.94242
0.30303 0.9303
0.32727 0.91818
0.35152 0.90606
0.37576 0.88788
0.4 0.8697
0.42424 0.84848
0.43939 0.82424
0.44848 0.8
0.44848 0.77576
0.44242 0.75152
0.43333 0.72727
0.42424 0.70303
0.41515 0.67879
0.40909 0.65455
0.40303 0.6303
0.4 0.60606
0.39697 0.58182
0.4 0.55758
0.41212 0.53333
0.4303 0.50909
0.45152 0.48485
0.47576 0.46061
0.5 0.43636
0.52121 0.41212
0.54242 0.38788
0.55455 0.36364
0.55758 0.33939
0.54848 0.31515
0.53636 0.29091
0.52727 0.26667
0.51212 0.24242
0.49697 0.21818
0.47879 0.19394
0.45758 0.1697
0.43333 0.14545
0.40909 0.12424
0.38485 0.10606
0.36061 0.090909
0.33636 0.075758
0.31212 0.063636
0.28788 0.054545
0.26364 0.042424
0.23939 0.036364
0.21515 0.027273
0.19091 0.021212
0.16667 0.015152
0.14242 0.012121
0.11818 0.0090909
0.093939 0.0060606
0.069697 0.0030303
0.045455 0.0030303
0.021212 0
0.018182 0.021212
0.015152 0.045455
0.015152 0.069697
0.015152 0.093939
0.015152 0.11818
0.015152 0.14242
0.015152 0.16667
0.015152 0.19091
0.015152 0.21515
0.012121 0.23939
0.012121 0.26364
0.012121 0.28788
0.012121 0.31212
0.012121 0.33636
0.012121 0.36061
0.012121 0.38485
0.0090909 0.40909
0.0090909 0.43333
0.0090909 0.45758
0.0090909 0.48182
0.0090909 0.5
# triangles
38 39 42
16 25 26
0 50 104
19 20 22
20 21 22
16 17 25
34 35 36
50 103 104
39 41 42
39 40 41
37 38 42
17 24 25
13 29 30
12 13 30
13 28 29
68 69 97
67 68 97
50 51 103
51 102 103
57 58 60
58 59 60
18 23 24
17 18 24
18 19 22
18 22 23
0 1 50
8 9 46
70 71 95
71 72 95
72 73 95
69 70 96
69 96 97
70 95 96
53 66 67
53 65 66
77 78 90
77 90 91
61 62 63
55 61 63
55 56 61
56 57 60
56 60 61
34 36 44
14 27 28
13 14 28
3 5 49
5 48 49
5 6 48
11 12 30
11 30 32
30 31 32
52 53 98
52 98 99
67 97 98
53 67 98
81 82 87
82 86 87
78 79 90
76 77 91
75 76 91
73 75 93
93 94 95
73 93 95
100 101 102
51 100 102
51 52 100
52 99 100
8 46 47
7 8 47
6 47 48
6 7 47
37 42 43
36 37 43
36 43 44
54 63 64
54 55 63
54 64 65
53 54 65
14 15 27
15 26 27
15 16 26
3 4 5
10 32 33
10 11 32
82 83 86
81 87 88
73 74 75
75 91 92
75 92 93
10 33 45
33 34 45
34 44 45
9 45 46
9 10 45
2 3 49
2 49 50
1 2 50
83 84 85
83 85 86
80 81 88
79 89 90
79 80 89
80 88 89
