# points
0.0074074 0.5
0.0074074 0.52222
0.0037037 0.54444
0.0037037 0.56667
0.0037037 0.58889
0.0037037 0.61111
0.0037037 0.63333
0.0037037 0.65556
0.0037037 0.67778
0.0037037 0.7
0.0037037 0.72222
0.0037037 0.74444
0.0037037 0.76667
0.0037037 0.78889
0.0037037 0.81111
0.0037037 0.83333
0.0037037 0.85556
0 0.87778
0 0.9
0 0.92222
0 0.94444
0 0.96667
0 0.98889
0.014815 1
0.037037 0.9963
0.059259 0.99259
0.081481 0.98889
0.1037 0.98148
0.12593 0.97407
0.14815 0.96296
0.17037 0.95185
0.19259 0.93704
0.21481 0.92222
0.23704 0.9037
0.25926 0.88519
0.28148 0.86296
0.3037 0.84074
0.32593 0.81852
0.34074 0.8037
0.36296 0.78519
0.38519 0.76296
0.40741 0.74444
0.42963 0.72593
0.45185 0.71111
0.47407 0.6963
0.4963 0.68148
0.51852 0.67037
0.53333 0.65185
0.53704 0.62963
0.53704 0.60741
0.53704 0.58519
0.53704 0.56296
0.53704 0.54074
0.53333 0.51852
0.53333 0.4963
0.53333 0.47407
0.52963 0.45185
0.52593 0.42963
0.51852 0.40741
0.51481 0.38519
0.5037 0.36296
0.49259 0.34074
0.48148 0.31852
0.46667 0.2963
0.45185 0.27407
0.43333 0.25185
0.41852 0.22963
0.4 0.20741
0.38519 0.18519
0.36667 0.16296
0.34815 0.14074
0.32963 0.11852
0.30741 0.096296
0.28519 0.074074
0.26296 0.059259
0.24074 0.044444
0.21852 0.033333
0.1963 0.025926
0.17407 0.018519
0.15185 0.014815
0.12963 0.011111
0.10741 0.0074074
0.085185 0.0037037
0.062963 0.0037037
0.040741 0
0.018519 0
0.014815 0.018519
0.014815 0.040741
0.014815 0.062963
0.011111 0.085185
0.011111 0.10741
0.011111 0.12963
0.011111 0.15185
0.011111 0.17407
0.011111 0.1963
0.011111 0.21852
0.011111 0.24074
0.011111 0.26296
0.011111 0.28519
0.0074074 0.30741
0.0074074 0.32963
0.0074074 0.35185
0.0074074 0.37407
0.0074074 0.3963
0.0074074 0.41852
0.0074074 0.44074
0.0074074 0.46296
0.0074074 0.48519
0.0074074 0.5
# triangles
17 18 28
84 85 86
18 27 28
46 47 48
12 13 34
5 39 40
9 36 37
17 28 29
45 46 48
12 34 35
3 40 41
9 10 36
10 35 36
18 19 27
19 26 27
67 101 102
65 102 103
15 31 32
13 33 34
14 15 32
13 14 33
14 32 33
16 29 30
15 16 31
16 30 31
16 17 29
4 5 40
3 4 40
42 43 53
5 6 39
6 38 39
6 7 38
8 9 37
8 37 38
7 8 38
11 12 35
10 11 35
83 87 88
84 86 87
83 84 87
69 70 98
20 24 25
19 20 25
19 25 26
20 21 24
21 23 24
21 22 23
65 103 104
58 59 60
58 60 61
44 45 50
70 96 97
70 97 98
98 99 100
67 100 101
67 98 100
74 93 94
72 74 94
81 88 89
70 71 96
71 72 96
72 73 74
67 68 98
68 69 98
61 105 106
58 61 106
45 48 49
45 49 50
43 44 51
44 50 51
43 51 53
51 52 53
72 95 96
72 94 95
74 75 93
82 83 88
81 82 88
64 65 104
0 53 54
77 92 93
79 91 92
81 89 90
76 77 93
75 76 93
66 67 102
65 66 102
63 104 105
63 64 104
61 62 63
61 63 105
0 54 56
0 56 58
56 57 58
54 55 56
58 106 107
0 58 107
1 42 53
0 1 53
1 41 42
1 2 3
1 3 41
78 79 92
77 78 92
80 81 90
79 80 91
80 90 91
