# points
0.054374 0.55319
0.056738 0.59102
0.056738 0.62884
0.056738 0.66667
0.056738 0.70449
0.035461 0.73995
0.0094563 0.77778
0 0.8156
0 0.85343
0.0023641 0.89125
0.0047281 0.92908
0.0047281 0.9669
0.021277 1
0.052009 0.98582
0.054374 0.94799
0.054374 0.91017
0.052009 0.87234
0.052009 0.83452
0.054374 0.79669
0.07565 0.76359
0.080378 0.80142
0.085106 0.83924
0.085106 0.87707
0.08747 0.91489
0.089835 0.95272
0.092199 0.99054
0.12057 0.99764
0.12057 0.95981
0.12057 0.92199
0.1182 0.88416
0.11584 0.84634
0.11348 0.80851
0.10875 0.77069
0.10402 0.73286
0.13002 0.70449
0.14184 0.7305
0.14657 0.76832
0.1513 0.80615
0.15366 0.84397
0.16076 0.8818
0.16785 0.91962
0.17021 0.95745
0.17021 0.99527
0.20095 0.99291
0.20095 0.95508
0.19858 0.91726
0.19149 0.87943
0.18676 0.84161
0.18203 0.80378
0.1773 0.76596
0.17258 0.72813
0.18203 0.69267
0.21749 0.71395
0.24586 0.74941
0.26478 0.78723
0.28132 0.82506
0.29314 0.86288
0.30496 0.90071
0.31442 0.93853
0.32388 0.97636
0.34515 0.99054
0.34752 0.95272
0.33806 0.91489
0.32861 0.87707
0.32388 0.83924
0.31678 0.80142
0.30733 0.76359
0.29314 0.72577
0.27187 0.68794
0.24586 0.65012
0.22222 0.61229
0.20804 0.57447
0.19385 0.53664
0.18203 0.49882
0.17021 0.46099
0.16076 0.42317
0.1513 0.38534
0.14657 0.34752
0.14657 0.30969
0.14657 0.27187
0.14421 0.23404
0.14184 0.19622
0.13948 0.15839
0.13475 0.12057
0.12766 0.082742
0.11111 0.044917
0.089835 0.0070922
0.052009 0
0.026005 0.033097
0.026005 0.070922
0.023641 0.10875
0.026005 0.14657
0.026005 0.1844
0.026005 0.22222
0.026005 0.26005
0.028369 0.29787
0.030733 0.3357
0.030733 0.37352
0.033097 0.41135
0.037825 0.44917
0.044917 0.487
0.052009 0.52482
0.054374 0.55319
# triangles
86 87 88
10 14 15
85 86 88
9 10 15
10 11 14
11 12 13
11 13 14
23 24 28
59 60 61
79 80 94
82 83 91
85 88 89
84 85 89
84 89 90
83 84 90
83 90 91
0 73 101
41 42 43
9 15 16
24 27 28
25 26 27
24 25 27
41 43 44
76 97 98
75 99 100
75 98 99
75 76 98
79 94 95
76 77 97
77 96 97
54 65 66
2 34 51
51 69 70
2 3 34
0 72 73
0 1 72
1 2 71
2 51 71
51 70 71
1 71 72
5 6 18
6 7 18
58 59 61
40 44 45
40 41 44
21 30 31
21 22 30
8 9 16
37 48 49
37 38 48
82 91 92
81 82 92
74 75 100
73 74 101
74 100 101
78 79 95
78 95 96
77 78 96
56 57 63
53 66 67
53 54 66
53 67 68
34 50 51
3 4 34
4 33 34
5 18 19
19 32 33
4 5 19
4 19 33
7 17 18
7 8 17
8 16 17
56 63 64
57 62 63
57 58 62
58 61 62
22 29 30
23 28 29
22 23 29
80 81 93
81 92 93
80 93 94
38 47 48
38 39 47
54 55 65
55 64 65
55 56 64
34 35 50
52 53 68
52 68 69
51 52 69
20 21 31
20 31 32
19 20 32
39 46 47
40 45 46
39 40 46
36 37 49
36 49 50
35 36 50
