# points
0.1504 0.49077
0.15831 0.53034
0.16887 0.56992
0.16887 0.6095
0.15831 0.64908
0.11873 0.66755
0.081794 0.69657
0.05277 0.73351
0.029024 0.77045
0.013193 0.81003
0.005277 0.8496
0 0.88918
0 0.92876
0.0026385 0.96834
0.026385 1
0.055409 0.98153
0.063325 0.94195
0.07124 0.90237
0.081794 0.8628
0.094987 0.82322
0.10818 0.78364
0.12929 0.74406
0.13456 0.75726
0.12665 0.79683
0.12137 0.83641
0.11609 0.87599
0.11609 0.91557
0.11609 0.95515
0.14776 0.97889
0.17414 0.94195
0.17942 0.90237
0.1847 0.8628
0.18734 0.82322
0.19789 0.78364
0.21108 0.74406
0.22955 0.74142
0.24011 0.781
0.24802 0.82058
0.24802 0.86016
0.2533 0.89974
0.26385 0.93931
0.27441 0.97889
0.30607 0.98945
0.32454 0.94987
0.32454 0.91029
0.32454 0.87071
0.3219 0.83113
0.31135 0.79156
0.29551 0.75198
0.27968 0.7124
0.30079 0.70976
0.33773 0.73615
0.36675 0.77045
0.3905 0.80739
0.39842 0.84697
0.40106 0.88654
0.40106 0.92612
0.38786 0.9657
0.40369 1
0.44063 0.98681
0.44327 0.94723
0.44591 0.90765
0.44591 0.86807
0.43799 0.8285
0.43008 0.78892
0.41689 0.74934
0.39578 0.70976
0.36148 0.67546
0.3219 0.65172
0.28232 0.64908
0.25594 0.62533
0.26121 0.58575
0.26121 0.54617
0.26121 0.5066
0.26121 0.46702
0.25858 0.42744
0.26121 0.38786
0.26121 0.34828
0.26649 0.30871
0.26649 0.26913
0.26385 0.22955
0.26649 0.18997
0.26385 0.1504
0.25858 0.11082
0.25594 0.07124
0.24011 0.031662
0.20317 0.005277
0.16359 0
0.12929 0.015831
0.13193 0.055409
0.12929 0.094987
0.12929 0.13456
0.12929 0.17414
0.12929 0.21372
0.13193 0.2533
0.12929 0.29288
0.13456 0.33245
0.13984 0.37203
0.14248 0.41161
0.14512 0.45119
0.1504 0.49077
0.1504 0.49077
# triangles
13 14 15
57 58 59
57 59 60
79 94 95
84 85 89
85 86 89
86 87 89
13 15 16
12 13 16
87 88 89
35 49 70
35 48 49
52 65 66
51 52 66
41 42 43
78 79 95
78 95 96
51 66 67
50 67 68
50 51 67
82 91 92
81 82 92
79 80 94
84 89 90
5 6 21
49 69 70
49 50 69
50 68 69
4 35 70
4 5 21
35 36 48
27 28 29
26 27 29
39 44 45
53 54 63
52 53 65
56 57 60
56 60 61
55 56 61
54 62 63
54 55 62
55 61 62
77 78 96
82 83 91
83 84 90
83 90 91
81 92 93
80 81 93
80 93 94
6 7 21
4 34 35
4 21 34
0 74 99
0 73 74
10 11 17
11 12 17
12 16 17
36 47 48
40 43 44
39 40 44
40 41 43
26 29 30
38 45 46
38 39 45
53 64 65
53 63 64
77 96 97
74 75 99
75 98 99
7 20 21
2 71 72
37 46 47
37 38 46
36 37 47
76 77 97
76 97 98
75 76 98
7 8 20
21 22 34
22 33 34
1 72 73
1 2 72
0 1 73
3 70 71
2 3 71
3 4 70
25 26 30
25 30 31
24 25 31
22 23 33
8 9 19
8 19 20
23 32 33
24 31 32
23 24 32
10 17 18
9 10 18
9 18 19
