# points
0.28037 0.15888
0.25 0.17056
0.20794 0.17056
0.16589 0.17056
0.12383 0.1729
0.081776 0.1729
0.03972 0.16822
0 0.17523
0.03271 0.1986
0.074766 0.20327
0.11682 0.20327
0.15888 0.20093
0.20093 0.20093
0.24299 0.20093
0.28505 0.20093
0.28972 0.24065
0.27103 0.2757
0.22897 0.27804
0.18692 0.28037
0.14486 0.27804
0.1028 0.27804
0.060748 0.27804
0.018692 0.27804
0.0070093 0.30607
0.049065 0.30841
0.091121 0.30841
0.13318 0.30841
0.17523 0.31075
0.21729 0.31075
0.25935 0.30841
0.25935 0.33879
0.24766 0.38084
0.21262 0.40421
0.17056 0.40187
0.1285 0.40421
0.086449 0.40421
0.044393 0.39953
0.0023364 0.39019
0.0046729 0.4229
0.046729 0.42991
0.088785 0.43458
0.13084 0.43458
0.1729 0.43458
0.21495 0.43458
0.25701 0.4229
0.29206 0.38785
0.31075 0.34579
0.32944 0.30607
0.36215 0.28505
0.40421 0.28505
0.44626 0.28505
0.48832 0.28505
0.53037 0.28505
0.57243 0.28505
0.61449 0.28505
0.65654 0.28505
0.6986 0.28505
0.74065 0.28505
0.78271 0.28505
0.82477 0.28505
0.86682 0.28505
0.90888 0.28505
0.94393 0.29439
0.97897 0.3014
1 0.28037
1 0.23832
1 0.19626
0.99065 0.16355
0.9486 0.16355
0.92056 0.17991
0.8785 0.17991
0.83645 0.17991
0.79439 0.17991
0.75234 0.17991
0.71028 0.17991
0.66822 0.17991
0.62617 0.17991
0.58411 0.17991
0.54206 0.17991
0.5 0.17991
0.45794 0.17991
0.41589 0.17991
0.37383 0.17991
0.33178 0.17056
0.31542 0.13551
0.29673 0.093458
0.27103 0.051402
0.25 0.011682
0.21262 0
0.17056 0
0.1285 0
0.086449 0.0023364
0.044393 0.0046729
0.0023364 0.011682
0.023364 0.037383
0.065421 0.03271
0.10748 0.03271
0.14953 0.030374
0.19159 0.030374
0.22897 0.049065
0.25467 0.091121
0.26869 0.13318
0.28037 0.15888
# triangles
51 52 79
36 38 39
92 93 94
92 94 95
90 96 97
91 95 96
90 91 96
91 92 95
36 37 38
22 23 24
32 33 42
19 26 27
89 90 97
49 81 82
3 4 11
66 67 68
33 41 42
33 34 41
34 40 41
19 20 26
20 25 26
62 63 64
62 64 65
57 58 73
54 55 76
53 54 77
54 76 77
32 43 44
32 42 43
55 75 76
55 56 75
51 79 80
15 48 82
48 49 82
2 12 13
2 3 12
3 11 12
61 69 70
61 62 69
62 65 69
66 68 69
65 66 69
34 35 40
35 39 40
35 36 39
52 53 78
53 77 78
52 78 79
60 61 70
59 60 71
60 70 71
59 71 72
58 59 72
58 72 73
56 74 75
57 73 74
56 57 74
49 50 81
50 80 81
50 51 80
1 2 13
85 86 100
85 100 101
15 82 83
4 5 10
4 10 11
6 7 8
18 19 27
17 18 28
18 27 28
86 87 99
86 99 100
87 88 99
31 32 44
31 44 45
21 22 24
21 24 25
20 21 25
5 9 10
5 6 9
6 8 9
88 89 98
88 98 99
89 97 98
84 85 101
0 84 101
0 83 84
1 13 14
0 1 14
14 15 83
0 14 83
15 47 48
15 16 47
29 46 47
16 29 47
17 28 29
16 17 29
29 30 46
30 45 46
30 31 45
