# points
0.10375 0.50432
0.10951 0.54467
0.11527 0.58501
0.12392 0.62536
0.13256 0.66571
0.092219 0.67147
0.051873 0.67723
0.011527 0.683
0 0.72046
0.0057637 0.76081
0.0057637 0.80115
0.0086455 0.8415
0.0086455 0.88184
0.0057637 0.92219
0.0057637 0.96254
0.020173 1
0.043228 0.97118
0.043228 0.93084
0.04611 0.89049
0.04611 0.85014
0.04611 0.8098
0.043228 0.76945
0.040346 0.72911
0.069164 0.7147
0.095101 0.72911
0.097983 0.76945
0.10375 0.8098
0.11239 0.85014
0.1268 0.89049
0.13833 0.93084
0.14697 0.97118
0.18156 0.9683
0.17579 0.92795
0.16138 0.88761
0.14697 0.84726
0.14121 0.80692
0.13545 0.76657
0.13256 0.72622
0.15274 0.69741
0.1902 0.69452
0.21037 0.73487
0.21614 0.77522
0.22767 0.81556
0.23631 0.85591
0.24496 0.89625
0.24496 0.9366
0.2536 0.97406
0.28242 0.95101
0.28242 0.91066
0.27666 0.87032
0.27089 0.82997
0.25937 0.78963
0.24784 0.74928
0.24496 0.70893
0.23631 0.67435
0.27666 0.66282
0.317 0.65706
0.33429 0.69741
0.34006 0.73775
0.34294 0.7781
0.35159 0.81844
0.3487 0.85879
0.36023 0.89914
0.36311 0.93948
0.37752 0.97983
0.41499 0.98559
0.40346 0.94524
0.39769 0.9049
0.38617 0.86455
0.38617 0.82421
0.37752 0.78386
0.37752 0.74352
0.37176 0.70317
0.36023 0.66282
0.3487 0.62248
0.30836 0.6196
0.26801 0.63112
0.22767 0.63977
0.20173 0.62536
0.19308 0.58501
0.18156 0.54467
0.17003 0.50432
0.15274 0.46398
0.14697 0.42363
0.13545 0.38329
0.13545 0.34294
0.12968 0.30259
0.12968 0.26225
0.12968 0.2219
0.1268 0.18156
0.12104 0.14121
0.11816 0.10086
0.10086 0.060519
0.074928 0.023055
0.04611 0
0.011527 0.025937
0.0028818 0.066282
0.0086455 0.10663
0.0086455 0.14697
0.014409 0.18732
0.023055 0.22767
0.040346 0.26801
0.051873 0.30836
0.063401 0.3487
0.074928 0.38905
0.083573 0.42939
0.095101 0.46974
0.10375 0.50432
# triangles
93 94 95
7 8 22
8 9 22
64 65 66
91 92 97
11 12 19
30 31 32
13 14 17
14 16 17
14 15 16
56 73 74
56 74 75
92 93 96
92 96 97
93 95 96
86 102 103
12 18 19
12 13 18
13 17 18
29 30 32
29 32 33
28 29 33
42 43 50
40 41 52
58 71 72
9 21 22
9 10 21
5 6 23
6 7 22
6 22 23
88 100 101
63 64 66
63 66 67
62 63 67
44 45 48
4 38 39
4 37 38
4 5 37
40 52 53
39 40 53
57 58 72
57 72 73
56 57 73
42 50 51
41 42 51
41 51 52
0 82 106
0 81 82
84 104 105
5 23 24
5 24 37
10 20 21
10 11 20
11 19 20
24 25 36
24 36 37
87 88 101
86 87 102
87 101 102
90 98 99
90 91 97
90 97 98
89 99 100
88 89 100
89 90 99
44 48 49
43 49 50
43 44 49
45 46 47
45 47 48
60 61 69
62 67 68
61 62 68
61 68 69
54 76 77
39 54 77
39 53 54
0 1 81
83 84 105
83 105 106
82 83 106
85 103 104
84 85 104
85 86 103
25 26 36
28 33 34
27 28 34
58 59 71
54 55 76
55 75 76
55 56 75
26 35 36
26 27 35
27 34 35
60 69 70
59 60 70
59 70 71
1 80 81
39 77 78
4 39 78
3 4 78
3 78 79
2 3 79
1 2 80
2 79 80
