# points
0.10959 0.47123
0.10959 0.50959
0.11781 0.54795
0.11781 0.5863
0.10685 0.62466
0.082192 0.65479
0.046575 0.68219
0.016438 0.72055
0.0027397 0.7589
0 0.79726
0 0.83562
0.0027397 0.87397
0.0054795 0.91233
0.0054795 0.95068
0.019178 0.9863
0.043836 0.96438
0.041096 0.92603
0.041096 0.88767
0.038356 0.84932
0.035616 0.81096
0.035616 0.7726
0.049315 0.73425
0.084932 0.70137
0.09863 0.71781
0.09863 0.75616
0.10411 0.79452
0.10411 0.83288
0.10685 0.87123
0.10959 0.90959
0.11233 0.94795
0.12329 0.98356
0.14795 0.96164
0.14795 0.92329
0.14521 0.88493
0.13973 0.84658
0.13973 0.80822
0.13699 0.76986
0.13425 0.73151
0.13699 0.69315
0.16712 0.69315
0.16986 0.73151
0.17808 0.76986
0.18082 0.80822
0.18904 0.84658
0.19452 0.88493
0.2 0.92329
0.20274 0.96164
0.22466 0.98904
0.23836 0.95342
0.23562 0.91507
0.2274 0.87671
0.22466 0.83836
0.21644 0.8
0.2137 0.76164
0.20548 0.72329
0.21644 0.70137
0.24658 0.73973
0.26575 0.77808
0.27671 0.81644
0.28219 0.85479
0.28219 0.89315
0.28493 0.93151
0.28767 0.96986
0.30959 1
0.32603 0.96712
0.32055 0.92877
0.31781 0.89041
0.31781 0.85205
0.31233 0.8137
0.30411 0.77534
0.28767 0.73699
0.26301 0.69863
0.2274 0.66575
0.18904 0.6411
0.18356 0.60274
0.17534 0.56438
0.1726 0.52603
0.1726 0.48767
0.1726 0.44932
0.16712 0.41096
0.16438 0.3726
0.16164 0.33425
0.15616 0.29589
0.14795 0.25753
0.14521 0.21918
0.13973 0.18082
0.13699 0.14247
0.13425 0.10411
0.12877 0.065753
0.12877 0.027397
0.09863 0
0.071233 0.032877
0.071233 0.071233
0.076712 0.10959
0.079452 0.14795
0.079452 0.1863
0.084932 0.22466
0.09589 0.26301
0.10137 0.30137
0.10411 0.33973
0.10685 0.37808
0.10685 0.41644
0.10959 0.45479
0.10959 0.47123
# triangles
89 90 91
62 63 64
11 12 17
12 16 17
12 13 16
0 78 102
81 82 99
11 17 18
10 11 18
29 31 32
29 30 31
13 14 15
13 15 16
62 64 65
61 62 65
82 98 99
80 81 99
88 89 91
87 88 93
85 95 96
58 68 69
8 9 20
28 29 32
2 75 76
46 47 48
78 79 102
79 101 102
80 99 100
79 100 101
79 80 100
84 96 97
84 85 96
88 91 92
88 92 93
85 94 95
57 69 70
57 58 69
59 67 68
58 59 68
59 66 67
25 26 35
25 35 36
9 19 20
9 10 19
10 18 19
24 25 36
0 77 78
2 3 75
85 86 94
86 87 93
86 93 94
83 84 97
83 97 98
82 83 98
41 42 52
56 57 70
56 70 71
59 60 66
60 61 65
60 65 66
26 27 34
26 34 35
5 6 22
1 2 76
0 1 77
1 76 77
24 36 37
23 24 37
41 52 53
22 23 38
23 37 38
5 22 38
4 5 38
6 21 22
8 20 21
39 72 73
38 39 73
4 38 73
39 40 54
40 53 54
40 41 53
39 54 55
39 55 72
55 71 72
55 56 71
45 46 48
45 48 49
7 8 21
6 7 21
3 74 75
3 4 74
4 73 74
42 51 52
27 33 34
28 32 33
27 28 33
42 43 51
43 50 51
43 44 50
44 45 49
44 49 50
