# points
0.23404 0.12379
0.2205 0.147
0.18569 0.147
0.15087 0.14894
0.11605 0.14894
0.081238 0.1528
0.046422 0.1528
0.048356 0.17795
0.083172 0.17795
0.11799 0.17408
0.1528 0.17408
0.18762 0.17215
0.22244 0.17215
0.23404 0.19729
0.2089 0.21083
0.17408 0.21083
0.13926 0.21083
0.10445 0.2147
0.069632 0.2205
0.034816 0.2205
0 0.21663
0.0058027 0.24178
0.040619 0.24565
0.075435 0.24371
0.11025 0.23985
0.14507 0.23598
0.17988 0.23598
0.2147 0.23598
0.24952 0.23404
0.28433 0.23211
0.31915 0.23211
0.32495 0.20116
0.32495 0.16634
0.34429 0.14894
0.37911 0.14894
0.41393 0.14894
0.44874 0.14894
0.48356 0.14894
0.51838 0.14894
0.55319 0.14894
0.58801 0.14894
0.62282 0.14894
0.65764 0.14894
0.69246 0.14894
0.72727 0.14894
0.76209 0.14894
0.79691 0.14894
0.83172 0.14894
0.86654 0.14894
0.90135 0.14894
0.93617 0.14894
0.97099 0.14894
1 0.14313
1 0.10832
0.97872 0.094778
0.94391 0.094778
0.90909 0.094778
0.87427 0.094778
0.83946 0.094778
0.80464 0.094778
0.76983 0.094778
0.73501 0.094778
0.70019 0.094778
0.66538 0.094778
0.63056 0.094778
0.59574 0.094778
0.56093 0.094778
0.52611 0.094778
0.4913 0.094778
0.45648 0.094778
0.42166 0.094778
0.38685 0.094778
0.35203 0.094778
0.32495 0.085106
0.32495 0.05029
0.32302 0.015474
0.2882 0.011605
0.25338 0.0038685
0.21857 0.0058027
0.18375 0.0077369
0.14894 0.0077369
0.11412 0.0058027
0.079304 0.0019342
0.044487 0.0019342
0.0096712 0
0.0038685 0.025145
0.038685 0.027079
0.073501 0.027079
0.10832 0.030948
0.14313 0.032882
0.17795 0.032882
0.21277 0.032882
0.23404 0.044487
0.21083 0.058027
0.17602 0.058027
0.1412 0.058027
0.10638 0.058027
0.071567 0.058027
0.05029 0.077369
0.085106 0.081238
0.11992 0.081238
0.15474 0.083172
0.18956 0.083172
0.22437 0.083172
0.23404 0.11025
0.23404 0.12379
# triangles
84 85 86
19 20 21
19 21 22
18 19 22
5 6 7
51 52 53
51 53 54
5 7 8
97 98 99
41 64 65
40 41 65
39 40 66
40 65 66
45 60 61
95 96 100
96 99 100
96 97 99
18 22 23
47 48 58
47 58 59
83 84 86
83 86 87
38 67 68
38 39 67
39 66 67
43 62 63
48 57 58
48 49 57
49 56 57
51 54 55
35 36 70
79 80 90
80 89 90
42 43 63
41 42 64
42 63 64
44 45 61
44 61 62
43 44 62
46 47 59
45 46 60
46 59 60
50 51 55
49 50 56
50 55 56
17 18 23
82 87 88
82 83 87
36 69 70
37 38 68
37 68 69
36 37 69
78 79 91
79 90 91
34 71 72
35 70 71
34 35 71
74 75 76
3 4 9
5 8 9
4 5 9
16 17 24
16 24 25
17 23 24
81 82 88
80 81 89
81 88 89
33 34 72
29 30 31
13 29 31
13 31 32
13 28 29
13 27 28
15 25 26
15 16 25
0 12 32
12 13 32
95 100 101
93 94 102
94 101 102
94 95 101
0 32 73
0 73 104
33 72 73
32 33 73
74 76 92
73 74 92
76 77 92
77 78 92
78 91 92
3 9 10
2 3 10
2 10 11
13 14 27
14 26 27
14 15 26
0 1 12
1 2 11
1 11 12
73 103 104
73 92 103
92 93 103
93 102 103
