# points
0.15641 0.57436
0.1641 0.61538
0.13846 0.64103
0.097436 0.65128
0.094872 0.69231
0.089744 0.73333
0.074359 0.77436
0.058974 0.81538
0.048718 0.85641
0.033333 0.89744
0.017949 0.93846
0 0.97949
0.025641 1
0.04359 0.95897
0.05641 0.91795
0.071795 0.87692
0.087179 0.8359
0.10256 0.79487
0.11538 0.75385
0.12821 0.71282
0.13333 0.67436
0.15128 0.69231
0.16923 0.73333
0.17436 0.77436
0.17949 0.81538
0.19744 0.85641
0.21795 0.89744
0.18718 0.93333
0.16667 0.96667
0.20256 0.9641
0.23077 0.93077
0.25385 0.89487
0.2359 0.85385
0.21282 0.81282
0.20769 0.77179
0.20513 0.73077
0.18462 0.68974
0.19744 0.6641
0.21795 0.70513
0.23846 0.74615
0.26154 0.78718
0.28974 0.82821
0.32564 0.86667
0.36667 0.89231
0.40769 0.90256
0.39487 0.86667
0.35385 0.84615
0.32051 0.81282
0.28974 0.77179
0.26667 0.73077
0.24615 0.68974
0.22564 0.64872
0.26667 0.63077
0.3 0.63846
0.32564 0.67692
0.35128 0.71538
0.37179 0.75385
0.39744 0.78974
0.42821 0.82564
0.45641 0.86154
0.48718 0.9
0.52051 0.91282
0.51026 0.87179
0.47436 0.83333
0.44359 0.79744
0.41538 0.76154
0.38974 0.72564
0.36923 0.68462
0.34359 0.64615
0.32308 0.60769
0.29487 0.58718
0.25385 0.6
0.24359 0.57179
0.23846 0.53077
0.22051 0.48974
0.19744 0.44872
0.17949 0.40769
0.15641 0.36667
0.14103 0.32564
0.12564 0.28462
0.11282 0.24359
0.1 0.20256
0.089744 0.16154
0.084615 0.12051
0.076923 0.079487
0.071795 0.038462
0.046154 0
0.0051282 0.0051282
0.0051282 0.046154
0.015385 0.087179
0.025641 0.12821
0.035897 0.16923
0.048718 0.21026
0.051282 0.25128
0.066667 0.28974
0.079487 0.32564
0.092308 0.3641
0.097436 0.40256
0.10769 0.44103
0.12821 0.47949
0.13846 0.52051
0.15385 0.56154
0.15641 0.57436
# triangles
86 87 88
85 86 88
83 84 90
84 89 90
85 88 89
84 85 89
83 90 91
82 83 91
73 74 101
72 73 101
74 100 101
60 61 62
26 31 32
77 96 97
80 93 94
79 80 94
80 81 93
76 97 98
76 77 97
81 82 92
82 91 92
81 92 93
76 98 99
75 76 99
74 75 99
74 99 100
52 70 71
26 30 31
6 7 17
11 12 13
77 78 96
53 69 70
52 53 70
54 67 68
53 68 69
53 54 68
54 55 67
55 56 66
55 66 67
10 11 13
9 10 14
10 13 14
78 95 96
79 94 95
78 79 95
6 17 18
51 52 71
2 3 20
23 34 35
38 39 49
40 48 49
39 40 49
42 46 47
9 14 15
8 9 15
3 4 20
1 71 72
1 51 71
1 37 51
1 2 37
21 36 37
2 20 21
2 21 37
38 49 50
37 38 50
37 50 51
41 47 48
40 41 48
41 42 47
42 43 46
56 65 66
56 57 65
57 64 65
57 58 64
58 63 64
27 28 29
27 29 30
26 27 30
24 33 34
23 24 34
5 6 18
0 72 101
0 1 72
22 23 35
22 35 36
21 22 36
58 59 63
59 60 62
59 62 63
43 45 46
43 44 45
25 26 32
25 32 33
24 25 33
5 18 19
4 5 19
4 19 20
7 16 17
7 8 16
8 15 16
