# points
0.25376 0.090226
0.22744 0.10338
0.18985 0.10338
0.15226 0.10338
0.11466 0.10338
0.077068 0.10338
0.039474 0.10338
0.0018797 0.10338
0.022556 0.1203
0.06015 0.1203
0.097744 0.1203
0.13534 0.1203
0.17293 0.1203
0.21053 0.1203
0.24812 0.1203
0.25376 0.15414
0.22556 0.16541
0.18797 0.16541
0.15038 0.16541
0.11278 0.16541
0.075188 0.16541
0.037594 0.16541
0.0018797 0.16729
0.024436 0.18233
0.06203 0.18233
0.099624 0.18233
0.13722 0.18233
0.17481 0.18233
0.21241 0.18233
0.25 0.18233
0.28759 0.18233
0.32519 0.18045
0.34398 0.16165
0.34398 0.12406
0.37406 0.11466
0.41165 0.11466
0.44925 0.11466
0.48684 0.11466
0.52444 0.11466
0.56203 0.11466
0.59962 0.11466
0.63722 0.11466
0.67481 0.11466
0.71241 0.11466
0.75 0.11466
0.78759 0.11466
0.82519 0.11466
0.86278 0.11466
0.90038 0.11466
0.93797 0.11466
0.97556 0.11466
1 0.1015
1 0.06391
0.96429 0.06203
0.92669 0.06203
0.8891 0.06203
0.8515 0.06203
0.81391 0.06203
0.77632 0.06203
0.73872 0.06203
0.70113 0.06203
0.66353 0.06203
0.62594 0.06203
0.58835 0.06203
0.55075 0.06203
0.51316 0.06203
0.47556 0.06203
0.43797 0.06203
0.40038 0.06203
0.36278 0.06203
0.34398 0.041353
0.34398 0.0037594
0.31015 0
0.27256 0
0.23496 0
0.19737 0
0.15977 0
0.12218 0
0.084586 0
0.046992 0
0.0093985 0
0.0093985 0.018797
0.046992 0.018797
0.084586 0.018797
0.12218 0.018797
0.15977 0.018797
0.19737 0.018797
0.23496 0.018797
0.25376 0.039474
0.22556 0.050752
0.18797 0.050752
0.15038 0.050752
0.11278 0.050752
0.075188 0.050752
0.037594 0.050752
0 0.050752
0.018797 0.069549
0.056391 0.069549
0.093985 0.069549
0.13158 0.069549
0.16917 0.069549
0.20677 0.069549
0.24436 0.069549
0.25376 0.090226
# triangles
21 22 23
91 99 100
16 28 29
70 71 72
6 8 9
6 7 8
5 9 10
5 6 9
18 26 27
19 20 25
19 25 26
18 19 26
17 18 27
17 27 28
16 17 28
21 23 24
20 21 24
20 24 25
90 100 101
90 91 100
1 2 13
0 1 14
1 13 14
73 87 88
72 73 88
70 72 88
0 88 102
0 70 88
89 90 101
89 101 102
88 89 102
73 74 87
15 16 29
15 29 30
36 66 67
33 34 69
0 33 70
33 69 70
0 14 33
14 15 33
15 30 33
30 31 33
31 32 33
40 41 62
40 62 63
39 63 64
39 40 63
94 95 96
94 96 97
93 94 97
4 5 10
4 10 11
2 12 13
91 92 99
34 68 69
44 45 58
36 37 66
37 65 66
3 11 12
2 3 12
3 4 11
92 98 99
92 93 98
93 97 98
35 36 67
35 67 68
34 35 68
45 46 57
45 57 58
41 61 62
41 42 61
43 44 59
44 58 59
37 38 65
38 39 64
38 64 65
46 47 56
46 56 57
43 59 60
42 43 60
42 60 61
47 48 55
47 55 56
48 49 54
48 54 55
49 50 53
49 53 54
50 51 53
51 52 53
79 80 81
79 81 82
78 79 83
79 82 83
76 77 84
76 84 85
78 83 84
77 78 84
75 76 85
75 85 86
75 86 87
74 75 87
