# points
0.2252 0.57909
0.24129 0.62198
0.25201 0.66488
0.26273 0.70777
0.27346 0.75067
0.28686 0.79357
0.30027 0.83646
0.31367 0.87936
0.33244 0.92225
0.34853 0.96515
0.37265 1
0.41287 0.98123
0.40483 0.93834
0.39142 0.89544
0.37802 0.85255
0.36193 0.80965
0.34584 0.76676
0.3378 0.72386
0.3244 0.68097
0.30831 0.63807
0.29491 0.59517
0.2815 0.55228
0.27078 0.50938
0.26005 0.46649
0.24665 0.42359
0.23592 0.3807
0.25737 0.35389
0.30027 0.34048
0.34316 0.33512
0.38606 0.30295
0.41287 0.26005
0.42359 0.21716
0.41287 0.17426
0.40751 0.13137
0.40214 0.088472
0.39678 0.045576
0.39678 0.002681
0.36193 0
0.36193 0.042895
0.36729 0.085791
0.36997 0.12869
0.37534 0.17158
0.38874 0.21448
0.37265 0.25737
0.3378 0.29759
0.30831 0.2815
0.29223 0.23861
0.2815 0.19571
0.28418 0.15282
0.2815 0.10992
0.25737 0.077748
0.24665 0.11796
0.24665 0.16086
0.24665 0.20375
0.25737 0.24665
0.27614 0.28954
0.25469 0.31903
0.23324 0.29223
0.2252 0.24933
0.2118 0.20643
0.21984 0.16354
0.21716 0.12064
0.19035 0.091153
0.18231 0.13137
0.17158 0.17426
0.17694 0.21716
0.19303 0.26005
0.20375 0.30295
0.18767 0.33512
0.15282 0.33244
0.15013 0.28954
0.15013 0.24665
0.14209 0.20375
0.13673 0.16086
0.12869 0.11796
0.093834 0.12869
0.099196 0.17158
0.10992 0.21448
0.11528 0.25737
0.11528 0.30027
0.11796 0.34316
0.075067 0.33244
0.050938 0.29223
0.045576 0.24933
0.040214 0.20643
0.040214 0.16354
0.037534 0.12064
0.034853 0.077748
0.024129 0.037534
0 0.069705
0.002681 0.1126
0.002681 0.1555
0.0053619 0.19839
0.010724 0.24129
0.016086 0.28418
0.018767 0.32708
0.0563 0.35925
0.099196 0.38338
0.14209 0.37534
0.18231 0.37534
0.19303 0.41823
0.19839 0.46113
0.20912 0.50402
0.22252 0.54692
0.2252 0.57909
# triangles
87 88 89
87 89 90
36 37 38
33 34 40
31 32 42
34 39 40
32 41 42
33 40 41
32 33 41
35 36 38
35 38 39
34 35 39
0 21 103
23 101 102
9 10 11
3 4 17
4 5 16
4 16 17
1 2 19
9 11 12
8 9 12
5 15 16
47 53 54
23 24 101
30 31 42
1 19 20
0 20 21
0 1 20
86 87 90
73 74 75
22 102 103
22 23 102
21 22 103
5 6 15
6 7 14
6 14 15
46 47 54
46 54 55
45 46 55
24 100 101
30 42 43
3 17 18
2 3 18
2 18 19
80 97 98
73 75 76
86 90 91
7 8 13
7 13 14
8 12 13
49 50 51
48 49 51
58 59 66
47 52 53
47 48 52
48 51 52
57 58 66
57 66 67
29 30 43
80 81 97
69 80 98
68 69 99
69 98 99
69 70 79
69 79 80
83 93 94
83 84 93
60 63 64
59 60 64
60 61 63
61 62 63
59 65 66
59 64 65
27 45 55
25 99 100
24 25 100
25 68 99
25 26 68
29 43 44
28 29 44
27 28 44
27 44 45
81 95 96
81 96 97
82 83 94
82 94 95
81 82 95
71 77 78
70 71 78
70 78 79
85 86 91
84 92 93
85 91 92
84 85 92
71 72 77
72 73 76
72 76 77
27 55 56
26 27 56
56 57 67
56 67 68
26 56 68
