# points
0.077922 0.45714
0.077922 0.4961
0.077922 0.53506
0.077922 0.57403
0.072727 0.61299
0.054545 0.65195
0.031169 0.69091
0.015584 0.72987
0.0025974 0.76883
0 0.80779
0.0051948 0.84675
0.0077922 0.88571
0.012987 0.92468
0.012987 0.96364
0.044156 0.98961
0.05974 0.95584
0.057143 0.91688
0.054545 0.87792
0.051948 0.83896
0.049351 0.8
0.049351 0.76104
0.054545 0.72208
0.083117 0.68831
0.10649 0.68831
0.1039 0.72727
0.1013 0.76623
0.1013 0.80519
0.1013 0.84416
0.098701 0.88312
0.096104 0.92208
0.1039 0.96104
0.12468 0.99221
0.15325 0.97662
0.15844 0.93766
0.15844 0.8987
0.15325 0.85974
0.15065 0.82078
0.15065 0.78182
0.15325 0.74286
0.15844 0.7039
0.17143 0.72727
0.17922 0.76623
0.18701 0.80519
0.1974 0.84416
0.2026 0.88312
0.20519 0.92208
0.21039 0.96104
0.22338 1
0.25974 0.9974
0.25974 0.95844
0.25195 0.91948
0.24416 0.88052
0.23896 0.84156
0.23636 0.8026
0.22857 0.76364
0.21818 0.72468
0.21299 0.68571
0.24675 0.70649
0.26234 0.74545
0.27532 0.78442
0.28312 0.82338
0.28312 0.86234
0.28571 0.9013
0.28831 0.94026
0.30649 0.97922
0.34545 0.9974
0.35584 0.96104
0.34545 0.92208
0.34026 0.88312
0.34026 0.84416
0.33247 0.80519
0.32208 0.76623
0.30649 0.72727
0.28571 0.68831
0.25195 0.65455
0.24675 0.62078
0.24675 0.58182
0.24416 0.54286
0.24156 0.5039
0.23896 0.46494
0.23896 0.42597
0.23896 0.38701
0.23636 0.34805
0.23117 0.30909
0.22597 0.27013
0.22078 0.23117
0.21818 0.19221
0.21039 0.15325
0.1974 0.11429
0.18442 0.075325
0.17922 0.036364
0.15325 0.0025974
0.11429 0
0.075325 0.0051948
0.05974 0.041558
0.054545 0.080519
0.054545 0.11948
0.054545 0.15844
0.054545 0.1974
0.054545 0.23636
0.062338 0.27532
0.067532 0.31429
0.07013 0.35325
0.072727 0.39221
0.075325 0.43117
0.077922 0.45714
# triangles
11 16 17
92 93 94
90 91 92
11 12 16
10 11 17
30 32 33
30 31 32
29 30 33
13 14 15
12 13 15
12 15 16
89 92 94
89 90 92
86 87 98
29 33 34
82 83 102
60 69 70
1 78 79
80 81 104
1 2 78
47 48 49
62 67 68
46 47 49
89 94 95
28 29 34
10 17 18
9 10 18
57 73 74
2 77 78
81 103 104
82 102 103
81 82 103
0 1 79
0 79 80
0 80 104
3 4 75
3 75 76
3 76 77
2 3 77
64 65 66
64 66 67
60 61 69
61 68 69
61 62 68
87 97 98
87 88 97
59 60 70
59 70 71
26 27 36
8 9 19
9 18 19
83 101 102
86 98 99
85 86 99
85 99 100
62 63 67
63 64 67
46 49 50
27 35 36
28 34 35
27 28 35
88 96 97
88 89 96
89 95 96
58 72 73
57 58 73
58 71 72
58 59 71
7 8 20
8 19 20
56 57 74
56 74 75
4 56 75
26 36 37
25 26 37
84 85 100
83 84 101
84 100 101
45 46 50
43 52 53
43 44 52
44 51 52
44 45 51
45 50 51
7 20 21
6 7 21
5 6 22
6 21 22
4 39 56
41 54 55
42 43 53
42 53 54
41 42 54
24 38 39
24 25 38
25 37 38
23 24 39
4 23 39
4 5 23
5 22 23
40 41 55
39 40 56
40 55 56
