# points
0.021935 0.20387
0.047742 0.21548
0.069677 0.22065
0.069677 0.24645
0.068387 0.27226
0.067097 0.29806
0.067097 0.32387
0.085161 0.34323
0.11097 0.34968
0.13677 0.35613
0.16258 0.35871
0.18839 0.35871
0.21419 0.36
0.24 0.36
0.26581 0.35871
0.29161 0.36
0.31742 0.36
0.34323 0.36
0.36903 0.36
0.39484 0.36
0.42065 0.36
0.44645 0.36129
0.47226 0.35742
0.49806 0.35484
0.52387 0.35097
0.54968 0.34968
0.57548 0.3471
0.60129 0.34194
0.6271 0.33548
0.61935 0.32774
0.59355 0.32258
0.58968 0.29806
0.59097 0.28
0.61032 0.27097
0.63613 0.27226
0.66194 0.27097
0.68774 0.27097
0.71355 0.27097
0.73935 0.27097
0.76516 0.27097
0.79097 0.27097
0.81677 0.27097
0.84258 0.26968
0.85806 0.28129
0.88 0.29032
0.87871 0.26839
0.89419 0.24645
0.9071 0.22839
0.92516 0.22065
0.94323 0.20516
0.96903 0.18581
0.98194 0.16
0.96516 0.14968
0.97161 0.12645
0.99097 0.13032
1 0.11097
0.98839 0.094194
0.97032 0.08
0.95871 0.054194
0.93548 0.033548
0.90968 0.023226
0.88387 0.016774
0.85806 0.0064516
0.83226 0.003871
0.80645 0.010323
0.78065 0.024516
0.76 0.047742
0.74065 0.061935
0.71484 0.060645
0.68903 0.061935
0.66323 0.061935
0.63742 0.059355
0.61161 0.056774
0.58581 0.056774
0.56 0.055484
0.53419 0.055484
0.50839 0.055484
0.48258 0.055484
0.45677 0.055484
0.43097 0.055484
0.40516 0.055484
0.37935 0.055484
0.35355 0.055484
0.32774 0.055484
0.30323 0.051613
0.28129 0.030968
0.25548 0.021935
0.22968 0.019355
0.20387 0.010323
0.17806 0
0.15226 0
0.12645 0.0051613
0.10323 0.027097
0.086452 0.052903
0.061935 0.055484
0.036129 0.058065
0.011613 0.076129
0.003871 0.094194
0 0.12
0 0.14581
0.003871 0.17161
0.015484 0.19613
0.021935 0.20387
# triangles
94 97 98
94 98 99
20 21 22
95 96 97
94 95 97
32 33 74
22 32 78
53 54 55
53 55 56
53 56 57
62 63 64
90 91 92
57 58 59
36 37 69
33 71 72
33 34 71
33 72 73
33 73 74
32 75 76
32 74 75
93 94 99
2 93 99
13 14 84
2 13 84
50 51 52
41 47 67
41 42 47
52 53 60
57 59 60
53 57 60
38 39 67
37 38 67
20 79 80
20 22 79
22 78 79
2 84 87
84 86 87
2 87 93
32 76 77
32 77 78
84 85 86
14 15 84
15 83 84
37 67 68
37 68 69
36 69 70
35 36 70
34 70 71
34 35 70
22 23 32
23 24 32
25 26 30
25 30 31
24 25 31
24 31 32
4 8 9
2 11 12
2 12 13
39 40 67
40 41 67
49 50 52
47 49 52
47 52 61
52 60 61
61 62 64
87 88 93
88 92 93
88 89 90
88 90 92
17 82 83
19 20 80
19 80 81
16 17 83
15 16 83
47 66 67
47 61 66
64 65 66
61 64 66
26 27 30
27 28 29
27 29 30
4 5 8
5 6 7
5 7 8
0 1 101
1 100 101
1 99 100
1 2 99
4 9 10
42 46 47
18 19 81
18 81 82
17 18 82
2 3 11
3 10 11
3 4 10
42 43 45
42 45 46
43 44 45
47 48 49
