# points
0.031142 0.29066
0.034602 0.30796
0.010381 0.3045
0 0.3218
0.0069204 0.34256
0.031142 0.34256
0.031142 0.3564
0.013841 0.37024
0.017301 0.39446
0.041522 0.39446
0.048443 0.41176
0.048443 0.43599
0.062284 0.46021
0.086505 0.47059
0.083045 0.49481
0.086505 0.51903
0.093426 0.54325
0.11765 0.55363
0.14187 0.56055
0.16609 0.56747
0.19031 0.56747
0.21453 0.57093
0.23875 0.57093
0.26298 0.57093
0.2872 0.57093
0.31142 0.56747
0.33564 0.56401
0.35986 0.55709
0.38408 0.55363
0.4083 0.55017
0.43253 0.54325
0.45675 0.53633
0.48097 0.52941
0.50519 0.52249
0.52941 0.51557
0.55017 0.50519
0.57439 0.49135
0.57785 0.46713
0.58131 0.44291
0.59516 0.42215
0.61938 0.41176
0.6436 0.39792
0.66782 0.38754
0.69204 0.37716
0.71626 0.36678
0.74048 0.35294
0.76471 0.34256
0.78893 0.32526
0.80277 0.30104
0.82699 0.29066
0.84429 0.3045
0.86851 0.29758
0.89273 0.29412
0.91696 0.28374
0.94118 0.26298
0.9481 0.23875
0.93426 0.21799
0.93772 0.20069
0.96194 0.21799
0.98616 0.22837
1 0.21453
0.99654 0.19031
0.97232 0.17301
0.9481 0.15917
0.9308 0.14187
0.90657 0.11765
0.88235 0.10381
0.85813 0.096886
0.83391 0.096886
0.80969 0.10035
0.78547 0.089965
0.76125 0.079585
0.73702 0.069204
0.7128 0.062284
0.68858 0.058824
0.67128 0.041522
0.65398 0.017301
0.62976 0.0034602
0.60554 0
0.58131 0
0.55709 0.010381
0.53633 0.034602
0.52595 0.058824
0.51903 0.083045
0.51211 0.10727
0.51211 0.13149
0.51557 0.15571
0.49135 0.15225
0.46713 0.14879
0.44291 0.14879
0.41869 0.15917
0.39446 0.16263
0.37024 0.16609
0.34602 0.17301
0.3218 0.18339
0.29758 0.19031
0.27336 0.20069
0.24913 0.21107
0.22491 0.21799
0.20069 0.22837
0.17647 0.20761
0.15225 0.19723
0.12803 0.19723
0.10381 0.21107
0.086505 0.22837
0.076125 0.2526
0.069204 0.27682
0.048443 0.28028
0.024221 0.27336
0.024221 0.2872
0.031142 0.29066
# triangles
13 20 21
11 12 13
15 16 17
13 18 20
18 19 20
30 31 94
53 54 56
52 53 56
78 81 82
40 41 86
42 43 86
41 42 86
14 15 17
14 17 18
13 14 18
28 30 94
27 28 96
43 44 86
44 45 86
54 55 56
101 102 103
78 79 80
78 80 81
23 25 99
13 22 99
22 23 99
13 21 22
58 61 62
58 60 61
58 59 60
45 74 86
51 52 56
49 51 56
49 50 51
46 47 48
45 46 48
45 48 74
88 89 90
31 93 94
38 39 90
39 40 86
38 90 91
31 38 91
31 91 93
91 92 93
28 94 95
28 95 96
25 98 99
31 32 38
32 33 38
23 24 25
99 105 106
10 11 13
10 13 99
10 99 106
1 2 3
1 106 107
57 58 62
48 49 69
74 85 86
83 84 85
74 83 85
48 72 73
48 73 74
87 88 90
39 86 87
39 87 90
75 82 83
74 75 83
75 78 82
75 77 78
100 101 103
99 100 105
100 103 105
35 36 37
33 34 38
28 29 30
103 104 105
6 9 106
9 10 106
7 8 9
6 7 9
3 4 5
1 3 5
5 6 106
1 5 106
0 108 109
0 107 108
0 1 107
57 62 63
57 63 64
48 71 72
75 76 77
27 96 97
25 97 98
26 27 97
25 26 97
57 64 65
57 65 66
48 69 70
48 70 71
56 57 68
57 66 68
49 56 68
49 68 69
66 67 68
34 35 37
34 37 38
