# points
0.021978 0.27747
0.027473 0.3022
0.024725 0.32692
0.024725 0.35165
0.043956 0.37088
0.068681 0.37363
0.093407 0.37912
0.11813 0.37912
0.14286 0.38187
0.16758 0.38187
0.19231 0.38187
0.21703 0.38187
0.24176 0.38187
0.26648 0.38462
0.29121 0.38736
0.31593 0.38736
0.34066 0.38736
0.36538 0.38736
0.39011 0.38462
0.41484 0.38462
0.43956 0.38462
0.46429 0.38187
0.48901 0.38187
0.51374 0.37912
0.53846 0.37637
0.56319 0.37363
0.58791 0.36813
0.61264 0.36264
0.60714 0.35165
0.60714 0.32692
0.60714 0.3022
0.60989 0.27747
0.63187 0.27473
0.65659 0.26923
0.68132 0.26923
0.70604 0.26923
0.73077 0.26923
0.75549 0.26648
0.78022 0.26648
0.80495 0.26648
0.82967 0.26648
0.8544 0.26648
0.87912 0.25275
0.89011 0.22802
0.91484 0.22527
0.93956 0.22527
0.95055 0.20055
0.96429 0.18407
0.98901 0.17308
0.98901 0.16209
0.99451 0.14011
1 0.11538
1 0.090659
0.99176 0.065934
0.97527 0.041209
0.95604 0.03022
0.93407 0.021978
0.90934 0.024725
0.88462 0.035714
0.86264 0.046703
0.84341 0.03022
0.82418 0.010989
0.79945 0
0.77473 0
0.75 0.0082418
0.72802 0.024725
0.71154 0.049451
0.70055 0.071429
0.67582 0.071429
0.6511 0.074176
0.62637 0.068681
0.60165 0.068681
0.57692 0.068681
0.5522 0.068681
0.52747 0.068681
0.50275 0.068681
0.47802 0.068681
0.4533 0.068681
0.42857 0.068681
0.40385 0.068681
0.37912 0.071429
0.3544 0.074176
0.33242 0.057692
0.30769 0.049451
0.28297 0.046703
0.25824 0.057692
0.23352 0.074176
0.20879 0.07967
0.18407 0.076923
0.15934 0.074176
0.1456 0.049451
0.12088 0.032967
0.096154 0.03022
0.071429 0.035714
0.049451 0.057692
0.038462 0.082418
0.035714 0.10714
0.024725 0.12912
0.021978 0.1044
0 0.096154
0.0054945 0.12088
0.0082418 0.1456
0.0054945 0.17033
0.0054945 0.19505
0.019231 0.21978
0.027473 0.24176
0.024725 0.26648
0.021978 0.27747
# triangles
51 52 58
52 53 58
53 55 58
53 54 55
50 51 58
12 86 87
14 15 81
15 16 81
18 80 81
19 79 80
18 19 80
16 17 81
17 18 81
97 100 101
2 3 4
2 4 5
98 99 100
97 98 100
92 93 94
55 57 58
55 56 57
10 11 87
11 12 87
12 13 86
13 14 81
13 81 86
9 10 87
89 94 95
89 92 94
89 90 92
1 5 6
1 2 5
89 96 97
89 95 96
90 91 92
83 84 85
81 82 85
81 85 86
82 83 85
40 41 43
41 42 43
47 50 58
47 58 59
26 27 28
23 24 30
59 60 67
60 64 65
60 63 64
37 38 67
20 21 78
19 78 79
19 20 78
1 6 7
8 9 105
7 8 105
9 87 105
39 40 43
39 43 59
38 39 67
39 59 67
47 48 49
47 49 50
44 45 46
43 44 46
43 46 59
46 47 59
26 28 29
25 26 29
24 25 30
25 29 30
31 72 73
31 73 74
31 71 72
31 74 75
31 75 76
23 30 31
60 66 67
60 65 66
34 35 67
34 67 68
33 34 69
34 68 69
61 62 63
60 61 63
35 36 67
36 37 67
21 77 78
21 31 77
31 76 77
97 101 102
1 7 106
7 105 106
87 88 105
88 89 105
89 97 104
89 104 105
97 102 104
102 103 104
21 22 31
22 23 31
32 70 71
31 32 71
32 69 70
32 33 69
0 1 106
