# points
0.11622 0.25676
0.12162 0.28108
0.14595 0.29459
0.17027 0.3
0.19459 0.3027
0.21892 0.3027
0.24324 0.3027
0.26757 0.3027
0.29189 0.3
0.31622 0.3027
0.34054 0.3027
0.36486 0.2973
0.38919 0.3
0.38919 0.32432
0.38919 0.34865
0.38919 0.37297
0.39459 0.39189
0.41892 0.3973
0.44324 0.4027
0.46757 0.4027
0.49189 0.40811
0.51622 0.40811
0.54054 0.41081
0.56486 0.41351
0.58919 0.41351
0.61351 0.41351
0.63784 0.41351
0.66216 0.41351
0.68649 0.41351
0.71081 0.41351
0.73514 0.41351
0.75946 0.41351
0.78378 0.41351
0.80811 0.41351
0.83243 0.41351
0.85676 0.41351
0.88108 0.40811
0.8973 0.38649
0.9 0.36216
0.9027 0.33784
0.9027 0.31351
0.9 0.28919
0.90541 0.26757
0.92432 0.25676
0.94865 0.24865
0.97297 0.23243
0.98108 0.20811
0.98919 0.18378
0.99189 0.15946
0.9973 0.13514
1 0.11081
0.99459 0.094595
0.97027 0.097297
0.95135 0.086486
0.94054 0.062162
0.92432 0.037838
0.9 0.024324
0.87568 0.021622
0.85135 0.027027
0.82703 0.040541
0.81081 0.064865
0.79189 0.067568
0.76757 0.062162
0.74324 0.054054
0.71892 0.056757
0.69459 0.064865
0.67027 0.062162
0.64595 0.059459
0.62162 0.062162
0.5973 0.062162
0.57297 0.062162
0.54865 0.062162
0.52432 0.062162
0.5 0.062162
0.47568 0.062162
0.45135 0.062162
0.42703 0.062162
0.4027 0.064865
0.37838 0.064865
0.35405 0.064865
0.32973 0.067568
0.30541 0.067568
0.28108 0.07027
0.26757 0.056757
0.25135 0.032432
0.23243 0.013514
0.20811 0.0027027
0.18378 0
0.15946 0.0054054
0.13514 0.021622
0.11351 0.040541
0.089189 0.035135
0.064865 0.040541
0.040541 0.051351
0.021622 0.075676
0.013514 0.1
0.013514 0.12432
0.010811 0.14595
0 0.17027
0.016216 0.19189
0.040541 0.19459
0.064865 0.2
0.072973 0.22432
0.097297 0.23514
0.11351 0.24595
0.11622 0.25676
# triangles
8 81 82
5 82 104
92 93 94
90 91 92
92 94 95
90 92 96
92 95 96
87 88 89
19 20 21
5 6 82
90 96 101
83 89 90
83 90 104
82 83 104
50 51 52
28 29 65
12 75 76
12 74 75
12 19 21
12 71 72
12 21 22
12 22 71
7 8 82
6 7 82
0 1 2
0 3 104
0 2 3
90 103 104
90 101 103
96 97 101
83 84 89
35 36 37
35 37 38
34 35 38
34 38 39
29 30 65
49 50 52
54 57 58
54 55 56
54 56 57
27 28 65
25 26 68
24 25 69
25 68 69
53 54 60
42 60 61
58 59 60
54 58 60
12 73 74
12 72 73
12 77 78
12 76 77
11 12 78
12 13 19
4 5 104
3 4 104
101 102 103
97 100 101
86 87 89
84 86 89
41 42 65
30 41 65
32 33 41
33 40 41
33 34 39
33 39 40
23 24 70
24 69 70
22 23 70
22 70 71
26 27 66
26 66 68
27 65 66
42 62 65
42 61 62
66 67 68
8 9 81
9 80 81
9 11 80
9 10 11
11 78 79
11 79 80
97 98 99
97 99 100
84 85 86
44 45 46
48 52 53
47 48 53
48 49 52
31 32 41
30 31 41
42 43 60
43 53 60
43 44 46
43 47 53
43 46 47
62 64 65
62 63 64
14 17 18
14 15 17
15 16 17
13 14 19
14 18 19
