# points
0.040107 0.17647
0.064171 0.19519
0.080214 0.2139
0.088235 0.23529
0.1123 0.22727
0.12834 0.23797
0.13904 0.26203
0.1631 0.27273
0.18717 0.27273
0.21123 0.27273
0.23529 0.27273
0.25936 0.2754
0.28342 0.2754
0.30749 0.2754
0.33155 0.2754
0.35561 0.2754
0.37701 0.28075
0.37968 0.30481
0.38235 0.32888
0.40642 0.34225
0.43048 0.34492
0.45455 0.34759
0.47861 0.35027
0.50267 0.35561
0.52674 0.35561
0.5508 0.35829
0.57487 0.35829
0.59893 0.35829
0.62299 0.36096
0.64706 0.36096
0.67112 0.36096
0.69519 0.36364
0.71925 0.36096
0.74332 0.36096
0.76738 0.35829
0.79144 0.35829
0.81551 0.35294
0.83957 0.34492
0.86364 0.33155
0.87968 0.31016
0.8877 0.2861
0.89037 0.26203
0.89572 0.24064
0.91979 0.24064
0.94385 0.23529
0.95187 0.21123
0.95455 0.18717
0.96257 0.16845
0.96524 0.14706
0.96524 0.12299
0.98128 0.10963
1 0.09893
0.9893 0.080214
0.96524 0.074866
0.94118 0.080214
0.91711 0.080214
0.90107 0.069519
0.89305 0.045455
0.87433 0.02139
0.85294 0.0053476
0.82888 0
0.80481 0.0026738
0.78075 0.018717
0.76203 0.040107
0.74599 0.053476
0.7246 0.050802
0.70588 0.026738
0.68182 0.02139
0.65775 0.018717
0.63369 0.024064
0.60963 0.042781
0.59626 0.066845
0.57219 0.066845
0.54813 0.064171
0.52406 0.064171
0.5 0.061497
0.47594 0.061497
0.45187 0.061497
0.42781 0.061497
0.40374 0.064171
0.37968 0.061497
0.35561 0.061497
0.33422 0.050802
0.31818 0.026738
0.29412 0.0080214
0.27005 0.0026738
0.24599 0.0053476
0.22193 0.010695
0.19786 0.024064
0.17914 0.045455
0.16043 0.037433
0.13636 0.018717
0.1123 0.016043
0.088235 0.018717
0.064171 0.029412
0.042781 0.045455
0.032086 0.069519
0.026738 0.093583
0.0053476 0.10428
0 0.12567
0.02139 0.13102
0.040107 0.13636
0.024064 0.14973
0.040107 0.1738
0.040107 0.17647
# triangles
67 68 71
29 30 71
26 27 71
16 17 20
16 20 21
17 18 19
17 19 20
37 38 39
37 39 40
30 31 32
94 95 96
94 96 101
98 99 100
34 35 36
34 42 64
33 34 64
32 33 64
1 4 89
1 89 101
68 70 71
68 69 70
16 21 22
28 29 71
27 28 71
12 81 82
10 82 89
9 10 89
34 41 42
34 36 41
37 40 41
36 37 41
96 97 101
97 100 101
97 98 100
2 3 4
1 2 4
58 59 60
42 55 56
42 56 64
30 32 65
32 64 65
30 65 71
65 67 71
65 66 67
26 71 72
25 26 72
24 25 72
24 72 73
22 23 24
16 78 79
16 75 76
14 15 81
15 80 81
15 16 79
15 79 80
12 13 81
13 14 81
11 12 82
10 11 82
83 84 85
1 101 103
0 1 103
101 102 103
58 60 62
60 61 62
49 54 55
49 53 54
50 52 53
49 50 53
50 51 52
43 44 45
42 43 45
83 85 86
82 83 86
82 86 89
86 87 89
16 76 77
16 77 78
24 73 74
22 24 74
16 22 74
16 74 75
5 8 9
4 5 89
5 9 89
5 6 7
5 7 8
56 63 64
56 57 63
57 58 63
58 62 63
48 49 55
47 48 55
42 45 46
42 46 55
46 47 55
87 88 89
89 90 101
90 91 92
90 92 93
90 93 94
90 94 101
