# points
0.055412 0.20361
0.074742 0.21778
0.091495 0.22809
0.10567 0.24356
0.11985 0.26675
0.12113 0.28737
0.14304 0.28351
0.15593 0.26933
0.1817 0.27062
0.20747 0.27062
0.23325 0.27062
0.25902 0.27062
0.28479 0.27062
0.31057 0.27062
0.33634 0.27191
0.36211 0.27191
0.38789 0.27062
0.40979 0.27706
0.41108 0.2951
0.40851 0.32088
0.38402 0.32732
0.37113 0.33505
0.39691 0.34021
0.42268 0.34665
0.44845 0.34923
0.47423 0.35052
0.5 0.35309
0.52577 0.35567
0.55155 0.36082
0.57732 0.35954
0.60309 0.35954
0.62887 0.35954
0.65464 0.35954
0.68041 0.35954
0.70619 0.35954
0.73196 0.35954
0.75773 0.35954
0.78351 0.35954
0.80928 0.35825
0.83505 0.35825
0.86082 0.35567
0.8866 0.35052
0.91237 0.34407
0.9317 0.32603
0.93299 0.30026
0.9317 0.27448
0.93041 0.24871
0.93041 0.22294
0.94974 0.21521
0.97552 0.20619
0.99356 0.1817
1 0.15593
1 0.13015
0.99742 0.10438
0.99227 0.085052
0.97423 0.063144
0.94845 0.055412
0.92268 0.054124
0.90464 0.037371
0.88402 0.011598
0.85825 0
0.83247 0
0.8067 0.003866
0.78093 0.016753
0.75515 0.01933
0.72938 0.025773
0.70619 0.041237
0.68299 0.055412
0.65722 0.055412
0.63144 0.055412
0.60567 0.055412
0.5799 0.055412
0.55412 0.055412
0.52835 0.055412
0.50258 0.055412
0.4768 0.055412
0.45103 0.056701
0.42526 0.055412
0.39948 0.056701
0.37371 0.059278
0.34794 0.061856
0.32216 0.061856
0.29639 0.061856
0.27062 0.061856
0.24613 0.05799
0.22938 0.032216
0.2049 0.014175
0.17912 0.0051546
0.15335 0.003866
0.12758 0.012887
0.1018 0.021907
0.076031 0.028351
0.051546 0.045103
0.034794 0.069588
0.023196 0.091495
0 0.10052
0.0012887 0.12629
0.020619 0.12629
0.037371 0.14175
0.020619 0.14948
0.024485 0.17526
0.04768 0.19845
0.055412 0.20361
# triangles
17 27 72
52 53 57
10 11 83
2 8 84
10 83 84
53 56 57
54 55 56
53 54 56
40 41 45
4 5 6
84 85 86
11 12 83
13 14 81
16 17 77
16 77 78
16 78 79
87 88 89
86 87 89
84 86 89
9 10 84
8 9 84
17 72 73
17 73 74
17 74 75
31 69 70
32 33 68
32 68 69
31 32 69
47 66 67
36 47 67
35 36 67
34 35 67
33 67 68
33 34 67
42 43 44
41 42 44
41 44 45
38 46 47
38 39 46
39 40 46
40 45 46
2 3 8
4 6 7
3 7 8
3 4 7
19 23 24
17 26 27
17 25 26
47 63 66
47 57 63
57 58 63
12 82 83
13 81 82
12 13 82
14 80 81
14 15 80
15 16 80
16 79 80
18 19 24
17 18 25
18 24 25
94 95 97
95 96 97
2 84 98
1 2 98
93 94 98
94 97 98
0 1 98
0 98 101
98 99 100
98 100 101
17 76 77
17 75 76
30 31 70
30 70 71
36 37 47
37 38 47
59 60 61
58 59 61
61 62 63
58 61 63
48 49 50
48 50 51
48 51 52
48 52 57
47 48 57
19 22 23
64 65 66
63 64 66
90 93 98
84 89 90
84 90 98
90 91 92
90 92 93
29 30 71
27 28 29
27 29 72
29 71 72
20 21 22
19 20 22
