# points
0.014946 0.22418
0.017663 0.25272
0.021739 0.28125
0.021739 0.30978
0.02038 0.33832
0.02038 0.36685
0.017663 0.39538
0.02038 0.42391
0.04212 0.44158
0.070652 0.44429
0.099185 0.44429
0.12772 0.44565
0.15625 0.44701
0.18478 0.44701
0.21332 0.44701
0.24185 0.44837
0.27038 0.44837
0.29891 0.44837
0.32745 0.44701
0.35598 0.44701
0.38451 0.44701
0.41304 0.44565
0.44158 0.44429
0.47011 0.44293
0.49864 0.44022
0.52717 0.4375
0.55571 0.43478
0.58424 0.42935
0.61277 0.42391
0.6413 0.41712
0.66984 0.40489
0.64946 0.39674
0.62228 0.38995
0.62092 0.36141
0.62092 0.33288
0.6413 0.33832
0.64946 0.3288
0.67799 0.32745
0.70652 0.32745
0.73505 0.32745
0.76359 0.32745
0.79212 0.32745
0.82065 0.32609
0.83967 0.33696
0.85598 0.31929
0.87772 0.2962
0.88451 0.28125
0.91304 0.28804
0.93207 0.27038
0.94429 0.24728
0.97147 0.23505
0.99457 0.2106
1 0.18207
0.97554 0.18207
0.99049 0.15353
0.99592 0.125
0.99321 0.096467
0.98234 0.067935
0.95788 0.043478
0.93207 0.028533
0.90353 0.027174
0.875 0.033967
0.84783 0.054348
0.83016 0.036685
0.80707 0.014946
0.77853 0.0013587
0.75 0
0.72147 0.01087
0.69429 0.028533
0.67391 0.054348
0.66304 0.08288
0.63859 0.092391
0.62364 0.10462
0.59647 0.097826
0.56793 0.095109
0.5394 0.09375
0.51087 0.095109
0.48234 0.096467
0.45788 0.097826
0.42935 0.097826
0.40082 0.10054
0.37364 0.097826
0.35462 0.074728
0.33016 0.059783
0.30163 0.054348
0.2731 0.058424
0.24592 0.076087
0.22826 0.10054
0.19973 0.099185
0.1875 0.07337
0.16576 0.046196
0.14266 0.033967
0.11413 0.03125
0.085598 0.038043
0.059783 0.059783
0.044837 0.088315
0.028533 0.11005
0 0.11549
0.0027174 0.14402
0.0095109 0.17255
0.013587 0.20109
0.014946 0.22418
# triangles
56 57 58
56 58 62
55 56 62
29 30 31
29 31 32
3 11 12
2 3 13
3 12 13
46 49 62
46 47 48
46 48 49
58 59 60
58 60 62
49 53 62
49 50 53
51 52 53
50 51 53
2 13 88
13 14 88
17 18 81
18 19 81
65 66 67
64 65 67
3 4 11
4 10 11
4 5 10
5 9 10
60 61 62
54 55 62
53 54 62
34 75 76
34 74 75
38 39 70
37 38 72
38 70 72
39 40 70
40 62 70
40 41 46
40 46 62
34 76 77
21 22 80
22 79 80
20 21 80
19 80 81
19 20 80
28 29 32
27 28 32
36 37 72
34 36 72
34 35 36
34 72 73
34 73 74
24 25 34
23 24 34
5 6 9
6 7 8
6 8 9
41 42 46
42 45 46
42 44 45
42 43 44
84 85 86
88 89 95
17 81 87
81 82 87
16 17 87
84 86 87
15 16 87
83 84 87
82 83 87
14 15 87
14 87 88
0 88 100
92 93 94
89 92 94
89 94 95
88 95 96
96 97 98
63 68 69
63 64 67
63 67 68
62 63 70
63 69 70
34 77 78
23 34 78
22 23 78
22 78 79
70 71 72
25 33 34
27 32 33
26 27 33
25 26 33
90 91 92
89 90 92
1 2 88
0 1 88
88 99 100
88 96 99
96 98 99
