# points
0.032698 0.22162
0.049046 0.24523
0.076294 0.26158
0.10445 0.26975
0.12897 0.27884
0.15077 0.27157
0.16076 0.29973
0.17711 0.31698
0.16167 0.3297
0.18438 0.33515
0.19982 0.31335
0.22434 0.31153
0.2525 0.31426
0.28065 0.31698
0.30881 0.3188
0.33697 0.32153
0.36512 0.32334
0.38783 0.33061
0.39782 0.34423
0.39782 0.37239
0.38147 0.38692
0.35332 0.39055
0.37421 0.40963
0.40236 0.41962
0.43052 0.42507
0.45867 0.4287
0.48683 0.43143
0.51499 0.43415
0.54314 0.43688
0.5713 0.43869
0.59946 0.4396
0.62761 0.44051
0.65577 0.44142
0.68392 0.44142
0.71208 0.44142
0.74024 0.44051
0.76839 0.4396
0.79655 0.43778
0.8247 0.43506
0.85286 0.43143
0.88102 0.42688
0.90917 0.41871
0.9346 0.40236
0.94187 0.37421
0.94187 0.34605
0.94187 0.3188
0.94096 0.29064
0.9555 0.26249
0.96185 0.23433
0.98728 0.23161
0.99637 0.21072
0.99364 0.18529
0.96549 0.18983
0.97094 0.1753
0.99364 0.17711
0.99637 0.15895
0.99364 0.14714
1 0.13442
0.98002 0.14532
0.96276 0.1317
0.94187 0.12716
0.93097 0.099001
0.90917 0.075386
0.88102 0.064487
0.85286 0.064487
0.8247 0.077203
0.80472 0.10263
0.78292 0.11172
0.75477 0.10899
0.72661 0.10718
0.69846 0.10536
0.6703 0.10173
0.64214 0.099001
0.61399 0.096276
0.58583 0.09446
0.55767 0.091735
0.52952 0.089918
0.50136 0.087193
0.47321 0.086285
0.44505 0.087193
0.41689 0.092643
0.38965 0.10808
0.36149 0.10445
0.33333 0.099909
0.32516 0.074478
0.31426 0.046322
0.29428 0.021798
0.26612 0.0045413
0.23797 0
0.20981 0.0027248
0.18256 0.017257
0.16076 0.044505
0.14896 0.06812
0.12443 0.060854
0.096276 0.061762
0.06812 0.071753
0.042688 0.096276
0.019982 0.11898
0 0.14169
0.0045413 0.16712
0.022707 0.16076
0.032698 0.17984
0.035422 0.20436
0.032698 0.22162
# triangles
88 89 90
5 92 101
5 83 92
18 28 75
16 17 81
17 78 81
98 99 100
97 98 100
1 2 102
0 1 102
32 33 70
63 64 66
48 66 67
29 30 73
5 11 83
18 25 26
29 73 74
28 74 75
28 29 74
17 77 78
86 87 88
18 19 25
19 24 25
20 21 22
88 90 91
86 88 91
92 96 101
92 94 96
94 95 96
96 100 101
96 97 100
3 4 5
2 3 102
3 5 101
3 101 102
31 32 71
32 70 71
64 65 66
11 12 83
7 8 9
18 27 28
18 26 27
78 79 81
79 80 81
85 86 91
17 76 77
18 75 76
17 18 76
19 23 24
19 20 23
20 22 23
92 93 94
46 48 67
37 46 67
31 71 72
30 31 72
30 72 73
35 68 69
13 14 83
12 13 83
6 7 10
5 10 11
5 6 10
7 9 10
83 84 92
84 91 92
84 85 91
36 37 67
36 67 68
35 36 68
46 47 48
48 52 66
52 60 66
50 51 52
61 63 66
60 61 66
34 35 69
33 34 70
34 69 70
16 81 82
15 16 82
14 82 83
14 15 82
41 42 43
40 41 43
40 43 44
39 40 44
56 57 58
55 56 58
53 55 58
53 54 55
53 58 59
52 53 60
53 59 60
61 62 63
37 38 46
48 49 52
49 50 52
39 44 45
38 45 46
38 39 45
