# points
0.0055556 0.225
0.0027778 0.24722
0 0.26944
0 0.29167
0.011111 0.31389
0.027778 0.33333
0.05 0.33889
0.072222 0.34444
0.094444 0.34722
0.11667 0.34444
0.13889 0.34722
0.16111 0.34722
0.18333 0.35278
0.20556 0.35278
0.22778 0.35556
0.25 0.35556
0.27222 0.35833
0.29444 0.35833
0.31667 0.36111
0.33889 0.36111
0.36111 0.36389
0.38333 0.36389
0.40556 0.36667
0.42778 0.36667
0.45 0.36667
0.47222 0.36944
0.49444 0.37222
0.51667 0.37222
0.53889 0.375
0.56111 0.375
0.58333 0.37778
0.60556 0.38056
0.62778 0.38056
0.65 0.38333
0.67222 0.38333
0.69444 0.38611
0.71667 0.38889
0.73889 0.38889
0.76111 0.39167
0.78333 0.39167
0.80556 0.39444
0.82778 0.39722
0.85 0.39722
0.87222 0.4
0.89444 0.4
0.91667 0.40278
0.93889 0.40278
0.96111 0.40556
0.98333 0.38889
0.99167 0.36667
1 0.34444
1 0.32222
0.97778 0.30278
0.95833 0.28611
0.93611 0.28611
0.91389 0.28333
0.89167 0.27222
0.86944 0.26667
0.84722 0.26389
0.825 0.26667
0.80278 0.275
0.78056 0.275
0.75833 0.26944
0.73611 0.26944
0.71389 0.27778
0.69167 0.275
0.66944 0.25556
0.64722 0.24167
0.63889 0.21944
0.62778 0.19722
0.60556 0.18889
0.58333 0.19167
0.56111 0.19722
0.53889 0.2
0.51667 0.2
0.5 0.18333
0.49444 0.16111
0.48889 0.13889
0.48611 0.11667
0.475 0.094444
0.46667 0.072222
0.45556 0.05
0.44722 0.027778
0.43056 0.0083333
0.40833 0
0.38611 0
0.36389 0
0.34167 0
0.31944 0
0.29722 0
0.275 0
0.25278 0.0027778
0.23056 0.0027778
0.20833 0.0027778
0.18611 0.0055556
0.16389 0.0055556
0.14167 0.0055556
0.11944 0.0083333
0.097222 0.0083333
0.075 0.011111
0.052778 0.011111
0.030556 0.022222
0.019444 0.044444
0.016667 0.066667
0.019444 0.088889
0.016667 0.11111
0.013889 0.13333
0.011111 0.15556
0.011111 0.17778
0.0083333 0.2
0.0055556 0.22222
0.0055556 0.225
# triangles
100 101 102
1 2 6
1 6 7
4 5 6
2 4 6
2 3 4
38 39 61
37 38 61
35 64 65
49 50 52
50 51 52
37 61 62
24 25 74
25 26 74
17 88 89
43 44 55
45 54 55
44 45 55
18 19 76
33 34 65
34 35 65
36 37 64
35 36 64
52 53 54
80 81 86
37 63 64
37 62 63
32 33 65
32 65 66
7 8 9
1 7 9
17 77 88
18 76 77
17 18 77
43 55 56
42 43 56
45 46 54
46 49 52
46 52 54
46 47 48
46 48 49
40 41 60
39 60 61
39 40 60
23 24 74
21 22 75
23 74 75
22 23 75
19 75 76
20 21 75
19 20 75
81 85 86
82 84 85
81 82 85
68 69 70
68 70 71
29 72 73
16 17 91
77 79 88
77 78 79
82 83 84
42 57 58
42 56 57
41 42 59
41 59 60
42 58 59
11 13 94
11 12 13
27 73 74
26 27 74
15 16 91
13 93 94
79 87 88
80 86 87
79 80 87
28 29 73
27 28 73
32 66 67
31 32 67
29 67 72
67 71 72
67 68 71
13 92 93
13 14 92
14 15 92
15 91 92
29 30 67
30 31 67
99 103 104
98 99 104
99 100 102
99 102 103
97 98 104
97 104 105
95 96 106
17 89 90
17 90 91
0 1 9
10 11 108
11 94 108
94 95 108
95 106 107
95 107 108
0 9 109
0 109 110
9 10 109
10 108 109
97 105 106
96 97 106
