# points
0.0029326 0.20235
0.0087977 0.22287
0.0087977 0.2434
0.017595 0.26393
0.026393 0.28446
0.038123 0.30499
0.055718 0.32551
0.076246 0.34311
0.096774 0.35777
0.1173 0.36657
0.13783 0.37537
0.15836 0.38123
0.17889 0.38416
0.19941 0.38416
0.21994 0.38416
0.24047 0.3783
0.261 0.37243
0.28152 0.36364
0.30205 0.35191
0.32258 0.33431
0.34018 0.31378
0.35191 0.29326
0.36364 0.27273
0.38123 0.25513
0.40176 0.2522
0.42229 0.2522
0.44282 0.25513
0.46334 0.25513
0.48387 0.25513
0.5044 0.25513
0.52493 0.25513
0.54545 0.25513
0.56598 0.25513
0.58651 0.25513
0.60704 0.2522
0.62757 0.2522
0.64809 0.2522
0.66862 0.2522
0.68915 0.2522
0.70968 0.2522
0.73021 0.2522
0.75073 0.2522
0.77126 0.2522
0.79179 0.2522
0.81232 0.2522
0.83284 0.2522
0.85337 0.2522
0.8739 0.24927
0.89443 0.24927
0.91496 0.24927
0.93548 0.24927
0.95601 0.24633
0.97067 0.22581
0.98534 0.20528
0.99413 0.18475
1 0.16422
0.97947 0.14956
0.95894 0.14076
0.93842 0.12903
0.91789 0.11437
0.89736 0.11144
0.87683 0.11144
0.8563 0.11144
0.83578 0.11144
0.81525 0.11437
0.79472 0.12317
0.77419 0.1349
0.75367 0.13196
0.73314 0.12903
0.71261 0.1349
0.69208 0.1349
0.67155 0.13783
0.65103 0.13783
0.6305 0.14076
0.60997 0.1349
0.58944 0.1261
0.56891 0.12317
0.54839 0.12023
0.52786 0.11144
0.50733 0.10557
0.4868 0.099707
0.46921 0.079179
0.44868 0.070381
0.42815 0.070381
0.40762 0.070381
0.3871 0.070381
0.36657 0.070381
0.34604 0.067449
0.32551 0.052786
0.30499 0.041056
0.28446 0.029326
0.26393 0.014663
0.2434 0.0058651
0.22287 0.0029326
0.20235 0
0.18182 0
0.16129 0.0029326
0.14076 0.0087977
0.12023 0.017595
0.099707 0.026393
0.079179 0.038123
0.058651 0.058651
0.041056 0.073314
0.026393 0.093842
0.014663 0.11437
0.0087977 0.1349
0.0029326 0.15543
0 0.17595
0.0029326 0.19648
0.0029326 0.20235
# triangles
4 5 6
1 2 3
1 3 4
17 19 21
103 104 105
54 55 56
1 101 105
1 98 101
98 99 101
99 100 101
101 102 103
101 103 105
53 54 56
32 75 76
32 74 75
93 96 97
46 62 63
17 18 19
1 4 7
4 6 7
16 17 21
19 20 21
0 1 108
1 105 108
105 106 108
106 107 108
58 59 60
1 21 90
1 90 98
50 51 52
31 32 76
23 24 85
27 28 80
41 42 66
39 40 69
38 39 70
39 69 70
32 33 74
1 7 9
1 9 21
7 8 9
53 56 57
52 53 57
49 57 58
49 50 52
49 52 57
21 22 90
22 23 87
22 87 88
38 70 71
24 84 85
24 25 84
90 91 93
31 76 77
30 31 77
29 30 77
29 77 78
25 26 80
26 27 80
23 85 86
23 86 87
46 47 62
47 61 62
42 43 66
43 44 66
45 63 64
45 46 63
41 66 67
40 41 67
67 68 69
40 67 69
36 72 73
15 16 21
9 15 21
22 88 89
22 89 90
80 81 83
81 82 83
25 80 83
25 83 84
91 92 93
28 79 80
28 29 79
29 78 79
48 49 58
48 58 60
48 60 61
47 48 61
44 65 66
44 45 65
45 64 65
37 38 71
37 71 72
36 37 72
34 73 74
33 34 74
9 13 15
9 10 13
13 14 15
11 12 13
10 11 13
35 36 73
34 35 73
93 94 96
94 95 96
90 97 98
90 93 97
