# points
0.010239 0.2901
0.020478 0.31058
0.030717 0.33106
0.051195 0.35154
0.071672 0.37201
0.09215 0.38908
0.11263 0.40614
0.13311 0.4198
0.15358 0.43345
0.17406 0.4471
0.19454 0.45734
0.21502 0.46758
0.23549 0.46758
0.25597 0.46758
0.27645 0.46758
0.29693 0.47099
0.31741 0.47099
0.33788 0.46416
0.35836 0.46075
0.37884 0.45392
0.39932 0.4471
0.4198 0.43345
0.43686 0.41297
0.4471 0.39249
0.45392 0.37201
0.46416 0.35154
0.48464 0.33447
0.50512 0.33447
0.5256 0.33447
0.54608 0.33447
0.56655 0.33106
0.58703 0.32765
0.60751 0.31741
0.62799 0.30375
0.64846 0.29352
0.66894 0.28669
0.68942 0.29352
0.7099 0.30717
0.73038 0.31058
0.75085 0.31058
0.77133 0.30717
0.7884 0.29693
0.80887 0.27986
0.82935 0.26621
0.84983 0.2628
0.87031 0.27304
0.89078 0.27986
0.91126 0.28669
0.93174 0.28669
0.95222 0.27986
0.9727 0.2628
0.99317 0.24573
1 0.22526
0.98976 0.20478
0.96928 0.18771
0.94881 0.17406
0.92833 0.16041
0.90785 0.16041
0.88737 0.16382
0.86689 0.16724
0.84642 0.17747
0.82594 0.18089
0.80546 0.18089
0.78498 0.17065
0.76451 0.15017
0.74403 0.14334
0.72355 0.14334
0.70307 0.157
0.68259 0.16724
0.66212 0.17406
0.64164 0.17406
0.62116 0.16724
0.60068 0.15358
0.58703 0.13311
0.56655 0.12628
0.54608 0.12628
0.5256 0.12628
0.50512 0.12287
0.48464 0.11945
0.46416 0.1058
0.45051 0.085324
0.44027 0.064846
0.42662 0.044369
0.41638 0.023891
0.39932 0.0068259
0.37884 0
0.35836 0
0.33788 0
0.31741 0
0.29693 0
0.27645 0
0.25597 0
0.23549 0
0.21502 0
0.19454 0
0.17406 0
0.15358 0
0.13311 0.010239
0.11263 0.020478
0.09215 0.03413
0.071672 0.051195
0.051195 0.068259
0.03413 0.088737
0.027304 0.10922
0.017065 0.12969
0.010239 0.15017
0.0068259 0.17065
0.003413 0.19113
0 0.2116
0.003413 0.23208
0.003413 0.25256
0.0068259 0.27304
0.010239 0.2901
# triangles
51 52 53
109 110 111
104 105 106
93 106 109
83 85 86
83 84 85
33 34 71
34 70 71
36 37 38
38 39 63
36 38 63
1 109 111
0 1 111
15 16 17
9 10 13
10 12 13
10 11 12
107 108 109
106 107 109
48 49 55
50 51 53
50 53 54
49 50 55
50 54 55
14 15 17
25 26 79
19 20 21
94 98 99
94 99 100
93 94 100
55 56 57
44 60 61
44 59 60
32 71 72
32 33 71
34 35 70
35 36 68
30 32 72
30 31 32
26 27 77
46 55 57
1 3 109
1 2 3
5 6 91
6 7 91
93 103 106
93 100 103
103 104 106
100 101 103
101 102 103
14 17 24
14 24 25
19 23 24
25 79 90
7 90 91
7 25 90
26 77 78
26 78 79
17 18 24
18 19 24
94 97 98
43 44 61
43 61 62
42 62 63
42 43 62
28 72 76
27 76 77
27 28 76
72 73 74
35 69 70
35 68 69
28 29 72
29 30 72
19 21 22
19 22 23
47 48 55
46 47 55
5 91 92
5 92 93
4 93 109
4 5 93
3 4 109
8 14 25
7 8 25
8 13 14
8 9 13
79 80 90
95 96 97
94 95 97
39 41 63
41 42 63
39 40 41
44 45 59
45 58 59
46 57 58
45 46 58
72 74 75
72 75 76
65 66 67
36 63 67
36 67 68
64 65 67
63 64 67
82 83 86
80 89 90
80 88 89
82 86 87
81 87 88
80 81 88
81 82 87
