# points
0 0.23193
0 0.25602
0.003012 0.28012
0.003012 0.30422
0.0060241 0.32831
0.018072 0.35241
0.042169 0.36747
0.066265 0.37952
0.090361 0.38855
0.11446 0.4006
0.13855 0.40964
0.16265 0.41867
0.18675 0.42771
0.21084 0.43373
0.23494 0.43976
0.25904 0.44578
0.28313 0.45181
0.30723 0.45181
0.33133 0.45181
0.35542 0.43976
0.37048 0.41867
0.37651 0.39458
0.37651 0.37048
0.37952 0.34639
0.40361 0.33735
0.42771 0.33434
0.45181 0.32831
0.46988 0.31325
0.48795 0.29819
0.51205 0.30723
0.53614 0.31024
0.56024 0.30723
0.58434 0.30422
0.60843 0.3012
0.63253 0.3012
0.65663 0.3012
0.68072 0.30422
0.70482 0.30422
0.72892 0.30723
0.75301 0.30723
0.77711 0.30422
0.8012 0.30422
0.8253 0.3012
0.8494 0.3012
0.87349 0.3012
0.89759 0.3012
0.92169 0.3012
0.94578 0.3012
0.96988 0.29518
0.99096 0.27711
1 0.25301
1 0.22892
0.9759 0.20482
0.95482 0.18072
0.93072 0.15964
0.90663 0.15663
0.88253 0.15964
0.85843 0.16265
0.83434 0.15964
0.81024 0.15964
0.78614 0.16265
0.76205 0.15964
0.73795 0.15663
0.71386 0.15663
0.68976 0.15663
0.66566 0.1506
0.64157 0.14458
0.61747 0.14458
0.59337 0.14157
0.56928 0.14157
0.54518 0.13855
0.52108 0.13554
0.49699 0.12952
0.47289 0.12651
0.4488 0.12349
0.4247 0.12349
0.4006 0.12048
0.37651 0.11446
0.36145 0.090361
0.36145 0.066265
0.35843 0.042169
0.35241 0.018072
0.32831 0.0060241
0.30422 0
0.28012 0
0.25602 0.003012
0.23193 0.0060241
0.20783 0.0090361
0.18373 0.012048
0.15964 0.021084
0.13554 0.027108
0.11145 0.036145
0.087349 0.045181
0.063253 0.054217
0.039157 0.063253
0.01506 0.078313
0.0060241 0.10241
0.003012 0.12651
0.003012 0.1506
0 0.1747
0 0.1988
0 0.22289
0 0.23193
# triangles
0 9 101
9 10 101
94 95 96
10 11 77
11 23 77
4 5 6
94 96 97
45 46 53
18 19 20
23 24 77
50 51 52
46 47 52
46 52 53
47 48 52
49 50 52
48 49 52
11 12 23
0 1 8
0 8 9
3 4 6
91 99 100
80 81 82
80 82 83
24 76 77
24 75 76
93 97 98
93 94 97
90 100 101
90 91 100
35 36 64
13 14 23
12 13 23
14 15 23
15 22 23
15 16 22
16 17 22
17 18 20
17 20 21
17 21 22
33 34 67
34 66 67
28 29 70
29 30 70
30 31 70
28 73 74
28 74 75
27 28 75
24 25 27
24 27 75
25 26 27
79 80 83
79 83 84
78 79 84
78 86 87
78 84 85
78 85 86
92 93 98
92 98 99
91 92 99
87 88 89
78 87 89
77 78 89
10 77 89
10 89 101
89 90 101
35 64 65
34 65 66
34 35 65
36 37 64
1 2 8
2 7 8
2 3 6
2 6 7
28 70 71
33 67 68
32 33 68
41 42 60
40 41 60
38 39 61
39 40 61
40 60 61
28 72 73
28 71 72
32 68 69
31 69 70
31 32 69
43 44 57
42 59 60
37 38 62
38 61 62
42 58 59
43 57 58
42 43 58
37 63 64
37 62 63
53 54 55
44 45 56
44 56 57
45 53 56
53 55 56
