# points
0.0062893 0.28616
0.0062893 0.31132
0.009434 0.33648
0.012579 0.36164
0.018868 0.38679
0.022013 0.41195
0.031447 0.43711
0.040881 0.46226
0.062893 0.48428
0.08805 0.48742
0.11321 0.49057
0.13836 0.49371
0.16352 0.49686
0.18868 0.5
0.21384 0.5
0.23899 0.50314
0.26415 0.50629
0.28931 0.50943
0.31447 0.50943
0.33962 0.50943
0.36478 0.50629
0.38679 0.49371
0.40566 0.46855
0.41824 0.4434
0.42138 0.41824
0.43082 0.39308
0.44025 0.36792
0.45283 0.34277
0.47799 0.33648
0.50314 0.33019
0.5283 0.31761
0.55346 0.31447
0.57862 0.31447
0.60377 0.31447
0.62893 0.31447
0.65409 0.31447
0.67925 0.31447
0.7044 0.31447
0.72956 0.31447
0.75472 0.31132
0.77987 0.30818
0.80503 0.30818
0.83019 0.30818
0.85535 0.30818
0.8805 0.30818
0.90566 0.30818
0.93082 0.30189
0.95597 0.2956
0.98113 0.28302
0.99371 0.26101
1 0.23585
1 0.21069
0.99057 0.18553
0.9717 0.16981
0.94654 0.16352
0.92138 0.16352
0.89623 0.16667
0.87107 0.16038
0.84591 0.15723
0.82075 0.16038
0.7956 0.16038
0.77044 0.16352
0.74528 0.16352
0.72013 0.16352
0.69497 0.16352
0.66981 0.16352
0.64465 0.16352
0.6195 0.16352
0.59434 0.16352
0.56918 0.16352
0.54403 0.16352
0.51887 0.16352
0.49686 0.14465
0.4717 0.14465
0.44654 0.14151
0.42138 0.1195
0.41195 0.09434
0.40566 0.069182
0.39623 0.044025
0.37736 0.018868
0.35535 0.0031447
0.33019 0
0.30503 0
0.27987 0.0031447
0.25472 0.009434
0.22956 0.012579
0.2044 0.015723
0.17925 0.022013
0.15409 0.025157
0.12893 0.028302
0.10377 0.034591
0.078616 0.037736
0.053459 0.044025
0.028302 0.053459
0.012579 0.075472
0.009434 0.10063
0.0062893 0.12579
0.0031447 0.15094
0 0.1761
0 0.20126
0 0.22642
0.0031447 0.25157
0.0031447 0.27673
0.0062893 0.28616
# triangles
47 48 49
47 49 50
0 75 101
75 87 101
87 100 101
0 101 102
92 93 94
0 26 75
0 14 26
87 99 100
51 52 53
92 94 95
91 95 96
91 92 95
50 51 54
51 53 54
14 15 26
2 13 14
90 96 97
90 91 96
75 86 87
75 85 86
76 83 84
75 84 85
75 76 84
77 78 81
77 81 82
77 82 83
76 77 83
28 29 71
29 30 71
28 71 73
28 73 74
27 28 74
26 27 75
27 74 75
78 79 81
79 80 81
46 47 55
47 50 55
50 54 55
15 25 26
19 20 21
2 12 13
0 1 14
1 2 14
89 97 98
89 90 97
37 38 63
30 31 71
71 72 73
15 16 25
18 19 24
17 18 24
16 17 24
16 24 25
4 10 11
4 11 12
3 4 12
2 3 12
6 7 9
6 9 10
7 8 9
4 5 10
5 6 10
88 98 99
88 89 98
87 88 99
36 37 64
37 63 64
38 39 62
38 62 63
19 21 22
19 22 24
39 40 61
39 61 62
22 23 24
34 35 66
36 64 65
35 36 65
35 65 66
33 34 67
34 66 67
41 42 59
32 33 68
33 67 68
41 59 60
40 41 60
40 60 61
42 43 58
42 58 59
31 32 69
32 68 69
43 44 56
44 45 56
45 46 56
46 55 56
31 70 71
31 69 70
43 57 58
43 56 57
