# points
0.0031646 0.24051
0.0031646 0.26266
0.0031646 0.28481
0.0031646 0.30696
0.0063291 0.32911
0.012658 0.35127
0.012658 0.37342
0.022152 0.39557
0.037975 0.41456
0.060127 0.41772
0.082278 0.42722
0.10443 0.43354
0.12658 0.43671
0.14873 0.43671
0.17089 0.43671
0.19304 0.43987
0.21519 0.44304
0.23734 0.4462
0.25949 0.4462
0.28165 0.45253
0.3038 0.4557
0.32595 0.44937
0.3481 0.43354
0.36076 0.41139
0.37342 0.38924
0.38291 0.36709
0.39241 0.34494
0.40823 0.32595
0.43038 0.31646
0.45253 0.31329
0.47468 0.31013
0.49684 0.31013
0.51899 0.31013
0.54114 0.31013
0.56329 0.30696
0.58544 0.30696
0.60759 0.30696
0.62975 0.30696
0.6519 0.30696
0.67405 0.30696
0.6962 0.30696
0.71835 0.3038
0.74051 0.3038
0.76266 0.3038
0.78481 0.3038
0.80696 0.30063
0.82911 0.30063
0.85127 0.30063
0.87342 0.30063
0.89557 0.30063
0.91772 0.29747
0.93987 0.29747
0.96203 0.29114
0.98418 0.27848
1 0.25633
1 0.23418
0.99051 0.21203
0.97468 0.18987
0.9557 0.17089
0.93354 0.16456
0.91139 0.16139
0.88924 0.16456
0.86709 0.16456
0.84494 0.16772
0.82278 0.15823
0.80063 0.15823
0.77848 0.15506
0.75633 0.15506
0.73418 0.16139
0.71203 0.16456
0.68987 0.16772
0.66772 0.16772
0.6519 0.18354
0.62975 0.18671
0.60759 0.17405
0.58544 0.17089
0.56329 0.16772
0.54114 0.15823
0.51899 0.15823
0.49684 0.15506
0.47468 0.14241
0.45253 0.14241
0.43038 0.14557
0.40823 0.14241
0.38608 0.13924
0.36392 0.12658
0.3481 0.10443
0.34177 0.082278
0.33228 0.060127
0.32278 0.037975
0.3038 0.018987
0.28165 0.0094937
0.25949 0.0031646
0.23734 0
0.21519 0
0.19304 0
0.17089 0
0.14873 0.0094937
0.12658 0.015823
0.10443 0.025316
0.082278 0.037975
0.060127 0.044304
0.037975 0.056962
0.015823 0.06962
0.012658 0.091772
0.0063291 0.11392
0.0031646 0.13608
0.0031646 0.15823
0.0031646 0.18038
0 0.20253
0.0031646 0.22468
0.0031646 0.24051
# triangles
2 13 14
0 14 85
53 54 55
53 55 56
14 15 85
15 26 85
1 2 14
0 1 14
2 3 13
3 4 13
4 12 13
57 58 59
51 56 57
0 85 110
85 86 110
87 93 94
86 87 94
15 16 26
52 53 56
51 52 56
50 57 59
50 51 57
70 71 72
40 70 72
40 41 70
6 7 9
7 8 9
5 11 12
4 5 12
5 10 11
5 9 10
5 6 9
28 29 82
50 59 60
63 64 65
100 106 107
100 105 106
86 99 108
86 108 110
99 100 108
100 107 108
108 109 110
87 88 93
79 81 82
79 80 81
28 82 83
28 83 84
39 40 72
18 25 26
18 24 25
18 23 24
21 22 23
17 18 26
16 17 26
41 69 70
42 68 69
41 42 69
101 102 104
102 103 104
27 28 84
26 27 85
27 84 85
42 43 68
43 67 68
48 62 63
43 66 67
44 65 66
43 44 66
45 46 63
45 63 65
44 45 65
86 94 95
86 95 97
95 96 97
86 98 99
86 97 98
88 91 92
88 92 93
31 78 79
76 77 78
73 74 75
35 73 75
34 75 76
34 35 75
38 39 72
38 72 73
37 38 73
36 37 73
35 36 73
18 19 23
19 20 21
19 21 23
30 31 79
29 30 82
30 79 82
32 76 78
31 32 78
46 47 63
47 48 63
49 50 61
50 60 61
48 49 61
48 61 62
33 34 76
32 33 76
100 101 104
100 104 105
88 90 91
88 89 90
