# points
0.0029674 0.22255
0.0059347 0.24332
0.0059347 0.26409
0.0089021 0.28487
0.026706 0.30267
0.047478 0.32344
0.068249 0.33828
0.089021 0.34718
0.10979 0.36499
0.13056 0.37092
0.1454 0.38872
0.1543 0.4095
0.17507 0.4184
0.18398 0.43917
0.20475 0.45104
0.21068 0.46884
0.22552 0.48665
0.24629 0.48368
0.26706 0.46884
0.27893 0.44807
0.29674 0.43323
0.31157 0.41543
0.32047 0.39466
0.34125 0.38279
0.35905 0.36795
0.37982 0.35608
0.40059 0.35015
0.4184 0.33828
0.43917 0.33531
0.45994 0.32938
0.47478 0.31751
0.48368 0.29674
0.50445 0.29377
0.52522 0.2908
0.53709 0.27003
0.55786 0.26409
0.57864 0.25816
0.59941 0.25223
0.62018 0.25816
0.64095 0.25519
0.66172 0.25223
0.68249 0.25223
0.70326 0.26113
0.72404 0.26113
0.74481 0.26113
0.76558 0.26113
0.78635 0.25816
0.80712 0.24926
0.82789 0.26113
0.84866 0.26409
0.86944 0.25816
0.89021 0.24036
0.91098 0.23145
0.93175 0.22849
0.95252 0.22552
0.97329 0.20772
0.9911 0.18694
1 0.16617
0.98813 0.1454
0.97033 0.1276
0.95252 0.11276
0.93175 0.10979
0.91098 0.11276
0.89021 0.11276
0.86944 0.11276
0.84866 0.11573
0.82789 0.11573
0.80712 0.11573
0.78635 0.11573
0.76558 0.11869
0.74481 0.11869
0.72404 0.11869
0.70326 0.12166
0.68249 0.12166
0.66172 0.12463
0.64095 0.12463
0.62018 0.12463
0.59941 0.1276
0.57864 0.1276
0.55786 0.1276
0.53709 0.13056
0.51632 0.13056
0.49555 0.13056
0.47478 0.13056
0.45401 0.12166
0.4362 0.10386
0.41543 0.10089
0.39466 0.097923
0.37389 0.083086
0.35312 0.080119
0.33234 0.080119
0.31157 0.065282
0.2908 0.053412
0.27596 0.035608
0.25519 0.020772
0.24036 0.0029674
0.21958 0
0.19881 0.0029674
0.18101 0.014837
0.16617 0.032641
0.14837 0.050445
0.13056 0.068249
0.11276 0.086053
0.091988 0.10089
0.071217 0.11869
0.050445 0.13353
0.029674 0.1454
0.0089021 0.1632
0 0.18398
0.0029674 0.20475
0.0029674 0.22255
# triangles
56 57 58
48 49 50
59 60 61
107 108 109
106 107 109
55 56 58
55 58 59
36 78 79
36 37 78
47 51 65
51 64 65
51 52 64
47 48 51
48 50 51
47 67 68
59 61 62
55 59 62
36 79 80
43 71 72
47 65 66
47 66 67
47 68 69
52 63 64
52 62 63
53 54 55
53 55 62
52 53 62
29 30 31
9 22 24
31 83 84
35 36 80
40 41 74
41 42 43
41 43 72
40 74 75
37 77 78
37 76 77
45 46 69
46 47 69
15 16 17
15 17 18
14 15 18
1 5 7
12 20 22
94 98 99
94 95 96
94 96 97
94 97 98
9 24 90
9 90 102
7 9 103
9 102 103
34 81 82
34 80 81
34 35 80
34 82 83
32 33 34
31 34 83
31 32 34
41 73 74
41 72 73
39 40 75
39 75 76
37 38 39
37 39 76
20 21 22
28 29 31
14 18 19
12 19 20
12 14 19
1 2 4
1 4 5
2 3 4
9 10 22
10 12 22
10 11 12
92 101 102
92 100 101
92 99 100
25 87 90
24 25 90
7 103 104
84 86 87
84 85 86
22 23 24
27 31 84
27 28 31
27 84 87
25 27 87
25 26 27
5 6 7
12 13 14
90 91 102
91 92 102
93 94 99
92 93 99
1 7 105
7 104 105
0 1 105
105 106 109
0 105 109
7 8 9
87 89 90
87 88 89
43 44 70
43 70 71
44 69 70
44 45 69
