# points
0 0.24116
0.0032154 0.26367
0.0064309 0.28617
0.012862 0.30868
0.019293 0.33119
0.032154 0.3537
0.045016 0.37621
0.061093 0.3955
0.083601 0.40836
0.10611 0.41801
0.12862 0.43087
0.15113 0.44051
0.17363 0.45016
0.19614 0.45016
0.21865 0.45016
0.24116 0.45016
0.26367 0.44373
0.28617 0.43408
0.30868 0.42444
0.33119 0.40836
0.34727 0.39228
0.36977 0.36977
0.38907 0.34727
0.39871 0.32476
0.41158 0.30225
0.43408 0.30547
0.45659 0.30547
0.4791 0.30547
0.50161 0.30547
0.52412 0.30225
0.54662 0.29904
0.56913 0.29582
0.59164 0.29582
0.61415 0.29582
0.63666 0.29582
0.65916 0.29582
0.68167 0.29582
0.70418 0.2926
0.72669 0.2926
0.7492 0.2926
0.7717 0.2926
0.79421 0.2926
0.81672 0.2926
0.83923 0.29582
0.86174 0.29582
0.88424 0.2926
0.90675 0.28939
0.92926 0.28617
0.95177 0.27974
0.97428 0.26367
0.99035 0.24116
1 0.21865
0.98392 0.19614
0.96141 0.17363
0.94212 0.15113
0.91961 0.14469
0.89711 0.14469
0.8746 0.14148
0.85209 0.15113
0.82958 0.16077
0.80707 0.15756
0.78457 0.14148
0.76206 0.14791
0.73955 0.14791
0.72669 0.16399
0.70418 0.17363
0.68167 0.17363
0.65916 0.17042
0.63666 0.15113
0.61415 0.14469
0.59164 0.14791
0.56913 0.14148
0.54662 0.14148
0.52412 0.14148
0.50804 0.12219
0.48875 0.10289
0.46624 0.10932
0.44373 0.12219
0.42122 0.12219
0.39871 0.12219
0.37942 0.10611
0.35691 0.090032
0.34405 0.067524
0.32476 0.045016
0.30225 0.032154
0.27974 0.012862
0.25723 0.0064309
0.23473 0.0032154
0.21222 0
0.18971 0
0.1672 0.0032154
0.14469 0.012862
0.12219 0.022508
0.099678 0.038585
0.07717 0.041801
0.054662 0.057878
0.038585 0.07717
0.028939 0.099678
0.019293 0.12219
0.0096463 0.14469
0.0064309 0.1672
0.0032154 0.18971
0 0.21222
0 0.23473
0 0.24116
# triangles
20 23 81
23 24 81
43 44 59
1 20 81
0 1 103
101 102 103
1 81 101
1 101 103
98 99 100
1 2 3
20 21 23
21 22 23
46 47 53
48 49 53
47 48 53
33 34 67
17 19 20
17 18 19
84 85 86
84 86 87
26 27 73
26 73 77
93 98 100
93 100 101
81 93 101
81 84 93
93 97 98
93 94 95
93 96 97
93 95 96
9 17 20
1 9 20
1 3 9
14 16 17
14 15 16
49 50 52
49 52 53
50 51 52
46 53 56
56 57 58
42 43 59
30 31 72
30 72 73
29 30 73
24 80 81
24 79 80
24 77 78
24 78 79
24 25 77
25 26 77
27 28 73
28 29 73
73 74 77
84 87 91
84 91 93
87 88 91
88 89 91
89 90 91
6 7 8
3 4 5
3 5 9
5 6 8
5 8 9
44 45 59
45 58 59
45 46 56
45 56 58
42 59 60
34 35 67
31 71 72
33 67 70
67 68 70
68 69 70
31 70 71
39 64 65
38 39 65
31 32 70
32 33 70
81 82 84
82 83 84
74 76 77
74 75 76
91 92 93
9 10 17
10 14 17
53 55 56
53 54 55
39 40 64
40 60 64
60 61 62
60 62 64
62 63 64
35 66 67
35 36 66
37 38 65
36 37 66
37 65 66
11 13 14
10 11 14
11 12 13
41 42 60
40 41 60
