# points
0 0.13592
0.0097087 0.15534
0.029126 0.1699
0.048544 0.17961
0.067961 0.17961
0.087379 0.17476
0.1068 0.16505
0.12621 0.16019
0.14563 0.16019
0.16505 0.16505
0.1699 0.18447
0.18447 0.19903
0.20388 0.20388
0.2233 0.20874
0.24272 0.21845
0.26214 0.2233
0.28155 0.23301
0.30097 0.23301
0.32039 0.23786
0.33981 0.24272
0.35922 0.24757
0.37864 0.24757
0.39806 0.25243
0.41748 0.25243
0.43689 0.25728
0.45631 0.26214
0.47573 0.26699
0.49515 0.26214
0.51456 0.26699
0.53398 0.26699
0.5534 0.26699
0.57282 0.27184
0.59223 0.27184
0.61165 0.27184
0.63107 0.26214
0.65049 0.24272
0.66505 0.23301
0.68447 0.23301
0.70388 0.23301
0.7233 0.23301
0.74272 0.23301
0.76214 0.23301
0.78155 0.22816
0.80097 0.2233
0.81553 0.23301
0.81068 0.25243
0.81553 0.25728
0.82524 0.23786
0.8301 0.21845
0.84951 0.21359
0.86893 0.20874
0.88835 0.20874
0.90777 0.20388
0.92718 0.20388
0.9466 0.19903
0.96117 0.20388
0.97573 0.20874
0.99515 0.21359
0.98058 0.19417
0.98058 0.17476
0.98058 0.15534
0.98058 0.13592
1 0.12136
0.98544 0.12136
0.96602 0.12621
0.9466 0.12136
0.92718 0.1165
0.90777 0.11165
0.88835 0.1068
0.86893 0.097087
0.84951 0.092233
0.8301 0.087379
0.81553 0.072816
0.80583 0.053398
0.79612 0.033981
0.78155 0.019417
0.76699 0.019417
0.75243 0
0.75728 0.019417
0.77184 0.038835
0.76699 0.058252
0.75728 0.07767
0.73786 0.07767
0.71845 0.072816
0.69903 0.072816
0.67961 0.072816
0.66019 0.072816
0.64078 0.072816
0.62136 0.07767
0.60194 0.07767
0.58252 0.07767
0.56796 0.063107
0.56311 0.048544
0.54369 0.043689
0.52427 0.043689
0.50485 0.043689
0.48544 0.043689
0.46602 0.043689
0.4466 0.043689
0.42718 0.048544
0.40777 0.048544
0.38835 0.048544
0.36893 0.048544
0.34951 0.048544
0.3301 0.053398
0.31068 0.053398
0.29126 0.053398
0.27184 0.053398
0.25243 0.058252
0.23301 0.063107
0.21359 0.067961
0.19417 0.072816
0.17476 0.07767
0.16505 0.092233
0.15049 0.097087
0.13107 0.092233
0.11165 0.087379
0.092233 0.082524
0.072816 0.07767
0.053398 0.072816
0.033981 0.072816
0.014563 0.087379
0.0048544 0.1068
0 0.12621
0 0.13592
# triangles
119 120 121
119 121 122
1 2 122
61 62 63
0 1 123
1 122 123
90 91 95
27 95 96
27 90 95
91 92 93
56 57 58
19 21 102
15 16 17
17 18 104
18 19 104
102 103 104
19 102 104
37 84 85
36 37 85
36 85 86
91 93 94
91 94 95
36 88 89
86 87 88
36 86 88
37 38 84
50 68 69
50 51 68
55 58 59
55 56 58
21 23 100
19 20 21
13 109 110
9 13 110
9 110 111
2 3 4
9 12 13
17 104 105
15 105 106
15 17 105
2 4 118
118 119 122
2 118 122
35 89 90
35 36 89
30 35 90
45 46 47
44 45 47
76 77 78
61 63 64
60 61 64
60 64 65
54 55 59
54 59 60
54 60 65
21 101 102
21 100 101
23 99 100
23 24 99
97 98 99
24 97 99
25 26 27
24 25 97
21 22 23
27 29 90
27 28 29
29 30 90
13 108 109
13 14 108
14 15 108
15 106 108
106 107 108
9 111 113
5 6 117
5 117 118
4 5 118
30 31 32
30 32 35
32 33 34
32 34 35
44 47 48
52 66 67
52 53 66
111 112 113
6 116 117
6 7 116
7 8 114
8 9 114
9 113 114
38 83 84
74 75 79
73 74 79
73 79 80
75 76 79
76 78 79
43 44 48
43 48 71
7 115 116
7 114 115
43 71 81
42 43 81
40 41 81
41 42 81
71 72 81
72 73 80
72 80 81
39 40 82
40 81 82
38 39 82
38 82 83
10 11 12
9 10 12
25 96 97
25 27 96
51 52 67
51 67 68
53 54 65
53 65 66
49 69 70
49 50 69
48 49 71
49 70 71
