# points
0 0.13725
0 0.15686
0.0098039 0.17647
0.02451 0.19118
0.044118 0.19608
0.063725 0.19118
0.083333 0.18627
0.10294 0.18137
0.12255 0.17647
0.14216 0.16667
0.16176 0.17157
0.16667 0.19118
0.18627 0.20588
0.20588 0.21569
0.22549 0.22549
0.2451 0.23039
0.26471 0.23529
0.28431 0.2402
0.30392 0.2451
0.32353 0.25
0.34314 0.2549
0.36275 0.2549
0.38235 0.2598
0.40196 0.26471
0.42157 0.26471
0.44118 0.26961
0.46078 0.26961
0.48039 0.26961
0.5 0.27451
0.51961 0.27451
0.53922 0.27451
0.55882 0.27451
0.57843 0.26961
0.59804 0.26961
0.61765 0.26471
0.63725 0.2549
0.65196 0.2451
0.66667 0.23039
0.68627 0.23039
0.70588 0.23039
0.72549 0.23039
0.7451 0.22549
0.76471 0.22549
0.78431 0.22549
0.80392 0.22059
0.82353 0.22059
0.81863 0.2402
0.82353 0.25
0.83333 0.23039
0.83824 0.21078
0.85784 0.20588
0.87745 0.20098
0.89706 0.20098
0.91667 0.19608
0.93627 0.19118
0.95588 0.18627
0.97549 0.19608
0.9902 0.19118
0.9951 0.18137
0.98529 0.16176
0.98529 0.14216
0.98039 0.12255
1 0.10784
0.9951 0.098039
0.97549 0.10784
0.95588 0.10784
0.93627 0.098039
0.91667 0.093137
0.89706 0.083333
0.87745 0.078431
0.85784 0.073529
0.83824 0.073529
0.81863 0.063725
0.80882 0.044118
0.79412 0.02451
0.77451 0.019608
0.7598 0
0.7451 0
0.7598 0.019608
0.77451 0.034314
0.76961 0.053922
0.7598 0.063725
0.7402 0.063725
0.72059 0.063725
0.70098 0.063725
0.68137 0.058824
0.66176 0.058824
0.64216 0.058824
0.62255 0.063725
0.60294 0.063725
0.58333 0.058824
0.56373 0.039216
0.54412 0.034314
0.52451 0.034314
0.5049 0.039216
0.48529 0.039216
0.46569 0.039216
0.44608 0.039216
0.42647 0.044118
0.40686 0.044118
0.38725 0.044118
0.36765 0.04902
0.34804 0.04902
0.32843 0.053922
0.30882 0.053922
0.28922 0.058824
0.26961 0.058824
0.25 0.058824
0.23039 0.063725
0.21078 0.063725
0.19118 0.073529
0.17157 0.078431
0.16176 0.098039
0.14706 0.10784
0.12745 0.098039
0.10784 0.093137
0.088235 0.083333
0.068627 0.078431
0.04902 0.073529
0.029412 0.073529
0.0098039 0.083333
0 0.10294
0 0.12255
0 0.13725
# triangles
119 120 121
0 1 2
61 64 65
62 63 64
61 62 64
2 3 4
90 92 93
90 91 92
56 57 58
19 21 103
18 19 103
101 102 103
21 101 103
96 97 98
90 93 94
29 90 94
32 33 34
39 40 41
37 88 89
32 89 90
37 84 86
37 86 88
15 16 106
18 103 105
103 104 105
16 105 106
10 110 112
19 20 21
99 100 101
24 98 99
27 95 96
27 94 95
27 28 29
27 29 94
56 58 59
55 56 59
54 55 65
54 65 66
42 43 44
52 53 67
51 52 67
29 30 90
30 32 90
30 31 32
37 38 84
38 39 84
32 34 35
32 35 89
35 36 37
35 37 89
84 85 86
86 87 88
6 115 116
17 18 105
16 17 105
110 111 112
9 10 113
10 112 113
108 109 110
15 106 108
106 107 108
10 108 110
10 13 108
22 23 24
22 24 99
21 22 101
22 99 101
26 27 96
24 26 98
26 96 98
55 60 65
55 59 60
60 61 65
46 47 48
44 45 49
45 48 49
45 46 48
51 68 69
51 67 68
76 77 78
0 2 5
2 4 5
117 118 122
0 117 122
0 5 117
6 116 117
5 6 117
9 113 114
14 15 108
13 14 108
10 12 13
10 11 12
8 9 114
8 114 115
24 25 26
44 49 71
44 71 72
49 50 71
39 41 83
39 83 84
42 44 81
44 72 81
41 42 81
6 7 115
7 8 115
50 70 71
41 82 83
41 81 82
72 80 81
72 73 80
73 74 79
73 79 80
74 75 79
75 78 79
75 76 78
118 121 122
118 119 121
53 54 67
54 66 67
51 69 70
50 51 70
