# points
0 0.13974
0.0043668 0.16157
0.0087336 0.18341
0.017467 0.20524
0.030568 0.22271
0.052402 0.22271
0.074236 0.21397
0.09607 0.20524
0.1179 0.19651
0.13974 0.18341
0.16157 0.17904
0.18341 0.17467
0.20524 0.17904
0.21834 0.18777
0.20961 0.20961
0.22271 0.22271
0.24454 0.22707
0.26638 0.24017
0.28821 0.24017
0.31004 0.24454
0.33188 0.24454
0.35371 0.24454
0.37555 0.24454
0.39738 0.24891
0.41921 0.25328
0.44105 0.26201
0.46288 0.26201
0.48472 0.26201
0.50218 0.25328
0.51528 0.23144
0.53275 0.23581
0.55459 0.24891
0.57642 0.25328
0.59825 0.25764
0.62009 0.26201
0.64192 0.26201
0.66376 0.26638
0.68559 0.27074
0.70742 0.27074
0.72926 0.27511
0.75109 0.27948
0.77293 0.27511
0.79039 0.25764
0.80349 0.23581
0.82533 0.22707
0.84716 0.23144
0.869 0.24017
0.89083 0.24017
0.91266 0.24454
0.9345 0.24017
0.95633 0.22271
0.9738 0.20087
0.9869 0.17904
0.99563 0.15721
1 0.13537
0.9869 0.11354
0.96507 0.09607
0.94323 0.087336
0.9214 0.078603
0.89956 0.074236
0.87773 0.069869
0.8559 0.065502
0.85153 0.043668
0.84279 0.021834
0.83406 0
0.82969 0.017467
0.82096 0.021834
0.84279 0.039301
0.84279 0.061135
0.82096 0.052402
0.79913 0.048035
0.77729 0.043668
0.75546 0.039301
0.73362 0.034934
0.71179 0.034934
0.68996 0.034934
0.66812 0.034934
0.64629 0.034934
0.62445 0.034934
0.60262 0.034934
0.58079 0.034934
0.55895 0.039301
0.53712 0.039301
0.51528 0.034934
0.51092 0.017467
0.49345 0.021834
0.47598 0.021834
0.45415 0.0131
0.43231 0.0087336
0.41048 0.0043668
0.38865 0.0043668
0.36681 0.0043668
0.34498 0
0.32314 0.0043668
0.30131 0.0087336
0.27948 0.0131
0.25764 0.021834
0.23581 0.034934
0.21397 0.048035
0.19214 0.061135
0.20524 0.069869
0.19214 0.078603
0.17031 0.091703
0.14847 0.091703
0.12664 0.091703
0.1048 0.087336
0.082969 0.082969
0.061135 0.082969
0.039301 0.082969
0.017467 0.087336
0.0043668 0.10917
0 0.131
0 0.13974
# triangles
53 54 55
40 41 42
39 40 42
38 39 43
39 42 43
44 45 60
53 55 56
52 53 56
52 56 57
44 60 61
43 44 70
44 69 70
0 1 107
0 107 111
30 32 79
38 74 75
38 43 74
43 72 74
72 73 74
47 57 58
45 46 47
45 59 60
45 47 59
47 58 59
44 68 69
44 61 68
62 67 68
61 62 68
43 71 72
43 70 71
62 63 67
108 110 111
107 108 111
108 109 110
88 89 90
22 88 90
24 25 26
7 106 107
1 7 107
9 104 105
8 9 105
7 105 106
7 8 105
83 84 85
83 85 86
30 81 82
30 80 81
30 79 80
30 31 32
36 38 75
36 75 76
51 52 57
47 51 57
65 66 67
63 65 67
63 64 65
16 17 18
23 24 86
23 86 87
22 23 88
23 87 88
1 2 6
1 6 7
2 3 6
97 98 100
98 99 100
9 103 104
12 100 101
12 101 102
11 12 102
13 97 100
12 13 100
13 16 18
29 30 82
29 82 83
29 83 86
24 29 86
24 26 29
26 27 29
27 28 29
33 78 79
32 33 79
36 37 38
35 77 78
35 76 77
35 36 76
33 35 78
33 34 35
47 50 51
48 49 50
47 48 50
18 19 20
20 21 93
22 90 91
21 22 91
21 91 93
91 92 93
3 4 5
3 5 6
13 15 16
13 14 15
10 102 103
10 11 102
9 10 103
13 95 96
13 96 97
20 93 94
18 20 94
13 94 95
13 18 94
