# points
0.0030769 0.16923
0.015385 0.19385
0.030769 0.21538
0.052308 0.23077
0.076923 0.23692
0.10154 0.23385
0.12615 0.21846
0.15077 0.2
0.17538 0.18154
0.2 0.16308
0.22462 0.15692
0.22462 0.18154
0.24 0.19692
0.26462 0.20615
0.28615 0.21846
0.31077 0.23077
0.32923 0.24308
0.34769 0.25846
0.36615 0.27385
0.39077 0.28308
0.41538 0.28308
0.44 0.28308
0.46462 0.28
0.48923 0.27692
0.51385 0.27385
0.53846 0.26462
0.56 0.26154
0.57538 0.28
0.58769 0.30462
0.6 0.31692
0.61846 0.32923
0.63692 0.32923
0.65846 0.33538
0.68308 0.33538
0.70769 0.32615
0.73231 0.31077
0.75692 0.31385
0.78154 0.32
0.80615 0.32308
0.83077 0.32308
0.85538 0.32615
0.88 0.32615
0.90462 0.33538
0.92923 0.33846
0.95077 0.32
0.96923 0.31692
0.99385 0.30154
0.99692 0.28
1 0.25846
0.98462 0.23692
0.96308 0.22154
0.93846 0.20615
0.91385 0.19385
0.88923 0.18462
0.86462 0.18154
0.85846 0.16
0.84923 0.14154
0.83077 0.12308
0.82769 0.098462
0.82462 0.073846
0.80923 0.058462
0.79692 0.033846
0.79077 0.046154
0.79692 0.058462
0.78769 0.061538
0.78769 0.083077
0.78769 0.098462
0.76308 0.086154
0.73846 0.067692
0.73231 0.08
0.70769 0.067692
0.69231 0.08
0.66769 0.073846
0.66154 0.089231
0.64923 0.095385
0.63077 0.10462
0.62154 0.10769
0.59692 0.10462
0.57231 0.10462
0.54769 0.098462
0.53538 0.073846
0.52 0.049231
0.49538 0.036923
0.47077 0.021538
0.44615 0.012308
0.42154 0.0030769
0.39692 0
0.37231 0
0.34769 0.0030769
0.32308 0.0092308
0.30462 0.018462
0.28923 0.033846
0.27692 0.049231
0.28615 0.073846
0.26154 0.076923
0.23692 0.076923
0.21231 0.08
0.18769 0.076923
0.16615 0.070769
0.14154 0.067692
0.11692 0.058462
0.092308 0.052308
0.067692 0.049231
0.043077 0.049231
0.018462 0.067692
0.012308 0.089231
0 0.11385
0 0.13846
0.0030769 0.16308
0.0030769 0.16923
# triangles
86 87 93
84 86 93
89 90 93
7 8 99
44 49 50
84 85 86
31 32 34
32 33 34
44 50 51
41 44 51
36 37 54
41 53 54
0 1 108
1 2 6
2 3 6
6 7 108
1 6 108
87 88 93
88 89 93
90 91 93
91 92 93
10 95 96
7 99 100
7 100 108
3 4 6
4 5 6
44 45 47
44 47 49
47 48 49
45 46 47
42 43 44
41 42 44
80 81 82
35 36 54
31 34 35
27 31 35
67 68 69
69 70 71
35 69 71
60 63 65
41 52 53
41 51 52
101 102 105
103 104 105
102 103 105
10 93 94
10 94 95
8 98 99
10 11 12
100 101 107
100 107 108
101 105 107
105 106 107
10 13 93
10 12 13
16 84 93
15 16 93
16 83 84
16 82 83
29 30 31
37 38 54
38 39 54
79 80 82
60 61 62
60 62 63
66 67 69
35 66 69
58 65 66
71 72 73
35 73 74
35 71 73
63 64 65
58 59 65
59 60 65
8 9 98
9 97 98
9 96 97
9 10 96
14 15 93
13 14 93
27 28 31
28 29 31
35 74 75
27 35 75
27 75 76
40 41 54
39 40 54
26 76 77
26 27 76
25 26 79
17 20 79
17 18 20
16 17 82
17 79 82
35 54 57
35 57 66
57 58 66
18 19 20
26 77 78
26 78 79
20 21 79
21 22 79
22 23 79
24 25 79
23 24 79
54 55 57
55 56 57
