# points
0.011765 0.20588
0.011765 0.22941
0 0.25294
0 0.27647
0.023529 0.27647
0.047059 0.27647
0.070588 0.26471
0.094118 0.25882
0.11765 0.25294
0.14118 0.24706
0.16471 0.24706
0.18824 0.24118
0.21176 0.24118
0.23529 0.24118
0.24706 0.25882
0.22941 0.27647
0.24706 0.29412
0.27059 0.30588
0.29412 0.31176
0.31765 0.32353
0.34118 0.32941
0.36471 0.33529
0.38824 0.34706
0.41176 0.35294
0.43529 0.35882
0.45882 0.35882
0.48235 0.35294
0.50588 0.34118
0.52941 0.31765
0.55294 0.31176
0.57647 0.32353
0.58235 0.34118
0.58235 0.36471
0.6 0.37647
0.60588 0.4
0.62941 0.4
0.64706 0.38824
0.67059 0.37059
0.68235 0.34706
0.7 0.32353
0.72353 0.31176
0.74706 0.31176
0.77059 0.30588
0.79412 0.30588
0.81765 0.3
0.84118 0.29412
0.86471 0.28824
0.88824 0.28824
0.91176 0.28235
0.93529 0.27647
0.95882 0.26471
0.98235 0.25294
0.97647 0.22941
1 0.22941
1 0.21176
0.97647 0.2
0.95294 0.18824
0.92941 0.17647
0.90588 0.17059
0.88235 0.15882
0.85882 0.15294
0.83529 0.14706
0.81176 0.14118
0.78824 0.13529
0.76471 0.12353
0.74118 0.11765
0.73529 0.094118
0.72941 0.070588
0.71765 0.047059
0.70588 0.023529
0.68824 0
0.67647 0.017647
0.67647 0.041176
0.67647 0.064706
0.68824 0.088235
0.7 0.11176
0.67647 0.11176
0.65294 0.11176
0.62941 0.10588
0.60588 0.10588
0.58235 0.10588
0.55882 0.10588
0.53529 0.10588
0.51176 0.10588
0.48824 0.10588
0.46471 0.10588
0.44118 0.11176
0.41765 0.11176
0.39412 0.11765
0.37059 0.11765
0.35294 0.094118
0.33529 0.070588
0.31176 0.052941
0.28824 0.058824
0.28235 0.082353
0.27059 0.10588
0.26471 0.12941
0.28824 0.15294
0.26471 0.16471
0.24118 0.17059
0.21765 0.17059
0.19412 0.17059
0.17059 0.15882
0.14706 0.15294
0.12353 0.14118
0.1 0.13529
0.076471 0.12941
0.052941 0.12353
0.029412 0.12353
0.0058824 0.12353
0.011765 0.14706
0.011765 0.17059
0.011765 0.19412
0.011765 0.20588
# triangles
28 84 86
84 85 86
91 92 94
105 106 112
28 83 84
26 27 28
30 39 77
39 40 77
40 76 77
30 77 79
30 38 39
33 34 35
33 35 36
69 70 71
68 73 74
41 42 63
40 41 63
40 64 65
40 63 64
108 109 110
107 108 110
106 111 112
106 107 111
107 110 111
92 93 94
86 87 88
29 81 82
29 80 81
28 29 83
29 82 83
29 79 80
29 30 79
7 105 112
7 8 105
0 7 112
21 88 89
95 96 97
69 71 72
68 72 73
68 69 72
77 78 79
30 31 38
31 32 33
33 36 37
31 37 38
31 33 37
40 65 75
40 75 76
49 56 57
65 66 75
66 74 75
46 59 60
67 68 74
66 67 74
8 104 105
48 49 57
89 90 97
90 95 97
90 91 94
90 94 95
1 2 4
1 4 5
2 3 4
0 1 6
0 6 7
1 5 6
23 28 86
23 26 28
23 86 88
21 23 88
21 22 23
52 55 56
52 53 54
52 54 55
44 61 62
42 62 63
44 45 61
45 46 60
45 60 61
42 43 62
43 44 62
8 103 104
48 57 58
47 48 58
46 58 59
46 47 58
10 101 102
14 15 16
14 16 17
14 97 98
12 100 101
19 20 97
20 21 89
20 89 97
49 50 56
50 52 56
50 51 52
11 12 101
10 11 101
9 102 103
9 10 102
8 9 103
12 13 100
13 99 100
13 98 99
13 14 98
18 19 97
14 18 97
14 17 18
23 24 25
23 25 26
