# points
0.0056497 0.20339
0.0056497 0.22599
0 0.24859
0 0.27119
0.011299 0.28249
0.033898 0.28249
0.056497 0.27684
0.079096 0.27119
0.10169 0.26554
0.12429 0.25989
0.14689 0.25989
0.16949 0.25424
0.19209 0.24859
0.21469 0.24859
0.23729 0.25424
0.23729 0.26554
0.22599 0.28814
0.24859 0.29944
0.27119 0.31073
0.29379 0.31638
0.31638 0.33333
0.33898 0.33898
0.36158 0.34463
0.38418 0.35028
0.40678 0.35593
0.42938 0.36158
0.45198 0.36158
0.47458 0.36158
0.49718 0.35028
0.51412 0.32768
0.53672 0.30508
0.55932 0.31073
0.57627 0.32203
0.57062 0.34463
0.58192 0.36158
0.59887 0.37288
0.59887 0.38983
0.61582 0.40678
0.63842 0.40113
0.65537 0.38983
0.66667 0.36723
0.67797 0.34463
0.68927 0.32203
0.71186 0.30508
0.73446 0.30508
0.75706 0.30508
0.77966 0.29944
0.80226 0.29379
0.82486 0.28814
0.84746 0.28814
0.87006 0.28249
0.89266 0.27684
0.91525 0.27119
0.93785 0.26554
0.96045 0.25424
0.9774 0.24294
0.9774 0.22034
1 0.22034
0.98305 0.19774
0.96045 0.18644
0.93785 0.18079
0.91525 0.16949
0.89266 0.16384
0.87006 0.15819
0.84746 0.15254
0.82486 0.14689
0.80226 0.13559
0.77966 0.12429
0.75706 0.11864
0.73446 0.11299
0.72316 0.090395
0.71751 0.067797
0.70621 0.045198
0.69492 0.022599
0.67232 0
0.66667 0.022599
0.66667 0.045198
0.66667 0.067797
0.68362 0.090395
0.68362 0.10734
0.66102 0.10734
0.63842 0.10734
0.61582 0.10734
0.59322 0.10734
0.57062 0.10169
0.54802 0.10169
0.52542 0.10169
0.50282 0.10734
0.48023 0.10734
0.45763 0.10734
0.43503 0.11299
0.41243 0.11299
0.38983 0.11864
0.36723 0.12429
0.34463 0.10169
0.32768 0.084746
0.31073 0.067797
0.28814 0.062147
0.27684 0.084746
0.25989 0.10734
0.25424 0.12994
0.27119 0.14689
0.27119 0.16949
0.24859 0.17514
0.22599 0.18079
0.20339 0.18079
0.18079 0.17514
0.15819 0.16949
0.13559 0.15819
0.11299 0.15254
0.090395 0.14689
0.067797 0.13559
0.045198 0.12994
0.022599 0.12994
0 0.12994
0 0.15254
0.0056497 0.17514
0.0056497 0.19774
0.0056497 0.20339
# triangles
54 55 56
56 57 58
30 88 90
30 87 88
88 89 90
36 37 38
30 31 83
43 44 68
96 97 98
29 30 90
26 28 29
30 83 85
30 85 87
26 27 28
43 79 80
43 80 81
111 112 116
54 56 60
93 94 101
83 84 85
85 86 87
93 101 102
19 93 102
32 42 43
32 43 81
31 32 81
43 68 69
43 69 79
31 82 83
31 81 82
98 99 101
99 100 101
13 104 105
0 110 117
113 115 116
112 113 116
113 114 115
56 58 59
56 59 60
46 47 66
47 65 66
46 66 67
90 91 92
23 92 93
14 18 19
14 19 102
13 14 104
32 41 42
72 76 77
69 70 79
70 78 79
0 1 7
0 7 110
53 54 60
52 53 60
52 60 61
95 96 98
95 98 101
94 95 101
19 21 93
19 20 21
24 26 29
24 25 26
24 29 90
24 90 92
23 24 92
11 106 107
10 11 107
15 16 17
14 15 18
15 17 18
14 103 104
14 102 103
32 35 41
35 38 39
35 36 38
35 39 40
35 40 41
73 75 76
72 73 76
73 74 75
70 71 78
1 6 7
9 108 109
9 107 108
9 10 107
8 109 110
7 8 110
8 9 109
48 49 64
48 64 65
47 48 65
22 23 93
21 22 93
12 13 105
12 105 106
11 12 106
32 33 34
32 34 35
2 3 5
3 4 5
110 111 116
110 116 117
44 67 68
44 45 67
45 46 67
51 61 62
51 52 61
71 72 77
71 77 78
2 5 6
1 2 6
50 51 62
50 62 63
50 63 64
49 50 64
