# points
0.25346 0.29339
0.23195 0.31644
0.2043 0.33333
0.17665 0.3318
0.16129 0.34101
0.15822 0.36866
0.149 0.39631
0.1321 0.42243
0.10753 0.44547
0.079877 0.45929
0.058372 0.47158
0.049155 0.49923
0.026114 0.52381
0 0.53456
0 0.553
0.026114 0.56989
0.053763 0.57911
0.081413 0.58525
0.10906 0.58986
0.13671 0.59293
0.16436 0.59293
0.19201 0.58986
0.21966 0.58218
0.24731 0.57296
0.27496 0.56068
0.30261 0.54839
0.33026 0.54224
0.34255 0.52535
0.35023 0.50384
0.36713 0.47619
0.37942 0.44854
0.39017 0.42089
0.40399 0.39324
0.42396 0.36713
0.447 0.37942
0.47005 0.39631
0.49462 0.41475
0.51767 0.43011
0.54224 0.43932
0.56989 0.44393
0.59754 0.43625
0.62366 0.42396
0.64516 0.41935
0.65899 0.42089
0.68664 0.43932
0.71429 0.45929
0.72965 0.4808
0.74194 0.47619
0.75883 0.47158
0.78648 0.47465
0.81413 0.47773
0.84178 0.47773
0.86943 0.47465
0.89708 0.46851
0.92473 0.45622
0.95238 0.4424
0.98003 0.42396
1 0.39939
0.98157 0.39017
0.95392 0.38402
0.92934 0.36559
0.91091 0.34716
0.88326 0.35177
0.85561 0.34409
0.82796 0.33026
0.80031 0.31029
0.77573 0.28571
0.75576 0.26114
0.73886 0.23349
0.71582 0.23195
0.68817 0.24424
0.66052 0.25192
0.63287 0.25192
0.60522 0.24731
0.57757 0.2381
0.55146 0.22427
0.52381 0.2043
0.49923 0.17972
0.49155 0.15361
0.49155 0.12596
0.47005 0.1275
0.45929 0.15361
0.43472 0.13825
0.4086 0.1275
0.38249 0.10906
0.36098 0.087558
0.34562 0.06298
0.3318 0.03533
0.32258 0.0076805
0.3149 0
0.30876 0.02765
0.30568 0.0553
0.30415 0.082949
0.30261 0.1106
0.29493 0.13825
0.2765 0.15054
0.26267 0.13364
0.23963 0.14593
0.24578 0.17051
0.27035 0.17665
0.27803 0.2043
0.2765 0.23195
0.27035 0.2596
0.25653 0.28725
0.25346 0.29339
# triangles
12 15 16
12 13 14
12 14 15
11 12 16
6 25 28
25 27 28
25 26 27
67 68 69
11 16 17
33 102 103
3 4 5
2 6 28
2 5 6
2 3 5
7 8 21
6 24 25
7 23 24
6 7 24
9 10 11
11 17 18
9 11 18
8 18 19
8 9 18
8 19 20
8 20 21
53 54 62
52 53 62
67 69 70
66 67 70
1 30 31
1 2 30
32 33 103
7 22 23
7 21 22
37 38 40
38 39 40
54 60 62
51 52 63
52 62 63
50 51 63
35 74 75
33 101 102
2 28 29
2 29 30
35 36 74
34 35 75
0 1 31
0 31 32
0 32 103
45 46 47
43 44 66
54 55 59
54 59 60
55 56 59
60 61 62
44 65 66
44 45 65
37 40 73
36 37 73
36 73 74
40 41 73
94 95 99
95 97 98
95 98 99
82 83 101
94 99 100
83 94 100
83 100 101
33 77 81
33 81 101
81 82 101
33 76 77
33 34 76
34 75 76
56 57 58
56 58 59
45 48 65
45 47 48
49 50 64
50 63 64
48 49 64
48 64 65
41 42 72
41 72 73
95 96 97
83 84 94
78 79 80
78 80 81
77 78 81
85 92 93
84 93 94
84 85 93
88 89 90
87 88 90
43 66 71
66 70 71
42 43 71
42 71 72
85 86 92
87 90 91
86 91 92
86 87 91
