# points
0.33515 0.23161
0.32561 0.25477
0.31335 0.27657
0.297 0.29837
0.27793 0.31335
0.25613 0.32561
0.23297 0.33106
0.2139 0.34196
0.19346 0.36104
0.1703 0.3733
0.14714 0.38283
0.12398 0.38692
0.10218 0.3951
0.081744 0.41281
0.058583 0.42779
0.036785 0.43869
0.013624 0.44823
0 0.45777
0.023161 0.46322
0.046322 0.46458
0.069482 0.46458
0.092643 0.46322
0.1158 0.45504
0.13896 0.4455
0.16213 0.4346
0.18529 0.42234
0.20845 0.41008
0.23161 0.39918
0.25477 0.38283
0.27793 0.36649
0.30109 0.3515
0.32425 0.33243
0.34605 0.31471
0.36649 0.29428
0.38692 0.27248
0.40736 0.25204
0.42916 0.23978
0.45095 0.23706
0.47275 0.22888
0.49591 0.22071
0.51499 0.20845
0.53815 0.2139
0.56131 0.22343
0.58447 0.23161
0.60763 0.24114
0.63079 0.25068
0.65395 0.26158
0.67711 0.26975
0.70027 0.27793
0.72343 0.2861
0.74659 0.28747
0.76975 0.28747
0.79292 0.28883
0.81608 0.28883
0.83924 0.28747
0.8624 0.28747
0.88556 0.28474
0.90872 0.28065
0.93188 0.27112
0.95504 0.25886
0.9782 0.24523
1 0.22752
0.98638 0.2248
0.96322 0.22888
0.94005 0.23161
0.91689 0.23025
0.89373 0.22888
0.87057 0.22071
0.8515 0.203
0.8297 0.20436
0.80654 0.203
0.78338 0.19891
0.76022 0.18529
0.74387 0.16485
0.72071 0.16894
0.69755 0.16621
0.67439 0.16213
0.65123 0.1485
0.62807 0.12943
0.60899 0.10899
0.59809 0.085831
0.59401 0.06267
0.59946 0.043597
0.61717 0.036785
0.60354 0.021798
0.58174 0.031335
0.55858 0.025886
0.53542 0.023161
0.51362 0.0095368
0.49864 0
0.4891 0.021798
0.46866 0.040872
0.45368 0.03406
0.43597 0.051771
0.43188 0.074932
0.41689 0.09673
0.39646 0.11035
0.37466 0.12125
0.35831 0.14169
0.34469 0.16076
0.33924 0.18392
0.33515 0.20708
0.33651 0.23025
0.33515 0.23161
# triangles
60 61 62
91 92 93
11 12 23
60 62 63
59 60 63
59 63 64
88 89 90
16 17 18
12 22 23
50 51 71
58 59 64
46 75 76
87 90 91
80 87 91
80 81 87
87 88 90
14 15 19
15 18 19
15 16 18
11 23 24
12 13 22
14 19 20
96 97 98
43 77 78
40 79 80
40 80 91
52 53 70
51 52 71
52 70 71
48 72 74
72 73 74
50 71 72
81 82 85
82 83 84
82 84 85
81 85 86
81 86 87
10 11 24
10 24 25
8 26 27
13 21 22
13 14 21
14 20 21
45 46 76
38 95 96
37 38 96
40 41 79
40 91 94
40 94 95
91 93 94
1 33 34
35 100 101
36 96 98
36 37 96
35 36 100
36 98 99
36 99 100
46 47 75
47 74 75
47 48 74
2 3 32
1 2 33
2 32 33
3 31 32
4 30 31
3 4 31
58 64 65
56 57 66
57 58 65
57 65 66
53 69 70
53 54 69
49 50 72
48 49 72
7 27 28
7 8 27
6 7 28
9 25 26
8 9 26
9 10 25
43 44 77
44 76 77
44 45 76
39 40 95
38 39 95
42 78 79
41 42 79
42 43 78
34 35 102
35 101 102
5 6 28
5 28 29
5 29 30
4 5 30
54 55 67
67 68 69
54 67 69
56 66 67
55 56 67
0 1 34
0 34 102
