# points
0.12325 0.37255
0.11204 0.40336
0.10084 0.43697
0.084034 0.46218
0.058824 0.4902
0.030812 0.51261
0 0.52381
0.0028011 0.55742
0.019608 0.58263
0.036415 0.61064
0.047619 0.64146
0.053221 0.67227
0.053221 0.70588
0.05042 0.7395
0.044818 0.77031
0.019608 0.79832
0.036415 0.82633
0.042017 0.85994
0.047619 0.89076
0.053221 0.92437
0.047619 0.95518
0.033613 0.98599
0.058824 1
0.089636 0.9888
0.12045 0.97199
0.15126 0.94678
0.17927 0.92157
0.19328 0.89636
0.21008 0.87115
0.22969 0.84314
0.2493 0.81232
0.26891 0.78151
0.29132 0.7479
0.31092 0.71429
0.33333 0.71989
0.33613 0.69468
0.33333 0.66667
0.34174 0.63305
0.34734 0.60504
0.35294 0.57423
0.36134 0.54062
0.37535 0.5098
0.38655 0.47619
0.39776 0.44258
0.41457 0.41457
0.42857 0.38375
0.44538 0.35854
0.47339 0.34174
0.5042 0.33894
0.53221 0.35574
0.56583 0.36415
0.59664 0.36415
0.61625 0.35574
0.61345 0.32493
0.59384 0.29972
0.59104 0.27731
0.62465 0.27731
0.65826 0.28011
0.68908 0.28011
0.72269 0.28291
0.7535 0.28011
0.78711 0.28291
0.80392 0.26891
0.81232 0.2381
0.84034 0.21289
0.86555 0.18207
0.88796 0.15686
0.91036 0.13165
0.92437 0.10084
0.93277 0.067227
0.92717 0.033613
0.91877 0
0.89636 0.0028011
0.86555 0.016807
0.83193 0.016807
0.80392 0.0028011
0.77871 0.016807
0.7563 0.039216
0.72549 0.058824
0.69468 0.067227
0.66106 0.07563
0.63025 0.07563
0.59664 0.072829
0.56583 0.061625
0.53221 0.056022
0.51261 0.084034
0.48739 0.10924
0.45378 0.12605
0.42297 0.13445
0.39216 0.14006
0.35854 0.14286
0.32773 0.14286
0.29412 0.14006
0.2605 0.13725
0.2437 0.10924
0.23529 0.13165
0.20448 0.15686
0.17367 0.16527
0.14286 0.17367
0.13725 0.19888
0.14566 0.23249
0.13445 0.26331
0.10644 0.27171
0.11485 0.29412
0.14006 0.30252
0.13725 0.33613
0.12605 0.36975
0.12325 0.37255
# triangles
20 21 22
4 8 9
4 9 10
63 64 78
67 68 73
67 73 74
68 69 73
69 70 73
10 11 33
33 34 35
13 14 29
13 29 30
18 25 26
5 6 7
5 7 8
4 5 8
70 71 72
70 72 73
66 67 74
66 74 77
64 65 78
65 77 78
65 66 77
33 35 36
10 36 37
10 33 36
11 12 32
11 32 33
14 28 29
18 19 25
20 22 23
100 101 104
93 95 96
93 94 95
63 78 79
12 31 32
12 13 31
13 30 31
51 52 53
17 27 28
18 26 27
17 18 27
14 16 28
16 17 28
14 15 16
19 24 25
19 20 24
20 23 24
96 97 100
97 99 100
97 98 99
101 103 104
101 102 103
47 88 89
46 47 89
46 89 90
50 51 53
45 104 105
46 90 91
45 46 91
74 76 77
10 37 38
1 42 106
1 41 42
1 2 41
48 55 87
55 86 87
47 87 88
47 48 87
59 63 79
58 59 79
58 79 80
55 56 81
56 80 81
57 58 80
56 57 80
44 45 105
50 53 54
48 54 55
92 100 104
45 92 104
45 91 92
92 96 100
92 93 96
83 84 85
74 75 76
0 1 106
2 3 39
3 38 39
3 4 10
3 10 38
59 60 63
60 61 62
60 62 63
48 49 54
49 50 54
43 44 105
42 43 106
43 105 106
82 83 85
55 81 82
55 82 86
82 85 86
2 40 41
2 39 40
