# points
0.11002 0.50082
0.11987 0.53038
0.12315 0.55993
0.11987 0.58456
0.10673 0.61412
0.085386 0.63711
0.060755 0.6486
0.077176 0.67159
0.095238 0.69622
0.11166 0.72578
0.11658 0.75534
0.11658 0.78489
0.11166 0.81445
0.095238 0.84236
0.10673 0.86864
0.11002 0.89819
0.10673 0.92775
0.09688 0.95731
0.08046 0.98194
0.085386 1
0.11494 0.99015
0.1445 0.97865
0.17406 0.95731
0.20197 0.9376
0.22332 0.91626
0.24795 0.8867
0.26765 0.85714
0.28736 0.82759
0.29885 0.79967
0.30542 0.77011
0.30213 0.74056
0.29392 0.711
0.28407 0.68144
0.27586 0.65189
0.26601 0.62233
0.2578 0.59278
0.27915 0.59934
0.30706 0.61248
0.33662 0.61576
0.34975 0.58949
0.34319 0.55993
0.33169 0.53202
0.31199 0.52217
0.34154 0.52053
0.3711 0.49589
0.39573 0.46798
0.38916 0.44007
0.35961 0.43514
0.33005 0.4335
0.30049 0.43678
0.31199 0.41544
0.34154 0.39901
0.3711 0.38424
0.40066 0.37274
0.43021 0.36453
0.45977 0.36289
0.48933 0.36289
0.51067 0.34319
0.53202 0.31691
0.55337 0.29392
0.57635 0.26437
0.59278 0.23645
0.61248 0.2069
0.6289 0.17734
0.63547 0.14778
0.64039 0.11823
0.64532 0.08867
0.65025 0.059113
0.65353 0.029557
0.64696 0
0.6289 0.019704
0.60755 0.039409
0.57964 0.055829
0.55008 0.064039
0.52053 0.068966
0.49425 0.075534
0.46962 0.098522
0.44171 0.1133
0.41215 0.12479
0.38259 0.13136
0.35304 0.133
0.33333 0.14943
0.3087 0.1757
0.28243 0.19376
0.25452 0.20854
0.22496 0.22167
0.1954 0.22824
0.16585 0.23317
0.13793 0.2381
0.10837 0.22824
0.08046 0.2381
0.050903 0.24138
0.021346 0.23974
0 0.24302
0.027915 0.26273
0.045977 0.29064
0.055829 0.3202
0.057471 0.34647
0.070608 0.37603
0.077176 0.40558
0.078818 0.43514
0.093596 0.46305
0.10673 0.49261
0.11002 0.50082
# triangles
68 69 70
37 38 39
65 72 73
63 73 74
50 86 87
50 87 98
12 25 26
62 63 74
15 23 24
64 65 73
63 64 73
15 22 23
17 20 21
92 93 94
91 92 94
4 5 8
4 33 34
35 36 42
55 56 57
50 85 86
65 66 72
66 71 72
74 75 76
62 74 76
14 15 24
12 14 25
14 24 25
15 16 22
16 21 22
16 17 21
18 19 20
17 18 20
91 94 95
87 88 98
11 12 26
11 26 27
11 27 28
10 11 28
28 29 30
10 28 30
4 9 33
4 8 9
5 6 7
5 7 8
2 3 35
3 4 34
3 34 35
1 2 35
1 35 42
36 40 42
37 39 40
36 37 40
79 80 81
54 78 79
50 51 85
66 67 71
67 68 70
67 70 71
58 59 78
55 57 58
54 55 58
54 58 78
59 60 77
59 77 78
61 62 76
60 61 77
61 76 77
12 13 14
96 97 98
88 96 98
90 91 95
88 89 90
90 95 96
88 90 96
50 98 99
99 100 101
10 30 31
9 10 31
45 46 47
44 45 47
44 47 48
42 43 48
43 44 48
52 53 83
52 83 84
51 52 84
51 84 85
49 50 99
49 99 101
49 101 102
0 49 102
42 48 49
1 42 49
0 1 49
9 32 33
9 31 32
40 41 42
53 82 83
53 54 82
79 81 82
54 79 82
