# points
0.13265 0.42177
0.14966 0.45238
0.15306 0.48639
0.14966 0.52041
0.13946 0.55102
0.12585 0.58844
0.10204 0.61565
0.088435 0.63946
0.095238 0.66667
0.10204 0.70068
0.10204 0.73469
0.098639 0.77211
0.07483 0.80612
0.081633 0.83673
0.085034 0.87075
0.081633 0.90816
0.064626 0.94558
0.030612 0.97279
0 0.9898
0.037415 1
0.07483 0.9966
0.11224 0.9898
0.14966 0.97619
0.18367 0.96259
0.21429 0.94218
0.2449 0.91837
0.27891 0.89116
0.30952 0.86395
0.33673 0.83673
0.36395 0.80952
0.38435 0.77891
0.41497 0.76531
0.43878 0.7415
0.44218 0.70408
0.45578 0.67347
0.45238 0.64286
0.43878 0.60544
0.43197 0.56803
0.42517 0.53061
0.42857 0.4932
0.42517 0.45578
0.42857 0.41837
0.43878 0.38095
0.47619 0.36735
0.5102 0.38776
0.53741 0.36395
0.57143 0.37075
0.60544 0.37755
0.64286 0.38776
0.68027 0.39456
0.71429 0.39796
0.7449 0.40816
0.77891 0.41156
0.81293 0.39116
0.85034 0.39456
0.84354 0.37755
0.84694 0.34694
0.87075 0.31633
0.89456 0.27891
0.90816 0.2449
0.92177 0.21429
0.93537 0.17687
0.94898 0.13946
0.94898 0.10544
0.95238 0.068027
0.93878 0.034014
0.92177 0
0.90476 0.017007
0.89456 0.05102
0.86735 0.085034
0.83333 0.10544
0.79592 0.11565
0.77211 0.14966
0.7381 0.16667
0.70068 0.18027
0.66327 0.18367
0.62925 0.18027
0.59524 0.16667
0.56122 0.18027
0.53401 0.15986
0.4966 0.16667
0.47279 0.18707
0.43878 0.18367
0.40816 0.18027
0.37755 0.19728
0.34014 0.20068
0.30272 0.20408
0.27891 0.20068
0.2551 0.17687
0.22449 0.20408
0.20748 0.23469
0.18367 0.2619
0.17347 0.28912
0.13605 0.30612
0.10884 0.33333
0.078231 0.35034
0.040816 0.36735
0.017007 0.38776
0.034014 0.41156
0.068027 0.39796
0.095238 0.39116
0.12585 0.41156
0.13265 0.42177
# triangles
65 66 67
64 65 68
65 67 68
17 18 19
9 29 30
87 88 89
6 7 8
14 15 23
86 87 90
90 91 92
86 90 92
87 89 90
43 81 82
13 14 25
94 100 101
93 94 101
0 92 101
92 93 101
96 97 98
96 98 99
11 12 13
11 13 25
11 25 26
15 22 23
42 86 92
41 42 92
42 85 86
1 40 41
0 1 92
1 41 92
2 3 38
1 2 40
78 80 81
63 64 68
14 23 24
14 24 25
95 99 100
95 96 99
94 95 100
9 10 29
10 28 29
11 26 27
10 27 28
10 11 27
15 16 21
15 21 22
5 30 36
4 5 36
5 9 30
5 6 8
5 8 9
30 33 36
31 32 33
30 31 33
4 36 37
3 37 38
3 4 37
42 84 85
82 83 84
43 82 84
42 43 84
2 38 39
2 39 40
45 46 78
43 44 45
43 45 81
45 78 81
16 20 21
17 19 20
16 17 20
33 34 35
33 35 36
78 79 80
47 48 75
48 49 75
63 68 69
62 63 69
61 62 69
61 69 70
60 61 70
58 59 72
59 60 72
70 71 72
60 70 72
56 57 73
57 72 73
57 58 72
51 52 53
50 51 53
50 53 56
53 55 56
53 54 55
49 50 74
49 74 75
56 73 74
50 56 74
47 75 76
46 76 78
46 47 76
76 77 78
