# points
0.083205 0.50077
0.070878 0.5208
0.093991 0.53005
0.098613 0.55162
0.083205 0.57319
0.075501 0.59938
0.063174 0.62558
0.040062 0.64869
0.013867 0.66256
0 0.67026
0.026194 0.67488
0.052388 0.68413
0.078582 0.69183
0.10324 0.70878
0.093991 0.73498
0.083205 0.7473
0.10632 0.75809
0.12018 0.7396
0.13559 0.71957
0.16179 0.71803
0.18798 0.71957
0.21418 0.72727
0.24037 0.74114
0.26348 0.75963
0.28043 0.78582
0.28505 0.81202
0.28197 0.83205
0.30817 0.83667
0.33436 0.84129
0.36055 0.85516
0.38367 0.87365
0.40216 0.89985
0.41294 0.92604
0.42989 0.94145
0.45609 0.95223
0.4792 0.97381
0.4869 1
0.50539 0.99538
0.5208 0.97072
0.52851 0.94453
0.53467 0.91834
0.53929 0.89214
0.54391 0.86595
0.54391 0.83975
0.54237 0.81356
0.53621 0.78737
0.52696 0.76117
0.51772 0.73498
0.50693 0.70878
0.49307 0.68259
0.47304 0.65794
0.44684 0.63945
0.42065 0.62712
0.39445 0.61479
0.36826 0.60401
0.34206 0.59014
0.31741 0.57165
0.3282 0.55008
0.34515 0.52696
0.36364 0.50539
0.3775 0.48228
0.38675 0.45917
0.39291 0.43451
0.38983 0.40832
0.38059 0.38367
0.3621 0.3621
0.37134 0.33744
0.38829 0.31125
0.40678 0.28505
0.41757 0.25886
0.42219 0.23267
0.42681 0.20647
0.42835 0.18028
0.42835 0.15408
0.42681 0.12789
0.42065 0.10169
0.40986 0.075501
0.39753 0.049307
0.38059 0.023112
0.36055 0.0015408
0.34206 0
0.33898 0.026194
0.32666 0.050847
0.30663 0.072419
0.302 0.09245
0.302 0.11864
0.29122 0.14484
0.27735 0.17103
0.25732 0.19723
0.23575 0.22034
0.21109 0.23883
0.1849 0.25578
0.17874 0.27581
0.1926 0.302
0.20031 0.3282
0.20185 0.35439
0.19877 0.38059
0.19106 0.40678
0.18182 0.43143
0.16487 0.45763
0.14176 0.48382
0.11864 0.50385
0.093991 0.50077
0.083205 0.50077
# triangles
31 41 42
31 34 41
34 40 41
35 36 37
35 37 38
14 15 16
73 74 85
31 33 34
31 32 33
75 76 85
74 75 85
35 38 39
34 39 40
34 35 39
14 16 17
61 63 65
24 51 52
65 95 96
65 94 95
77 78 82
76 77 82
76 84 85
76 82 84
56 99 100
3 56 100
3 20 56
30 44 45
13 14 17
20 21 56
21 22 56
23 53 54
24 52 53
23 24 53
22 55 56
22 23 55
23 54 55
29 47 48
65 66 94
24 28 51
28 50 51
28 49 50
61 62 63
68 69 88
67 68 88
70 71 87
69 87 88
69 70 87
61 65 97
65 96 97
58 97 98
58 59 97
90 91 93
78 79 81
78 81 82
79 80 81
82 83 84
56 57 99
57 58 98
57 98 99
3 4 5
3 100 101
0 1 2
2 3 101
30 31 43
30 43 44
31 42 43
5 6 13
13 17 18
25 26 27
24 25 28
25 27 28
29 30 46
29 46 47
30 45 46
63 64 65
67 88 89
66 67 89
66 89 94
89 90 93
89 93 94
73 85 86
72 73 86
71 86 87
71 72 86
60 61 97
59 60 97
91 92 93
6 12 13
8 9 10
7 8 10
0 2 102
2 101 102
3 19 20
3 5 19
7 10 11
6 7 11
6 11 12
28 48 49
28 29 48
13 18 19
5 13 19
