# points
0.2596 0.24731
0.23963 0.26882
0.21352 0.28571
0.1874 0.28725
0.16897 0.28879
0.1659 0.3149
0.15975 0.34101
0.14593 0.36713
0.12596 0.39017
0.099846 0.4086
0.073733 0.41628
0.061444 0.43625
0.047619 0.46237
0.026114 0.48387
0 0.48848
0.010753 0.51152
0.03533 0.52535
0.061444 0.53303
0.087558 0.53917
0.11367 0.54378
0.13978 0.54685
0.1659 0.54685
0.19201 0.54378
0.21813 0.53917
0.24424 0.52995
0.27035 0.5192
0.29647 0.50691
0.32258 0.49462
0.34716 0.47312
0.36406 0.447
0.37788 0.42089
0.38863 0.39478
0.39939 0.36866
0.41321 0.34255
0.43318 0.31951
0.45469 0.33487
0.47619 0.35023
0.49923 0.36713
0.52227 0.38249
0.54378 0.39324
0.56989 0.39631
0.59601 0.39171
0.62058 0.38249
0.64209 0.36406
0.66667 0.37634
0.69278 0.39324
0.71889 0.41321
0.74501 0.42243
0.77112 0.42704
0.79724 0.43011
0.82335 0.43164
0.84946 0.43164
0.87558 0.42857
0.90169 0.42243
0.9278 0.41167
0.95392 0.39939
0.98003 0.38249
1 0.36098
0.99693 0.34562
0.97081 0.34255
0.94624 0.32873
0.9278 0.30722
0.90476 0.30568
0.87865 0.30415
0.85253 0.29493
0.82642 0.27957
0.80031 0.2596
0.7788 0.23656
0.76037 0.21198
0.74501 0.18587
0.72197 0.18587
0.69585 0.19816
0.66974 0.2043
0.64363 0.20584
0.61751 0.20276
0.5914 0.19508
0.56682 0.18433
0.54071 0.16743
0.51459 0.14439
0.49462 0.11982
0.50077 0.095238
0.48848 0.075269
0.47619 0.09063
0.45776 0.10753
0.43625 0.089094
0.41014 0.084485
0.38402 0.072197
0.35791 0.052227
0.34409 0.026114
0.33487 0
0.33026 0.023041
0.32104 0.049155
0.31183 0.075269
0.298 0.10138
0.27496 0.10138
0.26267 0.087558
0.24424 0.10292
0.25499 0.12596
0.27803 0.1321
0.28418 0.15822
0.28264 0.18433
0.27803 0.21045
0.26575 0.23656
0.2596 0.24731
# triangles
52 53 63
57 58 59
56 57 59
55 56 59
54 55 60
55 59 60
7 24 25
60 61 62
54 60 62
53 62 63
53 54 62
12 17 18
9 19 20
9 20 21
87 88 91
51 52 63
7 25 26
6 7 26
26 27 28
43 73 74
43 74 75
41 42 43
44 45 66
44 66 67
47 65 66
45 46 66
46 47 66
13 16 17
12 13 17
13 15 16
13 14 15
11 12 18
11 18 19
9 11 19
9 10 11
8 22 23
7 8 24
8 23 24
8 9 21
8 21 22
88 89 90
88 90 91
87 91 92
35 76 77
34 35 77
34 101 102
26 28 29
6 26 29
3 4 5
68 69 70
43 72 73
44 67 72
43 44 72
51 63 64
50 51 64
49 50 64
49 64 65
48 49 65
47 48 65
83 84 85
34 77 78
78 79 83
34 78 83
0 1 32
1 31 32
86 92 93
86 87 92
93 98 99
86 93 99
85 86 99
93 94 98
94 97 98
94 96 97
94 95 96
38 39 40
38 40 41
38 41 43
38 43 75
37 38 75
35 36 76
36 37 75
36 75 76
2 6 29
2 29 30
2 3 5
2 5 6
2 30 31
1 2 31
68 70 71
67 68 71
67 71 72
80 81 82
79 82 83
79 80 82
33 34 102
0 33 102
0 32 33
83 85 100
85 99 100
34 100 101
34 83 100
