# points
0.062701 0.46302
0.049839 0.47749
0.033762 0.4791
0.041801 0.50482
0.067524 0.5
0.086817 0.52412
0.096463 0.55145
0.10289 0.57878
0.10611 0.60932
0.10289 0.63826
0.09164 0.66559
0.075563 0.68971
0.069132 0.71543
0.072347 0.74598
0.073955 0.77653
0.072347 0.80547
0.061093 0.83441
0.041801 0.85691
0.05627 0.88746
0.057878 0.9164
0.045016 0.94212
0.024116 0.96785
0 0.98714
0.0080386 1
0.036977 0.99357
0.067524 0.98875
0.096463 0.9791
0.12701 0.96141
0.15434 0.94373
0.18006 0.92283
0.19775 0.89711
0.21383 0.86817
0.23151 0.84084
0.25241 0.81511
0.27331 0.79421
0.29421 0.79743
0.27814 0.77492
0.28457 0.74598
0.28296 0.71543
0.27814 0.68489
0.27653 0.65595
0.27653 0.62701
0.27974 0.59646
0.28778 0.56913
0.29582 0.54019
0.30547 0.51125
0.3328 0.48875
0.35852 0.46463
0.38264 0.44051
0.40032 0.4164
0.41801 0.38746
0.44695 0.37138
0.47588 0.35852
0.50643 0.34566
0.53537 0.33119
0.56431 0.31994
0.59164 0.30547
0.62058 0.2926
0.6463 0.28617
0.65113 0.2717
0.66238 0.24598
0.68006 0.22026
0.69614 0.19453
0.71222 0.1672
0.72669 0.13987
0.7299 0.11254
0.73151 0.083601
0.73473 0.053055
0.72669 0.024116
0.71543 0
0.7074 0.024116
0.69453 0.046624
0.68006 0.07717
0.66238 0.10289
0.63344 0.12219
0.60611 0.13023
0.58039 0.12701
0.56431 0.14148
0.54984 0.16881
0.52572 0.18971
0.49518 0.2074
0.46624 0.21543
0.43569 0.21865
0.40836 0.22186
0.38585 0.2283
0.36334 0.25563
0.33762 0.27331
0.31029 0.28939
0.27974 0.29743
0.25723 0.31672
0.2299 0.32315
0.20418 0.31511
0.19132 0.33923
0.16559 0.34887
0.13826 0.36656
0.11254 0.37942
0.085209 0.38585
0.05627 0.38907
0.027331 0.38746
0.017685 0.3955
0.038585 0.42122
0.057878 0.44534
0.062701 0.46302
# triangles
66 67 71
66 71 72
68 69 70
67 68 70
67 70 71
96 97 101
21 22 23
21 23 24
21 24 25
65 66 72
65 72 73
64 65 73
97 100 101
97 98 100
98 99 100
95 96 101
20 21 25
19 20 26
20 25 26
50 51 85
6 7 43
45 92 93
45 93 94
83 84 85
51 83 85
60 75 78
54 80 81
5 45 94
5 94 95
1 2 3
1 3 4
10 11 12
19 26 27
19 27 28
15 30 31
15 31 32
63 64 73
63 73 74
62 63 74
61 74 75
61 62 74
60 61 75
55 79 80
54 55 80
50 86 87
50 85 86
46 89 90
45 90 92
45 46 90
90 91 92
87 88 89
6 43 44
5 6 44
5 44 45
75 76 77
75 77 78
52 81 82
51 52 83
52 82 83
0 1 4
0 95 101
0 5 95
0 4 5
15 16 30
34 35 36
33 34 36
14 15 32
14 32 33
57 58 59
57 78 79
57 60 78
57 59 60
49 50 87
49 87 89
48 49 89
46 47 89
47 48 89
53 54 81
52 53 81
7 42 43
7 8 42
8 41 42
18 29 30
16 18 30
18 28 29
18 19 28
16 17 18
13 14 33
13 33 36
13 36 37
13 37 38
10 12 13
10 13 38
55 56 79
56 57 79
8 9 41
9 40 41
10 38 39
9 10 39
9 39 40
