# points
0.15531 0.19074
0.15804 0.21526
0.16076 0.23978
0.16349 0.26431
0.16076 0.28883
0.13624 0.29155
0.11172 0.29428
0.087193 0.29428
0.06267 0.297
0.038147 0.297
0.013624 0.30245
0 0.32153
0.010899 0.34332
0.035422 0.34877
0.059946 0.34877
0.084469 0.34877
0.10899 0.34877
0.13351 0.34877
0.15804 0.34605
0.18256 0.34877
0.20708 0.35967
0.23161 0.3624
0.25613 0.3624
0.28065 0.36785
0.30518 0.37057
0.3297 0.3733
0.35422 0.3733
0.37875 0.3733
0.40327 0.37057
0.42779 0.37057
0.45232 0.37057
0.47684 0.37057
0.50136 0.37057
0.52589 0.37057
0.55041 0.37057
0.57493 0.37057
0.59946 0.37057
0.62398 0.37057
0.6485 0.36785
0.67302 0.36785
0.69755 0.36785
0.72207 0.36785
0.74659 0.36785
0.77112 0.36785
0.79564 0.36785
0.82016 0.36785
0.84469 0.36785
0.86921 0.36512
0.89373 0.36785
0.91826 0.36785
0.94278 0.36512
0.9673 0.36512
0.99183 0.35422
0.99455 0.3297
0.99728 0.30518
0.99728 0.28065
0.99728 0.25613
1 0.23161
1 0.20708
1 0.18256
1 0.15804
1 0.13351
0.99728 0.10899
0.99728 0.084469
0.99728 0.059946
0.99455 0.035422
0.98638 0.010899
0.96185 0.0054496
0.93733 0.0054496
0.91281 0.0054496
0.88828 0.0054496
0.86376 0.0054496
0.83924 0.0054496
0.81471 0.0054496
0.79019 0.0054496
0.76567 0.0054496
0.74114 0.0054496
0.71662 0.0054496
0.6921 0.0054496
0.66757 0.0054496
0.64305 0.0054496
0.61853 0.0054496
0.59401 0.0054496
0.56948 0.0081744
0.54496 0.0081744
0.52044 0.0081744
0.49591 0.0081744
0.47139 0
0.44687 0.0054496
0.42234 0.0081744
0.39782 0.0027248
0.3733 0.0027248
0.34877 0.010899
0.32425 0.010899
0.29973 0.010899
0.2752 0.010899
0.25068 0.016349
0.22616 0.019074
0.20163 0.024523
0.17711 0.035422
0.16621 0.059946
0.16349 0.084469
0.16076 0.10899
0.15804 0.13351
0.15804 0.15804
0.15531 0.18256
0.15531 0.19074
# triangles
10 11 12
10 12 13
86 87 88
94 103 104
59 60 72
65 66 67
94 96 103
59 72 73
65 67 68
64 65 68
60 61 71
60 71 72
61 62 71
62 70 71
51 52 53
49 50 55
50 54 55
50 53 54
50 51 53
38 80 81
37 38 81
47 56 57
48 49 55
48 55 56
47 48 56
47 57 58
38 79 80
1 24 25
2 23 24
1 2 24
4 20 21
9 10 13
9 13 14
8 9 14
93 94 104
1 93 104
94 95 96
43 74 75
45 59 73
45 58 59
62 69 70
33 84 85
2 22 23
4 19 20
5 6 17
6 7 16
6 16 17
1 25 92
1 92 93
27 28 92
28 89 92
89 90 92
90 91 92
96 102 103
96 101 102
96 97 101
42 75 76
42 43 75
46 47 58
45 46 58
44 73 74
44 45 73
43 44 74
62 63 69
63 64 68
63 68 69
32 85 86
32 33 85
34 83 84
33 34 84
2 3 22
3 4 21
3 21 22
4 18 19
4 5 18
5 17 18
7 15 16
7 8 15
8 14 15
25 26 92
26 27 92
97 98 101
41 76 77
41 42 76
30 86 88
30 88 89
36 82 83
36 37 81
36 81 82
98 99 100
98 100 101
40 77 78
40 41 77
31 32 86
30 31 86
28 29 89
29 30 89
34 35 83
35 36 83
39 78 79
39 40 78
38 39 79
0 1 105
1 104 105
