# points
0.14785 0.15323
0.14785 0.17742
0.15054 0.20161
0.15323 0.22581
0.14247 0.24462
0.11828 0.24731
0.094086 0.24731
0.069892 0.24731
0.045699 0.24731
0.021505 0.25
0 0.26613
0.0080645 0.29032
0.032258 0.2957
0.056452 0.29839
0.080645 0.29839
0.10484 0.30108
0.12903 0.30108
0.15323 0.30108
0.17742 0.30376
0.20161 0.30376
0.22581 0.30376
0.25 0.30108
0.27419 0.30108
0.29839 0.30108
0.32258 0.30376
0.34677 0.30376
0.37097 0.30108
0.39516 0.30376
0.41935 0.30376
0.44355 0.30376
0.46774 0.30376
0.49194 0.30376
0.51613 0.30376
0.54032 0.30376
0.56452 0.30376
0.58871 0.30376
0.6129 0.30376
0.6371 0.30376
0.66129 0.30376
0.68548 0.30376
0.70968 0.30376
0.73387 0.30376
0.75806 0.30645
0.78226 0.30645
0.80645 0.30645
0.83065 0.30645
0.85484 0.30645
0.87903 0.30645
0.90323 0.30645
0.92742 0.30914
0.95161 0.30914
0.97581 0.29301
0.98387 0.26882
0.98925 0.24462
0.99194 0.22043
0.99462 0.19624
0.99731 0.17204
1 0.14785
1 0.12366
1 0.099462
1 0.075269
0.99462 0.051075
0.98656 0.026882
0.96505 0.0080645
0.94086 0.0080645
0.91667 0.0080645
0.89247 0.0080645
0.86828 0.0080645
0.84409 0.0080645
0.81989 0.0080645
0.7957 0.0053763
0.77151 0.0053763
0.74731 0.0026882
0.72312 0.0026882
0.69892 0.0026882
0.67473 0.0026882
0.65054 0
0.62634 0
0.60215 0
0.57796 0.0026882
0.55376 0.0026882
0.52957 0.0026882
0.50538 0.0026882
0.48118 0
0.45699 0
0.4328 0
0.4086 0
0.38441 0
0.36022 0
0.33602 0
0.31183 0.0026882
0.28763 0.0026882
0.26344 0.0026882
0.23925 0.0053763
0.21505 0.0053763
0.19086 0.018817
0.17204 0.040323
0.15591 0.064516
0.15054 0.08871
0.15054 0.1129
0.14785 0.1371
0.14785 0.15323
# triangles
49 50 52
50 51 52
8 9 12
9 10 11
9 11 12
41 42 71
41 71 72
48 53 54
48 49 52
48 52 53
42 43 71
59 65 66
43 69 70
43 70 71
58 59 66
41 72 73
40 73 74
40 41 73
34 79 80
34 35 79
35 36 79
44 45 69
43 44 69
61 64 65
62 63 64
61 62 64
60 61 65
59 60 65
56 57 67
57 58 67
58 66 67
93 94 95
3 19 20
3 20 21
3 18 19
30 83 84
29 30 84
8 12 13
7 8 13
7 13 14
6 14 15
5 6 15
6 7 14
32 81 82
31 32 82
30 82 83
30 31 82
32 33 81
33 80 81
33 34 80
39 40 74
37 76 77
36 37 77
46 55 56
45 68 69
45 46 68
46 56 68
56 67 68
92 93 99
91 99 100
91 92 99
23 90 91
93 95 96
96 97 98
96 98 99
93 96 99
26 27 86
27 28 86
0 22 23
0 91 100
0 23 91
2 21 22
2 3 21
29 84 85
28 85 86
28 29 85
5 15 16
4 5 16
4 16 17
3 4 18
4 17 18
39 74 75
38 39 75
37 75 76
37 38 75
36 78 79
36 77 78
47 54 55
47 48 54
46 47 55
26 88 89
23 24 90
25 89 90
25 26 89
24 25 90
0 1 22
1 2 22
26 86 87
26 87 88
