# points
0.13272 0.15432
0.13272 0.17901
0.12963 0.2037
0.12963 0.2284
0.13889 0.25309
0.14198 0.27778
0.16358 0.29938
0.18827 0.30247
0.21296 0.30556
0.23765 0.30864
0.26235 0.30864
0.28704 0.31173
0.31173 0.31481
0.33642 0.31481
0.36111 0.31173
0.3858 0.31481
0.41049 0.31481
0.43519 0.31481
0.45988 0.31481
0.48457 0.31481
0.50926 0.31481
0.53395 0.31481
0.55864 0.31481
0.58333 0.31173
0.60802 0.31173
0.63272 0.31173
0.65741 0.31481
0.6821 0.3179
0.70679 0.30864
0.73148 0.30864
0.75617 0.30864
0.78086 0.30864
0.80556 0.30864
0.83025 0.30864
0.85494 0.30864
0.87963 0.30864
0.90432 0.30864
0.92901 0.30864
0.9537 0.30864
0.9784 0.30864
0.99383 0.28395
0.99383 0.25926
0.99691 0.23457
1 0.20988
1 0.18519
1 0.16049
0.99691 0.1358
0.99691 0.11111
0.99691 0.08642
0.99691 0.061728
0.99691 0.037037
0.9784 0.018519
0.9537 0.018519
0.92901 0.015432
0.90432 0.015432
0.87963 0.015432
0.85494 0.012346
0.83025 0.015432
0.80556 0.012346
0.78086 0.012346
0.75617 0.012346
0.73148 0.012346
0.70679 0.012346
0.6821 0.0061728
0.65741 0.0092593
0.63272 0.0061728
0.60802 0.0061728
0.58333 0.0061728
0.55864 0.0030864
0.53395 0.0030864
0.50926 0
0.48457 0
0.45988 0
0.43519 0
0.41049 0
0.3858 0
0.36111 0
0.33642 0
0.31173 0
0.28704 0
0.26235 0
0.23765 0.0030864
0.21296 0.0061728
0.18827 0.0092593
0.16358 0.012346
0.13889 0.015432
0.1142 0.015432
0.089506 0.018519
0.064815 0.018519
0.040123 0.018519
0.015432 0.018519
0 0.037037
0.0092593 0.058642
0.033951 0.061728
0.058642 0.064815
0.083333 0.064815
0.10802 0.064815
0.13272 0.080247
0.13272 0.10494
0.13272 0.12963
0.13272 0.15432
0.13272 0.15432
# triangles
90 91 92
90 92 93
82 97 98
85 96 97
85 86 96
55 56 57
46 55 57
48 49 52
48 52 53
2 3 4
84 85 97
80 81 99
81 98 99
81 82 98
89 90 93
86 87 96
89 93 94
88 89 94
48 53 54
2 4 8
1 2 8
1 8 9
0 1 10
1 9 10
0 10 79
20 69 70
82 83 97
83 84 97
87 95 96
87 88 95
88 94 95
47 48 54
46 47 55
47 54 55
4 7 8
11 12 78
11 78 79
10 11 79
36 42 43
34 46 57
33 34 57
34 45 46
34 44 45
25 28 64
25 64 65
20 21 69
37 41 42
36 37 42
34 35 44
35 43 44
35 36 43
28 62 64
62 63 64
26 27 28
25 26 28
32 57 58
32 33 57
14 75 76
14 15 75
14 76 77
38 39 40
38 40 41
37 38 41
13 14 77
49 50 52
50 51 52
79 80 99
0 79 99
20 70 71
19 20 71
4 5 7
5 6 7
24 25 65
24 65 66
21 22 68
21 68 69
18 71 72
18 19 71
18 72 73
17 18 73
28 29 62
29 61 62
29 30 61
30 60 61
30 59 60
30 31 59
31 32 59
32 58 59
22 23 68
23 67 68
23 24 66
23 66 67
15 74 75
15 16 74
17 73 74
16 17 74
13 77 78
12 13 78
