# points
0.13092 0.1532
0.13092 0.17549
0.13092 0.19777
0.13092 0.22006
0.13092 0.24234
0.12813 0.26462
0.10585 0.27019
0.083565 0.27019
0.061281 0.27298
0.038997 0.27298
0.016713 0.27577
0 0.28691
0 0.30919
0.019499 0.31755
0.041783 0.31755
0.064067 0.32033
0.086351 0.32033
0.10864 0.32033
0.13092 0.32591
0.1532 0.32591
0.17549 0.32312
0.19777 0.32312
0.22006 0.32312
0.24234 0.32312
0.26462 0.32312
0.28691 0.32312
0.30919 0.32312
0.33148 0.32312
0.35376 0.32312
0.37604 0.32312
0.39833 0.32312
0.42061 0.32312
0.4429 0.32312
0.46518 0.32312
0.48747 0.32312
0.50975 0.32312
0.53203 0.32312
0.55432 0.32312
0.5766 0.32312
0.59889 0.32312
0.62117 0.32312
0.64345 0.32312
0.66574 0.32312
0.68802 0.32312
0.71031 0.32033
0.73259 0.32312
0.75487 0.32312
0.77716 0.32033
0.79944 0.32033
0.82173 0.32033
0.84401 0.32033
0.8663 0.32033
0.88858 0.32033
0.91086 0.32033
0.93315 0.31755
0.95543 0.31476
0.97772 0.29526
0.98607 0.27298
0.99443 0.2507
0.99443 0.22841
0.99721 0.20613
0.99721 0.18384
1 0.16156
1 0.13928
0.99721 0.11699
0.99721 0.094708
0.99443 0.072423
0.99164 0.050139
0.98329 0.027855
0.961 0.0083565
0.93872 0
0.91643 0
0.89415 0
0.87187 0
0.84958 0
0.8273 0
0.80501 0
0.78273 0
0.76045 0
0.73816 0
0.71588 0
0.69359 0
0.67131 0
0.64903 0
0.62674 0
0.60446 0
0.58217 0
0.55989 0
0.5376 0
0.51532 0
0.49304 0
0.47075 0
0.44847 0
0.42618 0
0.4039 0
0.38162 0
0.35933 0
0.33705 0
0.31476 0
0.29248 0
0.27019 0
0.24791 0
0.22563 0
0.20334 0
0.18106 0
0.15877 0.005571
0.14206 0.02507
0.1337 0.047354
0.12535 0.069638
0.12813 0.091922
0.13092 0.11421
0.13092 0.13649
0.13092 0.1532
# triangles
11 12 13
67 68 69
62 63 74
63 64 74
5 18 19
6 7 16
10 11 13
9 10 13
7 8 16
8 15 16
9 13 14
8 14 15
8 9 14
102 109 110
61 62 74
57 58 59
53 57 59
64 65 72
65 66 72
0 25 99
0 1 25
1 24 25
53 54 57
54 55 56
54 56 57
6 16 17
5 17 18
5 6 17
107 108 109
101 102 110
101 110 111
64 73 74
64 72 73
66 71 72
66 67 71
69 70 71
67 69 71
25 26 99
27 28 97
1 2 24
4 5 21
102 103 109
103 107 109
100 101 111
0 99 100
0 100 111
51 60 61
37 87 88
29 30 95
31 32 93
32 92 93
30 94 95
30 31 94
31 93 94
44 79 80
44 80 81
41 83 84
37 38 87
40 41 84
40 84 85
39 40 85
44 45 79
45 46 79
41 42 83
26 98 99
26 27 98
27 97 98
28 96 97
28 29 96
29 95 96
5 19 20
5 20 21
3 4 22
4 21 22
104 105 106
103 104 107
104 106 107
52 53 59
52 59 60
51 52 60
50 51 61
50 61 74
49 75 76
50 74 75
49 50 75
46 47 79
33 91 92
32 33 92
36 88 89
35 36 89
36 37 88
35 89 90
38 86 87
39 85 86
38 39 86
42 82 83
42 43 82
44 81 82
43 44 82
3 22 23
2 3 23
2 23 24
48 49 76
48 76 77
47 48 77
34 35 90
34 90 91
33 34 91
47 78 79
47 77 78
