# points
0.11436 0.17553
0.11702 0.19681
0.11702 0.21809
0.11968 0.23936
0.10638 0.25532
0.085106 0.25798
0.06383 0.25798
0.042553 0.25798
0.021277 0.26064
0 0.26596
0 0.28723
0.015957 0.29787
0.037234 0.30053
0.058511 0.30053
0.079787 0.30319
0.10106 0.30319
0.12234 0.30585
0.14362 0.30585
0.16489 0.30319
0.18617 0.30319
0.20745 0.30585
0.22872 0.30851
0.25 0.30851
0.27128 0.30851
0.29255 0.31117
0.31383 0.31117
0.33511 0.31117
0.35638 0.31117
0.37766 0.31383
0.39894 0.31383
0.42021 0.31383
0.44149 0.31383
0.46277 0.31383
0.48404 0.31117
0.50532 0.31383
0.5266 0.31383
0.54787 0.31383
0.56915 0.31383
0.59043 0.31383
0.6117 0.31383
0.63298 0.31383
0.65426 0.31383
0.67553 0.31117
0.69681 0.31383
0.71809 0.31117
0.73936 0.30585
0.76064 0.28457
0.78191 0.2766
0.80319 0.27394
0.82447 0.26596
0.84574 0.25798
0.86702 0.25266
0.8883 0.24468
0.90957 0.23936
0.93085 0.23404
0.95213 0.23138
0.9734 0.22074
0.99468 0.21543
1 0.19681
1 0.17553
0.99734 0.15426
0.99468 0.13298
0.99202 0.1117
0.99202 0.090426
0.98936 0.069149
0.98936 0.047872
0.98936 0.026596
0.9867 0.0053191
0.96809 0
0.94681 0.0079787
0.92553 0.015957
0.90426 0.026596
0.88298 0.031915
0.8617 0.039894
0.84043 0.045213
0.81915 0.053191
0.79787 0.06117
0.7766 0.069149
0.75532 0.077128
0.73404 0.077128
0.71277 0.082447
0.69149 0.082447
0.67021 0.082447
0.64894 0.082447
0.62766 0.079787
0.60638 0.079787
0.58511 0.079787
0.56383 0.079787
0.54255 0.079787
0.52128 0.079787
0.5 0.079787
0.47872 0.079787
0.45745 0.079787
0.43617 0.077128
0.41489 0.077128
0.39362 0.074468
0.37234 0.071809
0.35106 0.069149
0.32979 0.069149
0.30851 0.071809
0.28723 0.071809
0.26596 0.071809
0.24468 0.074468
0.2234 0.079787
0.20213 0.079787
0.18085 0.082447
0.15957 0.085106
0.1383 0.098404
0.12234 0.11702
0.11702 0.1383
0.11436 0.15957
0.11436 0.17553
# triangles
66 67 68
56 57 58
56 58 59
27 28 95
35 36 88
30 31 93
36 87 88
8 11 12
7 8 12
8 9 10
8 10 11
23 100 101
27 95 96
28 29 95
5 6 14
50 77 78
49 50 78
46 80 81
44 45 46
43 44 46
53 54 61
35 88 89
33 91 92
31 92 93
36 37 87
37 86 87
64 65 70
42 81 82
42 43 46
42 46 81
50 76 77
1 2 20
105 106 107
24 99 100
23 24 100
24 25 99
27 96 97
29 30 94
30 93 94
29 94 95
5 14 15
6 13 14
7 12 13
6 7 13
78 79 80
47 78 80
46 47 80
47 48 49
47 49 78
54 60 61
56 59 60
55 56 60
54 55 60
34 35 89
33 90 91
33 34 90
34 89 90
32 33 92
31 32 92
37 38 86
66 68 69
65 66 69
65 69 70
40 83 84
40 41 83
42 82 83
41 42 83
0 105 110
107 108 109
105 107 109
105 109 110
26 98 99
25 26 99
26 97 98
26 27 97
38 85 86
62 63 71
62 71 72
63 64 71
64 70 71
62 72 73
61 62 73
53 73 74
53 61 73
52 53 74
52 74 75
52 75 76
4 5 15
4 15 16
4 16 17
3 4 17
2 19 20
2 3 19
1 20 103
20 21 103
21 22 103
22 23 103
38 39 85
39 40 84
39 84 85
50 51 76
51 52 76
3 17 18
3 18 19
0 1 104
1 103 104
0 104 105
23 101 102
23 102 103
