# points
0.14331 0.15287
0.14331 0.17516
0.14331 0.19745
0.1465 0.21975
0.14968 0.24204
0.14331 0.26115
0.12102 0.26115
0.098726 0.26433
0.076433 0.26433
0.05414 0.26752
0.031847 0.26752
0.0095541 0.27389
0 0.28981
0.0095541 0.3121
0.031847 0.3121
0.05414 0.31529
0.076433 0.31529
0.098726 0.31529
0.12102 0.31529
0.14331 0.31529
0.16561 0.31529
0.1879 0.31529
0.21019 0.31529
0.23248 0.31847
0.25478 0.31847
0.27707 0.31847
0.29936 0.32166
0.32166 0.32166
0.34395 0.32166
0.36624 0.32166
0.38854 0.32166
0.41083 0.32166
0.43312 0.32166
0.45541 0.32166
0.47771 0.32166
0.5 0.32166
0.52229 0.32166
0.54459 0.32166
0.56688 0.32166
0.58917 0.32803
0.61146 0.32484
0.63376 0.32484
0.65605 0.32166
0.67834 0.32484
0.70064 0.32484
0.72293 0.32484
0.74522 0.32484
0.76752 0.32484
0.78981 0.32484
0.8121 0.32484
0.83439 0.32484
0.85669 0.32166
0.87898 0.32166
0.90127 0.31847
0.92357 0.31847
0.94586 0.31847
0.96815 0.31847
0.98726 0.30892
0.99045 0.28662
0.99363 0.26433
0.99682 0.24204
0.99682 0.21975
0.99682 0.19745
1 0.17516
1 0.15287
1 0.13057
0.99682 0.10828
0.99682 0.085987
0.99682 0.063694
0.99363 0.041401
0.99363 0.019108
0.97452 0.0063694
0.95223 0.0063694
0.92994 0.0063694
0.90764 0.0063694
0.88535 0
0.86306 0
0.84076 0
0.81847 0
0.79618 0
0.77389 0
0.75159 0
0.7293 0
0.70701 0
0.68471 0
0.66242 0
0.64013 0
0.61783 0
0.59554 0
0.57325 0.0063694
0.55096 0.0063694
0.52866 0.0063694
0.50637 0.0063694
0.48408 0.0031847
0.46178 0
0.43949 0.0031847
0.4172 0.0063694
0.3949 0.0031847
0.37261 0
0.35032 0.0063694
0.32803 0.0095541
0.30573 0.0095541
0.28344 0.0031847
0.26115 0.0063694
0.23885 0.0095541
0.21656 0.0095541
0.19427 0.015924
0.17197 0.022293
0.15605 0.044586
0.15287 0.066879
0.1465 0.089172
0.14331 0.11146
0.14331 0.13376
0.14331 0.15287
# triangles
105 106 109
106 108 109
106 107 108
40 42 87
40 87 89
67 68 73
66 67 74
67 73 74
68 72 73
104 105 109
53 60 61
10 11 14
12 13 14
11 12 14
9 15 16
9 10 14
9 14 15
40 41 42
42 44 84
28 29 100
30 31 96
38 40 89
38 39 40
34 35 92
68 69 72
69 71 72
69 70 71
104 109 110
103 104 112
53 61 62
62 63 64
51 62 64
53 54 60
56 57 58
55 56 58
64 65 76
74 75 76
65 66 76
66 74 76
48 79 80
49 51 78
49 78 79
48 49 79
3 4 24
8 9 16
42 43 44
47 48 80
42 84 85
27 28 100
29 30 99
29 99 100
30 96 99
33 95 96
32 33 96
31 32 96
37 90 91
37 38 90
38 89 90
35 36 92
36 91 92
36 37 91
104 111 112
104 110 111
0 1 101
0 101 112
101 103 112
101 102 103
26 27 101
27 100 101
52 53 62
51 52 62
54 59 60
54 55 59
55 58 59
64 76 77
51 64 77
51 77 78
4 21 22
5 19 20
4 5 21
5 20 21
42 86 87
42 85 86
46 81 82
47 80 81
46 47 81
45 46 82
44 83 84
44 45 83
45 82 83
97 98 99
96 97 99
87 88 89
25 26 101
1 25 101
1 2 25
2 3 25
3 24 25
49 50 51
4 23 24
4 22 23
7 17 18
93 94 95
33 93 95
33 34 93
34 92 93
6 7 18
7 8 17
8 16 17
6 18 19
5 6 19
