# points
0.14149 0.17506
0.14149 0.19904
0.14149 0.22302
0.14388 0.247
0.14388 0.26859
0.1199 0.26859
0.095923 0.26859
0.071942 0.26859
0.047962 0.26859
0.023981 0.26859
0.0023981 0.27818
0 0.30216
0.019185 0.31655
0.043165 0.31655
0.067146 0.31655
0.091127 0.31655
0.11511 0.31655
0.13909 0.31655
0.16307 0.32134
0.18705 0.32374
0.21103 0.32374
0.23501 0.32134
0.25899 0.32134
0.28297 0.32374
0.30695 0.32614
0.33094 0.32614
0.35492 0.32854
0.3789 0.32854
0.40288 0.32854
0.42686 0.33094
0.45084 0.33094
0.47482 0.33094
0.4988 0.33094
0.52278 0.32614
0.54676 0.32374
0.57074 0.32374
0.59472 0.32134
0.61871 0.32134
0.64269 0.32374
0.66667 0.32614
0.69065 0.32614
0.71463 0.32854
0.73861 0.32854
0.76259 0.32854
0.78657 0.33094
0.81055 0.33094
0.83453 0.33094
0.85851 0.32854
0.88249 0.32854
0.90647 0.32614
0.93046 0.32374
0.95444 0.32134
0.97842 0.31415
0.9952 0.29017
0.9976 0.26619
0.9976 0.24221
0.9976 0.21823
0.9976 0.19424
0.9976 0.17026
0.9976 0.14628
1 0.1223
1 0.098321
0.9976 0.074341
0.9976 0.05036
0.98801 0.026379
0.96403 0.014388
0.94005 0.0047962
0.91607 0.0047962
0.89209 0.0023981
0.86811 0.0023981
0.84412 0.0023981
0.82014 0.0023981
0.79616 0
0.77218 0
0.7482 0.0023981
0.72422 0.0023981
0.70024 0.0023981
0.67626 0.0047962
0.65228 0.0047962
0.6283 0.0071942
0.60432 0.0095923
0.58034 0.0095923
0.55635 0.0095923
0.53237 0.0071942
0.50839 0.0047962
0.48441 0.0047962
0.46043 0.0047962
0.43645 0.0023981
0.41247 0.0023981
0.38849 0.0047962
0.36451 0.0047962
0.34053 0.0047962
0.31655 0.0071942
0.29257 0.0095923
0.26859 0.01199
0.2446 0.016787
0.22062 0.016787
0.19664 0.021583
0.17266 0.038369
0.15348 0.06235
0.14149 0.086331
0.14149 0.11031
0.14149 0.13429
0.14149 0.15827
0.14149 0.17506
# triangles
60 61 68
61 67 68
61 62 67
96 97 98
25 91 92
51 52 53
60 68 69
47 48 57
40 76 77
62 65 67
62 63 65
63 64 65
43 44 72
47 57 58
47 58 70
43 72 73
34 82 83
27 28 89
2 3 21
3 20 21
65 66 67
94 95 103
95 102 103
48 56 57
51 53 54
50 51 54
50 54 55
29 30 86
33 34 83
59 69 70
58 59 70
59 60 69
47 70 71
44 45 71
44 71 72
39 40 77
37 79 80
28 88 89
0 1 22
0 22 23
2 21 22
1 2 22
25 92 93
0 23 93
0 93 103
93 94 103
8 13 14
9 11 12
9 10 11
9 12 13
8 9 13
95 101 102
49 55 56
49 50 55
48 49 56
41 42 75
40 41 75
40 75 76
30 31 86
31 32 33
31 85 86
31 33 85
46 47 71
45 46 71
34 35 82
38 77 78
38 39 77
38 78 79
37 38 79
25 90 91
25 26 90
26 27 90
27 89 90
28 87 88
29 86 87
28 29 87
24 25 93
23 24 93
6 7 15
7 14 15
7 8 14
99 100 101
96 98 99
95 96 99
95 99 101
42 43 74
42 74 75
43 73 74
33 83 84
33 84 85
36 80 81
36 37 80
36 81 82
35 36 82
4 18 19
4 19 20
3 4 20
6 15 16
5 6 16
4 5 17
5 16 17
4 17 18
