# points
0.15328 0.16302
0.15328 0.18735
0.15328 0.21168
0.15572 0.23601
0.13869 0.25061
0.11436 0.25304
0.090024 0.25304
0.065693 0.25547
0.041363 0.25791
0.017032 0.26034
0 0.27494
0.0072993 0.29927
0.03163 0.3017
0.055961 0.3017
0.080292 0.3017
0.10462 0.30414
0.12895 0.30414
0.15328 0.30657
0.17762 0.30657
0.20195 0.30657
0.22628 0.30657
0.25061 0.30657
0.27494 0.30657
0.29927 0.30657
0.3236 0.30657
0.34793 0.30414
0.37226 0.30414
0.39659 0.30414
0.42092 0.30414
0.44526 0.30414
0.46959 0.30414
0.49392 0.30414
0.51825 0.30414
0.54258 0.30414
0.56691 0.3017
0.59124 0.3017
0.61557 0.30414
0.6399 0.30414
0.66423 0.30414
0.68856 0.3017
0.7129 0.3017
0.73723 0.30414
0.76156 0.30414
0.78589 0.3017
0.81022 0.3017
0.83455 0.29927
0.85888 0.29927
0.88321 0.29927
0.90754 0.29927
0.93187 0.29927
0.9562 0.29927
0.98054 0.29927
1 0.28467
1 0.26034
1 0.23601
1 0.21168
1 0.18735
1 0.16302
1 0.13869
1 0.11436
1 0.090024
1 0.065693
1 0.041363
1 0.017032
0.98297 0.0024331
0.95864 0.0024331
0.93431 0.0024331
0.90998 0.0024331
0.88564 0.0024331
0.86131 0.0024331
0.83698 0.0024331
0.81265 0.0024331
0.78832 0.0024331
0.76399 0.0024331
0.73966 0.0024331
0.71533 0.0024331
0.691 0.0024331
0.66667 0.0024331
0.64234 0.0024331
0.618 0.0024331
0.59367 0.0048662
0.56934 0.0048662
0.54501 0.0048662
0.52068 0.0048662
0.49635 0.0048662
0.47202 0
0.44769 0.0024331
0.42336 0.0072993
0.39903 0.0024331
0.3747 0
0.35036 0.0072993
0.32603 0.0072993
0.3017 0.0072993
0.27737 0.0072993
0.25304 0.0072993
0.22871 0.0097324
0.20438 0.012165
0.18005 0.021898
0.16058 0.046229
0.15328 0.07056
0.15085 0.094891
0.15085 0.11922
0.15328 0.14355
0.15328 0.16302
# triangles
51 52 53
60 66 67
30 31 84
84 85 86
96 97 98
1 2 21
94 101 102
94 95 101
95 100 101
9 10 11
9 11 12
31 32 84
32 83 84
28 29 87
29 30 87
30 84 87
84 86 87
25 90 91
25 26 90
44 71 72
42 73 74
61 65 66
60 61 66
95 99 100
96 98 99
95 96 99
35 36 80
34 81 82
35 80 81
34 35 81
33 34 82
32 33 83
33 82 83
39 76 77
93 94 102
92 93 102
27 28 87
26 27 90
27 87 90
88 89 90
87 88 90
38 39 77
37 38 78
38 77 78
40 74 75
39 40 76
40 75 76
43 72 73
42 43 73
43 44 72
45 70 71
44 45 71
59 60 67
59 67 68
61 62 65
62 63 64
62 64 65
1 21 22
24 25 91
24 91 92
23 24 92
4 17 18
4 16 17
5 6 15
4 5 16
5 15 16
8 9 12
8 12 13
7 8 13
0 92 102
0 23 92
0 22 23
0 1 22
37 78 79
36 37 79
36 79 80
41 42 74
40 41 74
47 48 56
50 51 53
50 53 54
49 50 54
46 69 70
45 46 70
58 68 69
58 59 68
46 58 69
3 18 19
3 4 18
3 19 20
3 20 21
2 3 21
6 7 14
7 13 14
6 14 15
48 49 55
49 54 55
48 55 56
46 57 58
47 56 57
46 47 57
