# points
0.15259 0.15259
0.15259 0.17439
0.15531 0.19619
0.16349 0.21798
0.15259 0.23433
0.13079 0.23706
0.10899 0.23706
0.087193 0.23706
0.065395 0.23706
0.043597 0.23706
0.021798 0.23978
0 0.24796
0 0.26975
0.013624 0.28338
0.035422 0.2861
0.057221 0.2861
0.079019 0.2861
0.10082 0.2861
0.12262 0.2861
0.14441 0.28883
0.16621 0.29155
0.18801 0.29155
0.20981 0.29155
0.23161 0.29155
0.25341 0.29155
0.2752 0.29155
0.297 0.29155
0.3188 0.29155
0.3406 0.29155
0.3624 0.29155
0.3842 0.29155
0.40599 0.29155
0.42779 0.29155
0.44959 0.29155
0.47139 0.29155
0.49319 0.29155
0.51499 0.29155
0.53678 0.29155
0.55858 0.29155
0.58038 0.29155
0.60218 0.29155
0.62398 0.29155
0.64578 0.29155
0.66757 0.29155
0.68937 0.29155
0.71117 0.29155
0.73297 0.29155
0.75477 0.29155
0.77657 0.29155
0.79837 0.29155
0.82016 0.29155
0.84196 0.29155
0.86376 0.29155
0.88556 0.29155
0.90736 0.29155
0.92916 0.29155
0.95095 0.29155
0.97275 0.27793
0.9891 0.25613
0.99455 0.23433
0.99728 0.21253
0.99728 0.19074
1 0.16894
1 0.14714
1 0.12534
1 0.10354
1 0.081744
0.99455 0.059946
0.98638 0.038147
0.97003 0.019074
0.94823 0.0081744
0.92643 0.0081744
0.90463 0.0081744
0.88283 0.0081744
0.86104 0.0081744
0.83924 0.0081744
0.81744 0.0054496
0.79564 0.0054496
0.77384 0.0054496
0.75204 0.0054496
0.73025 0.0054496
0.70845 0.0054496
0.68665 0.0054496
0.66485 0.0054496
0.64305 0.0054496
0.62125 0.0054496
0.59946 0.0054496
0.57766 0.0054496
0.55586 0.0054496
0.53406 0.0054496
0.51226 0.0054496
0.49046 0.0054496
0.46866 0.0054496
0.44687 0.0054496
0.42507 0.0054496
0.40327 0.0027248
0.38147 0
0.35967 0
0.33787 0.0054496
0.31608 0
0.29428 0
0.27248 0.0054496
0.25068 0.0054496
0.22888 0.0054496
0.20708 0.0081744
0.18529 0.013624
0.16621 0.029973
0.16349 0.051771
0.15531 0.073569
0.14986 0.095368
0.15531 0.11717
0.15259 0.13896
0.15259 0.15259
# triangles
108 109 110
27 28 98
52 61 62
96 97 98
29 30 98
28 29 98
5 6 18
6 17 18
5 18 19
6 7 17
10 11 12
10 12 13
10 13 14
9 10 14
4 19 20
4 5 19
95 96 98
30 95 98
30 31 95
31 94 95
34 35 91
44 81 82
67 68 71
66 67 71
68 69 71
69 70 71
43 44 82
55 56 57
55 57 58
55 58 59
54 60 61
54 55 60
55 59 60
52 53 61
53 54 61
49 50 76
52 62 63
52 63 74
51 52 74
9 14 15
1 3 25
3 22 23
1 2 3
0 1 25
31 32 94
32 33 93
32 93 94
34 91 92
33 34 92
33 92 93
40 41 85
41 42 84
41 84 85
102 108 110
101 102 110
103 104 107
102 107 108
102 103 107
105 106 107
104 105 107
46 79 80
49 76 77
48 49 77
48 77 78
46 47 79
47 48 78
47 78 79
44 45 81
45 80 81
45 46 80
50 51 75
51 74 75
50 75 76
7 16 17
3 23 24
3 24 25
4 20 21
3 4 21
3 21 22
8 9 15
7 8 16
8 15 16
101 110 111
0 101 111
0 25 26
0 26 101
26 98 101
26 27 98
38 39 87
38 87 88
37 38 88
35 36 90
35 90 91
42 43 83
42 83 84
43 82 83
39 40 86
39 86 87
40 85 86
36 37 89
36 89 90
37 88 89
65 66 71
65 71 72
64 65 73
65 72 73
63 64 73
63 73 74
99 100 101
98 99 101
