# points
0.15633 0.17122
0.15881 0.19603
0.15881 0.22084
0.16377 0.24566
0.15385 0.26799
0.12903 0.27047
0.10422 0.27047
0.079404 0.27047
0.054591 0.27047
0.029777 0.27047
0.0049628 0.27543
0 0.30025
0.01737 0.31762
0.042184 0.31762
0.066998 0.31762
0.091811 0.31762
0.11663 0.31762
0.14144 0.31762
0.16625 0.32506
0.19107 0.32506
0.21588 0.32506
0.24069 0.32258
0.26551 0.32258
0.29032 0.3201
0.31514 0.32258
0.33995 0.32258
0.36476 0.32258
0.38958 0.32506
0.41439 0.32506
0.43921 0.32506
0.46402 0.32754
0.48883 0.32754
0.51365 0.32754
0.53846 0.32754
0.56328 0.32754
0.58809 0.32754
0.6129 0.32754
0.63772 0.33002
0.66253 0.33499
0.68734 0.33002
0.71216 0.32754
0.73697 0.32754
0.76179 0.32754
0.7866 0.32754
0.81141 0.32506
0.83623 0.32506
0.86104 0.32506
0.88586 0.32258
0.91067 0.32258
0.93548 0.3201
0.9603 0.3201
0.98511 0.30769
0.99504 0.28288
0.99504 0.25806
0.99752 0.23325
0.99752 0.20844
0.99752 0.18362
0.99752 0.15881
1 0.134
1 0.10918
1 0.084367
1 0.059553
0.99256 0.034739
0.97022 0.01737
0.94541 0.014888
0.9206 0.014888
0.89578 0.012407
0.87097 0.0099256
0.84615 0.0099256
0.82134 0.0074442
0.79653 0.0074442
0.77171 0.0074442
0.7469 0.0074442
0.72208 0.0049628
0.69727 0.0049628
0.67246 0.0074442
0.64764 0.0049628
0.62283 0.0074442
0.59801 0.0074442
0.5732 0.0099256
0.54839 0.0099256
0.52357 0.0099256
0.49876 0.0099256
0.47395 0.0099256
0.44913 0.0024814
0.42432 0
0.3995 0.0099256
0.37469 0.0024814
0.34988 0.0049628
0.32506 0.012407
0.30025 0.014888
0.27543 0.01737
0.25062 0.019851
0.22581 0.022333
0.20099 0.027295
0.17866 0.044665
0.16377 0.069479
0.15881 0.094293
0.15633 0.11911
0.15633 0.14392
0.15633 0.16873
0.15633 0.17122
# triangles
50 51 52
61 62 63
9 11 12
61 63 64
60 61 64
30 31 83
86 87 88
9 10 11
44 69 70
41 42 72
40 73 74
40 41 72
40 72 73
26 27 86
27 28 86
29 30 83
29 83 86
28 29 86
40 74 75
39 40 75
32 33 81
37 38 39
37 39 75
37 75 77
31 32 82
32 81 82
31 82 83
47 55 56
46 47 56
1 2 23
86 88 89
26 86 89
25 26 89
25 89 90
92 93 97
92 97 98
92 98 99
4 18 19
57 67 68
44 68 69
60 64 65
44 45 68
45 57 68
45 46 56
45 56 57
42 71 72
42 43 71
43 44 71
44 70 71
75 76 77
34 35 79
33 80 81
34 79 80
33 34 80
36 37 77
36 77 78
35 36 79
36 78 79
48 53 54
47 54 55
47 48 54
48 49 53
49 50 52
49 52 53
24 25 90
23 24 90
93 94 95
1 23 100
23 90 100
91 92 99
90 91 100
91 99 100
4 17 18
3 4 19
2 3 23
9 12 13
57 58 66
57 66 67
59 60 65
58 59 66
59 65 66
84 85 86
83 84 86
3 21 22
3 22 23
93 96 97
93 95 96
0 1 100
4 5 17
3 20 21
3 19 20
6 7 15
8 9 13
5 16 17
5 6 16
6 15 16
7 14 15
7 8 14
8 13 14
