# points
0 0.35294
0 0.38562
0.0021786 0.4183
0.0043573 0.45098
0.0065359 0.48366
0.010893 0.51634
0.017429 0.54902
0.023965 0.5817
0.03268 0.61438
0.045752 0.64706
0.071895 0.67538
0.1024 0.65577
0.11765 0.62309
0.12636 0.59041
0.15251 0.59477
0.17647 0.61874
0.16993 0.65142
0.18736 0.6841
0.22004 0.71024
0.25272 0.72549
0.2854 0.73638
0.31808 0.74728
0.35076 0.75381
0.38344 0.75817
0.41612 0.76035
0.4488 0.76253
0.48148 0.76253
0.51416 0.76035
0.54684 0.75817
0.57952 0.75381
0.6122 0.74728
0.64488 0.73856
0.67756 0.72767
0.71024 0.71242
0.74292 0.69063
0.76471 0.65795
0.76471 0.62527
0.77778 0.59913
0.81046 0.57516
0.84314 0.54684
0.87364 0.51416
0.89542 0.48148
0.91285 0.4488
0.92593 0.41612
0.94118 0.40523
0.94989 0.43573
0.95643 0.46841
0.98039 0.48366
0.99129 0.45098
0.99564 0.4183
0.99782 0.38562
1 0.35294
1 0.32026
0.99782 0.28758
0.99564 0.2549
0.98911 0.22222
0.97386 0.18954
0.95643 0.21786
0.94989 0.25054
0.93682 0.28105
0.92157 0.25708
0.9085 0.2244
0.88889 0.19172
0.86492 0.15904
0.83224 0.12636
0.79956 0.10022
0.76688 0.078431
0.7342 0.061002
0.70153 0.045752
0.66885 0.03268
0.63617 0.021786
0.60349 0.015251
0.57081 0.0087146
0.53813 0.0043573
0.50545 0
0.47277 0
0.44009 0
0.40741 0.0021786
0.37473 0.0065359
0.34205 0.013072
0.30937 0.019608
0.27669 0.030501
0.24401 0.041394
0.21133 0.056645
0.17865 0.074074
0.14597 0.093682
0.12636 0.084967
0.11547 0.052288
0.098039 0.019608
0.067538 0.0065359
0.045752 0.037037
0.056645 0.067538
0.026144 0.087146
0.019608 0.11983
0.013072 0.15251
0.0087146 0.18519
0.0043573 0.21786
0.0021786 0.25054
0.0021786 0.28322
0 0.3159
0 0.34858
0 0.35294
# triangles
14 15 79
14 81 83
14 79 81
0 14 100
14 85 100
14 83 84
14 84 85
46 47 48
8 9 12
7 8 13
8 12 13
15 76 77
15 78 79
15 77 78
88 89 90
88 90 91
79 80 81
15 21 22
15 24 25
15 18 19
15 17 18
45 46 48
29 36 37
33 34 36
34 35 36
9 10 11
9 11 12
4 5 13
3 4 13
2 3 14
3 13 14
15 37 75
15 75 76
81 82 83
0 1 14
1 2 14
37 66 67
37 68 69
37 67 68
37 69 71
69 70 71
37 71 72
15 19 20
15 20 21
15 22 23
15 23 24
55 56 57
39 41 62
39 40 41
45 48 49
44 50 51
44 49 50
44 45 49
28 29 37
27 28 37
15 26 37
26 27 37
15 25 26
32 33 36
31 32 36
29 30 36
30 31 36
85 86 94
87 88 91
86 87 91
15 16 17
6 7 13
5 6 13
85 99 100
85 98 99
37 72 73
73 74 75
37 73 75
54 55 58
55 57 58
53 54 58
37 38 66
38 65 66
38 64 65
38 39 64
85 95 96
85 94 95
86 91 93
86 93 94
91 92 93
85 96 97
85 97 98
52 53 59
53 58 59
51 52 59
44 51 59
43 44 59
39 62 63
39 63 64
43 59 60
42 43 60
60 61 62
41 60 62
41 42 60
