# points
0 0.32343
0 0.34983
0 0.37624
0.0033003 0.40264
0.0066007 0.42904
0.009901 0.45545
0.016502 0.48185
0.023102 0.50825
0.033003 0.53465
0.042904 0.56106
0.062706 0.58746
0.089109 0.59736
0.11551 0.58416
0.13201 0.55776
0.14521 0.53135
0.16832 0.55116
0.19472 0.57756
0.22112 0.59736
0.24752 0.61386
0.27393 0.62376
0.30033 0.63366
0.32673 0.64026
0.35314 0.64686
0.37954 0.64686
0.40594 0.64686
0.43234 0.64356
0.45875 0.63696
0.48515 0.62706
0.51155 0.61716
0.53795 0.61386
0.56436 0.61056
0.59076 0.61056
0.61716 0.60726
0.64356 0.60066
0.66997 0.59736
0.69637 0.59076
0.72277 0.58086
0.74917 0.57426
0.77558 0.56436
0.80198 0.55116
0.82838 0.53795
0.85479 0.52475
0.88119 0.50495
0.90759 0.48515
0.92739 0.49505
0.9538 0.50825
0.9736 0.48185
0.9835 0.45545
0.9901 0.42904
0.9967 0.40264
0.9967 0.37624
1 0.34983
1 0.32343
1 0.29703
0.9967 0.27063
0.9934 0.24422
0.9901 0.21782
0.9835 0.19142
0.9703 0.16502
0.94719 0.14521
0.92409 0.16502
0.89769 0.15182
0.87129 0.13201
0.84488 0.11551
0.81848 0.10231
0.79208 0.089109
0.76568 0.079208
0.73927 0.069307
0.71287 0.062706
0.68647 0.056106
0.66007 0.049505
0.63366 0.042904
0.60726 0.039604
0.58086 0.036304
0.55446 0.036304
0.52805 0.033003
0.50165 0.026403
0.47525 0.016502
0.44884 0.0066007
0.42244 0.0033003
0.39604 0
0.36964 0
0.34323 0.0033003
0.31683 0.0066007
0.29043 0.016502
0.26403 0.026403
0.23762 0.039604
0.21122 0.056106
0.18482 0.079208
0.16172 0.10561
0.14191 0.11221
0.12871 0.085809
0.10561 0.062706
0.079208 0.056106
0.052805 0.075908
0.039604 0.10231
0.026403 0.12871
0.019802 0.15512
0.013201 0.18152
0.009901 0.20792
0.0066007 0.23432
0.0033003 0.26073
0 0.28713
0 0.31353
0 0.32343
# triangles
0 14 89
9 10 12
28 76 89
33 36 69
6 7 14
7 8 14
0 89 90
19 20 21
10 11 12
76 77 89
90 95 96
0 1 14
1 2 14
57 58 60
58 59 60
82 83 84
84 85 89
77 84 89
86 87 88
85 86 89
86 88 89
90 99 100
90 100 101
0 90 103
23 24 25
21 22 23
9 12 13
8 13 14
8 9 13
17 18 19
15 28 89
15 17 19
15 16 17
14 15 89
23 25 26
28 75 76
90 98 99
5 6 14
4 5 14
44 46 47
44 45 46
2 3 14
3 4 14
36 68 69
43 50 51
43 49 50
43 48 49
43 47 48
43 44 47
77 78 79
91 94 95
90 91 95
92 93 94
91 92 94
33 35 36
33 34 35
90 101 102
90 102 103
28 29 75
21 23 27
23 26 27
19 21 27
15 27 28
15 19 27
90 96 97
90 97 98
54 55 60
39 65 66
38 39 66
36 38 66
66 67 68
36 66 68
54 60 61
53 54 61
29 74 75
33 69 70
36 37 38
43 51 52
43 52 61
52 53 61
56 57 60
55 56 60
42 43 61
40 41 42
40 42 63
29 30 74
30 32 33
30 31 32
40 63 64
39 64 65
39 40 64
42 61 62
42 62 63
30 72 74
72 73 74
30 33 72
70 71 72
33 70 72
79 82 84
77 79 84
79 81 82
79 80 81
