# points
0 0.30827
0.0025063 0.33083
0.0025063 0.35338
0.0075188 0.37594
0.010025 0.3985
0.02005 0.42105
0.037594 0.44361
0.055138 0.46366
0.077694 0.47118
0.10025 0.47368
0.12281 0.47118
0.14536 0.45865
0.16541 0.4411
0.18797 0.43609
0.20802 0.43609
0.22055 0.45865
0.23058 0.4812
0.24311 0.50376
0.25815 0.52632
0.2782 0.54887
0.30075 0.56391
0.32331 0.58145
0.34586 0.59148
0.36842 0.60401
0.39098 0.61404
0.41353 0.62155
0.43609 0.62406
0.45865 0.62657
0.4812 0.62657
0.50376 0.62657
0.52632 0.62657
0.54887 0.62406
0.57143 0.61905
0.59398 0.61153
0.61654 0.6015
0.6391 0.59148
0.66165 0.58396
0.68421 0.57393
0.70677 0.56391
0.72932 0.55138
0.75188 0.53885
0.77444 0.52632
0.79699 0.51378
0.81955 0.49875
0.84211 0.48371
0.86466 0.46617
0.88722 0.46617
0.90977 0.4812
0.93233 0.4812
0.95489 0.46617
0.97243 0.44361
0.98246 0.42105
0.98747 0.3985
0.99248 0.37594
0.99749 0.35338
1 0.33083
1 0.30827
1 0.28571
0.99248 0.26316
0.97494 0.2406
0.96491 0.21805
0.94486 0.19799
0.92231 0.18797
0.89975 0.19048
0.87719 0.2005
0.85965 0.19048
0.8396 0.16792
0.81955 0.14787
0.79699 0.12782
0.77444 0.11278
0.75188 0.092732
0.72932 0.075188
0.70677 0.062657
0.68421 0.050125
0.66165 0.037594
0.6391 0.027569
0.61654 0.017544
0.59398 0.0075188
0.57143 0.0050125
0.54887 0
0.52632 0
0.50376 0
0.4812 0
0.45865 0
0.43609 0.0025063
0.41353 0.0075188
0.39098 0.012531
0.36842 0.02005
0.34586 0.027569
0.32331 0.042607
0.30075 0.057644
0.2782 0.070175
0.25815 0.092732
0.24311 0.11529
0.23308 0.13784
0.22055 0.1604
0.20551 0.16792
0.18296 0.16541
0.16291 0.15288
0.14035 0.13283
0.11779 0.12782
0.095238 0.13033
0.072682 0.14035
0.050125 0.15539
0.035088 0.17794
0.017544 0.2005
0.010025 0.22306
0.0075188 0.24561
0 0.26817
0 0.29073
0 0.30827
# triangles
46 49 50
3 4 5
35 75 81
14 15 95
104 105 106
104 106 107
46 51 52
46 50 51
102 103 104
0 97 109
97 107 109
107 108 109
14 95 96
13 96 97
13 14 96
56 57 58
56 58 59
39 40 69
35 37 72
46 52 53
54 55 64
55 56 64
56 59 64
59 60 64
6 7 8
15 22 28
35 36 37
75 80 81
75 78 80
78 79 80
98 102 104
98 100 101
98 101 102
97 98 107
98 104 107
15 82 95
15 81 82
82 83 84
1 2 3
37 38 69
38 39 69
37 69 70
37 70 72
35 73 75
35 72 73
43 44 65
67 68 69
60 61 63
60 63 64
26 27 28
22 26 28
24 25 26
44 45 65
45 64 65
45 54 64
45 53 54
45 46 53
1 3 12
3 5 12
0 1 12
5 6 12
6 11 12
0 12 97
12 13 97
6 9 11
6 8 9
9 10 11
15 34 81
34 35 81
29 32 33
29 33 34
29 30 31
29 31 32
15 28 29
15 29 34
75 76 78
76 77 78
82 84 85
70 71 72
73 74 75
40 41 69
41 67 69
61 62 63
22 23 26
23 24 26
20 21 22
18 19 20
17 18 20
16 17 20
15 16 20
15 20 22
87 88 89
85 86 87
85 87 89
90 91 92
90 92 93
98 99 100
90 93 94
89 90 94
85 89 94
82 94 95
82 85 94
42 43 65
42 65 66
41 66 67
41 42 66
47 48 49
46 47 49
