# points
0 0.35294
0.0021786 0.38562
0.0043573 0.4183
0.0087146 0.45098
0.019608 0.48366
0.043573 0.46841
0.050109 0.43573
0.058824 0.40523
0.074074 0.41612
0.087146 0.4488
0.10458 0.48148
0.12636 0.51416
0.15686 0.54684
0.18954 0.57516
0.22222 0.59913
0.23529 0.62527
0.23529 0.65795
0.25708 0.69063
0.28976 0.71242
0.32244 0.72767
0.35512 0.73856
0.3878 0.74728
0.42048 0.75381
0.45316 0.75817
0.48584 0.76035
0.51852 0.76253
0.5512 0.76253
0.58388 0.76035
0.61656 0.75817
0.64924 0.75381
0.68192 0.74728
0.7146 0.73638
0.74728 0.72549
0.77996 0.71024
0.81264 0.6841
0.83007 0.65142
0.82353 0.61874
0.84749 0.59477
0.87364 0.59041
0.88235 0.62309
0.8976 0.65577
0.9281 0.67538
0.95425 0.64706
0.96732 0.61438
0.97603 0.5817
0.98257 0.54902
0.98911 0.51634
0.99346 0.48366
0.99564 0.45098
0.99782 0.4183
1 0.38562
1 0.35294
1 0.32026
1 0.28758
0.99782 0.2549
0.99564 0.22222
0.99129 0.18954
0.98693 0.15686
0.98257 0.12418
0.97386 0.091503
0.94771 0.071895
0.94989 0.039216
0.93682 0.0087146
0.90414 0.015251
0.88671 0.04793
0.87582 0.08061
0.85839 0.095861
0.82571 0.076253
0.79303 0.058824
0.76035 0.043573
0.72767 0.030501
0.69499 0.021786
0.66231 0.013072
0.62963 0.0065359
0.59695 0.0043573
0.56427 0
0.53159 0
0.49891 0
0.46623 0.0043573
0.43355 0.0065359
0.40087 0.013072
0.36819 0.021786
0.33551 0.030501
0.30283 0.043573
0.27015 0.058824
0.23747 0.076253
0.20479 0.095861
0.17211 0.122
0.13943 0.15468
0.11329 0.18736
0.093682 0.22004
0.078431 0.25272
0.067538 0.2854
0.052288 0.2549
0.045752 0.22222
0.030501 0.18954
0.013072 0.21786
0.0065359 0.25054
0.0021786 0.28322
0 0.3159
0 0.34858
0 0.35294
# triangles
14 25 36
14 36 76
25 26 36
30 31 36
29 30 36
31 32 36
40 41 42
39 40 42
34 35 36
74 75 76
36 74 76
36 72 74
72 73 74
37 69 71
36 37 72
37 71 72
37 66 67
37 51 66
37 50 51
3 4 5
3 5 6
14 24 25
39 42 43
28 29 36
33 34 36
32 33 36
58 59 60
37 67 68
37 68 69
69 70 71
60 61 64
61 63 64
61 62 63
37 49 50
37 48 49
38 39 43
38 43 44
38 44 45
38 45 46
38 46 47
38 47 48
37 38 48
55 56 66
54 55 66
51 52 66
15 17 18
15 16 17
14 15 22
13 14 85
2 3 6
12 13 87
13 85 87
10 11 12
94 95 96
94 96 97
0 7 100
0 1 7
2 6 7
1 2 7
14 22 23
14 23 24
26 27 36
27 28 36
58 60 65
58 65 66
60 64 65
56 57 66
57 58 66
53 54 66
52 53 66
15 18 19
15 19 20
15 21 22
15 20 21
14 84 85
14 83 84
85 86 87
12 87 88
10 12 88
92 99 100
7 92 100
14 78 80
78 79 80
14 76 78
76 77 78
14 80 81
14 81 83
81 82 83
10 89 90
10 88 89
92 98 99
93 94 97
93 97 98
92 93 98
7 8 92
8 90 91
8 91 92
9 10 90
8 9 90
