# points
0 0.36364
0.002331 0.38928
0.006993 0.41492
0.016317 0.44056
0.027972 0.4662
0.051282 0.48951
0.076923 0.49417
0.10256 0.48951
0.12821 0.51049
0.15385 0.52681
0.17949 0.54079
0.20513 0.55245
0.23077 0.5641
0.25641 0.57343
0.28205 0.58275
0.30769 0.58974
0.33333 0.59441
0.35897 0.59907
0.38462 0.60373
0.41026 0.60839
0.4359 0.61072
0.46154 0.61072
0.48718 0.61305
0.51282 0.61305
0.53846 0.61305
0.5641 0.61072
0.58974 0.60839
0.61538 0.60606
0.64103 0.60373
0.66667 0.59907
0.69231 0.59441
0.71795 0.58741
0.74359 0.58042
0.76923 0.5711
0.79487 0.56177
0.82051 0.55245
0.84615 0.53846
0.87179 0.52448
0.89744 0.50583
0.92075 0.51981
0.93939 0.4965
0.94639 0.51282
0.95105 0.53846
0.9627 0.5641
0.98135 0.54779
0.98601 0.52214
0.99068 0.4965
0.99534 0.47086
0.99767 0.44522
0.99767 0.41958
1 0.39394
1 0.3683
1 0.34266
1 0.31702
0.99767 0.29138
0.99767 0.26573
0.99534 0.24009
0.99301 0.21445
0.98834 0.18881
0.98368 0.16317
0.9697 0.13753
0.95338 0.15851
0.94639 0.18415
0.94172 0.20979
0.92774 0.18415
0.90443 0.19114
0.88112 0.18648
0.88811 0.16084
0.89744 0.1352
0.8951 0.10956
0.88345 0.083916
0.86014 0.058275
0.8345 0.041958
0.80886 0.030303
0.78322 0.020979
0.75758 0.011655
0.73193 0.006993
0.70629 0.002331
0.68065 0
0.65501 0
0.62937 0
0.60373 0.002331
0.57809 0.004662
0.55245 0.009324
0.52681 0.016317
0.50117 0.02331
0.47552 0.034965
0.44988 0.048951
0.42424 0.06993
0.40559 0.095571
0.37995 0.10023
0.35431 0.1049
0.32867 0.10956
0.30303 0.11655
0.27739 0.12354
0.25175 0.13287
0.22611 0.14219
0.20047 0.15152
0.17483 0.1655
0.14918 0.17949
0.12354 0.19814
0.097902 0.21678
0.072261 0.20513
0.04662 0.21212
0.025641 0.23776
0.013986 0.2634
0.006993 0.28904
0.002331 0.31469
0 0.34033
0 0.36364
# triangles
66 78 79
66 79 80
0 101 108
101 107 108
3 4 7
0 7 101
54 55 63
66 74 76
66 73 74
66 67 73
67 72 73
38 52 66
66 80 81
25 26 89
24 25 89
22 23 89
23 24 89
101 104 105
19 20 89
0 1 7
63 65 66
63 64 65
55 56 63
58 62 63
58 59 62
53 54 63
52 53 66
53 63 66
66 77 78
66 76 77
74 75 76
67 71 72
67 68 69
33 34 66
34 36 66
38 50 51
38 51 52
66 83 89
101 106 107
101 105 106
21 22 89
20 21 89
16 91 92
16 17 91
18 19 89
4 5 6
4 6 7
2 3 7
1 2 7
57 58 63
56 57 63
59 60 61
59 61 62
101 102 103
101 103 104
67 69 70
67 70 71
31 32 66
32 33 66
30 31 66
26 27 89
37 38 66
36 37 66
34 35 36
41 45 46
40 41 46
7 100 101
66 81 82
66 82 83
18 89 90
17 18 90
17 90 91
12 95 96
96 97 98
12 13 95
13 14 94
13 94 95
29 30 66
29 66 89
27 28 29
27 29 89
40 48 49
38 49 50
38 40 49
40 46 47
40 47 48
42 44 45
41 42 45
42 43 44
38 39 40
7 8 100
9 10 98
8 9 100
83 84 89
16 92 93
15 16 93
14 15 93
14 93 94
87 88 89
10 11 98
11 96 98
11 12 96
9 98 99
9 99 100
86 87 89
84 86 89
84 85 86
