# points
0.047516 0.40173
0.032397 0.42981
0.019438 0.45788
0.010799 0.48596
0.0043197 0.51404
0.0021598 0.54212
0 0.57019
0.0021598 0.59827
0.0064795 0.62635
0.012959 0.65443
0.021598 0.68251
0.032397 0.71058
0.047516 0.73866
0.066955 0.76674
0.095032 0.78834
0.12311 0.80346
0.15119 0.8121
0.17927 0.81425
0.20734 0.81425
0.23542 0.80994
0.2635 0.80346
0.29158 0.79266
0.31965 0.7797
0.34773 0.76242
0.37581 0.74298
0.39525 0.72138
0.41685 0.6933
0.43413 0.66523
0.44924 0.63715
0.4622 0.60907
0.47516 0.58099
0.49028 0.55292
0.5054 0.52484
0.51836 0.55292
0.53132 0.58099
0.54644 0.60907
0.56156 0.63715
0.57667 0.66523
0.59611 0.6933
0.61555 0.72138
0.63931 0.7473
0.66739 0.7689
0.69546 0.78402
0.72354 0.79266
0.75162 0.79482
0.7797 0.7905
0.80778 0.78402
0.83585 0.77538
0.86393 0.76026
0.89201 0.74514
0.92009 0.72354
0.94384 0.69978
0.96328 0.67171
0.9784 0.64363
0.98704 0.61555
0.99352 0.58747
0.99784 0.5594
1 0.53132
0.99784 0.50324
0.99568 0.47516
0.9892 0.44708
0.98056 0.41901
0.96976 0.39093
0.9568 0.36285
0.94168 0.33477
0.92225 0.3067
0.90065 0.27862
0.87257 0.2635
0.84449 0.25702
0.81641 0.25702
0.78834 0.25702
0.76026 0.25918
0.73218 0.25918
0.7041 0.26134
0.67603 0.25918
0.64795 0.24838
0.62203 0.22246
0.60475 0.19438
0.59395 0.16631
0.58531 0.13823
0.57667 0.11015
0.56803 0.082073
0.55508 0.053996
0.53996 0.025918
0.51836 0
0.4946 0
0.47732 0.028078
0.4622 0.056156
0.4514 0.084233
0.44276 0.11231
0.43413 0.14039
0.42333 0.16847
0.41253 0.19654
0.39741 0.22462
0.37581 0.2527
0.34773 0.26998
0.31965 0.27862
0.29158 0.2851
0.2635 0.28942
0.23542 0.29374
0.20734 0.30022
0.17927 0.3067
0.15119 0.31533
0.12311 0.32829
0.095032 0.34773
0.069114 0.37365
0.047516 0.40173
0.047516 0.40173
# triangles
29 30 99
7 8 23
5 6 7
32 94 95
30 31 97
31 32 97
84 85 86
8 9 22
8 22 23
7 23 25
5 7 25
29 99 100
1 101 105
0 1 105
76 93 94
76 77 93
32 75 76
32 76 94
30 98 99
30 97 98
32 95 96
32 96 97
101 102 105
102 104 105
102 103 104
32 74 75
32 73 74
65 66 67
65 67 68
61 62 71
9 10 21
9 21 22
12 13 14
11 12 17
12 14 17
3 4 5
3 5 27
1 2 3
5 26 27
5 25 26
23 24 25
1 28 101
28 29 100
28 100 101
3 27 28
1 3 28
83 84 86
82 83 86
77 92 93
81 82 88
80 81 88
35 71 72
35 61 71
35 60 61
56 57 58
36 56 58
58 59 60
35 36 58
35 58 60
62 63 71
63 70 71
63 64 70
10 11 19
38 48 50
38 50 54
65 68 69
64 69 70
64 65 69
78 79 90
78 90 91
77 91 92
77 78 91
80 88 89
79 80 89
79 89 90
82 86 87
82 87 88
34 72 73
34 35 72
38 46 48
48 49 50
50 51 52
50 52 54
52 53 54
36 55 56
10 20 21
10 19 20
11 17 18
11 18 19
32 33 73
33 34 73
40 45 46
39 40 46
38 39 46
46 47 48
37 38 54
37 54 55
36 37 55
43 44 45
42 43 45
40 41 45
41 42 45
14 15 17
15 16 17
