# points
0.01573 0.41798
0.0044944 0.44494
0 0.47191
0 0.49888
0.0044944 0.52584
0.013483 0.55281
0.022472 0.57978
0.035955 0.60674
0.051685 0.63371
0.067416 0.66067
0.085393 0.68764
0.10562 0.71461
0.12584 0.74157
0.14607 0.76629
0.16854 0.79326
0.19326 0.82022
0.22022 0.8382
0.24719 0.84045
0.27416 0.83146
0.30112 0.81348
0.32809 0.79101
0.35506 0.77079
0.37978 0.74382
0.39775 0.71685
0.41348 0.68989
0.42697 0.66292
0.44045 0.63596
0.45393 0.60899
0.46742 0.58202
0.4809 0.55506
0.49663 0.57303
0.50787 0.6
0.52135 0.62697
0.53483 0.65393
0.55056 0.6809
0.56854 0.70787
0.58652 0.73483
0.60674 0.7618
0.63146 0.78652
0.65843 0.80674
0.68539 0.82022
0.71236 0.82697
0.73933 0.82921
0.76629 0.82697
0.79326 0.82247
0.82022 0.81348
0.84719 0.80225
0.87416 0.78652
0.90112 0.76854
0.92809 0.74607
0.95281 0.7191
0.96854 0.69213
0.97978 0.66517
0.98876 0.6382
0.99551 0.61124
0.99775 0.58427
1 0.5573
0.99775 0.53034
0.99551 0.50337
0.99101 0.4764
0.98427 0.44944
0.97303 0.42247
0.9618 0.39551
0.94831 0.36854
0.93258 0.34157
0.91236 0.31461
0.88989 0.28764
0.86742 0.26292
0.84494 0.2382
0.82022 0.21573
0.79326 0.19326
0.76629 0.17528
0.73933 0.15506
0.71236 0.13933
0.68539 0.12135
0.65843 0.10562
0.63146 0.089888
0.60449 0.074157
0.57753 0.058427
0.55056 0.040449
0.5236 0.020225
0.49663 0
0.47191 0.0044944
0.45393 0.024719
0.43146 0.044944
0.40449 0.069663
0.37753 0.094382
0.35056 0.11685
0.3236 0.13933
0.29663 0.15955
0.26966 0.18202
0.2427 0.20225
0.21573 0.22247
0.19101 0.24494
0.16404 0.26742
0.13708 0.28989
0.11011 0.31461
0.085393 0.33708
0.058427 0.36404
0.033708 0.39101
0.01573 0.41798
0.01573 0.41798
# triangles
80 81 82
0 2 99
0 1 2
29 90 91
29 87 88
15 16 17
59 60 61
29 91 92
29 88 89
29 89 90
76 86 87
29 75 76
29 76 87
80 82 83
29 71 72
29 72 73
10 11 25
27 96 97
27 28 96
29 95 96
28 29 96
31 62 63
15 17 18
15 18 19
7 97 98
2 3 99
36 45 46
53 54 55
29 92 93
78 85 86
29 69 70
29 70 71
29 74 75
29 73 74
11 23 24
11 24 25
14 19 20
13 14 20
14 15 19
13 20 21
36 37 45
30 64 65
29 30 69
30 68 69
30 63 64
30 31 63
39 41 42
9 10 25
9 25 26
5 7 98
5 6 7
5 98 99
37 38 43
38 39 43
39 42 43
43 44 45
37 43 45
36 46 47
49 51 52
48 49 52
49 50 51
29 94 95
29 93 94
79 80 83
79 83 84
79 84 85
78 79 85
76 77 86
77 78 86
33 58 59
35 48 52
35 52 53
35 36 47
35 47 48
35 53 55
34 35 55
55 56 57
34 55 57
33 57 58
33 34 57
12 21 22
12 13 21
11 12 23
12 22 23
30 67 68
39 40 41
8 27 97
7 8 97
8 26 27
8 9 26
3 4 99
4 5 99
32 61 62
31 32 62
32 59 61
32 33 59
30 65 66
30 66 67
