# points
0.17588 0.36683
0.17588 0.39698
0.17588 0.42714
0.17588 0.45729
0.17588 0.48744
0.17085 0.51759
0.16583 0.54774
0.1608 0.57789
0.15075 0.60804
0.14573 0.63819
0.17085 0.65829
0.20101 0.67337
0.23116 0.68342
0.26131 0.69347
0.29146 0.70352
0.32161 0.70854
0.35176 0.71357
0.38191 0.71859
0.41206 0.71859
0.44221 0.72362
0.47236 0.72362
0.50251 0.72362
0.53266 0.72362
0.56281 0.72362
0.59296 0.71859
0.62312 0.71859
0.65327 0.71357
0.68342 0.70854
0.71357 0.70854
0.74372 0.70352
0.77387 0.69849
0.80402 0.68844
0.83417 0.67839
0.84925 0.64824
0.8392 0.61809
0.83417 0.58794
0.82915 0.55779
0.82412 0.52764
0.82412 0.49749
0.8191 0.46734
0.8191 0.43719
0.8191 0.40704
0.8191 0.37688
0.82412 0.34673
0.82412 0.31658
0.82412 0.28643
0.82915 0.25628
0.83417 0.22613
0.86432 0.20603
0.89447 0.18593
0.92462 0.1608
0.95477 0.13065
0.97487 0.10553
0.99497 0.075377
1 0.045226
0.9799 0.015075
0.95477 0.01005
0.92462 0.01005
0.89447 0.01005
0.86432 0.015075
0.83417 0.020101
0.80402 0.025126
0.77387 0.035176
0.74372 0.040201
0.71357 0.045226
0.68342 0.050251
0.65327 0.055276
0.62312 0.065327
0.59296 0.070352
0.56281 0.070352
0.53266 0.075377
0.50251 0.080402
0.47236 0.080402
0.44221 0.075377
0.41206 0.075377
0.38191 0.070352
0.35176 0.065327
0.32161 0.060302
0.29146 0.055276
0.26131 0.045226
0.23116 0.040201
0.20101 0.030151
0.17085 0.020101
0.1407 0.015075
0.11055 0.01005
0.080402 0.0050251
0.050251 0
0.020101 0.0050251
0 0.025126
0 0.055276
0.01005 0.085427
0.030151 0.11558
0.045226 0.1407
0.075377 0.17085
0.10553 0.19598
0.13568 0.21608
0.16583 0.23618
0.17085 0.26633
0.17588 0.29648
0.17588 0.32663
0.17588 0.35678
0.17588 0.36683
# triangles
54 55 56
82 93 94
86 89 90
41 42 71
52 56 57
30 31 34
87 88 89
86 87 89
81 82 94
79 80 96
8 10 11
7 8 11
8 9 10
47 64 65
47 65 66
53 54 56
52 53 56
30 34 35
27 36 37
51 52 57
51 57 58
84 91 92
47 48 62
48 61 62
1 71 72
80 95 96
81 94 95
80 81 95
74 75 98
24 39 40
22 24 40
4 15 16
2 3 18
3 4 18
4 16 18
16 17 18
5 13 14
5 14 15
4 5 15
7 11 12
72 73 74
78 79 96
44 45 68
29 30 35
29 35 36
37 38 39
85 86 90
85 90 91
84 85 91
47 63 64
47 62 63
50 59 60
50 51 59
51 58 59
48 49 61
49 60 61
49 50 60
22 23 24
75 97 98
75 76 97
76 96 97
72 74 99
74 98 99
72 99 100
2 18 20
18 19 20
5 6 13
6 12 13
6 7 12
76 77 96
77 78 96
42 43 44
68 69 70
44 68 70
42 70 71
42 44 70
47 66 67
46 47 67
45 67 68
45 46 67
26 37 39
26 27 37
24 26 39
24 25 26
82 83 93
83 92 93
83 84 92
27 28 36
28 29 36
0 1 72
0 72 100
1 21 71
21 41 71
31 32 34
32 33 34
21 40 41
21 22 40
1 20 21
1 2 20
