# points
0.16667 0.22917
0.16667 0.25
0.16667 0.27083
0.16667 0.29167
0.16667 0.3125
0.16667 0.33333
0.16667 0.35417
0.16667 0.375
0.16667 0.39583
0.16667 0.41667
0.16667 0.4375
0.16667 0.45833
0.14583 0.47917
0.14583 0.5
0.14583 0.52083
0.14583 0.54167
0.14583 0.5625
0.14583 0.58333
0.14583 0.60417
0.14583 0.625
0.14583 0.64583
0.16667 0.66667
0.1875 0.66667
0.20833 0.66667
0.22917 0.66667
0.25 0.66667
0.27083 0.66667
0.29167 0.66667
0.3125 0.66667
0.33333 0.6875
0.35417 0.6875
0.375 0.6875
0.39583 0.6875
0.41667 0.6875
0.4375 0.6875
0.45833 0.6875
0.47917 0.6875
0.5 0.6875
0.52083 0.6875
0.54167 0.6875
0.5625 0.6875
0.58333 0.6875
0.60417 0.6875
0.625 0.6875
0.64583 0.6875
0.66667 0.6875
0.6875 0.6875
0.70833 0.6875
0.72917 0.6875
0.75 0.66667
0.77083 0.66667
0.79167 0.66667
0.8125 0.66667
0.8125 0.64583
0.8125 0.625
0.8125 0.60417
0.8125 0.58333
0.8125 0.5625
0.8125 0.54167
0.8125 0.52083
0.8125 0.5
0.8125 0.47917
0.8125 0.45833
0.8125 0.4375
0.8125 0.41667
0.8125 0.39583
0.79167 0.375
0.79167 0.35417
0.79167 0.33333
0.79167 0.3125
0.8125 0.29167
0.8125 0.27083
0.8125 0.25
0.8125 0.22917
0.83333 0.20833
0.85417 0.20833
0.875 0.1875
0.89583 0.1875
0.91667 0.1875
0.9375 0.16667
0.95833 0.16667
0.97917 0.14583
1 0.125
1 0.10417
1 0.083333
1 0.0625
0.97917 0.041667
0.95833 0.041667
0.9375 0.020833
0.91667 0.020833
0.89583 0.020833
0.875 0.020833
0.85417 0.020833
0.83333 0.041667
0.8125 0.041667
0.79167 0.041667
0.77083 0.041667
0.75 0.041667
0.72917 0.041667
0.70833 0.041667
0.6875 0.041667
0.66667 0.0625
0.64583 0.0625
0.625 0.0625
0.60417 0.0625
0.58333 0.0625
0.5625 0.0625
0.54167 0.0625
0.52083 0.0625
0.5 0.0625
0.47917 0.0625
0.45833 0.0625
0.4375 0.0625
0.41667 0.0625
0.39583 0.0625
0.375 0.0625
0.35417 0.0625
0.33333 0.0625
0.3125 0.0625
0.29167 0.041667
0.27083 0.041667
0.25 0.041667
0.22917 0.041667
0.20833 0.041667
0.1875 0.020833
0.16667 0.020833
0.14583 0.020833
0.125 0.020833
0.10417 0
0.083333 0
0.0625 0
0.041667 0
0.020833 0.020833
0 0.020833
0 0.041667
0 0.0625
0 0.083333
0 0.10417
0.020833 0.125
0.020833 0.14583
0.041667 0.14583
0.0625 0.16667
0.083333 0.16667
0.10417 0.1875
0.125 0.1875
0.14583 0.20833
0.16667 0.22917
0.16667 0.22917
# triangles
79 87 90
87 88 89
87 89 90
83 84 87
74 94 95
73 74 97
79 90 93
90 91 93
91 92 93
142 143 144
123 126 144
126 142 144
81 82 83
79 80 81
81 83 87
79 81 87
11 27 28
39 40 66
38 39 66
36 37 66
37 38 66
73 98 101
73 97 98
74 95 96
74 96 97
40 41 66
62 63 66
132 133 134
132 134 135
127 138 140
127 140 142
126 127 142
136 137 138
138 139 140
123 144 145
0 117 118
76 79 93
74 75 76
74 76 94
76 93 94
10 11 28
10 28 33
73 101 102
99 100 101
98 99 101
64 65 66
63 64 66
127 128 129
140 141 142
123 125 126
123 124 125
0 118 121
77 78 79
76 77 79
28 29 30
28 30 31
28 32 33
28 31 32
69 103 104
69 73 102
69 102 103
69 104 105
69 70 71
69 105 106
69 106 107
69 72 73
69 71 72
51 52 53
47 48 49
130 131 132
11 12 13
0 122 145
0 121 122
122 123 145
118 120 121
49 55 56
49 56 57
46 47 49
11 13 14
118 119 120
84 86 87
84 85 86
36 66 110
7 36 110
66 109 110
66 67 109
10 33 34
9 10 34
41 42 61
61 62 66
41 61 66
19 20 22
20 21 22
7 8 36
8 35 36
8 34 35
8 9 34
42 43 61
43 60 61
130 136 138
127 130 138
130 132 135
130 135 136
127 129 130
6 7 110
6 110 111
67 68 109
68 108 109
68 107 108
68 69 107
44 45 58
44 58 59
43 44 60
44 59 60
46 49 57
46 57 58
45 46 58
18 19 22
18 22 23
15 16 26
16 25 26
18 23 24
17 18 24
16 24 25
16 17 24
14 26 27
11 14 27
14 15 26
0 1 116
0 116 117
50 54 55
49 50 55
50 51 53
50 53 54
3 4 113
3 113 114
3 114 115
2 3 115
1 2 115
1 115 116
6 111 112
5 6 112
4 112 113
4 5 112
