# points
0 0.50667
0.026667 0.52
0.053333 0.53333
0.08 0.53333
0.10667 0.53333
0.13333 0.53333
0.12 0.56
0.12 0.58667
0.12 0.61333
0.12 0.64
0.12 0.66667
0.10667 0.69333
0.10667 0.72
0.10667 0.74667
0.10667 0.77333
0.10667 0.8
0.093333 0.82667
0.093333 0.85333
0.093333 0.88
0.093333 0.90667
0.12 0.93333
0.14667 0.94667
0.17333 0.96
0.2 0.97333
0.22667 0.97333
0.25333 0.98667
0.28 0.98667
0.30667 0.98667
0.33333 1
0.36 1
0.38667 1
0.41333 1
0.44 1
0.46667 1
0.49333 1
0.52 1
0.54667 1
0.57333 1
0.6 0.98667
0.62667 0.98667
0.65333 0.97333
0.68 0.96
0.70667 0.94667
0.73333 0.93333
0.74667 0.90667
0.76 0.88
0.76 0.85333
0.76 0.82667
0.74667 0.8
0.73333 0.77333
0.73333 0.74667
0.73333 0.72
0.73333 0.69333
0.73333 0.66667
0.73333 0.64
0.73333 0.61333
0.73333 0.58667
0.73333 0.56
0.76 0.54667
0.78667 0.53333
0.81333 0.52
0.84 0.50667
0.84 0.48
0.85333 0.45333
0.85333 0.42667
0.85333 0.4
0.85333 0.37333
0.85333 0.34667
0.85333 0.32
0.84 0.29333
0.82667 0.26667
0.82667 0.24
0.8 0.21333
0.78667 0.18667
0.77333 0.16
0.74667 0.13333
0.72 0.10667
0.69333 0.093333
0.68 0.066667
0.65333 0.053333
0.62667 0.04
0.6 0.04
0.57333 0.026667
0.54667 0.013333
0.52 0.013333
0.49333 0.013333
0.46667 0
0.44 0
0.41333 0
0.38667 0.013333
0.36 0.013333
0.33333 0.013333
0.30667 0.013333
0.28 0.026667
0.25333 0.04
0.22667 0.053333
0.2 0.066667
0.17333 0.093333
0.14667 0.10667
0.13333 0.13333
0.10667 0.16
0.08 0.18667
0.066667 0.21333
0.04 0.24
0.04 0.26667
0.026667 0.29333
0.013333 0.32
0 0.34667
0 0.37333
0 0.4
0 0.42667
0 0.45333
0 0.48
0 0.50667
0 0.50667
# triangles
85 86 87
5 55 56
5 56 57
5 57 85
5 85 89
85 87 89
27 28 29
57 72 77
57 70 72
57 77 81
57 81 85
81 82 85
57 66 70
87 88 89
5 89 97
5 97 99
0 1 112
18 19 20
10 13 27
60 61 62
59 60 62
5 8 55
5 7 8
31 32 52
10 31 52
24 25 26
24 26 27
15 24 27
22 23 24
15 22 24
1 2 3
72 73 77
66 69 70
82 84 85
82 83 84
5 108 109
106 107 108
5 106 108
15 21 22
18 20 21
14 15 27
13 14 27
10 11 12
10 12 13
58 59 65
58 65 66
57 58 66
62 63 64
59 64 65
59 62 64
27 29 30
10 27 30
10 30 31
32 33 51
32 51 52
10 52 53
42 43 44
5 6 7
1 111 112
1 3 111
73 74 75
75 76 77
73 75 77
77 79 81
79 80 81
77 78 79
67 68 69
66 67 69
70 71 72
89 94 97
102 103 104
5 102 104
5 104 105
5 105 106
15 17 21
17 18 21
15 16 17
38 39 40
33 34 50
33 50 51
97 98 99
89 90 94
95 96 97
94 95 97
91 92 93
90 91 93
90 93 94
5 99 100
5 100 102
36 37 38
35 36 38
34 35 49
34 49 50
35 38 49
38 40 49
40 41 49
100 101 102
41 42 48
41 48 49
42 44 46
42 46 48
44 45 46
46 47 48
4 5 109
4 109 110
4 110 111
3 4 111
8 9 54
8 54 55
9 10 54
10 53 54
