# points
0.04902 0.12745
0.068627 0.12745
0.088235 0.13725
0.10784 0.14706
0.12745 0.14706
0.14706 0.15686
0.16667 0.15686
0.18627 0.16667
0.19608 0.18627
0.20588 0.20588
0.20588 0.22549
0.20588 0.2451
0.20588 0.26471
0.20588 0.28431
0.21569 0.30392
0.22549 0.32353
0.22549 0.34314
0.23529 0.36275
0.2549 0.38235
0.26471 0.40196
0.28431 0.42157
0.30392 0.43137
0.32353 0.44118
0.34314 0.46078
0.36275 0.46078
0.38235 0.47059
0.40196 0.47059
0.42157 0.48039
0.44118 0.48039
0.46078 0.48039
0.48039 0.48039
0.5 0.48039
0.51961 0.48039
0.53922 0.48039
0.55882 0.48039
0.57843 0.47059
0.59804 0.47059
0.61765 0.47059
0.63725 0.46078
0.65686 0.46078
0.67647 0.45098
0.69608 0.44118
0.71569 0.42157
0.73529 0.41176
0.7451 0.39216
0.76471 0.37255
0.77451 0.35294
0.77451 0.33333
0.78431 0.31373
0.79412 0.29412
0.79412 0.27451
0.79412 0.2549
0.79412 0.23529
0.79412 0.21569
0.80392 0.19608
0.80392 0.17647
0.80392 0.15686
0.82353 0.15686
0.84314 0.14706
0.86275 0.13725
0.88235 0.12745
0.90196 0.12745
0.92157 0.11765
0.94118 0.10784
0.96078 0.098039
0.98039 0.088235
0.9902 0.078431
1 0.058824
1 0.039216
0.9902 0.019608
0.97059 0.0098039
0.95098 0
0.93137 0
0.91176 0
0.89216 0
0.87255 0
0.85294 0.0098039
0.83333 0.0098039
0.81373 0.0098039
0.79412 0.0098039
0.77451 0.0098039
0.7549 0.0098039
0.73529 0.019608
0.71569 0.019608
0.69608 0.019608
0.67647 0.019608
0.65686 0.029412
0.63725 0.029412
0.61765 0.029412
0.59804 0.029412
0.57843 0.039216
0.55882 0.039216
0.53922 0.039216
0.51961 0.039216
0.5 0.039216
0.48039 0.039216
0.46078 0.039216
0.44118 0.039216
0.42157 0.039216
0.40196 0.039216
0.38235 0.029412
0.36275 0.029412
0.34314 0.029412
0.32353 0.029412
0.30392 0.029412
0.28431 0.029412
0.26471 0.029412
0.2451 0.029412
0.22549 0.029412
0.20588 0.029412
0.18627 0.029412
0.16667 0.029412
0.14706 0.029412
0.12745 0.019608
0.10784 0.019608
0.088235 0.019608
0.068627 0.019608
0.04902 0.019608
0.029412 0.029412
0.0098039 0.039216
0 0.058824
0 0.078431
0.0098039 0.098039
0.029412 0.11765
0.04902 0.12745
0.04902 0.12745
# triangles
67 68 70
68 69 70
118 120 121
118 119 120
66 67 70
65 66 70
70 71 72
56 58 78
118 121 122
118 122 123
0 1 123
112 113 114
1 114 115
87 88 90
88 89 90
42 43 44
53 87 90
52 53 90
62 73 74
74 75 76
63 72 73
62 63 73
35 90 91
35 91 92
35 92 93
2 112 114
1 2 114
1 115 116
116 117 118
99 100 101
80 81 82
56 80 82
53 86 87
53 56 86
45 46 47
44 45 47
42 44 47
47 48 51
33 34 35
38 42 47
38 47 90
35 38 90
56 78 79
56 79 80
58 59 78
63 64 72
64 65 70
64 70 72
32 35 93
32 33 35
7 107 108
7 108 109
26 96 97
26 29 96
26 28 29
24 25 26
26 27 28
22 97 98
22 26 97
22 24 26
18 21 22
22 23 24
56 82 83
35 36 38
36 37 38
38 39 40
40 41 42
38 40 42
59 77 78
59 76 77
59 60 76
48 50 51
48 49 50
56 57 58
53 55 56
53 54 55
11 12 14
12 13 14
7 8 105
8 104 105
2 4 112
2 3 4
4 111 112
99 101 102
7 106 107
7 105 106
15 22 98
15 18 22
15 98 99
11 14 15
11 15 99
15 17 18
15 16 17
84 85 86
56 84 86
56 83 84
60 61 62
10 11 99
4 5 6
4 6 111
6 110 111
6 7 109
6 109 110
9 99 102
9 10 99
9 102 103
9 103 104
8 9 104
29 30 96
30 95 96
1 116 123
116 118 123
47 51 52
47 52 90
30 31 94
30 94 95
31 32 94
32 93 94
18 19 21
19 20 21
60 74 76
60 62 74
