# points
0.17288 0.27458
0.17288 0.29831
0.16949 0.32203
0.17288 0.34576
0.17288 0.36949
0.16949 0.39322
0.16949 0.41695
0.16949 0.44068
0.16949 0.46441
0.18644 0.48814
0.21017 0.50169
0.2339 0.51186
0.25763 0.51525
0.28136 0.52542
0.30508 0.52881
0.32881 0.53559
0.35254 0.53898
0.37627 0.53898
0.4 0.54237
0.42373 0.54576
0.44746 0.54576
0.47119 0.54576
0.49492 0.54576
0.51864 0.54576
0.54237 0.54576
0.5661 0.54576
0.58983 0.54237
0.61356 0.54237
0.63729 0.53898
0.66102 0.53559
0.68475 0.5322
0.70847 0.52881
0.7322 0.52542
0.75593 0.51864
0.77966 0.51186
0.80339 0.49831
0.82373 0.48475
0.82712 0.46441
0.83051 0.44068
0.83051 0.41695
0.83051 0.39322
0.83051 0.36949
0.83051 0.34576
0.83051 0.32203
0.83051 0.29831
0.8339 0.27458
0.83729 0.25085
0.86102 0.24407
0.88475 0.24068
0.90847 0.23729
0.9322 0.23051
0.95254 0.21356
0.97288 0.19661
0.98644 0.17627
0.99661 0.15254
1 0.12881
0.98983 0.10508
0.96949 0.084746
0.94576 0.071186
0.92203 0.057627
0.89831 0.047458
0.87458 0.040678
0.85085 0.033898
0.82712 0.027119
0.80339 0.023729
0.77966 0.016949
0.75593 0.013559
0.7322 0.010169
0.70847 0.010169
0.68475 0.0067797
0.66102 0.0067797
0.63729 0.0067797
0.61356 0.0033898
0.58983 0.0033898
0.5661 0.0033898
0.54237 0
0.51864 0
0.49492 0
0.47119 0
0.44746 0
0.42373 0
0.4 0.0033898
0.37627 0.0033898
0.35254 0.0033898
0.32881 0.0067797
0.30508 0.0067797
0.28136 0.010169
0.25763 0.013559
0.2339 0.016949
0.21017 0.020339
0.18644 0.027119
0.16271 0.030508
0.13898 0.040678
0.11525 0.044068
0.091525 0.054237
0.067797 0.067797
0.047458 0.081356
0.027119 0.10169
0.0067797 0.12203
0 0.14576
0 0.16949
0.016949 0.19322
0.040678 0.20678
0.064407 0.21695
0.088136 0.22373
0.11186 0.23051
0.13559 0.2339
0.15932 0.23729
0.17288 0.25085
0.17288 0.27458
0.17288 0.27458
# triangles
74 75 76
3 4 14
0 81 108
26 44 74
26 28 44
96 97 103
97 102 103
97 98 99
97 99 102
4 12 14
3 14 17
1 3 17
1 2 3
92 93 94
46 63 64
86 87 108
90 91 92
52 53 58
54 55 56
23 74 76
51 52 58
49 50 51
49 51 59
51 58 59
7 8 9
99 101 102
99 100 101
5 6 12
4 5 12
14 15 17
0 1 18
1 17 18
35 36 37
35 37 38
34 35 38
92 94 106
94 105 106
96 103 104
95 96 104
94 104 105
94 95 104
45 46 71
46 70 71
48 59 60
48 60 61
47 48 61
48 49 59
53 57 58
53 54 57
54 56 57
24 26 74
23 24 74
28 43 44
28 29 43
29 42 43
7 9 10
6 7 10
15 16 17
33 34 38
30 41 42
29 30 42
89 90 107
90 92 107
92 106 107
81 82 108
82 84 108
82 83 84
79 80 81
0 79 81
45 71 73
44 73 74
44 45 73
47 61 62
46 47 62
46 62 63
46 64 65
46 68 70
46 67 68
68 69 70
26 27 28
6 11 12
6 10 11
33 38 39
32 39 40
32 33 39
31 40 41
30 31 41
31 32 40
88 89 107
87 88 108
88 107 108
85 86 108
84 85 108
0 18 20
0 20 79
18 19 20
71 72 73
46 66 67
46 65 66
24 25 26
12 13 14
22 76 77
22 23 76
22 77 78
21 22 78
20 78 79
20 21 78
