# points
0.15789 0.51822
0.15789 0.55061
0.15789 0.583
0.15385 0.61538
0.15385 0.64777
0.1498 0.68016
0.14575 0.71255
0.14575 0.74494
0.1417 0.77733
0.1336 0.80972
0.12551 0.84211
0.12146 0.87449
0.11336 0.90688
0.10931 0.93522
0.1417 0.94737
0.17409 0.95951
0.20648 0.96761
0.23887 0.97571
0.27126 0.97976
0.30364 0.98381
0.33603 0.98785
0.36842 0.98785
0.40081 0.9919
0.4332 0.9919
0.46559 0.99595
0.49798 1
0.53036 1
0.56275 1
0.59514 0.99595
0.62753 0.99595
0.65992 0.9919
0.69231 0.9919
0.7247 0.98785
0.75709 0.97976
0.78947 0.97166
0.82186 0.96356
0.84615 0.94737
0.83806 0.91498
0.82996 0.88259
0.82186 0.8502
0.82186 0.81781
0.81781 0.78543
0.80972 0.75304
0.80972 0.72065
0.80972 0.68826
0.80972 0.65587
0.81377 0.62348
0.81377 0.59109
0.80972 0.5587
0.80972 0.52632
0.80972 0.49393
0.81377 0.46154
0.81377 0.42915
0.84615 0.42105
0.87854 0.417
0.91093 0.40081
0.94332 0.38057
0.97166 0.35628
0.97976 0.32389
0.98381 0.2915
0.97976 0.25911
0.97166 0.22672
0.95951 0.19433
0.93927 0.16194
0.90688 0.12955
0.87449 0.10931
0.84211 0.089069
0.80972 0.068826
0.77733 0.048583
0.74494 0.036437
0.71255 0.02834
0.68016 0.020243
0.64777 0.012146
0.61538 0.0080972
0.583 0.0040486
0.55061 0
0.51822 0
0.48583 0
0.45344 0
0.42105 0
0.38866 0
0.35628 0
0.32389 0.0080972
0.2915 0.012146
0.25911 0.016194
0.22672 0.02834
0.19433 0.048583
0.16194 0.060729
0.12955 0.080972
0.097166 0.10526
0.064777 0.1336
0.036437 0.16599
0.012146 0.19838
0 0.23077
0 0.26316
0 0.29555
0.016194 0.32794
0.036437 0.36032
0.068826 0.38462
0.10121 0.40081
0.1336 0.41296
0.16194 0.42915
0.16194 0.46154
0.15789 0.49393
0.15789 0.51822
# triangles
94 95 96
96 97 98
86 88 101
9 10 16
24 25 26
88 100 101
67 68 69
21 22 23
4 5 23
5 21 23
8 18 19
8 9 18
7 8 19
5 6 7
5 7 21
50 101 102
4 23 45
91 94 96
91 96 98
86 87 88
82 83 101
83 86 101
9 16 17
9 17 18
7 19 20
7 20 21
10 11 16
1 2 48
2 45 48
2 3 4
2 4 45
31 32 39
32 33 39
52 77 101
50 52 101
52 72 73
52 71 72
52 67 69
23 24 44
23 44 45
91 98 99
92 93 94
91 92 94
88 89 100
77 78 101
78 79 101
80 81 82
80 82 101
79 80 101
83 85 86
83 84 85
11 15 16
0 102 103
30 31 39
30 39 40
33 34 38
33 38 39
52 73 74
52 70 71
52 69 70
52 66 67
52 65 66
53 64 65
52 53 65
53 63 64
53 62 63
53 61 62
24 26 43
24 43 44
89 90 100
90 99 100
90 91 99
11 12 14
11 14 15
12 13 14
49 50 102
0 49 102
1 48 49
0 1 49
34 35 37
34 37 38
35 36 37
52 76 77
52 74 76
55 60 61
53 55 61
55 59 60
50 51 52
26 27 28
26 28 43
30 40 41
74 75 76
56 58 59
55 56 59
53 54 55
28 42 43
28 29 42
29 30 42
30 41 42
56 57 58
45 46 47
45 47 48
