# points
0.14765 0.50336
0.14765 0.5302
0.14094 0.55705
0.14094 0.58389
0.14094 0.61074
0.13423 0.63758
0.13423 0.66443
0.12752 0.69128
0.12081 0.71812
0.11409 0.74497
0.10738 0.77181
0.10738 0.79866
0.09396 0.8255
0.09396 0.85235
0.080537 0.87919
0.073826 0.90604
0.080537 0.93289
0.10738 0.94631
0.13423 0.95302
0.16107 0.95973
0.18792 0.96644
0.21477 0.97315
0.24161 0.97315
0.26846 0.97987
0.2953 0.98658
0.32215 0.98658
0.34899 0.98658
0.37584 0.99329
0.40268 0.99329
0.42953 0.99329
0.45638 1
0.48322 1
0.51007 1
0.53691 1
0.56376 1
0.5906 1
0.61745 1
0.6443 1
0.67114 0.99329
0.69799 0.99329
0.72483 0.98658
0.75168 0.97987
0.77852 0.97987
0.80537 0.97315
0.83221 0.95973
0.84564 0.9396
0.84564 0.91275
0.83893 0.88591
0.83221 0.85906
0.8255 0.83221
0.81879 0.80537
0.81879 0.77852
0.81208 0.75168
0.81208 0.72483
0.80537 0.69799
0.80537 0.67114
0.80537 0.6443
0.80537 0.61745
0.80537 0.5906
0.80537 0.56376
0.79866 0.53691
0.80537 0.51007
0.80537 0.48322
0.80537 0.45638
0.81879 0.43624
0.84564 0.42953
0.87248 0.42282
0.89933 0.4094
0.92617 0.39597
0.94631 0.37584
0.96644 0.3557
0.97315 0.32886
0.97315 0.30201
0.96644 0.27517
0.94631 0.24832
0.92617 0.22819
0.90604 0.20805
0.88591 0.18792
0.85906 0.16107
0.83221 0.14094
0.80537 0.12081
0.77852 0.10067
0.75168 0.087248
0.72483 0.073826
0.69799 0.060403
0.67114 0.04698
0.6443 0.033557
0.61745 0.026846
0.5906 0.013423
0.56376 0.0067114
0.53691 0
0.51007 0
0.48322 0
0.45638 0
0.42953 0
0.40268 0.0067114
0.37584 0.013423
0.34899 0.020134
0.32215 0.033557
0.2953 0.040268
0.26846 0.053691
0.24161 0.067114
0.21477 0.080537
0.18792 0.09396
0.16107 0.10738
0.13423 0.12081
0.10738 0.14094
0.080537 0.16107
0.060403 0.18121
0.033557 0.20134
0.013423 0.22819
0.0067114 0.25503
0 0.28188
0 0.30872
0.013423 0.32886
0.033557 0.34899
0.060403 0.36913
0.087248 0.37584
0.11409 0.38255
0.14094 0.38926
0.14765 0.41611
0.14765 0.44295
0.14765 0.4698
0.14765 0.49664
0.14765 0.50336
# triangles
112 113 114
111 112 114
4 57 60
109 110 111
13 14 18
13 18 19
23 24 25
1 4 60
0 1 60
60 61 62
72 73 74
4 29 55
29 54 55
57 58 60
33 34 54
32 33 54
34 52 54
36 38 52
38 50 52
11 12 13
14 15 17
14 17 18
15 16 17
4 6 29
6 7 26
9 10 11
9 22 23
9 11 22
60 62 63
111 114 115
64 65 76
65 75 76
65 66 75
4 56 57
4 55 56
58 59 60
29 30 31
29 31 54
31 32 54
35 36 52
34 35 52
52 53 54
44 45 46
36 37 38
13 19 20
11 13 20
20 21 22
11 20 22
26 27 28
6 26 28
6 28 29
8 25 26
7 8 26
8 23 25
8 9 23
1 3 4
1 2 3
111 115 117
66 67 75
67 74 75
64 76 77
64 79 80
69 70 71
69 71 72
69 72 74
67 68 69
67 69 74
50 51 52
63 120 121
98 119 120
43 44 46
43 46 47
4 5 6
64 83 84
63 64 84
108 109 111
108 111 117
115 116 117
64 78 79
64 77 78
64 82 83
64 80 82
87 91 92
63 87 92
63 92 120
98 100 119
96 98 120
96 97 98
42 43 47
63 85 87
63 84 85
108 118 119
108 117 118
106 107 119
107 108 119
60 63 122
63 121 122
102 103 119
103 104 119
105 106 119
104 105 119
101 102 119
100 101 119
98 99 100
92 95 120
95 96 120
92 93 95
93 94 95
0 60 123
60 122 123
41 47 48
41 42 47
41 48 49
38 40 50
38 39 40
40 49 50
40 41 49
85 86 87
80 81 82
89 90 91
87 89 91
87 88 89
