# points
0.027149 0.31222
0.045249 0.34389
0.076923 0.37104
0.1086 0.39819
0.14027 0.42081
0.17195 0.43439
0.20362 0.43891
0.23529 0.43891
0.26697 0.43891
0.29864 0.43439
0.33032 0.43439
0.36199 0.43891
0.36199 0.47059
0.34842 0.48869
0.35747 0.51584
0.32579 0.52941
0.30317 0.55204
0.33032 0.56561
0.36199 0.56109
0.39367 0.55656
0.41176 0.53846
0.38462 0.51584
0.40724 0.48869
0.39819 0.46154
0.41629 0.42986
0.44796 0.42986
0.47964 0.45249
0.51131 0.46606
0.54299 0.46154
0.57014 0.43439
0.60181 0.42986
0.63348 0.42534
0.65158 0.39819
0.62896 0.38009
0.59729 0.37104
0.56561 0.35294
0.59276 0.34389
0.62443 0.34389
0.65611 0.34389
0.68778 0.34842
0.71946 0.34842
0.75113 0.34842
0.78281 0.34842
0.81448 0.35294
0.84615 0.36199
0.87783 0.36652
0.9095 0.36652
0.94118 0.36652
0.97285 0.36652
1 0.35747
0.97285 0.33937
0.94118 0.32579
0.9095 0.31674
0.87783 0.30317
0.84615 0.28959
0.81448 0.27149
0.78281 0.25339
0.75113 0.23982
0.71946 0.22624
0.68778 0.22172
0.65611 0.21267
0.62443 0.19457
0.64253 0.17647
0.66063 0.14932
0.68326 0.12217
0.66968 0.095023
0.63801 0.090498
0.60633 0.085973
0.57466 0.085973
0.54299 0.085973
0.51131 0.085973
0.47964 0.085973
0.44796 0.085973
0.42081 0.072398
0.42081 0.040724
0.41176 0.0181
0.38009 0.0090498
0.34842 0.0045249
0.31674 0
0.28507 0
0.25339 0
0.22172 0
0.19005 0
0.15837 0
0.1267 0
0.095023 0
0.063348 0
0.031674 0.0045249
0 0.0090498
0.0045249 0.040724
0.036199 0.045249
0.067873 0.013575
0.095023 0
0.11765 0.013575
0.14932 0.027149
0.181 0.027149
0.20362 0.045249
0.20362 0.076923
0.17647 0.085973
0.1448 0.085973
0.11312 0.085973
0.081448 0.085973
0.049774 0.085973
0.0181 0.090498
0 0.12217
0 0.15385
0 0.18552
0.0045249 0.21719
0.0045249 0.24887
0.013575 0.28054
0.027149 0.31222
0.027149 0.31222
# triangles
48 49 50
73 74 76
74 75 76
10 72 73
29 30 34
73 77 78
73 76 77
107 108 109
61 69 70
42 55 56
63 65 66
63 66 67
61 68 69
61 67 68
40 57 58
63 64 65
36 60 61
78 79 97
73 78 97
10 73 97
9 10 97
0 1 2
0 2 98
35 36 61
29 34 35
26 29 35
25 26 35
39 40 58
31 32 33
30 31 33
30 33 34
42 43 55
41 42 56
40 41 57
41 56 57
61 62 67
62 63 67
38 59 60
39 58 59
38 39 59
99 100 107
99 107 109
0 99 109
0 98 99
15 16 17
82 95 96
7 97 98
85 91 93
87 90 91
87 88 89
87 89 90
101 102 105
102 104 105
15 17 18
14 15 18
19 20 21
18 19 21
14 18 21
13 14 21
12 21 22
12 13 21
24 35 72
24 25 35
10 24 72
10 11 24
35 71 72
61 70 71
35 61 71
27 28 29
26 27 29
36 37 60
37 38 60
44 53 54
43 44 54
43 54 55
101 105 106
100 101 106
100 106 107
82 83 95
83 94 95
81 82 96
2 3 98
3 7 98
8 9 97
7 8 97
85 86 91
86 87 91
102 103 104
12 22 23
11 12 23
11 23 24
44 45 53
46 51 52
45 52 53
45 46 52
46 47 51
47 48 50
47 50 51
84 85 93
84 93 94
83 84 94
80 81 96
79 80 97
80 96 97
3 6 7
3 4 6
4 5 6
