# points
0.055556 0.31197
0.08547 0.33761
0.11538 0.35897
0.1453 0.37607
0.17521 0.39744
0.20513 0.41026
0.23504 0.4188
0.26496 0.4188
0.29487 0.4188
0.32479 0.4188
0.3547 0.4188
0.38034 0.4359
0.35897 0.45726
0.35897 0.48718
0.33761 0.50855
0.31197 0.52564
0.33333 0.54274
0.36325 0.54274
0.39316 0.54274
0.42308 0.53419
0.41453 0.50855
0.41453 0.48291
0.41453 0.45299
0.41453 0.42308
0.4359 0.41026
0.46154 0.43162
0.49145 0.43162
0.52137 0.43162
0.55128 0.42735
0.5812 0.4188
0.61111 0.4188
0.64103 0.41453
0.66667 0.40598
0.66239 0.37607
0.63248 0.36752
0.60256 0.36325
0.5812 0.35043
0.61111 0.33333
0.64103 0.32906
0.67094 0.33333
0.70085 0.33333
0.73077 0.33333
0.76068 0.33761
0.7906 0.34188
0.82051 0.34615
0.85043 0.35043
0.88034 0.36325
0.91026 0.36752
0.94017 0.36752
0.97009 0.36752
1 0.3547
0.99145 0.32479
0.96154 0.32051
0.93162 0.31197
0.90171 0.30342
0.87179 0.2906
0.84188 0.27778
0.81197 0.26923
0.78205 0.26068
0.75214 0.25214
0.72222 0.24359
0.69231 0.23077
0.66239 0.21795
0.63248 0.20085
0.60256 0.18803
0.62821 0.17949
0.64103 0.14957
0.62821 0.12393
0.59829 0.11966
0.56838 0.11538
0.53846 0.11538
0.50855 0.11111
0.47863 0.10256
0.45726 0.08547
0.45726 0.055556
0.4359 0.038462
0.40598 0.034188
0.37607 0.034188
0.34615 0.029915
0.31624 0.025641
0.28632 0.021368
0.25641 0.021368
0.2265 0.021368
0.19658 0.017094
0.16667 0.008547
0.13675 0
0.10684 0
0.076923 0
0.051282 0.012821
0.081197 0.017094
0.11111 0.017094
0.14103 0.021368
0.17094 0.038462
0.20085 0.047009
0.21795 0.076923
0.18803 0.081197
0.15812 0.081197
0.12821 0.081197
0.098291 0.08547
0.068376 0.089744
0.038462 0.10256
0.008547 0.12821
0 0.15812
0 0.18803
0.0042735 0.21795
0.012821 0.24786
0.029915 0.27778
0.055556 0.30769
0.055556 0.31197
# triangles
49 50 51
85 86 90
87 88 89
86 89 90
86 87 89
14 15 16
66 67 68
14 16 17
85 90 91
98 103 104
98 104 105
65 66 68
37 62 63
44 56 57
44 45 56
1 95 96
98 99 103
13 14 17
13 17 18
40 60 61
42 58 59
37 63 64
64 69 70
64 68 69
64 65 68
37 38 62
38 61 62
43 44 57
42 43 58
43 57 58
49 51 52
48 49 52
48 52 53
45 46 54
79 80 94
78 79 94
100 102 103
99 100 103
100 101 102
1 2 95
1 96 107
0 1 107
96 97 107
18 19 20
13 18 20
13 20 21
73 78 94
73 75 76
41 42 59
40 41 60
41 59 60
36 37 64
30 31 34
39 40 61
38 39 61
47 48 53
46 47 54
47 53 54
45 55 56
45 54 55
82 93 94
82 83 93
83 92 93
80 81 94
81 82 94
84 91 92
83 84 92
84 85 91
3 4 5
3 94 95
2 3 95
97 106 107
98 105 106
97 98 106
7 8 94
3 7 94
3 5 7
8 9 94
9 73 94
9 10 73
73 76 77
73 77 78
73 74 75
24 25 26
24 26 36
28 29 36
30 34 35
29 35 36
29 30 35
31 32 33
31 33 34
5 6 7
12 13 21
12 21 22
11 12 22
24 36 71
64 70 71
36 64 71
10 72 73
10 24 72
24 71 72
10 11 23
10 23 24
11 22 23
26 27 36
27 28 36
