# points
0.038251 0.36612
0.054645 0.39891
0.071038 0.43169
0.098361 0.46448
0.13115 0.4918
0.16393 0.51366
0.19672 0.54098
0.22951 0.55191
0.2623 0.55191
0.29508 0.55191
0.32787 0.55191
0.36066 0.56284
0.39344 0.57377
0.39891 0.60656
0.37705 0.63388
0.38251 0.66667
0.35519 0.6776
0.3224 0.68852
0.34973 0.71038
0.38251 0.72678
0.4153 0.73224
0.44809 0.73224
0.45902 0.69945
0.44262 0.67213
0.42077 0.65574
0.44809 0.65027
0.45355 0.61749
0.43716 0.59563
0.45902 0.56831
0.4918 0.57377
0.52459 0.57377
0.55738 0.57377
0.59016 0.57923
0.62295 0.56831
0.62842 0.53552
0.6612 0.53005
0.68852 0.51913
0.69399 0.48634
0.66667 0.46995
0.63934 0.45355
0.67213 0.43169
0.70492 0.43716
0.7377 0.43716
0.77049 0.43716
0.80328 0.43716
0.83607 0.43716
0.86885 0.43716
0.90164 0.43716
0.93443 0.44262
0.96721 0.45355
1 0.45355
0.99454 0.42623
0.96175 0.40984
0.92896 0.39344
0.89617 0.38251
0.86339 0.36612
0.8306 0.34973
0.79781 0.32787
0.76503 0.31148
0.73224 0.28962
0.72678 0.25683
0.74317 0.23497
0.76503 0.21858
0.78142 0.18579
0.77049 0.15301
0.7377 0.14208
0.70492 0.13661
0.67213 0.13661
0.63934 0.13115
0.60656 0.12568
0.57377 0.11475
0.54098 0.11475
0.5082 0.10929
0.47541 0.10929
0.44262 0.10383
0.43716 0.071038
0.42077 0.043716
0.38798 0.032787
0.35519 0.027322
0.3224 0.021858
0.28962 0.021858
0.25683 0.021858
0.22404 0.021858
0.19126 0.010929
0.15847 0
0.12568 0
0.092896 0
0.060109 0.0054645
0.027322 0.0054645
0 0.027322
0.021858 0.054645
0.043716 0.027322
0.076503 0.021858
0.10929 0.021858
0.14208 0.032787
0.17486 0.04918
0.18579 0.081967
0.18033 0.11475
0.14754 0.12022
0.11475 0.13115
0.081967 0.14208
0.04918 0.15301
0.027322 0.17486
0.021858 0.20765
0.021858 0.24044
0.021858 0.27322
0.027322 0.30601
0.032787 0.3388
0.038251 0.36612
# triangles
88 89 91
87 88 91
35 36 38
15 19 20
10 74 97
1 2 3
1 3 4
1 4 97
63 64 65
36 37 38
60 67 68
60 68 69
97 98 106
87 91 92
86 87 92
86 92 93
85 86 93
89 90 91
100 101 103
101 102 103
100 103 104
39 69 71
39 60 69
20 21 22
16 18 19
15 16 19
16 17 18
74 79 97
69 70 71
4 5 97
97 106 107
1 97 107
0 1 107
45 55 56
45 46 55
43 56 57
42 43 57
61 66 67
60 61 67
61 65 66
84 94 95
84 85 94
85 93 94
98 99 106
99 100 104
39 71 73
28 29 39
28 39 73
40 59 60
39 40 60
40 41 59
15 20 23
20 22 23
74 78 79
9 10 97
5 9 97
46 54 55
42 57 58
41 42 58
41 58 59
48 52 53
44 45 56
43 44 56
62 63 65
61 62 65
99 105 106
99 104 105
31 34 39
34 35 38
34 38 39
29 30 39
30 31 39
32 33 34
31 32 34
71 72 73
11 12 28
11 28 73
10 11 74
11 73 74
13 26 27
12 27 28
12 13 27
74 75 77
74 77 78
75 76 77
79 80 97
80 96 97
80 81 96
83 84 95
47 48 53
47 53 54
46 47 54
49 51 52
48 49 52
49 50 51
13 24 26
24 25 26
13 14 24
14 15 24
15 23 24
82 95 96
81 82 96
82 83 95
5 6 7
5 8 9
5 7 8
