# points
0.04712 0.35079
0.052356 0.3822
0.062827 0.41361
0.078534 0.44503
0.10995 0.4712
0.14136 0.49215
0.17277 0.51309
0.20419 0.52356
0.2356 0.5288
0.26702 0.53403
0.29843 0.53927
0.32984 0.5445
0.36126 0.55497
0.39267 0.56545
0.39267 0.59686
0.36649 0.62304
0.35602 0.64921
0.32984 0.66492
0.34555 0.6911
0.37696 0.69634
0.40838 0.70157
0.43979 0.71204
0.46597 0.70157
0.44503 0.67539
0.42408 0.65445
0.42932 0.62304
0.44503 0.59162
0.46597 0.56021
0.49738 0.55497
0.5288 0.55497
0.56021 0.56021
0.59162 0.57068
0.61257 0.53927
0.64398 0.52356
0.67016 0.50262
0.67539 0.4712
0.65445 0.45026
0.62304 0.44503
0.64398 0.41885
0.67539 0.41885
0.70681 0.42932
0.73822 0.42932
0.76963 0.42932
0.80105 0.43455
0.83246 0.44503
0.86387 0.45026
0.89529 0.4555
0.9267 0.46597
0.95812 0.47644
0.98953 0.47644
1 0.44503
0.97906 0.41361
0.94764 0.39791
0.91623 0.38743
0.88482 0.3822
0.8534 0.37696
0.82199 0.36649
0.79058 0.34031
0.7644 0.31414
0.73298 0.29843
0.70157 0.28272
0.68586 0.25654
0.71204 0.25131
0.74346 0.25131
0.77487 0.24084
0.79581 0.20942
0.79581 0.17801
0.79058 0.1466
0.75916 0.13089
0.72775 0.12565
0.69634 0.12042
0.66492 0.11518
0.63351 0.11518
0.60209 0.11518
0.57068 0.11518
0.53927 0.11518
0.50785 0.11518
0.47644 0.10995
0.44503 0.10471
0.41885 0.08377
0.39791 0.057592
0.36649 0.052356
0.33508 0.052356
0.30366 0.04712
0.27225 0.04712
0.24084 0.041885
0.20942 0.036649
0.17801 0.036649
0.1466 0.036649
0.11518 0.031414
0.08377 0.020942
0.052356 0.015707
0.020942 0
0 0.020942
0.0052356 0.052356
0.031414 0.068063
0.062827 0.062827
0.078534 0.041885
0.10995 0.052356
0.14136 0.057592
0.17277 0.062827
0.17801 0.094241
0.15183 0.11518
0.12042 0.12565
0.089005 0.13089
0.057592 0.13089
0.031414 0.15183
0.026178 0.18325
0.026178 0.21466
0.026178 0.24607
0.026178 0.27749
0.031414 0.3089
0.041885 0.34031
0.04712 0.35079
# triangles
78 101 102
78 82 101
0 1 4
0 102 111
83 84 101
82 83 101
78 79 82
48 49 50
44 45 55
104 105 107
2 3 4
1 2 4
84 85 101
85 86 101
105 106 107
102 103 111
0 111 112
66 67 68
91 94 95
91 92 93
91 93 94
79 80 81
79 81 82
104 107 108
103 108 109
103 104 108
91 95 96
89 98 99
88 89 99
103 109 110
103 110 111
61 70 71
61 71 72
61 72 73
61 73 74
61 74 75
61 75 76
19 20 24
12 13 27
9 78 102
15 24 25
13 26 27
38 61 76
12 27 37
12 37 78
37 77 78
37 76 77
37 38 76
43 44 55
43 55 56
87 88 100
88 99 100
86 100 101
86 87 100
62 69 70
61 62 70
91 96 97
90 91 97
89 97 98
89 90 97
20 21 23
20 23 24
21 22 23
8 9 102
11 12 78
14 15 25
14 25 26
13 14 26
16 19 24
15 16 24
16 18 19
16 17 18
5 6 7
5 7 8
0 4 5
0 5 102
5 8 102
45 54 55
45 46 54
46 53 54
46 47 52
46 52 53
62 63 69
39 40 59
9 10 78
10 11 78
27 28 37
32 33 37
30 32 37
30 31 32
33 36 37
33 34 36
48 50 51
47 48 51
47 51 52
38 60 61
38 39 60
39 59 60
41 42 57
42 56 57
42 43 56
29 30 37
28 29 37
34 35 36
63 65 66
63 64 65
41 57 58
40 41 58
40 58 59
63 66 68
63 68 69
