# points
0.070175 0.32895
0.10088 0.34649
0.13158 0.36404
0.16228 0.38158
0.19298 0.39035
0.22368 0.40351
0.25439 0.41228
0.28509 0.42544
0.31579 0.42982
0.34649 0.42982
0.37719 0.43421
0.39912 0.46053
0.40351 0.49123
0.37281 0.49561
0.36404 0.52193
0.34211 0.53509
0.32895 0.55702
0.35965 0.55702
0.39035 0.55702
0.42105 0.55263
0.4386 0.53509
0.40789 0.51754
0.40789 0.49561
0.41228 0.47368
0.41228 0.44298
0.42105 0.41667
0.45175 0.42982
0.48246 0.44737
0.51316 0.45614
0.54386 0.45614
0.57456 0.42982
0.60526 0.42105
0.63596 0.42105
0.66667 0.40789
0.6886 0.38596
0.66228 0.37281
0.63158 0.36842
0.60088 0.35526
0.62281 0.33333
0.65351 0.32895
0.68421 0.32895
0.71491 0.32895
0.74561 0.34211
0.77632 0.35088
0.80702 0.35526
0.83772 0.35526
0.86842 0.35965
0.89912 0.35965
0.92982 0.35965
0.96053 0.36404
0.99123 0.36404
1 0.33772
0.97368 0.32456
0.94298 0.3114
0.91228 0.29825
0.88158 0.2807
0.85088 0.26316
0.82018 0.24561
0.78947 0.23684
0.75877 0.22807
0.72807 0.2193
0.69737 0.21053
0.66667 0.20175
0.63596 0.18421
0.62281 0.15789
0.65351 0.16228
0.65351 0.13158
0.63158 0.11404
0.60088 0.11842
0.57018 0.11842
0.53947 0.11842
0.50877 0.11404
0.47807 0.10088
0.45175 0.074561
0.44298 0.04386
0.41228 0.039474
0.38158 0.035088
0.35088 0.035088
0.32018 0.030702
0.28947 0.026316
0.25877 0.02193
0.22807 0.017544
0.19737 0.013158
0.16667 0.004386
0.13596 0
0.10526 0
0.10526 0.013158
0.13596 0.017544
0.16667 0.02193
0.19737 0.030702
0.2193 0.048246
0.22368 0.078947
0.20614 0.096491
0.17544 0.096491
0.14474 0.096491
0.11404 0.096491
0.083333 0.096491
0.052632 0.10965
0.02193 0.13158
0.004386 0.15789
0 0.1886
0.004386 0.2193
0.013158 0.25
0.030702 0.2807
0.052632 0.3114
0.070175 0.32895
# triangles
98 99 100
25 37 71
6 9 92
9 10 25
37 70 71
25 71 72
9 25 72
9 72 92
25 26 37
50 51 52
2 4 92
83 84 87
95 102 103
94 95 103
95 101 102
2 92 93
43 57 58
28 29 30
30 31 37
10 24 25
5 6 92
4 5 92
2 3 4
80 90 91
77 78 91
72 91 92
6 8 9
6 7 8
95 97 101
97 100 101
97 98 100
84 85 86
84 86 87
94 103 104
1 2 93
1 93 94
1 94 104
0 1 104
42 43 58
41 59 60
42 58 59
41 42 59
27 28 30
26 27 37
27 30 37
19 20 21
18 19 21
14 18 21
14 17 18
10 11 24
11 23 24
80 81 90
83 87 88
79 80 91
78 79 91
72 73 91
73 77 91
73 76 77
73 75 76
73 74 75
95 96 97
31 32 36
31 36 37
40 41 60
49 50 52
64 66 67
64 65 66
64 69 70
63 64 70
15 16 17
14 15 17
13 14 21
81 89 90
37 38 70
38 63 70
38 62 63
38 39 62
40 60 61
39 61 62
39 40 61
43 44 57
46 54 55
45 46 55
64 68 69
64 67 68
11 12 23
12 13 21
81 82 89
82 83 88
82 88 89
44 56 57
44 45 56
45 55 56
33 34 35
32 33 36
33 35 36
46 47 54
47 48 54
48 53 54
49 52 53
48 49 53
12 22 23
12 21 22
