# points
0.044554 0.33168
0.064356 0.36139
0.089109 0.39109
0.11881 0.42079
0.14851 0.44554
0.17822 0.46535
0.20792 0.4703
0.23762 0.47525
0.26733 0.4802
0.29703 0.4802
0.32673 0.4802
0.35644 0.48515
0.38614 0.50495
0.38614 0.53465
0.36139 0.54455
0.35644 0.57426
0.33168 0.58416
0.30198 0.59406
0.31683 0.61881
0.34653 0.61881
0.37624 0.61881
0.40594 0.61881
0.42079 0.60891
0.41089 0.57921
0.41584 0.5495
0.41584 0.5198
0.44059 0.50495
0.4703 0.51485
0.5 0.5198
0.52475 0.5099
0.53465 0.4802
0.56436 0.47525
0.59406 0.47525
0.62376 0.47525
0.65347 0.46535
0.64356 0.43564
0.61881 0.41584
0.58911 0.40594
0.59406 0.38119
0.61881 0.36139
0.64851 0.36139
0.67822 0.36139
0.70792 0.36139
0.73762 0.36634
0.76733 0.37129
0.79703 0.37624
0.82673 0.37624
0.85644 0.38119
0.88614 0.38614
0.91584 0.39109
0.94554 0.39109
0.97525 0.39109
1 0.37624
0.97525 0.35644
0.94554 0.35149
0.91584 0.34653
0.88614 0.33663
0.85644 0.31683
0.82673 0.29703
0.79703 0.28218
0.76733 0.27228
0.73762 0.26733
0.70792 0.25743
0.67822 0.25248
0.65347 0.23267
0.65842 0.20297
0.68812 0.20792
0.70297 0.18812
0.70297 0.15842
0.70297 0.13366
0.67327 0.12871
0.64356 0.12871
0.61386 0.12871
0.58416 0.12871
0.55446 0.12376
0.52475 0.11881
0.49505 0.10891
0.46535 0.10396
0.43564 0.094059
0.43069 0.064356
0.41089 0.039604
0.38119 0.034653
0.35149 0.029703
0.32178 0.029703
0.29208 0.029703
0.26238 0.029703
0.23267 0.024752
0.20297 0.019802
0.17327 0.009901
0.14356 0.0049505
0.12376 0
0.14851 0.024752
0.17822 0.039604
0.17822 0.069307
0.17822 0.09901
0.15842 0.11386
0.12871 0.11386
0.09901 0.11386
0.069307 0.11881
0.039604 0.13366
0.009901 0.14851
0 0.17822
0.0049505 0.20792
0.014851 0.23762
0.024752 0.26733
0.034653 0.29703
0.044554 0.32673
0.044554 0.33168
# triangles
16 18 19
15 19 20
15 16 19
51 52 53
99 100 101
99 101 102
16 17 18
65 70 71
15 20 23
10 11 78
11 77 78
89 90 91
1 2 95
2 3 95
6 7 95
3 6 95
78 82 83
78 81 82
79 80 81
78 79 81
65 71 72
65 72 73
13 23 24
13 14 15
13 15 23
33 34 35
32 36 37
33 35 36
32 33 36
30 31 37
31 32 37
88 89 91
9 10 78
7 9 95
7 8 9
4 5 6
3 4 6
50 51 53
44 45 59
28 29 30
11 12 26
39 63 64
64 65 73
64 73 74
64 74 75
39 40 63
1 95 106
95 105 106
0 1 106
99 102 103
48 55 56
20 21 23
21 22 23
26 27 30
27 28 30
12 25 26
13 24 25
12 13 25
38 64 75
38 39 64
38 75 76
38 76 77
11 38 77
11 26 38
30 37 38
26 30 38
40 41 63
41 62 63
41 42 62
88 91 92
84 85 94
85 86 94
86 93 94
9 78 94
9 94 95
78 83 94
83 84 94
96 97 103
96 103 104
95 104 105
95 96 104
45 58 59
47 48 56
47 56 57
48 49 55
50 53 54
49 50 54
49 54 55
68 69 70
65 68 70
65 67 68
44 59 60
43 44 60
65 66 67
86 87 93
87 92 93
87 88 92
98 99 103
97 98 103
46 47 57
45 46 58
46 57 58
42 61 62
42 43 61
43 60 61
