# points
0.045872 0.33486
0.073394 0.36697
0.1055 0.3945
0.13761 0.41743
0.16972 0.43119
0.20183 0.43578
0.23394 0.43578
0.26606 0.43578
0.29817 0.43578
0.33028 0.43578
0.36239 0.43578
0.3945 0.44037
0.3945 0.47248
0.37615 0.49541
0.36697 0.52752
0.34862 0.55046
0.3211 0.55963
0.33945 0.58257
0.37156 0.59174
0.40367 0.59174
0.43578 0.59174
0.44954 0.56881
0.42202 0.55046
0.41743 0.51835
0.42202 0.48624
0.42661 0.45413
0.45413 0.44037
0.48165 0.46789
0.51376 0.46789
0.54587 0.46789
0.57798 0.4633
0.6055 0.44037
0.63761 0.44037
0.66972 0.44037
0.69725 0.41284
0.66972 0.3945
0.63761 0.38532
0.62844 0.36239
0.66055 0.36239
0.69266 0.36239
0.72477 0.36239
0.75688 0.36239
0.78899 0.36697
0.8211 0.36697
0.85321 0.36697
0.88532 0.37156
0.91743 0.38073
0.94954 0.38532
0.98165 0.38532
1 0.36697
0.97248 0.35321
0.94037 0.34404
0.90826 0.33486
0.87615 0.32569
0.84404 0.31651
0.81193 0.29817
0.77982 0.27982
0.74771 0.26606
0.7156 0.25229
0.68349 0.23853
0.65138 0.22477
0.62844 0.20642
0.63761 0.1789
0.66972 0.18349
0.69266 0.16514
0.68807 0.13303
0.65596 0.12385
0.62385 0.11468
0.59174 0.11468
0.55963 0.11468
0.52752 0.11468
0.49541 0.11468
0.4633 0.091743
0.4633 0.059633
0.44037 0.041284
0.40826 0.036697
0.37615 0.036697
0.34404 0.03211
0.31193 0.03211
0.27982 0.027523
0.24771 0.022936
0.2156 0.018349
0.18349 0.0091743
0.15138 0.0045872
0.11927 0
0.087156 0
0.055046 0.0045872
0.027523 0.018349
0.041284 0.045872
0.068807 0.041284
0.087156 0.018349
0.11927 0.022936
0.15138 0.022936
0.18349 0.027523
0.21101 0.045872
0.22477 0.073394
0.20642 0.091743
0.17431 0.091743
0.1422 0.091743
0.11009 0.091743
0.077982 0.09633
0.045872 0.10092
0.013761 0.11468
0 0.14679
0 0.1789
0 0.21101
0.0045872 0.24312
0.013761 0.27523
0.027523 0.30734
0.045872 0.33486
# triangles
86 87 88
86 88 89
86 89 90
85 86 90
84 85 90
98 106 107
98 107 108
97 98 108
99 105 106
98 99 106
32 33 35
33 34 35
81 82 93
99 100 105
84 90 91
6 7 96
2 6 96
0 97 108
1 96 97
1 2 96
0 1 97
29 30 31
29 31 37
28 29 37
72 74 75
9 72 96
9 10 72
18 19 22
20 21 22
19 20 22
78 79 95
77 78 95
72 77 95
72 95 96
31 36 37
31 32 36
32 35 36
46 47 51
100 104 105
101 102 103
101 103 104
100 101 104
82 92 93
72 76 77
72 75 76
72 73 74
26 28 37
26 27 28
7 8 96
8 9 96
14 18 22
79 80 95
64 65 66
45 46 52
46 51 52
47 48 50
47 50 51
48 49 50
43 44 54
40 57 58
39 40 58
41 56 57
40 41 57
82 83 92
83 84 91
83 91 92
2 5 6
10 71 72
15 16 17
15 17 18
14 15 18
80 81 94
80 94 95
81 93 94
62 67 68
62 66 67
42 43 55
43 54 55
41 55 56
41 42 55
44 53 54
44 45 53
45 52 53
62 63 66
63 64 66
37 59 60
2 3 5
3 4 5
10 11 71
11 26 71
26 37 61
26 61 71
37 60 61
61 70 71
61 69 70
61 62 68
61 68 69
11 25 26
14 22 23
38 39 58
38 58 59
37 38 59
13 14 23
13 23 24
12 13 24
12 24 25
11 12 25
