# points
0.057292 0.36458
0.067708 0.39583
0.083333 0.42708
0.10938 0.45312
0.14062 0.47917
0.17188 0.5
0.20312 0.51042
0.23438 0.52083
0.26562 0.52604
0.29688 0.53125
0.32812 0.53125
0.35938 0.54167
0.38021 0.5625
0.38542 0.59375
0.375 0.61979
0.34375 0.61979
0.31771 0.64062
0.32812 0.66667
0.35938 0.68229
0.39062 0.6875
0.42188 0.6875
0.45312 0.67708
0.43229 0.65104
0.42188 0.625
0.44271 0.60417
0.41667 0.58333
0.42188 0.55208
0.45312 0.54167
0.48438 0.54167
0.51562 0.54167
0.54688 0.54167
0.57812 0.54167
0.60938 0.54688
0.64062 0.54688
0.67188 0.53125
0.6875 0.5
0.6875 0.46875
0.65625 0.45833
0.625 0.45833
0.63021 0.43229
0.65625 0.40625
0.6875 0.40625
0.71875 0.40625
0.75 0.40625
0.78125 0.40625
0.8125 0.40625
0.84375 0.41146
0.875 0.41667
0.90625 0.42708
0.9375 0.4375
0.96875 0.4375
1 0.42708
0.97396 0.40104
0.94271 0.39062
0.91146 0.375
0.88021 0.35417
0.84896 0.33854
0.81771 0.32292
0.78646 0.30208
0.75521 0.28646
0.72396 0.27083
0.69792 0.24479
0.71354 0.22396
0.74479 0.23438
0.75521 0.20312
0.76042 0.17188
0.74479 0.15104
0.71354 0.14062
0.68229 0.13021
0.65104 0.11979
0.61979 0.11458
0.58854 0.11458
0.55729 0.11458
0.52604 0.11458
0.49479 0.11458
0.46354 0.11458
0.44792 0.088542
0.4375 0.057292
0.40625 0.052083
0.375 0.052083
0.34375 0.041667
0.3125 0.036458
0.28125 0.03125
0.25 0.026042
0.21875 0.020833
0.1875 0.015625
0.15625 0.010417
0.125 0.0052083
0.09375 0
0.0625 0
0.03125 0
0 0.015625
0.0052083 0.046875
0.03125 0.0625
0.046875 0.036458
0.067708 0.015625
0.098958 0.020833
0.13021 0.03125
0.16146 0.041667
0.1875 0.0625
0.19792 0.088542
0.17708 0.10417
0.14583 0.10417
0.11458 0.10417
0.083333 0.10938
0.052083 0.11979
0.020833 0.13542
0.015625 0.16667
0.015625 0.19792
0.015625 0.22917
0.020833 0.26042
0.03125 0.29167
0.041667 0.32292
0.052083 0.35417
0.057292 0.36458
# triangles
49 52 53
50 51 52
49 50 52
90 91 94
62 66 67
62 67 68
48 53 54
48 49 53
4 5 6
91 92 94
102 110 111
102 109 110
88 89 95
89 90 95
90 94 95
88 95 96
64 65 66
62 64 66
61 68 69
61 62 68
61 69 70
61 70 71
61 71 72
19 20 22
20 21 22
39 40 73
61 72 73
40 61 73
0 112 113
14 18 19
14 19 22
14 22 23
92 93 94
103 104 108
103 108 109
102 103 109
101 111 112
101 102 111
0 101 112
0 4 101
4 6 101
81 82 100
87 88 96
87 96 97
34 35 37
35 36 37
23 24 25
80 81 100
79 80 100
10 27 75
27 39 75
75 100 101
75 79 100
75 76 79
10 11 27
0 1 3
0 3 4
1 2 3
15 17 18
14 15 18
105 106 107
104 105 108
105 107 108
82 83 100
83 99 100
83 84 99
86 97 98
86 87 97
43 58 59
62 63 64
42 43 59
47 48 54
47 54 55
44 45 57
44 57 58
43 44 58
45 56 57
29 38 39
29 30 38
34 37 38
33 34 38
13 14 23
13 23 25
12 13 25
27 28 39
28 29 39
76 78 79
76 77 78
39 73 74
39 74 75
11 26 27
11 12 26
12 25 26
8 9 10
8 10 75
8 75 101
6 8 101
6 7 8
85 86 98
84 85 99
85 98 99
40 60 61
40 41 60
42 59 60
41 42 60
46 47 55
46 55 56
45 46 56
30 31 38
15 16 17
32 33 38
31 32 38
