# points
0.054645 0.37705
0.065574 0.40984
0.076503 0.44262
0.10383 0.47541
0.13661 0.49727
0.1694 0.53005
0.19672 0.55738
0.22951 0.56284
0.2623 0.56284
0.29508 0.56284
0.32787 0.55738
0.36066 0.56284
0.39344 0.56284
0.40437 0.59563
0.38251 0.61202
0.37705 0.63388
0.38798 0.66667
0.36066 0.6776
0.32787 0.68306
0.30055 0.69945
0.31694 0.72131
0.34973 0.72131
0.38251 0.72678
0.40984 0.74317
0.44262 0.74863
0.46448 0.72131
0.44262 0.69399
0.42077 0.66667
0.44262 0.64481
0.44262 0.61202
0.45902 0.59016
0.4918 0.5847
0.52459 0.5847
0.55738 0.57923
0.59016 0.57923
0.62295 0.56284
0.65574 0.56284
0.68306 0.54098
0.69399 0.5082
0.67213 0.48634
0.63934 0.48087
0.64481 0.44809
0.6776 0.43716
0.71038 0.43716
0.74317 0.43716
0.77596 0.43716
0.80874 0.43716
0.84153 0.44262
0.87432 0.44809
0.9071 0.45355
0.93989 0.45902
0.97268 0.45902
1 0.44262
0.98907 0.4153
0.95628 0.40437
0.9235 0.38798
0.89071 0.37705
0.85792 0.36612
0.82514 0.3388
0.79235 0.31694
0.75956 0.29508
0.72678 0.28415
0.71038 0.25683
0.74317 0.25137
0.76503 0.22404
0.77596 0.19126
0.78142 0.15847
0.74863 0.14754
0.71585 0.14754
0.68306 0.14208
0.65027 0.13661
0.61749 0.13115
0.5847 0.12568
0.55191 0.12022
0.51913 0.12022
0.48634 0.11475
0.45355 0.10929
0.44262 0.081967
0.42077 0.060109
0.38798 0.054645
0.35519 0.04918
0.3224 0.043716
0.28962 0.032787
0.25683 0.027322
0.22404 0.021858
0.19126 0.010929
0.15847 0.0054645
0.12568 0
0.092896 0
0.060109 0
0.027322 0
0 0.016393
0.016393 0.016393
0.04918 0.016393
0.081967 0.016393
0.11475 0.021858
0.14754 0.032787
0.18033 0.043716
0.18033 0.076503
0.18033 0.10929
0.15301 0.12568
0.12022 0.13115
0.087432 0.13661
0.054645 0.14754
0.027322 0.16393
0.021858 0.19672
0.021858 0.22951
0.027322 0.2623
0.032787 0.29508
0.043716 0.32787
0.054645 0.36066
0.054645 0.37705
# triangles
90 91 92
90 92 93
89 90 93
101 106 107
10 76 99
10 12 76
49 50 54
47 56 57
85 86 97
89 93 94
100 101 107
100 107 108
102 105 106
101 102 106
76 80 99
80 81 99
76 79 80
17 21 22
4 10 99
4 99 100
4 100 110
4 5 8
10 11 12
18 19 20
18 20 21
17 18 21
65 66 67
51 52 53
51 53 54
50 51 54
47 48 56
49 54 55
48 49 55
48 55 56
64 65 68
65 67 68
76 77 79
77 78 79
88 89 94
86 87 96
86 96 97
0 1 110
1 4 110
1 2 3
1 3 4
100 109 110
100 108 109
103 104 105
102 103 105
84 85 97
81 82 99
82 83 99
5 6 7
5 7 8
4 9 10
4 8 9
12 75 76
12 41 75
41 42 61
62 72 73
41 61 62
62 71 72
62 70 71
62 69 70
62 68 69
62 63 64
62 64 68
87 95 96
87 88 95
88 94 95
84 97 98
83 98 99
83 84 98
15 16 27
16 17 22
16 22 27
15 27 28
14 15 28
13 28 29
13 14 28
12 13 30
13 29 30
12 31 41
12 30 31
41 74 75
62 73 74
41 62 74
23 24 26
24 25 26
22 23 26
22 26 27
44 59 60
36 37 40
35 36 40
32 33 40
31 40 41
31 32 40
46 47 57
46 57 58
45 58 59
44 45 59
45 46 58
42 43 61
43 60 61
43 44 60
34 35 40
33 34 40
37 38 39
37 39 40
