# points
0.038793 0.32328
0.068966 0.34483
0.10345 0.37069
0.13793 0.39224
0.17241 0.40948
0.2069 0.42241
0.24138 0.43103
0.27586 0.43534
0.31034 0.43534
0.34483 0.43534
0.36207 0.4569
0.33621 0.48276
0.3319 0.50431
0.30172 0.52155
0.31034 0.55603
0.34052 0.56897
0.375 0.56897
0.40948 0.56897
0.44397 0.56466
0.43534 0.53017
0.40086 0.52155
0.40948 0.5
0.39655 0.46983
0.4181 0.43966
0.45259 0.44397
0.48276 0.46552
0.51724 0.46121
0.55172 0.44397
0.58621 0.43103
0.62069 0.43103
0.65517 0.42672
0.6681 0.40086
0.63362 0.37931
0.59914 0.37931
0.56466 0.37069
0.5819 0.34914
0.61638 0.35345
0.65086 0.35776
0.68534 0.35776
0.71983 0.36207
0.75431 0.36207
0.78879 0.36638
0.82328 0.37069
0.85776 0.375
0.89224 0.38362
0.92672 0.39655
0.96121 0.39655
0.99569 0.37931
1 0.34483
0.96983 0.32759
0.93534 0.32328
0.90086 0.31466
0.86638 0.30603
0.8319 0.2931
0.79741 0.28017
0.76293 0.26293
0.72845 0.25
0.69397 0.23707
0.65948 0.23276
0.625 0.22414
0.59052 0.21121
0.59483 0.17672
0.62931 0.18966
0.65517 0.17241
0.65517 0.13793
0.62931 0.11207
0.59483 0.10345
0.56034 0.10345
0.52586 0.10345
0.49138 0.10345
0.4569 0.099138
0.45259 0.064655
0.4181 0.051724
0.38362 0.043103
0.34914 0.034483
0.31466 0.025862
0.28017 0.021552
0.24569 0.012931
0.21121 0.0086207
0.17672 0.0043103
0.14224 0.0043103
0.10776 0
0.073276 0
0.038793 0
0.0043103 0.0086207
0.0043103 0.043103
0.034483 0.051724
0.068966 0.038793
0.10345 0.038793
0.13793 0.038793
0.17241 0.038793
0.2069 0.047414
0.2069 0.068966
0.17241 0.068966
0.13793 0.073276
0.10345 0.077586
0.068966 0.081897
0.034483 0.094828
0.0043103 0.12069
0 0.15517
0 0.18966
0.0043103 0.22414
0.012931 0.25862
0.021552 0.2931
0.038793 0.32328
# triangles
83 84 86
84 85 86
47 48 49
46 47 49
83 86 87
94 101 102
95 100 101
94 95 101
81 88 89
36 37 58
39 55 56
75 76 92
2 3 92
74 75 92
70 74 92
7 8 92
8 70 92
82 83 87
81 82 88
82 87 88
96 99 100
95 96 100
80 81 89
29 30 32
42 52 53
30 31 32
77 78 91
76 77 92
77 91 92
6 7 92
5 6 92
3 4 92
4 5 92
2 92 93
12 15 16
12 14 15
61 65 66
61 64 65
97 98 99
96 97 99
80 89 90
79 80 90
78 79 90
78 90 91
39 40 55
40 54 55
41 53 54
41 42 53
40 41 54
46 49 50
45 46 50
38 39 56
38 56 57
37 38 58
38 57 58
35 59 60
36 58 59
35 36 59
12 13 14
1 93 94
1 2 93
1 94 102
1 102 103
0 1 103
60 61 68
70 73 74
28 29 33
29 32 33
8 9 70
9 23 70
42 43 52
43 51 52
62 63 64
61 62 64
61 66 67
61 67 68
60 69 70
60 68 69
70 71 72
70 72 73
17 18 19
12 16 20
16 17 20
20 21 22
17 19 20
10 22 23
9 10 23
26 27 34
34 35 60
34 60 70
23 34 70
27 28 34
28 33 34
43 44 51
44 45 50
44 50 51
11 12 20
11 20 22
10 11 22
24 26 34
23 24 34
24 25 26
