# points
0.26316 0.39766
0.26316 0.4269
0.26316 0.45614
0.26316 0.48538
0.26316 0.51462
0.26316 0.54386
0.26316 0.5731
0.26316 0.60234
0.26316 0.63158
0.26316 0.66082
0.26316 0.69006
0.26316 0.7193
0.26316 0.74854
0.23392 0.75439
0.20468 0.75439
0.17544 0.74854
0.1462 0.74269
0.11696 0.73684
0.087719 0.73099
0.05848 0.72515
0.02924 0.7193
0 0.7076
0 0.72515
0.005848 0.75439
0.017544 0.78363
0.040936 0.81287
0.052632 0.84211
0.076023 0.87135
0.10526 0.89474
0.1345 0.91228
0.16374 0.92982
0.19298 0.95322
0.22222 0.95906
0.25146 0.97076
0.2807 0.97661
0.30994 0.97661
0.33918 0.97661
0.36842 0.97661
0.39766 0.97661
0.4269 0.97661
0.4386 1
0.46784 1
0.49708 1
0.52632 1
0.55556 1
0.57895 0.99415
0.57895 0.96491
0.57895 0.93567
0.57895 0.90643
0.57895 0.87719
0.57895 0.84795
0.57895 0.81871
0.57895 0.78947
0.57895 0.76023
0.57895 0.73099
0.55556 0.72515
0.52632 0.72515
0.49708 0.72515
0.46784 0.72515
0.4386 0.72515
0.4269 0.74854
0.39766 0.74269
0.39766 0.71345
0.39766 0.68421
0.39766 0.65497
0.39766 0.62573
0.39766 0.59649
0.39766 0.56725
0.39766 0.53801
0.39766 0.50877
0.39766 0.47953
0.39766 0.45029
0.39766 0.42105
0.39766 0.39181
0.39766 0.36257
0.39766 0.33333
0.39766 0.30409
0.39766 0.27485
0.39766 0.24561
0.39766 0.21637
0.39766 0.18713
0.39766 0.15789
0.39766 0.12865
0.39766 0.099415
0.39766 0.070175
0.39766 0.040936
0.39766 0.011696
0.38012 0
0.35088 0
0.32164 0
0.2924 0
0.26316 0
0.26316 0.02924
0.26316 0.05848
0.26316 0.087719
0.26316 0.11696
0.26316 0.1462
0.26316 0.17544
0.26316 0.20468
0.26316 0.23392
0.26316 0.26316
0.26316 0.2924
0.26316 0.32164
0.26316 0.35088
0.26316 0.38012
0.26316 0.39766
# triangles
85 86 87
19 23 24
78 79 99
3 69 70
2 3 70
2 70 71
20 21 22
20 22 23
19 20 23
17 25 26
19 24 25
74 75 103
85 87 88
90 91 92
84 88 89
84 85 88
82 83 95
42 43 47
42 47 48
44 45 46
43 44 46
43 46 47
10 62 63
16 17 26
16 26 27
17 18 25
18 19 25
30 31 32
15 28 29
15 16 28
16 27 28
1 2 71
1 71 72
73 74 104
74 103 104
79 98 99
79 80 98
83 94 95
83 84 94
76 77 101
6 66 67
52 56 57
53 54 55
53 55 56
52 53 56
57 58 60
8 64 65
38 39 60
39 48 49
39 40 41
39 41 42
39 42 48
38 60 61
14 15 29
14 29 30
8 9 64
9 63 64
9 10 63
12 34 35
0 73 104
0 72 73
0 1 72
80 81 97
80 97 98
84 89 93
84 93 94
77 100 101
78 99 100
77 78 100
75 102 103
75 76 102
76 101 102
6 7 66
7 65 66
7 8 65
3 4 69
4 68 69
5 67 68
5 6 67
4 5 68
58 59 60
51 52 57
50 51 60
51 57 60
12 35 36
12 36 61
10 11 62
11 12 61
11 61 62
12 32 33
12 33 34
81 96 97
81 82 96
82 95 96
37 38 61
36 37 61
12 13 32
13 30 32
13 14 30
39 49 50
39 50 60
89 90 93
90 92 93
