# points
0.21379 0.28966
0.21379 0.31724
0.21379 0.34483
0.21379 0.37241
0.21379 0.4
0.21379 0.42759
0.21379 0.45517
0.21379 0.48276
0.21379 0.51034
0.21379 0.53793
0.21379 0.56552
0.21379 0.5931
0.21379 0.62069
0.21379 0.64828
0.21379 0.67586
0.2069 0.70345
0.17931 0.70345
0.17241 0.67586
0.14483 0.67586
0.11724 0.67586
0.089655 0.67586
0.062069 0.67586
0.034483 0.67586
0.0068966 0.67586
0 0.69655
0 0.72414
0 0.75172
0 0.77931
0 0.8069
0 0.83448
0 0.86207
0 0.88966
0 0.91724
0 0.94483
0 0.97241
0 1
0.027586 1
0.055172 1
0.082759 1
0.11034 1
0.13793 1
0.16552 1
0.17241 0.97931
0.2 0.97241
0.22759 0.97241
0.25517 0.97241
0.28276 0.97241
0.31034 0.97241
0.33793 0.97241
0.36552 0.97241
0.3931 0.96552
0.42069 0.95172
0.44828 0.94483
0.47586 0.93103
0.50345 0.91034
0.53103 0.88966
0.55862 0.87586
0.58621 0.85517
0.6069 0.82759
0.62759 0.8
0.64138 0.77241
0.66207 0.74483
0.66897 0.71724
0.68276 0.68966
0.68966 0.66207
0.67586 0.65517
0.64828 0.66897
0.62069 0.67586
0.5931 0.68276
0.56552 0.68966
0.53793 0.69655
0.51034 0.69655
0.48276 0.70345
0.45517 0.70345
0.42759 0.71034
0.4 0.71034
0.37241 0.70345
0.37241 0.67586
0.37241 0.64828
0.37241 0.62069
0.37241 0.5931
0.37241 0.56552
0.37241 0.53793
0.37241 0.51034
0.37241 0.48276
0.37241 0.45517
0.37241 0.42759
0.37241 0.4
0.37241 0.37241
0.37241 0.34483
0.37241 0.31724
0.37241 0.28966
0.37241 0.26207
0.37241 0.23448
0.37241 0.2069
0.37241 0.17931
0.37241 0.15172
0.37241 0.12414
0.37241 0.096552
0.37241 0.068966
0.37241 0.041379
0.37241 0.013793
0.35862 0
0.33103 0
0.30345 0
0.27586 0
0.24828 0
0.22069 0
0.21379 0.02069
0.21379 0.048276
0.21379 0.075862
0.21379 0.10345
0.21379 0.13103
0.21379 0.15862
0.21379 0.18621
0.21379 0.21379
0.21379 0.24138
0.21379 0.26897
0.21379 0.28966
# triangles
48 50 51
63 64 65
30 31 42
29 30 42
34 35 36
51 52 75
52 53 75
48 49 50
97 98 111
92 93 116
31 39 42
20 26 27
19 20 27
48 51 76
51 75 76
96 97 112
97 111 112
92 116 117
0 91 117
91 92 117
93 94 115
93 115 116
40 41 42
39 40 42
20 21 26
53 74 75
57 58 70
58 59 70
59 69 70
15 44 45
15 45 46
15 46 76
15 43 44
99 104 110
98 99 110
98 110 111
95 96 113
96 112 113
21 25 26
53 54 74
54 55 74
55 56 72
56 57 72
59 60 69
47 48 76
46 47 76
16 42 43
15 16 43
16 29 42
16 28 29
16 27 28
16 19 27
16 18 19
16 17 18
106 107 108
106 108 109
105 106 109
104 105 110
105 109 110
95 113 114
94 95 114
94 114 115
22 24 25
21 22 25
22 23 24
55 73 74
55 72 73
57 70 71
57 71 72
61 62 67
63 65 66
62 63 66
62 66 67
60 68 69
60 61 68
61 67 68
14 15 76
14 76 77
101 102 103
100 101 103
99 103 104
99 100 103
0 1 91
1 90 91
1 2 90
2 89 90
2 88 89
2 3 88
32 38 39
31 32 39
3 4 88
4 87 88
4 86 87
4 5 86
5 6 86
6 85 86
33 34 37
34 36 37
32 37 38
32 33 37
8 9 82
8 82 83
14 77 78
13 14 78
7 8 83
7 83 84
6 7 85
7 84 85
11 80 81
10 11 81
9 81 82
9 10 81
11 79 80
11 12 79
13 78 79
12 13 79
