# points
0.65517 0.013793
0.66897 0.041379
0.67586 0.068966
0.68276 0.096552
0.68966 0.12414
0.69655 0.15172
0.69655 0.17931
0.70345 0.2069
0.70345 0.23448
0.71034 0.26207
0.71034 0.28966
0.70345 0.31724
0.67586 0.31724
0.64828 0.31724
0.62069 0.31724
0.5931 0.31724
0.56552 0.31724
0.53793 0.31724
0.51034 0.31724
0.48276 0.31724
0.45517 0.31724
0.42759 0.31724
0.4 0.31724
0.37241 0.31724
0.34483 0.31724
0.31724 0.31724
0.28966 0.31724
0.26207 0.31724
0.23448 0.31724
0.2069 0.31724
0.17931 0.31724
0.15172 0.31724
0.12414 0.31724
0.096552 0.31724
0.068966 0.31724
0.041379 0.31724
0.013793 0.31724
0 0.33103
0 0.35862
0 0.38621
0 0.41379
0 0.44138
0 0.46897
0.02069 0.47586
0.048276 0.47586
0.075862 0.47586
0.10345 0.47586
0.13103 0.47586
0.15862 0.47586
0.18621 0.47586
0.21379 0.47586
0.24138 0.47586
0.26897 0.47586
0.29655 0.47586
0.32414 0.47586
0.35172 0.47586
0.37931 0.47586
0.4069 0.47586
0.43448 0.47586
0.46207 0.47586
0.48966 0.47586
0.51724 0.47586
0.54483 0.47586
0.57241 0.47586
0.6 0.47586
0.62759 0.47586
0.65517 0.47586
0.68276 0.47586
0.70345 0.48966
0.69655 0.51724
0.67586 0.52414
0.67586 0.55172
0.67586 0.57931
0.67586 0.6069
0.67586 0.63448
0.67586 0.66207
0.67586 0.68966
0.70345 0.68966
0.73103 0.68966
0.75862 0.68966
0.78621 0.68966
0.81379 0.68966
0.84138 0.68966
0.86897 0.68966
0.89655 0.68966
0.92414 0.68966
0.95172 0.68966
0.97931 0.68966
1 0.68276
1 0.65517
1 0.62759
1 0.6
1 0.57241
1 0.54483
1 0.51724
0.97241 0.51034
0.97241 0.48276
0.97241 0.45517
0.97241 0.42759
0.97241 0.4
0.97241 0.37241
0.97241 0.34483
0.96552 0.31724
0.96552 0.28966
0.95172 0.26207
0.94483 0.23448
0.92414 0.2069
0.90345 0.17931
0.88966 0.15172
0.86897 0.12414
0.84828 0.096552
0.82069 0.075862
0.7931 0.062069
0.76552 0.041379
0.73793 0.027586
0.71034 0.013793
0.68276 0.0068966
0.65517 0
0.65517 0.013793
# triangles
1 115 116
1 2 115
2 114 115
0 116 117
0 1 116
87 88 89
75 76 77
32 33 46
68 97 98
68 98 99
104 105 106
10 104 106
26 27 52
33 34 45
33 45 46
34 39 45
39 40 45
40 44 45
5 111 112
5 110 111
102 103 104
10 102 104
100 101 102
68 96 97
86 87 89
5 109 110
5 6 109
19 20 59
25 26 53
26 52 53
27 28 51
27 51 52
40 41 44
4 112 113
4 5 112
15 16 63
11 68 99
11 99 100
10 11 102
11 100 102
8 9 107
9 10 106
9 106 107
7 107 108
7 8 107
7 108 109
6 7 109
85 86 90
86 89 90
68 95 96
24 25 54
25 53 54
28 29 50
28 50 51
41 42 43
41 43 44
3 4 113
2 3 114
3 113 114
14 15 64
15 63 64
69 82 95
68 69 95
69 72 80
69 71 72
69 70 71
11 67 68
85 90 91
93 94 95
92 93 95
84 92 95
84 91 92
84 85 91
17 18 61
23 24 55
24 54 55
29 30 49
29 49 50
14 64 65
13 14 65
13 65 66
11 12 67
12 13 66
12 66 67
69 81 82
69 80 81
82 83 95
83 84 95
17 61 62
16 62 63
16 17 62
18 19 60
18 60 61
19 59 60
22 23 56
23 55 56
30 31 48
30 48 49
21 22 57
22 56 57
31 32 47
31 47 48
32 46 47
21 57 58
20 21 58
20 58 59
36 37 38
35 36 38
34 38 39
34 35 38
74 75 78
75 77 78
73 78 79
73 74 78
73 79 80
72 73 80
