# points
0.7076 0.57895
0.72515 0.57895
0.75439 0.5731
0.78363 0.5614
0.81287 0.53801
0.84211 0.52632
0.87135 0.50292
0.89474 0.47368
0.91228 0.44444
0.92982 0.4152
0.95322 0.38596
0.95906 0.35673
0.97076 0.32749
0.97661 0.29825
0.97661 0.26901
0.97661 0.23977
0.97661 0.21053
0.97661 0.18129
0.97661 0.15205
1 0.14035
1 0.11111
1 0.081871
1 0.052632
1 0.023392
0.99415 0
0.96491 0
0.93567 0
0.90643 0
0.87719 0
0.84795 0
0.81871 0
0.78947 0
0.76023 0
0.73099 0
0.72515 0.023392
0.72515 0.052632
0.72515 0.081871
0.72515 0.11111
0.72515 0.14035
0.74854 0.15205
0.74269 0.18129
0.71345 0.18129
0.68421 0.18129
0.65497 0.18129
0.62573 0.18129
0.59649 0.18129
0.56725 0.18129
0.53801 0.18129
0.50877 0.18129
0.47953 0.18129
0.45029 0.18129
0.42105 0.18129
0.39181 0.18129
0.36257 0.18129
0.33333 0.18129
0.30409 0.18129
0.27485 0.18129
0.24561 0.18129
0.21637 0.18129
0.18713 0.18129
0.15789 0.18129
0.12865 0.18129
0.099415 0.18129
0.070175 0.18129
0.040936 0.18129
0.011696 0.18129
0 0.19883
0 0.22807
0 0.25731
0 0.28655
0 0.31579
0.02924 0.31579
0.05848 0.31579
0.087719 0.31579
0.11696 0.31579
0.1462 0.31579
0.17544 0.31579
0.20468 0.31579
0.23392 0.31579
0.26316 0.31579
0.2924 0.31579
0.32164 0.31579
0.35088 0.31579
0.38012 0.31579
0.40936 0.31579
0.4386 0.31579
0.46784 0.31579
0.49708 0.31579
0.52632 0.31579
0.55556 0.31579
0.5848 0.31579
0.61404 0.31579
0.64327 0.31579
0.67251 0.31579
0.70175 0.31579
0.73099 0.31579
0.75439 0.32749
0.75439 0.35673
0.74854 0.38596
0.74854 0.4152
0.74269 0.44444
0.73684 0.47368
0.73099 0.50292
0.72515 0.53216
0.71345 0.5614
0.7076 0.57895
# triangles
69 70 71
63 68 72
5 6 100
47 48 88
59 60 76
63 67 68
23 24 25
0 1 104
1 2 104
5 100 101
15 40 96
6 99 100
6 7 99
8 98 99
7 8 99
64 66 67
64 65 66
63 64 67
22 25 26
21 22 26
22 23 25
11 12 96
9 10 11
14 15 96
2 103 104
2 3 103
3 102 103
4 5 101
4 101 102
3 4 102
8 97 98
8 9 97
47 88 89
30 31 36
41 94 95
40 41 95
40 95 96
18 19 20
18 20 21
44 91 92
45 90 91
44 45 91
62 73 74
63 72 73
62 63 73
60 75 76
61 62 74
60 61 75
61 74 75
57 78 79
59 76 77
51 84 85
48 87 88
54 81 82
48 49 87
49 86 87
51 52 84
52 83 84
58 59 77
57 58 78
58 77 78
55 80 81
54 55 81
12 13 96
13 14 96
32 33 34
43 44 92
43 92 93
15 16 40
18 21 27
18 27 28
21 26 27
46 47 89
46 89 90
45 46 90
32 34 35
31 32 35
31 35 36
50 51 85
50 85 86
49 50 86
53 54 82
53 82 83
52 53 83
56 57 79
56 79 80
55 56 80
29 30 39
36 37 39
30 36 39
37 38 39
42 43 93
41 42 94
42 93 94
16 17 40
17 39 40
17 18 39
68 69 72
69 71 72
9 11 97
11 96 97
28 29 39
18 28 39
