# points
0.18129 0.39766
0.18129 0.4269
0.18129 0.45614
0.18129 0.48538
0.18129 0.51462
0.18129 0.54386
0.18129 0.5731
0.18129 0.60234
0.18129 0.63158
0.18129 0.66082
0.18129 0.69006
0.18129 0.7193
0.17544 0.74854
0.1462 0.74269
0.1345 0.72515
0.10526 0.72515
0.076023 0.72515
0.046784 0.72515
0.017544 0.72515
0 0.73684
0 0.76608
0 0.79532
0 0.82456
0 0.8538
0 0.88304
0 0.91228
0 0.94152
0 0.97076
0 1
0.02924 1
0.05848 1
0.087719 1
0.11696 1
0.1462 1
0.15789 0.97661
0.18713 0.97661
0.21637 0.97661
0.24561 0.97661
0.27485 0.97661
0.30409 0.97661
0.33333 0.97076
0.36257 0.95906
0.39181 0.94737
0.42105 0.92982
0.45029 0.90643
0.47953 0.88889
0.50877 0.8655
0.53216 0.83626
0.54386 0.80702
0.5614 0.77778
0.5731 0.74854
0.5848 0.7193
0.5731 0.7076
0.54386 0.7193
0.51462 0.73099
0.48538 0.73099
0.45614 0.74269
0.4269 0.74269
0.39766 0.74854
0.36842 0.75439
0.33918 0.75439
0.31579 0.74269
0.31579 0.71345
0.31579 0.68421
0.31579 0.65497
0.31579 0.62573
0.31579 0.59649
0.31579 0.56725
0.31579 0.53801
0.31579 0.50877
0.31579 0.47953
0.31579 0.45029
0.31579 0.42105
0.31579 0.39181
0.31579 0.36257
0.31579 0.33333
0.31579 0.30409
0.31579 0.27485
0.31579 0.24561
0.31579 0.21637
0.31579 0.18713
0.31579 0.15789
0.31579 0.12865
0.31579 0.099415
0.31579 0.070175
0.31579 0.040936
0.31579 0.011696
0.29825 0
0.26901 0
0.23977 0
0.21053 0
0.18129 0
0.18129 0.02924
0.18129 0.05848
0.18129 0.087719
0.18129 0.11696
0.18129 0.1462
0.18129 0.17544
0.18129 0.20468
0.18129 0.23392
0.18129 0.26316
0.18129 0.2924
0.18129 0.32164
0.18129 0.35088
0.18129 0.38012
0.18129 0.39766
# triangles
85 87 88
85 86 87
84 88 89
84 85 88
24 25 34
25 31 34
23 24 34
18 19 20
17 18 20
78 79 99
74 75 103
81 82 96
90 91 92
32 33 34
31 32 34
42 43 59
17 20 21
73 74 104
74 103 104
78 99 100
77 78 100
75 76 102
75 102 103
79 80 98
79 98 99
83 84 94
27 28 29
43 44 59
41 42 60
42 59 60
40 41 60
39 40 60
38 39 60
48 49 54
48 54 55
6 66 67
0 72 73
0 73 104
76 101 102
76 77 101
77 100 101
80 97 98
80 81 97
81 96 97
84 89 93
84 93 94
82 95 96
82 83 95
83 94 95
45 46 56
45 56 57
46 47 56
47 48 56
48 55 56
44 58 59
44 45 58
45 57 58
37 38 61
38 60 61
6 7 66
16 21 22
15 16 22
16 17 21
8 64 65
7 8 65
7 65 66
8 9 64
9 63 64
3 69 70
10 62 63
9 10 63
4 68 69
3 4 69
2 70 71
2 3 70
12 35 36
12 36 37
12 37 61
12 34 35
4 5 68
5 6 67
5 67 68
0 1 72
1 71 72
1 2 71
10 11 62
11 61 62
11 12 61
13 14 15
13 15 22
13 22 23
13 23 34
12 13 34
25 26 30
25 30 31
50 51 53
51 52 53
26 27 29
26 29 30
50 53 54
49 50 54
89 90 93
90 92 93
