# points
0.76744 0.0093023
0.77674 0.037209
0.78605 0.065116
0.7907 0.093023
0.79535 0.12093
0.8 0.14884
0.80465 0.17674
0.80465 0.20465
0.7814 0.21395
0.75349 0.21395
0.72558 0.21395
0.69767 0.21395
0.66977 0.21395
0.64186 0.21395
0.61395 0.21395
0.58605 0.21395
0.55814 0.21395
0.53023 0.21395
0.50233 0.21395
0.47442 0.21395
0.44651 0.21395
0.4186 0.21395
0.3907 0.21395
0.36279 0.21395
0.33488 0.21395
0.30698 0.21395
0.27907 0.21395
0.25116 0.21395
0.22326 0.21395
0.19535 0.21395
0.16744 0.21395
0.13953 0.21395
0.11163 0.21395
0.083721 0.21395
0.055814 0.21395
0.027907 0.21395
0 0.21395
0 0.24186
0 0.26977
0 0.29767
0.0046512 0.32093
0.032558 0.32093
0.060465 0.32093
0.088372 0.32093
0.11628 0.32093
0.14419 0.32093
0.17209 0.32093
0.2 0.32093
0.22791 0.32093
0.25581 0.32093
0.28372 0.32093
0.31163 0.32093
0.33953 0.32093
0.36744 0.32093
0.39535 0.32093
0.42326 0.32093
0.45116 0.32093
0.47907 0.32093
0.50698 0.32093
0.53488 0.32093
0.56279 0.32093
0.5907 0.32093
0.6186 0.32093
0.64651 0.32093
0.67442 0.32093
0.70233 0.32093
0.73023 0.32093
0.75814 0.32093
0.78605 0.32093
0.8 0.33953
0.7814 0.35349
0.7814 0.3814
0.7814 0.4093
0.7814 0.43721
0.7814 0.46512
0.8093 0.46512
0.83721 0.46512
0.86512 0.46512
0.89302 0.46512
0.92093 0.46512
0.94884 0.46512
0.97674 0.46512
1 0.46047
1 0.43256
1 0.40465
1 0.37674
1 0.34884
0.9814 0.33488
0.9814 0.30698
0.9814 0.27907
0.9814 0.25116
0.9814 0.22326
0.97674 0.19535
0.96279 0.16744
0.94884 0.13953
0.93023 0.11163
0.91163 0.083721
0.88837 0.055814
0.86047 0.04186
0.83256 0.023256
0.80465 0.0093023
0.77674 0
0.76744 0.0093023
# triangles
23 52 53
35 36 37
29 30 46
32 33 43
22 23 53
23 24 52
26 27 49
78 79 87
2 98 99
1 99 100
1 2 99
39 40 41
31 32 44
32 43 44
25 26 50
26 49 50
29 46 47
28 29 47
22 53 54
21 54 55
21 22 54
69 78 87
69 77 78
7 69 89
33 42 43
33 34 42
31 44 45
30 45 46
30 31 45
25 50 51
24 51 52
24 25 51
28 47 48
27 48 49
27 28 48
69 70 71
69 71 77
69 87 88
69 88 89
20 21 55
20 55 56
73 74 75
6 94 95
7 68 69
7 92 93
6 93 94
6 7 93
7 89 90
38 41 42
38 39 41
34 38 42
19 20 56
16 17 59
16 59 60
15 16 60
15 60 61
18 19 57
19 56 57
5 95 96
5 6 95
7 91 92
7 90 91
79 80 84
13 62 63
12 13 63
12 63 64
18 57 58
17 18 58
17 58 59
13 14 62
14 15 61
14 61 62
4 96 97
4 5 96
4 97 98
80 81 83
80 83 84
81 82 83
79 85 87
79 84 85
85 86 87
10 65 66
9 66 67
9 10 66
2 3 98
3 4 98
7 8 68
8 67 68
8 9 67
10 11 65
11 12 64
11 64 65
71 76 77
71 72 76
73 75 76
72 73 76
34 35 38
35 37 38
0 1 100
0 100 101
