# points
0.18782 0.51269
0.18782 0.53807
0.18782 0.56345
0.18782 0.58883
0.18782 0.61421
0.18782 0.63959
0.18782 0.66497
0.18782 0.69036
0.18782 0.71574
0.18782 0.74112
0.18782 0.7665
0.18782 0.79188
0.16751 0.80711
0.14721 0.80711
0.14213 0.7868
0.11675 0.7868
0.091371 0.7868
0.06599 0.7868
0.040609 0.7868
0.015228 0.7868
0 0.79695
0 0.82234
0 0.84772
0 0.8731
0 0.89848
0 0.92386
0 0.94924
0 0.97462
0 1
0.025381 1
0.050761 1
0.076142 1
0.10152 1
0.1269 1
0.14721 0.99492
0.15228 0.96954
0.17766 0.98477
0.20305 0.98985
0.22843 0.99492
0.25381 0.99492
0.27919 0.99492
0.30457 0.98985
0.32995 0.98985
0.35533 0.9797
0.38071 0.97462
0.40609 0.96447
0.43147 0.95431
0.45685 0.94416
0.48223 0.92893
0.50254 0.90355
0.52284 0.87817
0.53807 0.85279
0.54822 0.82741
0.5533 0.80711
0.52792 0.82234
0.50254 0.83249
0.47716 0.84772
0.45178 0.85279
0.4264 0.85279
0.40102 0.84772
0.37563 0.84772
0.35025 0.83756
0.32487 0.81726
0.29949 0.80203
0.28934 0.78173
0.28934 0.75635
0.28934 0.73096
0.28934 0.70558
0.28934 0.6802
0.28934 0.65482
0.28934 0.62944
0.28934 0.60406
0.28934 0.57868
0.28934 0.5533
0.28934 0.52792
0.28934 0.50254
0.28934 0.47716
0.28934 0.45178
0.28934 0.4264
0.28934 0.40102
0.28934 0.37563
0.28934 0.35025
0.28934 0.32487
0.28934 0.29949
0.28934 0.27411
0.28934 0.24873
0.28934 0.22335
0.28934 0.19797
0.28934 0.17259
0.28934 0.14721
0.28934 0.12183
0.28934 0.096447
0.28934 0.071066
0.28934 0.045685
0.28934 0.020305
0.28426 0
0.25888 0
0.2335 0
0.20812 0
0.18782 0.0050761
0.18782 0.030457
0.18782 0.055838
0.18782 0.081218
0.18782 0.1066
0.18782 0.13198
0.18782 0.15736
0.18782 0.18274
0.18782 0.20812
0.18782 0.2335
0.18782 0.25888
0.18782 0.28426
0.18782 0.30964
0.18782 0.33503
0.18782 0.36041
0.18782 0.38579
0.18782 0.41117
0.18782 0.43655
0.18782 0.46193
0.18782 0.48731
0.18782 0.51269
0.18782 0.51269
# triangles
13 24 35
91 92 102
98 99 100
27 28 29
32 33 35
31 32 35
48 49 57
44 45 60
43 44 60
41 43 61
43 60 61
38 39 63
11 63 64
89 90 104
92 101 102
92 93 101
91 102 103
90 91 103
90 103 104
87 88 106
33 34 35
11 12 63
12 38 63
12 13 35
13 23 24
10 11 64
50 51 55
41 42 43
41 61 62
39 62 63
93 94 96
94 95 96
89 104 105
88 89 105
88 105 106
86 87 107
87 106 107
12 37 38
35 36 37
12 35 37
24 25 35
25 31 35
17 22 23
18 21 22
17 18 22
13 16 23
16 17 23
19 20 21
18 19 21
50 55 56
49 50 56
49 56 57
51 52 54
51 54 55
52 53 54
45 59 60
45 46 59
47 48 57
40 41 62
39 40 62
10 64 65
9 65 66
9 10 65
97 98 100
97 100 101
93 97 101
93 96 97
82 83 111
7 67 68
46 58 59
46 47 58
47 57 58
83 84 110
83 110 111
81 82 112
82 111 112
13 15 16
13 14 15
7 8 67
8 9 66
8 66 67
84 85 109
84 109 110
80 81 113
81 112 113
85 86 108
85 108 109
86 107 108
79 80 114
80 113 114
78 79 115
79 114 115
77 78 116
78 115 116
76 77 117
77 116 117
3 71 72
1 73 74
4 70 71
3 4 71
0 74 75
0 1 74
1 2 73
2 72 73
2 3 72
5 69 70
4 5 70
76 117 118
75 76 118
0 75 118
5 6 69
6 68 69
6 7 68
26 29 30
26 27 29
26 30 31
25 26 31
