# points
0.14097 0.49339
0.14097 0.51542
0.14097 0.53744
0.14097 0.55947
0.14097 0.5815
0.14097 0.60352
0.14097 0.62555
0.14097 0.64758
0.14097 0.6696
0.14097 0.69163
0.14097 0.71366
0.14097 0.73568
0.14097 0.75771
0.14097 0.77974
0.14097 0.80176
0.14097 0.82379
0.14097 0.84581
0.13656 0.86784
0.11454 0.86344
0.092511 0.84581
0.070485 0.837
0.048458 0.837
0.026432 0.84141
0.0044053 0.85903
0 0.88106
0 0.90308
0 0.92511
0 0.94714
0 0.96916
0.017621 0.99119
0.039648 1
0.061674 1
0.0837 1
0.10573 0.98678
0.12775 0.97797
0.14978 0.97797
0.17181 0.97797
0.19383 0.97357
0.21586 0.97357
0.23789 0.96916
0.25991 0.95595
0.28194 0.93392
0.30396 0.91189
0.31718 0.88987
0.3304 0.86784
0.3348 0.84581
0.33921 0.82379
0.32159 0.81938
0.29956 0.8326
0.27753 0.84581
0.25551 0.85463
0.23348 0.85903
0.21145 0.86784
0.20705 0.84581
0.20705 0.82379
0.20705 0.80176
0.20705 0.77974
0.20705 0.75771
0.20705 0.73568
0.20705 0.71366
0.20705 0.69163
0.20705 0.6696
0.20705 0.64758
0.20705 0.62555
0.20705 0.60352
0.20705 0.5815
0.20705 0.55947
0.20705 0.53744
0.20705 0.51542
0.20705 0.49339
0.20705 0.47137
0.20705 0.44934
0.20705 0.42731
0.20705 0.40529
0.20705 0.38326
0.20705 0.36123
0.20705 0.33921
0.20705 0.31718
0.20705 0.29515
0.20705 0.27313
0.20705 0.2511
0.20705 0.22907
0.20705 0.20705
0.20705 0.18502
0.20705 0.163
0.20705 0.14097
0.20705 0.11894
0.20705 0.096916
0.20705 0.07489
0.20705 0.052863
0.20705 0.030837
0.20264 0.0088106
0.18062 0
0.15859 0
0.14097 0.013216
0.14097 0.035242
0.14097 0.057269
0.14097 0.079295
0.14097 0.10132
0.14097 0.12335
0.14097 0.14537
0.14097 0.1674
0.14097 0.18943
0.14097 0.21145
0.14097 0.23348
0.14097 0.25551
0.14097 0.27753
0.14097 0.29956
0.14097 0.32159
0.14097 0.34361
0.14097 0.36564
0.14097 0.38767
0.14097 0.40969
0.14097 0.43172
0.14097 0.45374
0.14097 0.47577
0.14097 0.49339
# triangles
27 28 29
27 29 30
90 91 92
17 36 37
26 27 31
27 30 31
17 37 52
39 40 52
17 18 34
18 25 26
17 34 35
17 35 36
40 41 52
43 44 49
41 50 51
41 51 52
37 38 52
38 39 52
21 24 25
20 21 25
19 20 25
18 19 25
81 82 103
87 88 97
81 103 104
80 81 104
80 104 105
90 92 95
92 93 95
93 94 95
87 97 98
86 98 99
86 87 98
84 100 101
18 33 34
18 26 33
26 31 33
31 32 33
72 112 113
72 73 112
76 77 108
77 78 107
77 107 108
74 75 110
76 108 109
75 109 110
75 76 109
70 114 115
70 71 114
71 72 113
71 113 114
41 42 50
42 49 50
42 43 49
45 46 47
45 47 48
44 48 49
44 45 48
79 80 105
83 84 101
89 90 95
84 85 100
85 86 99
85 99 100
69 70 115
0 69 115
21 22 24
22 23 24
74 110 111
73 74 111
73 111 112
89 95 96
88 96 97
88 89 96
79 105 106
78 106 107
78 79 106
83 101 102
82 102 103
82 83 102
6 7 63
7 62 63
5 63 64
5 6 63
7 61 62
7 8 61
3 4 65
3 65 66
5 64 65
4 5 65
1 68 69
0 1 69
10 11 58
10 58 59
8 9 61
9 60 61
9 10 59
9 59 60
11 12 58
12 57 58
12 56 57
12 13 56
13 14 56
14 55 56
2 3 66
2 66 67
1 2 68
2 67 68
14 15 55
15 54 55
16 52 53
16 17 52
15 16 54
16 53 54
