# points
0.14419 0.52093
0.14419 0.54884
0.14419 0.57674
0.14419 0.60465
0.14419 0.63256
0.14419 0.66047
0.14419 0.68837
0.14419 0.71628
0.14419 0.74419
0.14419 0.77209
0.13953 0.8
0.11628 0.7907
0.097674 0.7814
0.069767 0.7814
0.04186 0.7814
0.013953 0.7814
0 0.79535
0 0.82326
0 0.85116
0 0.87907
0 0.90698
0 0.93488
0 0.96279
0 0.9907
0.018605 1
0.046512 1
0.074419 1
0.10233 1
0.11628 0.98605
0.14419 0.9814
0.17209 0.9814
0.2 0.9814
0.22791 0.9814
0.25581 0.97674
0.28372 0.96744
0.31163 0.95814
0.33953 0.93953
0.36744 0.92093
0.39535 0.90233
0.4186 0.87442
0.43256 0.84651
0.44651 0.8186
0.46047 0.7907
0.46512 0.76279
0.43721 0.77674
0.4093 0.78605
0.3814 0.7907
0.35349 0.79535
0.32558 0.8
0.29767 0.80465
0.26977 0.80465
0.25116 0.7907
0.25116 0.76279
0.25116 0.73488
0.25116 0.70698
0.25116 0.67907
0.25116 0.65116
0.25116 0.62326
0.25116 0.59535
0.25116 0.56744
0.25116 0.53953
0.25116 0.51163
0.25116 0.48372
0.25116 0.45581
0.25116 0.42791
0.25116 0.4
0.25116 0.37209
0.25116 0.34419
0.25116 0.31628
0.25116 0.28837
0.25116 0.26047
0.25116 0.23256
0.25116 0.20465
0.25116 0.17674
0.25116 0.14884
0.25116 0.12093
0.25116 0.093023
0.25116 0.065116
0.25116 0.037209
0.25116 0.0093023
0.23256 0
0.20465 0
0.17674 0
0.14884 0
0.14419 0.023256
0.14419 0.051163
0.14419 0.07907
0.14419 0.10698
0.14419 0.13488
0.14419 0.16279
0.14419 0.1907
0.14419 0.2186
0.14419 0.24651
0.14419 0.27442
0.14419 0.30233
0.14419 0.33023
0.14419 0.35814
0.14419 0.38605
0.14419 0.41395
0.14419 0.44186
0.14419 0.46977
0.14419 0.49767
0.14419 0.52093
# triangles
22 23 24
10 28 29
10 19 28
42 43 44
10 29 30
32 33 50
33 34 50
19 20 28
26 27 28
11 18 19
10 11 19
3 57 58
5 6 55
36 49 50
6 54 55
5 55 56
1 59 60
63 64 99
78 79 80
10 30 31
10 31 50
31 32 50
10 50 51
22 24 25
11 13 18
1 2 59
2 58 59
2 3 58
3 4 57
4 56 57
4 5 56
36 37 49
34 35 50
35 36 50
8 9 52
9 10 51
9 51 52
8 52 53
40 45 46
68 69 94
61 62 101
77 78 81
78 80 81
21 25 26
21 22 25
20 21 28
21 26 28
11 12 13
37 38 48
38 47 48
37 48 49
38 39 47
39 46 47
39 40 46
40 41 45
41 42 44
41 44 45
67 68 95
68 94 95
69 70 93
69 93 94
0 61 101
0 1 60
0 60 61
63 99 100
62 63 100
62 100 101
6 7 54
7 53 54
7 8 53
66 67 96
67 95 96
70 71 92
70 92 93
64 65 98
64 98 99
71 72 91
71 91 92
66 96 97
65 66 97
65 97 98
72 73 90
72 90 91
73 74 89
73 89 90
74 75 88
74 88 89
75 76 87
75 87 88
76 77 86
76 86 87
77 81 85
77 85 86
81 82 85
82 83 84
82 84 85
15 16 17
14 15 17
13 17 18
13 14 17
