# points
0 0.27536
0 0.28986
0 0.30435
0 0.31884
0 0.33333
0.014493 0.34783
0.028986 0.34783
0.043478 0.36232
0.057971 0.37681
0.072464 0.37681
0.086957 0.37681
0.10145 0.37681
0.10145 0.36232
0.11594 0.34783
0.13043 0.34783
0.14493 0.34783
0.15942 0.34783
0.17391 0.33333
0.18841 0.34783
0.18841 0.36232
0.18841 0.37681
0.2029 0.3913
0.2029 0.4058
0.2029 0.42029
0.2029 0.43478
0.21739 0.44928
0.21739 0.46377
0.21739 0.47826
0.23188 0.47826
0.24638 0.47826
0.26087 0.47826
0.27536 0.46377
0.28986 0.44928
0.30435 0.44928
0.30435 0.43478
0.31884 0.42029
0.33333 0.42029
0.33333 0.4058
0.34783 0.3913
0.36232 0.3913
0.37681 0.4058
0.3913 0.42029
0.4058 0.43478
0.4058 0.44928
0.42029 0.44928
0.43478 0.46377
0.43478 0.47826
0.43478 0.49275
0.44928 0.49275
0.46377 0.50725
0.47826 0.52174
0.49275 0.52174
0.50725 0.52174
0.52174 0.52174
0.53623 0.50725
0.55072 0.49275
0.56522 0.49275
0.56522 0.47826
0.56522 0.46377
0.57971 0.44928
0.5942 0.44928
0.6087 0.44928
0.6087 0.43478
0.6087 0.42029
0.6087 0.4058
0.62319 0.3913
0.63768 0.37681
0.65217 0.3913
0.66667 0.4058
0.68116 0.42029
0.69565 0.42029
0.71014 0.43478
0.72464 0.44928
0.73913 0.46377
0.75362 0.46377
0.76812 0.46377
0.78261 0.46377
0.7971 0.44928
0.81159 0.43478
0.81159 0.42029
0.81159 0.4058
0.82609 0.3913
0.82609 0.37681
0.82609 0.36232
0.84058 0.34783
0.85507 0.34783
0.86957 0.36232
0.88406 0.36232
0.89855 0.37681
0.91304 0.37681
0.92754 0.37681
0.94203 0.37681
0.95652 0.37681
0.97101 0.37681
0.98551 0.36232
1 0.36232
1 0.34783
1 0.33333
1 0.31884
1 0.30435
0.98551 0.28986
0.97101 0.28986
0.95652 0.27536
0.94203 0.27536
0.92754 0.26087
0.92754 0.24638
0.91304 0.23188
0.89855 0.21739
0.88406 0.2029
0.86957 0.18841
0.85507 0.18841
0.84058 0.17391
0.84058 0.15942
0.84058 0.14493
0.82609 0.13043
0.81159 0.11594
0.81159 0.10145
0.81159 0.086957
0.81159 0.072464
0.81159 0.057971
0.81159 0.043478
0.81159 0.028986
0.7971 0.028986
0.78261 0.028986
0.76812 0.014493
0.75362 0.014493
0.73913 0.014493
0.72464 0.014493
0.71014 0.014493
0.69565 0.014493
0.68116 0
0.66667 0
0.65217 0
0.63768 0
0.62319 0
0.6087 0
0.5942 0
0.57971 0
0.56522 0
0.55072 0
0.53623 0
0.52174 0
0.50725 0
0.49275 0
0.47826 0
0.46377 0
0.44928 0
0.43478 0
0.42029 0
0.4058 0
0.3913 0
0.37681 0
0.36232 0
0.34783 0
0.33333 0
0.31884 0
0.30435 0
0.28986 0
0.27536 0
0.26087 0.014493
0.24638 0.014493
0.23188 0.014493
0.21739 0.014493
0.2029 0.014493
0.18841 0.028986
0.18841 0.043478
0.18841 0.057971
0.18841 0.072464
0.18841 0.086957
0.18841 0.10145
0.18841 0.11594
0.17391 0.13043
0.15942 0.13043
0.15942 0.14493
0.15942 0.15942
0.14493 0.17391
0.13043 0.18841
0.11594 0.2029
0.10145 0.21739
0.086957 0.21739
0.086957 0.23188
0.072464 0.24638
0.057971 0.26087
0.043478 0.26087
0.028986 0.26087
0.014493 0.26087
0 0.27536
0 0.27536
# triangles
66 142 143
39 66 143
38 39 170
155 159 170
66 115 129
18 38 174
38 170 174
153 154 170
154 155 170
157 158 159
156 157 159
155 156 159
123 124 125
117 118 123
66 139 140
66 138 139
115 128 129
49 50 51
39 65 66
44 59 64
59 63 64
39 150 151
39 148 149
39 149 150
39 147 148
39 146 147
39 145 146
94 96 97
94 95 96
17 18 174
18 37 38
159 169 170
159 168 169
123 125 126
117 123 126
118 119 123
22 32 34
66 141 142
66 140 141
66 136 137
66 137 138
129 130 131
66 135 136
67 68 70
152 153 170
39 152 170
39 151 152
39 143 144
39 144 145
17 176 177
35 36 37
40 41 64
42 44 64
41 42 64
42 43 44
170 171 174
120 121 122
23 24 25
6 13 182
2 3 6
2 6 183
6 182 183
129 132 133
129 131 132
66 129 134
66 134 135
129 133 134
68 69 70
55 57 58
55 56 57
75 76 77
67 70 83
66 67 83
17 174 175
17 175 176
18 21 37
21 35 37
21 22 34
21 34 35
32 33 34
45 46 48
46 47 48
178 179 180
17 178 180
17 177 178
171 172 173
171 173 174
15 16 17
14 17 180
14 15 17
26 27 28
13 181 182
13 14 181
14 180 181
7 8 9
52 53 54
60 61 62
72 73 74
84 107 108
84 108 110
108 109 110
111 114 115
66 111 115
66 83 111
83 84 111
84 110 111
84 85 107
85 106 107
18 19 21
19 20 21
25 31 32
29 30 31
25 29 31
7 9 12
9 10 12
10 11 12
87 88 89
92 93 94
112 113 114
111 112 114
87 89 90
87 90 103
85 86 87
71 72 80
70 80 83
70 71 80
97 98 101
94 97 101
92 94 101
91 92 101
85 104 106
104 105 106
87 103 104
85 87 104
80 82 83
80 81 82
77 78 79
101 102 103
44 45 59
45 58 59
39 40 65
40 64 65
120 122 123
119 120 123
116 127 128
115 116 128
116 126 127
116 117 126
22 23 25
22 25 32
3 4 6
4 5 6
45 55 58
45 48 55
25 26 29
26 28 29
0 1 184
0 184 185
1 2 184
2 183 184
51 52 54
49 51 54
48 54 55
48 49 54
60 62 63
59 60 63
163 164 165
162 163 165
161 162 165
161 165 166
159 160 167
159 167 168
161 166 167
160 161 167
6 7 12
6 12 13
98 99 101
99 100 101
90 101 103
90 91 101
75 77 79
74 75 79
72 74 79
72 79 80
