# points
0.10056 0.31285
0.078212 0.34637
0.039106 0.35196
0.011173 0.38547
0.0055866 0.42458
0 0.46369
0.03352 0.47486
0.072626 0.4581
0.10615 0.43575
0.10056 0.39665
0.11732 0.35754
0.15642 0.31844
0.19553 0.29609
0.23464 0.31285
0.27374 0.32961
0.27933 0.36872
0.26257 0.40782
0.24022 0.43575
0.2067 0.4581
0.20112 0.49721
0.20112 0.53631
0.21229 0.56983
0.24581 0.56425
0.28492 0.54749
0.31285 0.51955
0.31844 0.48045
0.31285 0.44134
0.32402 0.40223
0.3352 0.36313
0.36872 0.34637
0.40782 0.35754
0.44693 0.36313
0.47486 0.39106
0.48603 0.43017
0.48045 0.46927
0.45251 0.50279
0.45251 0.5419
0.46927 0.58101
0.49162 0.61453
0.53073 0.62011
0.54749 0.58659
0.56425 0.54749
0.56983 0.51397
0.55307 0.48045
0.53631 0.44134
0.5419 0.40223
0.56425 0.36872
0.60335 0.36313
0.64246 0.35196
0.68156 0.36313
0.69832 0.40223
0.71508 0.44134
0.70391 0.48045
0.70391 0.51955
0.73743 0.54749
0.75978 0.57542
0.78771 0.55307
0.79888 0.51955
0.81006 0.48045
0.78771 0.44693
0.75419 0.41341
0.73743 0.3743
0.72626 0.3352
0.75419 0.30168
0.7933 0.27933
0.8324 0.2905
0.87151 0.32961
0.91061 0.36872
0.91061 0.40782
0.93855 0.43017
0.97207 0.44693
1 0.42458
0.99441 0.38547
0.98883 0.34637
0.95531 0.32402
0.9162 0.31285
0.88268 0.27374
0.84916 0.23464
0.84358 0.19553
0.81006 0.17318
0.81006 0.13408
0.78212 0.10615
0.78771 0.067039
0.76536 0.027933
0.73184 0.022346
0.69274 0.01676
0.65363 0.011173
0.61453 0.0055866
0.57542 0
0.53631 0
0.49721 0
0.4581 0
0.41899 0
0.37989 0.0055866
0.34078 0.011173
0.30168 0.011173
0.26257 0.022346
0.22346 0.03352
0.18994 0.061453
0.18994 0.10056
0.18436 0.13408
0.1676 0.1676
0.16201 0.20112
0.14525 0.22905
0.13966 0.26257
0.11173 0.30168
0.10056 0.31285
# triangles
29 93 94
17 19 25
47 87 88
46 89 90
46 88 89
46 47 88
13 14 100
14 29 94
14 94 100
14 28 29
35 36 41
36 37 41
17 25 26
20 21 22
19 20 22
19 22 23
17 18 19
29 92 93
82 83 84
52 54 57
37 40 41
38 39 40
37 38 40
52 53 54
57 58 59
52 57 59
35 41 43
41 42 43
34 35 43
34 43 44
32 45 46
12 13 102
11 12 104
13 100 101
13 101 102
96 97 99
96 99 100
97 98 99
94 95 100
95 96 100
19 24 25
19 23 24
2 3 9
7 8 9
1 2 9
81 85 86
79 80 81
81 84 85
81 82 84
54 55 56
54 56 57
50 51 60
51 59 60
51 52 59
33 34 44
32 33 45
33 44 45
12 103 104
12 102 103
16 17 26
16 26 27
14 15 28
15 27 28
15 16 27
4 7 9
3 4 9
4 6 7
4 5 6
1 9 10
11 104 105
63 79 81
48 86 87
47 48 87
48 81 86
48 63 81
30 91 92
29 30 92
0 1 10
69 70 71
67 73 74
67 68 69
50 60 61
49 50 61
48 49 62
48 62 63
49 61 62
31 32 46
31 46 90
31 90 91
30 31 91
66 75 76
66 67 75
67 74 75
65 66 76
67 69 72
67 72 73
69 71 72
65 76 77
77 78 79
64 65 77
63 64 79
64 77 79
0 11 105
0 10 11
