# points
0.010989 0.27473
0 0.30769
0 0.34066
0 0.37363
0.021978 0.3956
0.054945 0.3956
0.087912 0.38462
0.12088 0.37363
0.14286 0.35165
0.15385 0.31868
0.15385 0.28571
0.15385 0.25275
0.17582 0.21978
0.20879 0.25275
0.23077 0.26374
0.26374 0.25275
0.26374 0.28571
0.25275 0.30769
0.24176 0.34066
0.25275 0.37363
0.26374 0.3956
0.2967 0.3956
0.31868 0.37363
0.34066 0.35165
0.34066 0.31868
0.34066 0.28571
0.37363 0.28571
0.3956 0.30769
0.42857 0.2967
0.46154 0.2967
0.46154 0.32967
0.45055 0.36264
0.42857 0.3956
0.41758 0.42857
0.42857 0.46154
0.43956 0.49451
0.47253 0.51648
0.49451 0.52747
0.52747 0.52747
0.54945 0.49451
0.57143 0.47253
0.57143 0.43956
0.57143 0.40659
0.56044 0.37363
0.54945 0.34066
0.53846 0.30769
0.57143 0.28571
0.6044 0.30769
0.62637 0.2967
0.65934 0.28571
0.65934 0.31868
0.65934 0.35165
0.68132 0.37363
0.7033 0.3956
0.73626 0.3956
0.74725 0.37363
0.75824 0.34066
0.75824 0.30769
0.73626 0.27473
0.75824 0.26374
0.79121 0.26374
0.8022 0.24176
0.83516 0.21978
0.84615 0.25275
0.85714 0.28571
0.85714 0.31868
0.86813 0.35165
0.9011 0.36264
0.93407 0.37363
0.96703 0.38462
1 0.37363
1 0.34066
1 0.30769
1 0.27473
0.97802 0.25275
0.96703 0.21978
0.93407 0.21978
0.9011 0.1978
0.87912 0.17582
0.84615 0.15385
0.82418 0.13187
0.81319 0.10989
0.8022 0.076923
0.8022 0.043956
0.79121 0.010989
0.75824 0.010989
0.72527 0
0.69231 0
0.65934 0
0.62637 0
0.59341 0
0.56044 0
0.52747 0
0.49451 0
0.46154 0
0.42857 0
0.3956 0
0.36264 0
0.32967 0
0.2967 0
0.26374 0
0.23077 0.010989
0.1978 0.010989
0.18681 0.043956
0.18681 0.076923
0.17582 0.10989
0.17582 0.14286
0.14286 0.15385
0.10989 0.18681
0.098901 0.21978
0.065934 0.23077
0.032967 0.25275
0.010989 0.27473
0.010989 0.27473
# triangles
34 35 36
12 13 15
26 96 97
101 102 103
100 101 104
101 103 104
46 92 93
19 20 21
15 25 97
25 26 97
29 45 46
29 93 94
29 46 93
32 34 41
32 41 42
31 32 42
34 39 41
34 36 39
36 37 39
15 104 106
12 15 106
12 107 108
12 106 107
13 14 15
26 95 96
15 97 98
49 88 89
46 49 89
46 89 90
81 87 88
49 81 88
46 48 49
46 47 48
46 90 91
46 91 92
50 51 52
15 16 25
29 30 45
30 44 45
30 31 44
32 33 34
37 38 39
2 5 6
1 2 6
104 105 106
99 100 104
15 99 104
15 98 99
12 108 109
11 12 109
10 11 109
74 75 76
83 84 85
62 78 79
82 86 87
81 82 87
82 85 86
82 83 85
49 58 81
58 59 81
49 50 58
50 57 58
31 43 44
31 42 43
16 24 25
26 27 28
26 28 95
19 21 22
18 19 22
22 23 24
69 70 71
68 69 71
52 53 55
53 54 55
10 109 110
65 66 67
62 77 78
62 63 77
63 76 77
64 74 76
64 65 67
64 67 74
63 64 76
59 80 81
59 61 80
62 79 80
61 62 80
52 55 56
50 52 56
50 56 57
68 71 72
67 68 72
67 72 74
72 73 74
39 40 41
16 17 24
17 18 22
17 22 24
9 10 111
10 110 111
6 9 111
0 1 111
1 6 111
59 60 61
2 3 5
3 4 5
28 94 95
28 29 94
6 7 9
7 8 9
