# points
0.10615 0.31285
0.078212 0.32402
0.044693 0.32961
0.01676 0.34637
0.0055866 0.37989
0.0055866 0.41341
0 0.44693
0.027933 0.46369
0.061453 0.4581
0.094972 0.45251
0.12291 0.43017
0.12849 0.39665
0.12849 0.36313
0.16201 0.3352
0.19553 0.31285
0.22905 0.30726
0.26257 0.31285
0.2905 0.34078
0.2905 0.3743
0.26257 0.39106
0.25698 0.42458
0.25698 0.4581
0.2905 0.46927
0.31844 0.44693
0.3352 0.41899
0.3352 0.38547
0.36872 0.35754
0.40223 0.34637
0.43575 0.35754
0.46369 0.37989
0.48603 0.41341
0.49721 0.44693
0.47486 0.46927
0.45251 0.49721
0.44693 0.53073
0.45251 0.56425
0.48045 0.58659
0.49162 0.62011
0.52514 0.62011
0.53631 0.59218
0.56425 0.56425
0.57542 0.53073
0.56983 0.49721
0.54749 0.46927
0.54749 0.43575
0.56425 0.40223
0.58659 0.3743
0.62011 0.35196
0.65363 0.35754
0.68715 0.36872
0.69832 0.40223
0.69274 0.43017
0.7095 0.4581
0.72626 0.48603
0.75978 0.48603
0.76536 0.45251
0.77095 0.41899
0.75419 0.39106
0.74302 0.36313
0.75978 0.32961
0.7933 0.30726
0.82682 0.30726
0.86034 0.32402
0.88827 0.35196
0.87709 0.38547
0.88268 0.41899
0.90503 0.44693
0.93855 0.45251
0.97207 0.46369
0.99441 0.44693
1 0.41341
1 0.37989
0.98883 0.34637
0.95531 0.32961
0.92179 0.32961
0.89944 0.29609
0.87151 0.26257
0.85475 0.22905
0.84916 0.19553
0.81564 0.18436
0.82123 0.15084
0.80447 0.12849
0.7933 0.094972
0.7933 0.061453
0.76536 0.039106
0.73184 0.027933
0.69832 0.022346
0.6648 0.01676
0.63128 0.011173
0.59777 0.0055866
0.56425 0
0.53073 0
0.49721 0
0.46369 0
0.43017 0
0.39665 0
0.36313 0.0055866
0.32961 0.011173
0.29609 0.01676
0.26257 0.022346
0.22905 0.03352
0.20112 0.055866
0.2067 0.089385
0.20112 0.11732
0.17877 0.14525
0.18994 0.17877
0.15642 0.19553
0.15642 0.22905
0.13966 0.26257
0.12291 0.29609
0.10615 0.31285
# triangles
67 69 70
67 68 69
8 9 11
100 101 102
16 17 26
15 16 105
14 108 109
13 14 109
34 40 41
53 54 55
52 53 55
9 10 11
1 11 12
4 8 11
48 49 59
28 46 47
28 29 46
30 31 44
47 89 90
47 88 89
47 87 88
81 86 87
47 81 87
52 55 56
51 52 56
16 103 105
16 97 103
97 98 103
98 102 103
105 106 107
15 105 107
14 107 108
14 15 107
16 26 27
27 96 97
16 27 97
27 95 96
37 38 39
28 47 91
28 91 92
47 90 91
0 1 12
0 13 109
0 12 13
1 2 11
2 4 11
4 5 8
5 6 7
5 7 8
30 44 45
29 30 45
29 45 46
31 43 44
31 32 43
82 85 86
81 82 86
82 84 85
82 83 84
47 48 79
47 79 81
48 59 79
59 60 79
79 80 81
67 70 71
64 67 71
50 51 57
51 56 57
20 21 22
18 19 20
18 20 24
99 100 102
98 99 102
103 104 105
28 92 93
27 28 93
36 37 39
34 35 36
34 36 40
36 39 40
20 22 23
20 23 24
18 24 25
17 25 26
17 18 25
2 3 4
60 77 79
77 78 79
63 64 74
65 66 67
64 65 67
60 61 77
61 76 77
49 58 59
49 50 58
50 57 58
27 94 95
27 93 94
71 72 73
64 73 74
64 71 73
63 74 75
62 63 75
61 62 76
62 75 76
33 34 42
34 41 42
32 33 42
32 42 43
