# points
0.091503 0.24183
0.091503 0.26797
0.071895 0.28758
0.058824 0.31373
0.03268 0.32026
0.0065359 0.3268
0 0.35294
0.0065359 0.37908
0.03268 0.39216
0.058824 0.38562
0.084967 0.38562
0.11111 0.37908
0.12418 0.35294
0.14379 0.34641
0.16993 0.34641
0.18954 0.3268
0.20261 0.34641
0.20915 0.37255
0.19608 0.39869
0.20261 0.42484
0.22222 0.43791
0.22876 0.46405
0.24837 0.47712
0.27451 0.47059
0.30065 0.45098
0.3268 0.44444
0.33333 0.4183
0.35948 0.4183
0.37255 0.40523
0.38562 0.37908
0.40523 0.38562
0.41176 0.41176
0.42484 0.43137
0.43791 0.45098
0.44444 0.47712
0.47059 0.48366
0.48366 0.5098
0.50327 0.51634
0.52941 0.50327
0.54902 0.48366
0.57516 0.47712
0.57516 0.45098
0.60131 0.43791
0.60784 0.4183
0.62092 0.39216
0.62745 0.37255
0.61438 0.34641
0.60131 0.3268
0.62092 0.3268
0.64052 0.33333
0.66013 0.33987
0.64706 0.35948
0.64706 0.38562
0.6732 0.40523
0.6732 0.43137
0.69935 0.43791
0.70588 0.46405
0.73203 0.47059
0.75817 0.4902
0.78431 0.4902
0.79739 0.46405
0.81046 0.44444
0.83007 0.43137
0.82353 0.40523
0.8366 0.37908
0.8366 0.35294
0.84967 0.34641
0.86928 0.36601
0.88889 0.37255
0.90196 0.38562
0.91503 0.41176
0.94118 0.41176
0.96732 0.41176
0.99346 0.39869
1 0.37255
0.98693 0.34641
0.96078 0.33987
0.94771 0.31373
0.93464 0.28758
0.91503 0.26797
0.90196 0.24837
0.88235 0.22876
0.85621 0.20261
0.84967 0.17647
0.84314 0.15033
0.84314 0.12418
0.83007 0.11111
0.8366 0.084967
0.82353 0.058824
0.79739 0.045752
0.77124 0.039216
0.7451 0.03268
0.71895 0.026144
0.69281 0.019608
0.66667 0.013072
0.64052 0.013072
0.61438 0.0065359
0.58824 0.0065359
0.56209 0
0.53595 0
0.5098 0
0.48366 0
0.45752 0
0.43137 0
0.40523 0
0.37908 0
0.35294 0.0065359
0.3268 0.013072
0.30065 0.013072
0.27451 0.019608
0.24837 0.026144
0.22222 0.039216
0.20261 0.052288
0.20261 0.078431
0.19608 0.10458
0.18954 0.12418
0.16993 0.13725
0.15686 0.15686
0.1634 0.17647
0.15033 0.19608
0.13072 0.22222
0.10458 0.23529
0.091503 0.24183
# triangles
107 114 115
16 17 26
30 32 47
6 7 8
111 112 113
29 107 115
15 16 29
16 26 29
29 30 47
29 47 102
47 101 102
47 100 101
47 99 100
15 119 120
32 41 47
10 11 12
21 22 23
20 21 23
32 33 41
1 15 120
74 75 76
69 70 71
69 71 76
107 109 114
109 113 114
15 118 119
15 29 118
29 115 118
115 116 118
116 117 118
29 106 107
29 104 106
29 102 103
29 103 104
17 24 26
17 20 24
20 23 24
24 25 26
17 18 20
53 54 55
33 35 41
33 34 35
26 28 29
26 27 28
0 1 121
1 120 121
1 12 13
1 13 15
13 14 15
71 72 76
72 73 74
72 74 76
104 105 106
97 98 99
47 97 99
86 88 89
86 87 88
48 92 93
86 91 92
110 111 113
109 110 113
18 19 20
50 53 65
41 42 43
43 44 46
43 46 47
41 43 47
53 63 65
53 55 63
3 10 12
3 9 10
39 40 41
35 39 41
30 31 32
86 89 90
86 90 91
107 108 109
44 45 46
51 52 53
50 51 53
50 65 82
66 67 78
65 66 82
68 69 76
68 76 77
68 77 78
67 68 78
63 64 65
61 62 63
55 61 63
1 2 12
2 3 12
3 4 9
4 6 8
4 8 9
4 5 6
35 38 39
93 94 95
48 93 95
47 48 95
47 95 97
95 96 97
48 49 92
49 50 84
84 85 86
84 86 92
49 84 92
66 78 79
66 79 80
66 80 81
66 81 82
55 57 61
55 56 57
50 82 83
50 83 84
57 58 60
57 60 61
58 59 60
35 36 38
36 37 38
