# points
0.01087 0.28261
0 0.31522
0.01087 0.34783
0.032609 0.36957
0.065217 0.36957
0.086957 0.33696
0.097826 0.30435
0.11957 0.27174
0.15217 0.23913
0.18478 0.21739
0.21739 0.22826
0.25 0.25
0.28261 0.27174
0.28261 0.30435
0.25 0.33696
0.21739 0.34783
0.18478 0.3587
0.17391 0.3913
0.17391 0.42391
0.19565 0.45652
0.22826 0.46739
0.26087 0.45652
0.29348 0.43478
0.29348 0.40217
0.29348 0.36957
0.31522 0.33696
0.34783 0.31522
0.36957 0.29348
0.40217 0.29348
0.43478 0.30435
0.46739 0.31522
0.47826 0.34783
0.47826 0.38043
0.44565 0.40217
0.43478 0.43478
0.44565 0.46739
0.46739 0.5
0.5 0.5
0.53261 0.48913
0.55435 0.46739
0.56522 0.43478
0.56522 0.40217
0.53261 0.38043
0.53261 0.34783
0.54348 0.31522
0.57609 0.30435
0.6087 0.29348
0.6413 0.28261
0.67391 0.30435
0.68478 0.33696
0.71739 0.36957
0.71739 0.40217
0.72826 0.43478
0.76087 0.45652
0.79348 0.45652
0.81522 0.42391
0.82609 0.3913
0.80435 0.3587
0.77174 0.34783
0.73913 0.31522
0.71739 0.28261
0.71739 0.25
0.75 0.22826
0.78261 0.20652
0.81522 0.21739
0.84783 0.23913
0.88043 0.26087
0.91304 0.28261
0.91304 0.31522
0.93478 0.34783
0.96739 0.34783
0.98913 0.33696
1 0.30435
0.98913 0.27174
0.97826 0.25
0.94565 0.23913
0.91304 0.21739
0.88043 0.19565
0.84783 0.18478
0.82609 0.15217
0.81522 0.11957
0.79348 0.097826
0.79348 0.065217
0.79348 0.032609
0.77174 0.01087
0.73913 0
0.70652 0
0.67391 0
0.6413 0
0.6087 0
0.57609 0
0.54348 0
0.51087 0
0.47826 0
0.44565 0
0.41304 0
0.38043 0
0.34783 0
0.31522 0.01087
0.28261 0.01087
0.25 0.01087
0.21739 0.01087
0.18478 0.021739
0.17391 0.054348
0.17391 0.086957
0.17391 0.11957
0.15217 0.1413
0.15217 0.17391
0.11957 0.20652
0.086957 0.22826
0.065217 0.25
0.043478 0.27174
0.01087 0.28261
0.01087 0.28261
# triangles
82 84 85
82 85 86
81 82 86
62 81 87
81 86 87
10 98 99
10 99 105
101 102 103
82 83 84
50 58 59
50 51 58
19 20 21
18 19 21
12 27 98
14 15 24
63 64 79
62 63 81
63 80 81
63 79 80
64 78 79
65 77 78
64 65 78
53 54 55
52 53 55
51 52 55
51 55 58
55 57 58
55 56 57
67 75 76
15 16 17
17 18 21
15 17 21
6 7 110
7 8 108
8 107 108
7 109 110
7 108 109
47 61 88
61 87 88
61 62 87
49 50 59
49 59 60
32 38 39
46 47 90
10 11 98
11 12 98
28 29 93
14 24 25
15 21 23
15 23 24
21 22 23
70 71 72
66 67 76
65 66 77
66 76 77
68 69 70
68 70 72
67 68 73
68 72 73
6 110 111
0 1 111
2 3 5
3 4 5
5 6 111
1 2 5
1 5 111
105 106 107
8 9 107
9 10 105
9 105 107
48 49 60
47 48 61
48 60 61
40 41 42
39 40 42
32 39 42
32 33 35
33 34 35
35 37 38
32 35 38
35 36 37
45 46 91
46 90 91
47 88 89
47 89 90
27 96 98
96 97 98
27 28 96
28 95 96
28 93 94
28 94 95
12 26 27
45 91 92
44 45 92
30 44 92
29 92 93
29 30 92
12 13 26
13 25 26
13 14 25
99 100 104
99 104 105
100 101 104
101 103 104
67 73 75
73 74 75
31 42 43
31 32 42
30 31 44
31 43 44
