# points
0 0.26923
0 0.29487
0 0.32051
0 0.34615
0.025641 0.35897
0.051282 0.37179
0.076923 0.37179
0.10256 0.37179
0.12821 0.35897
0.14103 0.33333
0.14103 0.30769
0.14103 0.28205
0.15385 0.25641
0.16667 0.28205
0.16667 0.30769
0.19231 0.30769
0.21795 0.30769
0.24359 0.30769
0.23077 0.33333
0.20513 0.33333
0.20513 0.35897
0.21795 0.38462
0.21795 0.41026
0.24359 0.42308
0.26923 0.42308
0.29487 0.42308
0.32051 0.41026
0.32051 0.38462
0.32051 0.35897
0.32051 0.33333
0.33333 0.30769
0.35897 0.33333
0.35897 0.35897
0.37179 0.37179
0.39744 0.37179
0.41026 0.34615
0.42308 0.32051
0.44872 0.33333
0.46154 0.35897
0.4359 0.38462
0.42308 0.39744
0.41026 0.42308
0.41026 0.44872
0.41026 0.47436
0.42308 0.5
0.44872 0.51282
0.47436 0.51282
0.5 0.51282
0.52564 0.51282
0.55128 0.5
0.5641 0.47436
0.5641 0.44872
0.5641 0.42308
0.5641 0.39744
0.53846 0.37179
0.53846 0.34615
0.55128 0.32051
0.57692 0.33333
0.58974 0.35897
0.61538 0.35897
0.62821 0.34615
0.64103 0.32051
0.66667 0.32051
0.66667 0.34615
0.65385 0.37179
0.65385 0.39744
0.66667 0.42308
0.69231 0.4359
0.71795 0.4359
0.74359 0.4359
0.76923 0.41026
0.76923 0.38462
0.76923 0.35897
0.75641 0.33333
0.73077 0.30769
0.74359 0.28205
0.76923 0.29487
0.78205 0.30769
0.80769 0.30769
0.82051 0.28205
0.83333 0.25641
0.85897 0.26923
0.84615 0.29487
0.84615 0.32051
0.85897 0.34615
0.87179 0.35897
0.89744 0.37179
0.92308 0.37179
0.94872 0.37179
0.97436 0.35897
0.98718 0.33333
1 0.30769
1 0.28205
0.97436 0.26923
0.97436 0.24359
0.96154 0.23077
0.9359 0.23077
0.91026 0.21795
0.89744 0.19231
0.88462 0.16667
0.87179 0.14103
0.85897 0.11538
0.85897 0.089744
0.83333 0.064103
0.83333 0.038462
0.80769 0.025641
0.78205 0.012821
0.75641 0.012821
0.73077 0.012821
0.70513 0.012821
0.67949 0.012821
0.65385 0
0.62821 0
0.60256 0
0.57692 0
0.55128 0
0.52564 0
0.5 0
0.47436 0
0.44872 0
0.42308 0
0.39744 0
0.37179 0
0.34615 0
0.32051 0
0.29487 0.012821
0.26923 0.012821
0.24359 0.012821
0.21795 0.025641
0.19231 0.025641
0.16667 0.038462
0.16667 0.064103
0.15385 0.089744
0.14103 0.10256
0.14103 0.12821
0.12821 0.15385
0.12821 0.17949
0.10256 0.19231
0.089744 0.21795
0.064103 0.23077
0.038462 0.23077
0.025641 0.25641
0 0.25641
0 0.26923
# triangles
128 129 131
129 130 131
30 36 121
61 75 110
30 121 122
134 135 136
128 131 132
132 133 134
36 120 121
61 110 113
75 109 110
88 89 90
61 62 75
2 3 4
12 134 136
30 123 125
30 122 123
75 80 101
38 54 55
56 61 113
43 44 45
38 39 54
39 47 51
39 46 47
36 118 119
36 119 120
110 111 112
110 112 113
75 101 103
101 102 103
103 104 105
91 92 93
90 91 93
48 49 50
62 74 75
62 63 74
13 15 16
12 13 16
12 17 134
12 16 17
17 30 125
17 125 134
0 1 141
0 141 142
4 6 141
4 5 6
7 8 9
126 128 132
125 126 134
126 132 134
123 124 125
80 98 99
36 37 56
37 38 55
37 55 56
56 116 117
56 115 116
56 114 115
56 113 114
39 51 52
39 52 54
52 53 54
17 29 30
17 18 29
40 41 42
39 42 46
39 40 42
24 25 27
25 26 27
75 108 109
75 103 108
105 106 107
103 105 107
103 107 108
87 88 90
87 90 93
18 20 21
21 22 23
21 23 24
18 19 20
13 14 15
11 12 138
126 127 128
80 100 101
80 99 100
75 76 80
30 31 36
18 28 29
24 27 28
18 21 28
21 24 28
12 136 137
12 137 138
6 10 141
10 11 141
76 79 80
63 72 73
63 73 74
65 66 67
57 59 60
56 57 61
57 60 61
31 32 35
32 33 35
33 34 35
31 35 36
63 71 72
63 68 71
85 86 87
77 78 79
76 77 79
63 64 68
57 58 59
139 140 141
11 139 141
11 138 139
81 96 97
81 93 96
81 87 93
81 85 87
81 84 85
56 117 118
36 56 118
47 48 50
47 50 51
1 2 141
2 4 141
42 45 46
42 43 45
7 9 10
6 7 10
94 95 96
93 94 96
68 69 71
69 70 71
64 65 67
64 67 68
80 81 98
81 97 98
81 83 84
81 82 83
