# points
0.0076336 0.29008
0.0076336 0.32824
0 0.36641
0.0076336 0.39695
0.045802 0.39695
0.083969 0.38931
0.12214 0.36641
0.12977 0.32824
0.16031 0.29008
0.16031 0.25191
0.19847 0.25954
0.20611 0.29771
0.24427 0.29771
0.28244 0.29008
0.28244 0.32824
0.25191 0.35878
0.23664 0.38931
0.23664 0.42748
0.25954 0.45802
0.29771 0.43511
0.32824 0.41221
0.33588 0.37405
0.32824 0.33588
0.35878 0.29771
0.38168 0.32061
0.41985 0.32824
0.45802 0.30534
0.48092 0.34351
0.45802 0.36641
0.44275 0.40458
0.44275 0.44275
0.44275 0.48092
0.45038 0.51908
0.48092 0.54962
0.50382 0.57252
0.53435 0.54962
0.56489 0.51908
0.58015 0.48092
0.58015 0.44275
0.57252 0.40458
0.55725 0.36641
0.54198 0.34351
0.56489 0.30534
0.60305 0.33588
0.63359 0.32824
0.67176 0.31298
0.68702 0.34351
0.67939 0.38168
0.68702 0.41985
0.71756 0.45038
0.75573 0.45038
0.76336 0.41221
0.77099 0.37405
0.74809 0.33588
0.73282 0.30534
0.76336 0.28244
0.80153 0.29771
0.83206 0.26718
0.85496 0.28244
0.87023 0.31298
0.87023 0.35115
0.90076 0.38168
0.93893 0.38931
0.9771 0.40458
1 0.38168
1 0.34351
1 0.30534
0.96947 0.27481
0.9313 0.26718
0.91603 0.22901
0.8855 0.20611
0.84733 0.19847
0.80916 0.17557
0.80153 0.1374
0.77863 0.10687
0.78626 0.068702
0.77863 0.030534
0.74046 0.015267
0.70229 0.015267
0.66412 0.0076336
0.62595 0
0.58779 0
0.54962 0
0.51145 0
0.47328 0
0.43511 0
0.39695 0
0.35878 0
0.32061 0.0076336
0.28244 0.015267
0.24427 0.022901
0.21374 0.045802
0.21374 0.083969
0.19847 0.1145
0.19084 0.15267
0.16794 0.18321
0.12977 0.19847
0.091603 0.22901
0.076336 0.26718
0.038168 0.26718
0.0076336 0.29008
0.0076336 0.29008
# triangles
23 85 86
74 78 79
45 74 79
42 79 80
42 45 79
13 23 92
5 6 7
23 88 92
10 13 94
48 49 51
62 63 64
62 64 65
23 26 85
2 3 4
1 5 7
1 2 4
1 4 5
23 86 87
23 87 88
88 89 92
9 95 96
10 94 95
9 10 95
1 7 98
7 8 98
8 9 98
47 48 51
49 50 51
42 80 81
42 81 82
42 82 83
26 42 83
75 76 77
74 77 78
74 75 77
89 90 92
0 1 99
1 98 99
65 66 67
62 65 67
14 21 22
13 22 23
13 14 22
29 30 39
30 38 39
33 34 35
42 44 45
42 43 44
45 55 74
46 47 53
55 56 57
62 67 68
61 62 68
26 84 85
26 83 84
27 40 41
27 28 40
17 18 19
16 17 19
15 19 20
15 16 19
15 20 21
14 15 21
9 96 97
9 97 98
90 91 92
24 25 26
23 24 26
31 36 37
31 32 36
45 54 55
45 46 54
46 53 54
59 60 61
59 61 68
47 51 52
47 52 53
10 12 13
55 57 72
55 72 74
72 73 74
57 58 70
58 69 70
58 68 69
58 59 68
10 11 12
57 70 71
57 71 72
13 93 94
13 92 93
26 27 41
26 41 42
28 39 40
28 29 39
30 31 37
30 37 38
32 35 36
32 33 35
