# points
0.061728 0.25926
0.037037 0.28395
0.012346 0.28395
0 0.2963
0 0.32099
0.024691 0.33333
0.049383 0.34568
0.074074 0.34568
0.098765 0.34568
0.12346 0.34568
0.14815 0.34568
0.17284 0.33333
0.19753 0.33333
0.22222 0.33333
0.23457 0.35802
0.23457 0.38272
0.24691 0.40741
0.2716 0.41975
0.2963 0.41975
0.32099 0.40741
0.32099 0.38272
0.34568 0.37037
0.37037 0.38272
0.37037 0.40741
0.39506 0.41975
0.39506 0.44444
0.41975 0.44444
0.4321 0.46914
0.44444 0.48148
0.46914 0.49383
0.49383 0.50617
0.51852 0.50617
0.53086 0.48148
0.55556 0.48148
0.5679 0.46914
0.58025 0.44444
0.59259 0.4321
0.60494 0.40741
0.61728 0.39506
0.61728 0.37037
0.61728 0.34568
0.64198 0.34568
0.65432 0.37037
0.66667 0.38272
0.67901 0.40741
0.7037 0.41975
0.7284 0.41975
0.75309 0.40741
0.75309 0.38272
0.76543 0.35802
0.76543 0.33333
0.76543 0.30864
0.79012 0.2963
0.80247 0.32099
0.81481 0.33333
0.83951 0.33333
0.8642 0.34568
0.88889 0.34568
0.91358 0.33333
0.93827 0.32099
0.96296 0.32099
0.98765 0.32099
1 0.2963
1 0.2716
0.98765 0.25926
0.96296 0.25926
0.93827 0.24691
0.92593 0.22222
0.90123 0.20988
0.87654 0.19753
0.8642 0.17284
0.8642 0.14815
0.85185 0.12346
0.85185 0.098765
0.83951 0.08642
0.81481 0.061728
0.81481 0.037037
0.79012 0.024691
0.76543 0.012346
0.74074 0.012346
0.71605 0.012346
0.69136 0
0.66667 0
0.64198 0
0.61728 0
0.59259 0
0.5679 0
0.54321 0
0.51852 0
0.49383 0
0.46914 0
0.44444 0
0.41975 0
0.39506 0
0.37037 0.012346
0.34568 0.012346
0.32099 0.012346
0.2963 0.012346
0.2716 0.024691
0.24691 0.024691
0.22222 0.024691
0.19753 0.037037
0.19753 0.061728
0.18519 0.08642
0.17284 0.098765
0.16049 0.12346
0.14815 0.14815
0.14815 0.17284
0.12346 0.18519
0.11111 0.20988
0.08642 0.20988
0.074074 0.23457
0.061728 0.25926
0.061728 0.25926
# triangles
21 94 95
13 20 21
0 1 7
0 7 8
1 6 7
40 88 89
40 89 90
22 40 90
21 91 94
21 22 91
22 90 91
30 31 32
103 104 105
13 103 107
103 105 107
13 98 103
21 95 98
13 21 98
14 15 20
13 14 20
1 5 6
2 3 5
3 4 5
1 2 5
40 87 88
40 86 87
40 84 85
40 85 86
41 51 80
41 50 51
60 61 62
24 26 40
22 24 40
29 30 32
17 18 20
18 19 20
109 110 111
105 106 107
72 73 74
72 74 75
51 72 75
51 75 80
75 76 77
51 52 72
52 70 72
52 69 70
52 55 69
98 102 103
100 101 102
0 8 9
9 109 111
0 9 111
9 11 109
9 10 11
41 80 83
22 23 24
91 92 94
92 93 94
95 96 98
96 97 98
24 25 26
107 108 109
75 79 80
77 78 79
75 77 79
52 53 55
99 100 102
98 99 102
12 107 109
11 12 109
12 13 107
80 81 82
80 82 83
45 46 48
46 47 48
32 33 34
32 34 35
26 32 35
55 68 69
70 71 72
53 54 55
26 37 40
26 35 37
55 58 66
55 66 68
66 67 68
58 59 66
37 39 40
35 36 37
59 60 65
59 65 66
60 62 65
42 43 50
41 42 50
37 38 39
15 16 20
16 17 20
40 41 83
40 83 84
27 28 29
26 27 32
27 29 32
55 56 57
55 57 58
63 64 65
62 63 65
43 49 50
43 48 49
43 44 48
44 45 48
