# points
0 0.42723
0 0.46009
0.0046948 0.49296
0.0093897 0.52582
0.018779 0.55869
0.028169 0.59155
0.042254 0.62441
0.056338 0.65728
0.079812 0.69014
0.10329 0.723
0.13146 0.75587
0.16432 0.78404
0.19718 0.80751
0.23005 0.8216
0.26291 0.83568
0.29577 0.84977
0.32864 0.85446
0.3615 0.85915
0.39437 0.85915
0.39437 0.88263
0.3615 0.89671
0.32864 0.9108
0.29577 0.91549
0.26291 0.92958
0.23005 0.94366
0.23005 0.97653
0.26291 0.99531
0.29577 1
0.32864 1
0.3615 0.99061
0.39437 0.97183
0.41784 0.93897
0.44131 0.94366
0.47418 0.96714
0.50704 0.97653
0.53991 0.98122
0.57277 0.98122
0.59624 0.96714
0.56338 0.97183
0.53052 0.96714
0.49765 0.96244
0.46479 0.94836
0.44131 0.92019
0.43662 0.88732
0.43662 0.85446
0.46948 0.86385
0.50235 0.86385
0.53521 0.86385
0.56808 0.85915
0.60094 0.84977
0.6338 0.84038
0.66667 0.82629
0.69953 0.80282
0.73239 0.77934
0.76526 0.75117
0.79343 0.71831
0.8169 0.68545
0.83568 0.65258
0.84977 0.61972
0.86385 0.58685
0.87324 0.55399
0.87793 0.52113
0.88263 0.48826
0.88732 0.4554
0.88732 0.42254
0.88732 0.38967
0.88263 0.35681
0.87324 0.32394
0.86854 0.29108
0.85446 0.25822
0.84038 0.22535
0.8216 0.19249
0.80282 0.15962
0.77465 0.12676
0.74648 0.093897
0.71362 0.070423
0.68075 0.046948
0.64789 0.028169
0.61502 0.018779
0.58216 0.0093897
0.5493 0.0046948
0.51643 0
0.48357 0
0.4507 0.0046948
0.41784 0.0046948
0.38498 0.0046948
0.35211 0.0046948
0.31925 0.0093897
0.28638 0.018779
0.25352 0.028169
0.22066 0.046948
0.18779 0.065728
0.15493 0.089202
0.12207 0.11737
0.093897 0.15023
0.070423 0.1831
0.051643 0.21596
0.037559 0.24883
0.023474 0.28169
0.014085 0.31455
0.0093897 0.34742
0.0046948 0.38028
0 0.41315
0 0.42723
# triangles
13 14 44
44 83 84
44 84 101
44 58 61
44 55 58
64 65 66
84 100 101
98 99 100
75 76 78
75 78 80
76 77 78
71 73 83
73 80 83
73 75 80
71 72 73
73 74 75
67 71 83
64 66 67
44 67 83
0 101 102
9 11 13
44 49 52
49 50 52
50 51 52
44 46 49
46 48 49
46 47 48
78 79 80
62 64 67
62 63 64
44 61 62
44 62 67
84 85 97
84 97 100
97 98 100
95 96 97
94 95 97
8 13 44
8 9 13
9 10 11
11 12 13
22 27 28
21 22 28
23 25 26
23 24 25
23 26 27
22 23 27
20 21 30
20 30 31
14 15 16
16 17 18
14 16 44
16 18 44
21 28 29
21 29 30
59 60 61
58 59 61
55 56 58
56 57 58
44 53 55
44 52 53
53 54 55
36 37 38
32 33 41
34 39 40
33 34 40
33 40 41
67 69 71
69 70 71
67 68 69
92 93 94
92 94 97
91 92 97
85 86 87
85 87 88
85 88 90
85 90 97
90 91 97
88 89 90
2 44 101
2 4 44
0 2 101
2 3 4
0 1 2
6 7 8
4 5 6
4 6 44
6 8 44
19 20 31
34 35 39
35 36 38
35 38 39
32 41 42
31 32 42
19 42 43
19 31 42
44 45 46
80 82 83
80 81 82
18 19 44
19 43 44
