# points
0.031447 0.24528
0.018868 0.27673
0.012579 0.30818
0.0062893 0.33962
0 0.37107
0 0.40252
0 0.43396
0 0.46541
0 0.49686
0.0062893 0.5283
0.012579 0.55975
0.018868 0.59119
0.031447 0.62264
0.044025 0.65409
0.056604 0.68553
0.081761 0.71698
0.11321 0.74214
0.14465 0.76101
0.1761 0.77987
0.20755 0.79245
0.23899 0.79245
0.27044 0.79245
0.30189 0.78616
0.33333 0.77987
0.36478 0.77358
0.39623 0.76101
0.38994 0.79245
0.37736 0.8239
0.35849 0.85535
0.32704 0.8805
0.2956 0.89937
0.26415 0.90566
0.2327 0.90566
0.20126 0.89308
0.16981 0.89937
0.16981 0.93082
0.1761 0.96226
0.19497 0.98742
0.22642 1
0.25786 1
0.28931 1
0.32075 0.98742
0.3522 0.97484
0.38365 0.9434
0.39623 0.91195
0.40252 0.8805
0.40252 0.84906
0.42767 0.86792
0.44654 0.89937
0.47799 0.93082
0.50943 0.9434
0.54088 0.95597
0.56604 0.95597
0.54088 0.93711
0.50943 0.91195
0.47799 0.8805
0.45912 0.84906
0.44654 0.81761
0.44654 0.78616
0.44025 0.75472
0.4717 0.76101
0.50314 0.77358
0.53459 0.77358
0.56604 0.77987
0.59748 0.77987
0.62893 0.77358
0.66038 0.77358
0.69182 0.76101
0.72327 0.75472
0.75472 0.72956
0.78616 0.71698
0.81761 0.69811
0.84906 0.66667
0.86164 0.63522
0.87421 0.60377
0.8805 0.57233
0.88679 0.54088
0.89308 0.50943
0.89937 0.47799
0.90566 0.44654
0.91195 0.41509
0.91195 0.38365
0.91195 0.3522
0.91195 0.32075
0.90566 0.28931
0.90566 0.25786
0.89937 0.22642
0.89308 0.19497
0.8805 0.16352
0.86164 0.13208
0.84906 0.10063
0.81761 0.075472
0.79245 0.056604
0.76101 0.037736
0.72956 0.025157
0.69811 0.012579
0.66667 0.0062893
0.63522 0
0.60377 0
0.57233 0
0.54088 0
0.50943 0
0.47799 0.0062893
0.44654 0.018868
0.41509 0.031447
0.38365 0.025157
0.3522 0.025157
0.32075 0.025157
0.28931 0.025157
0.25786 0.025157
0.22642 0.031447
0.19497 0.044025
0.16352 0.062893
0.13208 0.08805
0.10063 0.1195
0.081761 0.15094
0.062893 0.18239
0.044025 0.21384
0.031447 0.24528
0.031447 0.24528
# triangles
2 59 104
32 37 38
84 99 104
84 98 99
0 2 104
106 107 116
0 104 106
0 106 116
107 115 116
113 114 115
32 38 39
31 32 39
2 3 59
79 81 104
78 79 104
79 80 81
65 69 76
65 76 77
71 72 73
49 54 55
62 65 77
12 13 22
10 11 12
7 8 9
48 49 55
29 43 44
30 31 41
82 83 84
82 84 104
81 82 104
84 96 98
84 94 96
0 1 2
0 116 117
108 113 115
107 108 115
108 112 113
13 17 22
31 40 41
31 39 40
13 14 15
3 4 5
65 67 69
65 66 67
67 68 69
69 75 76
69 73 75
69 70 73
70 71 73
51 52 53
60 61 62
60 62 77
60 77 78
59 60 104
60 78 104
12 22 23
10 12 23
46 47 57
26 27 46
26 46 57
47 56 57
50 51 53
49 50 54
50 53 54
29 42 43
29 30 42
30 41 42
99 100 103
99 103 104
84 86 94
86 89 94
84 85 86
89 92 94
96 97 98
108 111 112
100 101 102
100 102 103
32 36 37
32 35 36
32 33 35
33 34 35
13 15 16
13 16 17
20 21 22
17 20 22
17 18 20
18 19 20
73 74 75
26 57 58
23 24 25
10 23 25
9 10 25
7 9 25
6 7 25
25 58 59
25 26 58
5 6 25
3 25 59
3 5 25
28 45 46
28 29 44
28 44 45
27 28 46
86 88 89
86 87 88
89 90 91
89 91 92
94 95 96
104 105 106
92 93 94
108 109 110
108 110 111
62 64 65
62 63 64
47 48 56
48 55 56
