# points
0.013953 0.53953
0.023256 0.56744
0.032558 0.59535
0.046512 0.62326
0.060465 0.65116
0.07907 0.67907
0.10233 0.70698
0.13023 0.73488
0.15814 0.76279
0.18605 0.7814
0.21395 0.8
0.24186 0.81395
0.26977 0.82791
0.29767 0.83721
0.32558 0.84186
0.35349 0.85116
0.3814 0.85116
0.4093 0.85581
0.43721 0.85581
0.46512 0.85581
0.47907 0.87907
0.46977 0.90698
0.45116 0.93488
0.43721 0.95814
0.46512 0.95814
0.48837 0.93023
0.50233 0.90698
0.52558 0.93488
0.55349 0.95814
0.5814 0.9814
0.6093 0.9907
0.63721 1
0.66512 0.99535
0.67907 0.96744
0.65116 0.93953
0.62791 0.91163
0.6 0.88837
0.57209 0.86977
0.5907 0.86047
0.6186 0.86047
0.64651 0.85581
0.67442 0.85116
0.70233 0.84186
0.73023 0.83256
0.75814 0.8186
0.78605 0.80465
0.81395 0.78605
0.84186 0.76744
0.86977 0.73953
0.89767 0.71163
0.91628 0.68372
0.93488 0.65581
0.94884 0.62791
0.96279 0.6
0.97209 0.57209
0.9814 0.54419
0.98605 0.51628
0.9907 0.48837
0.99535 0.46047
0.99535 0.43256
0.99535 0.40465
0.9907 0.37674
0.98605 0.34884
0.9814 0.32093
0.97209 0.29302
0.96279 0.26512
0.94884 0.23721
0.93488 0.2093
0.91628 0.1814
0.89767 0.15349
0.86977 0.12558
0.84186 0.097674
0.81395 0.07907
0.78605 0.060465
0.75814 0.046512
0.73023 0.032558
0.70233 0.023256
0.67442 0.013953
0.64651 0.0093023
0.6186 0.0046512
0.5907 0.0046512
0.56279 0.0046512
0.53488 0.0093023
0.50698 0.0093023
0.47907 0.0046512
0.45116 0
0.42326 0
0.39535 0
0.36744 0.0046512
0.33953 0.0093023
0.31163 0.013953
0.28372 0.023256
0.25581 0.037209
0.22791 0.051163
0.2 0.065116
0.17209 0.083721
0.14419 0.10698
0.11628 0.13488
0.093023 0.16279
0.069767 0.1907
0.055814 0.2186
0.04186 0.24651
0.027907 0.27442
0.018605 0.30233
0.0093023 0.33023
0.0046512 0.35814
0 0.38605
0 0.41395
0 0.44186
0 0.46977
0.0046512 0.49767
0.0093023 0.52558
0.013953 0.53953
# triangles
19 82 83
108 109 110
1 108 110
19 38 82
18 19 83
16 18 83
74 76 82
74 75 76
0 110 111
0 1 110
7 8 9
7 9 14
7 14 16
38 56 82
16 17 18
93 95 96
93 94 95
105 106 107
48 49 50
14 15 16
12 13 14
1 3 7
3 6 7
1 2 3
3 4 5
3 5 6
20 21 26
31 32 34
30 31 34
54 55 56
22 23 24
11 12 14
9 11 14
9 10 11
98 99 100
66 68 82
66 67 68
57 58 59
101 107 108
1 101 108
7 16 101
1 7 101
16 83 101
83 93 101
98 100 101
93 98 101
38 42 44
42 43 44
89 91 92
88 89 92
21 25 26
21 22 25
22 24 25
38 40 42
32 33 34
26 27 37
20 26 37
19 37 38
19 20 37
38 52 56
52 54 56
38 44 52
50 51 52
52 53 54
93 96 97
93 97 98
72 73 74
72 74 82
68 72 82
56 62 82
62 66 82
101 102 103
103 104 105
103 105 107
101 103 107
46 48 50
44 45 46
46 47 48
84 88 92
84 92 93
83 84 93
76 77 78
76 78 82
89 90 91
28 29 35
29 30 35
30 34 35
40 41 42
68 69 70
70 71 72
68 70 72
64 65 66
62 64 66
62 63 64
57 59 61
59 60 61
80 81 82
78 80 82
78 79 80
86 87 88
84 86 88
84 85 86
38 39 40
28 35 36
27 28 36
27 36 37
44 46 52
46 50 52
56 57 61
56 61 62
