# points
0.014634 0.52683
0.02439 0.5561
0.034146 0.58537
0.04878 0.61463
0.068293 0.6439
0.087805 0.67317
0.11707 0.70244
0.14634 0.73171
0.17561 0.75122
0.20488 0.77073
0.23415 0.78537
0.26341 0.8
0.29268 0.80976
0.32195 0.81463
0.35122 0.81951
0.38049 0.82439
0.40976 0.82439
0.43902 0.82439
0.46829 0.81951
0.49268 0.82439
0.49268 0.85366
0.47805 0.88293
0.45854 0.9122
0.43415 0.94146
0.46341 0.94146
0.47805 0.9122
0.4878 0.88293
0.49756 0.85366
0.5122 0.87317
0.52195 0.90244
0.54146 0.93171
0.56585 0.9561
0.59512 0.97561
0.62439 0.98537
0.65366 0.99024
0.68293 0.99024
0.7122 0.99024
0.74146 0.98537
0.76585 0.96585
0.7561 0.93659
0.73659 0.90732
0.7122 0.88293
0.68293 0.86341
0.65366 0.84878
0.62439 0.83902
0.59512 0.82927
0.59512 0.81951
0.62439 0.81463
0.65366 0.80976
0.68293 0.80488
0.7122 0.79512
0.74146 0.78537
0.77073 0.77073
0.8 0.7561
0.82927 0.73659
0.85854 0.7122
0.8878 0.6878
0.9122 0.65854
0.93171 0.62927
0.95122 0.6
0.96585 0.57073
0.97561 0.54146
0.98537 0.5122
0.99512 0.48293
0.99512 0.45366
1 0.42439
1 0.39512
0.99512 0.36585
0.99512 0.33659
0.98537 0.30732
0.97561 0.27805
0.96585 0.24878
0.95122 0.21951
0.93171 0.19024
0.9122 0.16098
0.8878 0.13171
0.85854 0.10732
0.82927 0.082927
0.8 0.063415
0.77073 0.04878
0.74146 0.034146
0.7122 0.02439
0.68293 0.014634
0.65366 0.0097561
0.62439 0.004878
0.59512 0
0.56585 0
0.53659 0
0.50732 0.004878
0.47805 0.0097561
0.44878 0.004878
0.41951 0.004878
0.39024 0.004878
0.36098 0.004878
0.33171 0.0097561
0.30244 0.019512
0.27317 0.029268
0.2439 0.039024
0.21463 0.053659
0.18537 0.068293
0.1561 0.092683
0.12683 0.11707
0.097561 0.14634
0.073171 0.17561
0.058537 0.20488
0.039024 0.23415
0.029268 0.26341
0.019512 0.29268
0.0097561 0.32195
0.004878 0.35122
0 0.38049
0 0.40976
0 0.43902
0.004878 0.46829
0.0097561 0.49756
0.014634 0.52683
0.014634 0.52683
# triangles
34 41 42
34 35 41
18 89 91
102 103 104
8 13 14
18 46 89
46 47 89
74 75 76
35 40 41
0 1 114
1 4 114
8 14 114
89 90 91
92 93 94
33 34 42
33 42 43
32 33 43
11 12 13
47 88 89
47 84 88
84 86 88
86 87 88
73 74 76
55 56 57
35 36 40
104 105 106
104 106 107
107 108 109
109 110 111
1 2 3
1 3 4
6 7 8
4 5 6
6 8 114
4 6 114
111 112 113
109 111 113
107 109 113
14 18 113
14 113 114
101 102 104
100 101 104
96 100 104
96 104 107
96 107 113
18 91 96
18 96 113
84 85 86
30 31 44
31 32 43
31 43 44
22 23 24
22 24 25
10 11 13
8 10 13
8 9 10
14 15 16
14 16 18
16 17 18
18 19 46
21 25 26
21 22 25
67 73 76
76 77 79
77 78 79
81 82 83
48 49 50
59 60 61
62 63 64
61 62 64
55 58 64
58 61 64
55 57 58
58 59 61
52 54 55
36 37 39
36 39 40
37 38 39
98 99 100
96 98 100
91 92 95
91 95 96
92 94 95
19 20 27
20 26 27
20 21 26
27 28 45
19 45 46
19 27 45
28 29 45
30 44 45
29 30 45
67 70 73
70 71 72
70 72 73
96 97 98
79 80 81
50 51 52
52 53 54
67 68 69
67 69 70
48 83 84
47 48 84
55 64 67
55 67 76
64 65 67
65 66 67
55 76 79
52 55 79
50 52 79
50 79 81
48 50 83
50 81 83
