# points
0.014085 0.50704
0.023474 0.53521
0.032864 0.56338
0.046948 0.59155
0.065728 0.61972
0.084507 0.64789
0.10798 0.67606
0.13615 0.70423
0.16432 0.723
0.19249 0.74178
0.22066 0.76056
0.24883 0.76995
0.277 0.78404
0.30516 0.78873
0.33333 0.79812
0.3615 0.79812
0.38967 0.80282
0.41784 0.80282
0.44601 0.80282
0.4554 0.82629
0.4507 0.85446
0.44601 0.88263
0.46479 0.87324
0.46948 0.84507
0.47887 0.85446
0.48826 0.88263
0.50704 0.9108
0.53052 0.93897
0.55869 0.96244
0.58685 0.97653
0.61502 0.99061
0.64319 1
0.67136 1
0.69953 1
0.71831 0.98592
0.71831 0.95775
0.71362 0.92958
0.70423 0.90141
0.68545 0.87324
0.66197 0.85915
0.6338 0.84038
0.60563 0.82629
0.57746 0.8169
0.5493 0.8169
0.52113 0.81221
0.49296 0.80751
0.49296 0.79812
0.52113 0.79812
0.5493 0.79812
0.57746 0.79343
0.60563 0.78873
0.6338 0.77934
0.66197 0.76995
0.69014 0.75587
0.71831 0.74178
0.74648 0.723
0.77465 0.69953
0.80282 0.67136
0.82629 0.64319
0.84507 0.61502
0.85915 0.58685
0.87324 0.55869
0.88263 0.53052
0.89202 0.50235
0.90141 0.47418
0.90141 0.44601
0.9061 0.41784
0.9061 0.38967
0.9061 0.3615
0.90141 0.33333
0.89671 0.30516
0.88732 0.277
0.87793 0.24883
0.86385 0.22066
0.84977 0.19249
0.83099 0.16432
0.81221 0.13615
0.78404 0.10798
0.75587 0.084507
0.7277 0.061033
0.69953 0.046948
0.67136 0.032864
0.64319 0.023474
0.61502 0.014085
0.58685 0.0046948
0.55869 0
0.53052 0
0.50235 0
0.47418 0
0.44601 0.0046948
0.41784 0.0046948
0.38967 0.0046948
0.3615 0.0093897
0.33333 0.0093897
0.30516 0.018779
0.277 0.023474
0.24883 0.037559
0.22066 0.046948
0.19249 0.065728
0.16432 0.084507
0.13615 0.10329
0.10798 0.13146
0.084507 0.15962
0.065728 0.18779
0.046948 0.21596
0.032864 0.24413
0.023474 0.2723
0.014085 0.30047
0.0093897 0.32864
0.0046948 0.35681
0 0.38498
0 0.41315
0 0.44131
0.0046948 0.46948
0.0093897 0.49765
0.014085 0.50704
# triangles
32 33 35
31 32 36
32 35 36
1 2 3
1 3 4
4 8 108
6 7 8
5 6 8
4 5 8
33 34 35
65 87 89
65 82 87
65 73 82
82 83 87
83 86 87
46 65 89
96 99 108
65 71 73
73 74 75
73 75 82
99 103 108
99 100 101
18 19 45
18 45 46
17 18 46
15 16 17
94 95 96
92 94 96
92 93 94
96 98 99
96 97 98
11 13 15
8 9 11
9 10 11
8 11 108
11 96 108
0 113 114
111 112 113
0 111 113
0 109 111
109 110 111
0 1 109
4 108 109
1 4 109
87 88 89
65 69 71
69 70 71
71 72 73
75 78 82
103 104 106
106 107 108
103 106 108
99 102 103
99 101 102
27 28 40
27 40 41
63 64 65
62 63 65
46 47 65
47 62 65
47 60 62
58 59 60
57 58 60
60 61 62
28 29 40
29 39 40
19 23 45
23 24 45
13 14 15
46 89 90
17 46 90
19 20 23
11 12 13
84 85 86
83 84 86
65 66 67
65 67 69
67 68 69
75 76 77
75 77 78
80 81 82
78 80 82
78 79 80
104 105 106
20 21 22
20 22 23
49 50 51
47 49 51
47 48 49
47 51 53
47 53 60
53 54 55
53 55 56
51 52 53
29 30 39
90 91 92
24 44 45
26 42 43
27 41 42
26 27 42
25 26 43
24 25 44
25 43 44
11 92 96
11 15 92
15 90 92
15 17 90
53 57 60
53 56 57
30 38 39
30 37 38
30 31 36
30 36 37
