# points
0 0.44498
0.0047847 0.47847
0.0095694 0.51196
0.019139 0.54545
0.033493 0.57895
0.047847 0.61244
0.062201 0.64593
0.086124 0.67943
0.11483 0.71292
0.14833 0.74163
0.18182 0.77033
0.21531 0.78947
0.2488 0.80383
0.2823 0.8134
0.31579 0.81818
0.34928 0.82297
0.38278 0.82297
0.41627 0.81818
0.44498 0.82297
0.42105 0.83732
0.38756 0.85646
0.35885 0.88995
0.32536 0.91388
0.29187 0.93301
0.25837 0.94258
0.22488 0.96172
0.23923 0.99043
0.27273 1
0.30622 1
0.33971 0.99522
0.37321 0.98086
0.4067 0.95694
0.43062 0.92344
0.44976 0.91866
0.45933 0.95215
0.47847 0.98565
0.51196 1
0.54067 1
0.51675 0.98565
0.48325 0.96172
0.46411 0.92823
0.45933 0.89474
0.45933 0.86124
0.46411 0.82775
0.49282 0.82297
0.52632 0.83254
0.55981 0.83254
0.5933 0.83254
0.62679 0.82297
0.66029 0.8134
0.69378 0.79904
0.72727 0.7799
0.76077 0.7512
0.79426 0.7177
0.81818 0.68421
0.83732 0.65072
0.85646 0.61722
0.86603 0.58373
0.8756 0.55024
0.88517 0.51675
0.88995 0.48325
0.89474 0.44976
0.89474 0.41627
0.89474 0.38278
0.88995 0.34928
0.88517 0.31579
0.8756 0.2823
0.86603 0.2488
0.85167 0.21531
0.83254 0.18182
0.8134 0.14833
0.78469 0.11483
0.7512 0.08134
0.7177 0.057416
0.68421 0.038278
0.65072 0.023923
0.61722 0.014354
0.58373 0.0095694
0.55024 0.0095694
0.51675 0.014354
0.48325 0.019139
0.44976 0.0095694
0.41627 0.0047847
0.38278 0
0.34928 0
0.31579 0.0047847
0.2823 0.0095694
0.2488 0.019139
0.21531 0.033493
0.18182 0.052632
0.14833 0.08134
0.11483 0.11005
0.086124 0.14354
0.062201 0.17703
0.047847 0.21053
0.033493 0.24402
0.019139 0.27751
0.0095694 0.311
0.0047847 0.3445
0 0.37799
0 0.41148
0 0.44498
0 0.44498
# triangles
96 97 98
80 98 100
17 80 100
95 96 98
80 95 98
62 64 80
62 63 64
58 59 60
60 61 62
98 99 100
9 14 17
7 8 9
71 72 73
69 70 71
80 82 94
80 94 95
92 93 94
85 88 90
88 89 90
82 85 90
82 90 94
90 91 92
90 92 94
64 66 80
66 69 80
66 67 68
66 68 69
50 51 52
46 47 48
5 6 7
5 7 9
4 5 17
5 9 17
1 17 100
1 4 17
0 1 100
1 3 4
1 2 3
12 13 14
23 27 28
9 10 11
11 12 14
9 11 14
24 25 26
24 26 27
23 24 27
71 73 79
69 79 80
69 71 79
75 76 79
64 65 66
55 56 57
52 53 54
49 50 52
48 49 52
34 35 39
44 57 58
44 55 57
44 58 60
44 54 55
17 44 80
44 52 54
44 62 80
44 60 62
44 48 52
44 46 48
22 23 29
23 28 29
22 29 30
80 81 82
85 87 88
85 86 87
73 74 79
74 75 79
21 31 32
20 32 41
20 21 32
35 38 39
44 45 46
36 37 38
35 36 38
32 33 41
33 40 41
34 39 40
33 34 40
17 18 44
18 19 42
19 20 41
19 41 42
18 43 44
18 42 43
77 78 79
76 77 79
21 22 30
21 30 31
83 84 85
82 83 85
14 15 16
14 16 17
