# points
0.078189 0.49383
0.078189 0.52263
0.065844 0.55144
0.069959 0.58025
0.053498 0.60905
0.049383 0.63786
0.045267 0.66255
0.074074 0.68724
0.10288 0.71193
0.13169 0.7284
0.16049 0.74486
0.1893 0.7572
0.21811 0.76955
0.24691 0.77778
0.27572 0.78189
0.30453 0.78601
0.33333 0.79012
0.36214 0.79012
0.3786 0.80658
0.37037 0.83539
0.35802 0.8642
0.34568 0.893
0.3251 0.9177
0.2963 0.93827
0.28395 0.95062
0.31276 0.94239
0.33745 0.92181
0.35802 0.89712
0.37449 0.86831
0.38683 0.87243
0.38683 0.90123
0.39506 0.93004
0.41152 0.95885
0.44033 0.97942
0.46914 0.99588
0.49794 1
0.51852 0.98765
0.52263 0.95885
0.51852 0.93004
0.5144 0.90123
0.50617 0.87243
0.4856 0.84362
0.46502 0.81893
0.45267 0.79835
0.48148 0.79835
0.51029 0.79835
0.53909 0.79424
0.5679 0.79012
0.59671 0.78189
0.62551 0.76955
0.65432 0.7572
0.68313 0.74074
0.71193 0.72016
0.74074 0.69959
0.76955 0.67078
0.79424 0.64198
0.8107 0.61317
0.82716 0.58436
0.83951 0.55556
0.85185 0.52675
0.86008 0.49794
0.86831 0.46914
0.86831 0.44033
0.87243 0.41152
0.87243 0.38272
0.86831 0.35391
0.8642 0.3251
0.86008 0.2963
0.85185 0.26749
0.83951 0.23868
0.82716 0.20988
0.8107 0.18107
0.79012 0.15226
0.76543 0.12346
0.73663 0.09465
0.70782 0.074074
0.67901 0.053498
0.65021 0.037037
0.6214 0.024691
0.59259 0.016461
0.56379 0.0082305
0.53498 0.0041152
0.50617 0
0.47737 0
0.44856 0
0.41975 0
0.39095 0
0.36214 0
0.33333 0
0.30453 0.0041152
0.27572 0.0082305
0.24691 0.012346
0.21811 0.020576
0.1893 0.032922
0.16049 0.045267
0.13169 0.061728
0.10288 0.078189
0.074074 0.10288
0.045267 0.12757
0.020576 0.15638
0 0.18519
0.016461 0.21399
0.020576 0.23868
0.045267 0.25926
0.057613 0.28807
0.057613 0.31687
0.065844 0.34568
0.069959 0.37449
0.074074 0.40329
0.082305 0.4321
0.078189 0.46091
0.074074 0.48971
0.078189 0.49383
# triangles
54 55 56
17 43 109
43 44 109
32 33 39
33 38 39
33 34 38
85 86 109
3 7 8
1 12 14
22 25 26
19 20 28
19 28 29
31 32 39
31 39 40
62 65 109
60 61 62
17 18 43
29 41 42
19 29 42
18 19 42
18 42 43
34 37 38
35 36 37
34 35 37
69 71 72
69 70 71
69 72 73
1 11 12
1 3 11
3 10 11
0 17 109
0 1 17
5 6 7
1 2 3
1 15 17
1 14 15
12 13 14
23 24 25
22 23 25
20 27 28
44 58 109
58 62 109
56 57 58
58 59 60
58 60 62
65 66 109
66 83 109
66 67 68
66 68 69
84 85 109
83 84 109
86 87 106
3 8 9
3 9 10
3 4 7
4 5 7
15 16 17
30 40 41
29 30 41
30 31 40
20 21 27
21 22 26
21 26 27
44 49 52
44 52 58
52 56 58
49 51 52
52 53 54
52 54 56
49 50 51
46 48 49
46 47 48
44 46 49
44 45 46
66 69 75
69 73 75
73 74 75
77 78 79
94 95 104
95 96 103
95 103 104
93 94 104
96 97 103
97 98 103
98 99 101
98 101 103
99 100 101
86 107 109
86 106 107
104 105 106
75 79 81
79 80 81
66 81 83
66 75 81
81 82 83
76 77 79
75 76 79
101 102 103
107 108 109
89 104 106
87 88 89
87 89 106
0 109 110
0 110 111
89 90 104
90 93 104
90 92 93
90 91 92
62 64 65
62 63 64
