# points
0.012766 0.4766
0.021277 0.51064
0.034043 0.54468
0.051064 0.57872
0.07234 0.61277
0.10213 0.64681
0.13617 0.68085
0.17021 0.70638
0.20426 0.72766
0.2383 0.74043
0.27234 0.75319
0.30638 0.7617
0.34043 0.76596
0.37447 0.76596
0.40851 0.76596
0.42128 0.78723
0.41702 0.82128
0.39149 0.83404
0.35745 0.82128
0.3234 0.79574
0.28936 0.79574
0.25532 0.8
0.22553 0.81702
0.22979 0.85106
0.25106 0.88085
0.28085 0.90638
0.31489 0.91064
0.34043 0.91915
0.30638 0.9234
0.27234 0.91915
0.2383 0.91915
0.21702 0.93191
0.22979 0.96596
0.25957 0.99149
0.29362 1
0.32766 1
0.3617 0.98723
0.39574 0.95745
0.41702 0.9234
0.42979 0.88936
0.43404 0.85532
0.44255 0.82979
0.45957 0.86383
0.49362 0.88936
0.52766 0.90638
0.5617 0.9234
0.59574 0.92766
0.57447 0.91489
0.54043 0.90213
0.50638 0.8766
0.48085 0.84681
0.45532 0.81277
0.45532 0.77872
0.4766 0.76596
0.51064 0.77021
0.54468 0.77447
0.57872 0.77447
0.61277 0.77021
0.64681 0.7617
0.68085 0.75319
0.71489 0.73617
0.74894 0.71915
0.78298 0.69362
0.81702 0.66383
0.84681 0.62979
0.86809 0.59574
0.88511 0.5617
0.90213 0.52766
0.91064 0.49362
0.91915 0.45957
0.9234 0.42553
0.9234 0.39149
0.9234 0.35745
0.91489 0.3234
0.91064 0.28936
0.89787 0.25532
0.88085 0.22128
0.86383 0.18723
0.8383 0.15319
0.80851 0.11915
0.77447 0.089362
0.74043 0.068085
0.70638 0.051064
0.67234 0.034043
0.6383 0.025532
0.60426 0.021277
0.57021 0.017021
0.53617 0.017021
0.50213 0.021277
0.46809 0.012766
0.43404 0.0042553
0.4 0
0.36596 0
0.33191 0
0.29787 0.0085106
0.26383 0.017021
0.22979 0.029787
0.19574 0.046809
0.1617 0.068085
0.12766 0.093617
0.093617 0.12766
0.068085 0.1617
0.046809 0.19574
0.029787 0.22979
0.017021 0.26383
0.0085106 0.29787
0.0042553 0.33191
0 0.36596
0 0.4
0.0042553 0.43404
0.0085106 0.46809
0.012766 0.4766
# triangles
14 53 88
71 72 73
73 74 75
60 62 66
54 66 73
54 58 60
54 60 66
53 54 88
54 73 88
73 75 76
76 82 85
73 76 88
76 85 88
68 71 73
66 68 73
79 80 81
14 88 89
102 103 106
103 104 106
104 105 106
101 102 106
0 106 109
0 89 106
98 101 106
89 98 106
0 109 110
63 64 65
62 65 66
62 63 65
60 61 62
58 59 60
43 44 49
54 57 58
44 48 49
44 45 48
69 70 71
68 69 71
66 67 68
29 32 33
29 30 32
30 31 32
3 4 5
0 2 3
0 3 5
76 78 82
78 81 82
78 79 81
76 77 78
92 93 94
89 92 94
89 90 92
94 96 97
89 97 98
89 94 97
94 95 96
0 1 2
45 46 47
45 47 48
14 52 53
16 41 51
27 37 38
27 38 39
27 36 37
27 35 36
82 84 85
82 83 84
7 8 9
5 6 7
5 7 9
41 50 51
41 42 50
43 49 50
42 43 50
16 40 41
14 15 52
15 51 52
15 16 51
18 26 27
90 91 92
21 22 23
21 23 24
20 21 24
9 10 13
13 14 89
0 13 89
0 5 13
5 9 13
16 17 40
17 39 40
17 18 27
17 27 39
10 11 13
11 12 13
18 19 26
19 20 26
20 24 25
20 25 26
27 28 35
28 34 35
28 33 34
28 29 33
99 100 101
98 99 101
106 108 109
106 107 108
55 56 57
54 55 57
85 86 87
85 87 88
