# points
0.012821 0.50855
0.025641 0.54274
0.038462 0.57692
0.059829 0.61111
0.081197 0.6453
0.11111 0.67949
0.1453 0.71368
0.17949 0.73504
0.21368 0.75641
0.24786 0.76923
0.28205 0.78205
0.31624 0.7906
0.35043 0.79487
0.38462 0.79487
0.4188 0.7906
0.39744 0.81197
0.36325 0.82479
0.32906 0.83333
0.29487 0.83761
0.26068 0.84188
0.2265 0.84615
0.19231 0.85897
0.15812 0.88462
0.13675 0.9188
0.11966 0.95299
0.1453 0.98291
0.17949 0.99573
0.21368 1
0.24786 1
0.28205 0.99145
0.31624 0.97436
0.35043 0.95299
0.38034 0.92308
0.40171 0.88889
0.41453 0.8547
0.42308 0.83761
0.44017 0.87179
0.47436 0.89744
0.50855 0.90598
0.54274 0.90598
0.57692 0.90598
0.61111 0.90171
0.6453 0.89316
0.61966 0.88462
0.58547 0.88889
0.55128 0.89316
0.51709 0.88889
0.48291 0.88462
0.45299 0.85897
0.44444 0.82479
0.44872 0.7906
0.48291 0.79915
0.51709 0.80342
0.55128 0.80342
0.58547 0.80342
0.61966 0.79915
0.65385 0.7906
0.68803 0.77778
0.72222 0.76068
0.75641 0.74359
0.7906 0.71795
0.82479 0.68376
0.8547 0.64957
0.87607 0.61538
0.89316 0.5812
0.90598 0.54701
0.9188 0.51282
0.92735 0.47863
0.93162 0.44444
0.93162 0.41026
0.93162 0.37607
0.92735 0.34188
0.9188 0.30769
0.90598 0.2735
0.89316 0.23932
0.87607 0.20513
0.8547 0.17094
0.82479 0.13675
0.7906 0.10256
0.75641 0.076923
0.72222 0.059829
0.68803 0.042735
0.65385 0.029915
0.61966 0.021368
0.58547 0.017094
0.55128 0.017094
0.51709 0.017094
0.48291 0.017094
0.44872 0.008547
0.41453 0
0.38034 0
0.34615 0
0.31197 0.0042735
0.27778 0.012821
0.24359 0.025641
0.2094 0.042735
0.17521 0.059829
0.14103 0.08547
0.10684 0.11966
0.076923 0.15385
0.055556 0.18803
0.038462 0.22222
0.025641 0.25641
0.012821 0.2906
0.0042735 0.32479
0 0.35897
0 0.39316
0 0.42735
0.0042735 0.46154
0.012821 0.49573
0.012821 0.50855
# triangles
50 85 86
50 86 87
50 73 85
73 80 85
22 26 27
78 79 80
95 96 97
95 97 98
87 88 95
19 20 29
19 29 30
75 76 77
77 78 80
73 77 80
74 75 77
73 74 77
67 68 69
69 72 73
69 71 72
69 70 71
23 25 26
22 23 26
98 99 100
98 100 101
23 24 25
87 106 109
104 105 106
103 104 106
88 90 95
98 101 102
95 98 102
87 95 102
87 102 106
102 103 106
80 81 85
5 6 7
9 10 14
14 50 87
14 87 109
7 8 9
20 28 29
0 1 109
1 2 3
1 3 109
3 14 109
3 5 7
3 4 5
106 108 109
106 107 108
90 94 95
90 91 92
88 89 90
82 83 85
81 82 85
18 19 30
18 30 31
21 22 27
21 27 28
20 21 28
58 59 60
66 67 69
58 60 61
61 62 63
61 63 64
16 33 34
40 44 45
39 40 45
90 92 93
90 93 94
83 84 85
10 11 14
65 66 69
65 69 73
50 65 73
61 64 65
58 61 65
37 38 47
36 37 48
37 47 48
35 36 48
41 42 43
41 43 44
40 41 44
53 57 58
50 51 53
51 52 53
50 53 65
53 58 65
53 56 57
53 55 56
53 54 55
38 46 47
38 39 46
39 45 46
17 32 33
16 17 33
17 31 32
17 18 31
14 15 35
15 16 34
15 34 35
14 49 50
14 35 49
35 48 49
3 9 14
3 7 9
11 13 14
11 12 13
