# points
0.20635 0.5034
0.20408 0.53061
0.20408 0.55782
0.20408 0.58503
0.20408 0.61224
0.20181 0.63946
0.20181 0.66667
0.20181 0.69388
0.20181 0.72109
0.19955 0.7483
0.19955 0.77551
0.19955 0.80272
0.19955 0.82993
0.19728 0.85714
0.20862 0.87755
0.23583 0.88435
0.26304 0.89342
0.29025 0.90249
0.31746 0.9093
0.34467 0.91837
0.37188 0.92744
0.39909 0.93424
0.4263 0.94331
0.45351 0.95238
0.48073 0.95918
0.50794 0.96825
0.53515 0.97506
0.56236 0.98413
0.58957 0.9932
0.61678 1
0.63492 0.9932
0.63265 0.96599
0.63265 0.93878
0.63265 0.91156
0.63039 0.88435
0.63039 0.85714
0.63039 0.82993
0.62812 0.80272
0.62812 0.77551
0.62812 0.7483
0.62812 0.72109
0.62585 0.69388
0.62585 0.66667
0.62585 0.63946
0.62358 0.61224
0.62358 0.58503
0.62358 0.55782
0.62132 0.53061
0.62132 0.5034
0.62132 0.47619
0.61905 0.44898
0.61905 0.42177
0.61905 0.39456
0.61678 0.36735
0.60317 0.34014
0.58277 0.322
0.55556 0.30612
0.52834 0.29252
0.50113 0.28118
0.47392 0.26757
0.44671 0.2517
0.42177 0.22676
0.40816 0.19955
0.40363 0.17234
0.39909 0.14512
0.39456 0.11791
0.38095 0.090703
0.35374 0.072562
0.32653 0.061224
0.29932 0.049887
0.27211 0.040816
0.2449 0.034014
0.21769 0.027211
0.19048 0.022676
0.16327 0.018141
0.13605 0.015873
0.10884 0.011338
0.081633 0.0090703
0.054422 0.0068027
0.027211 0.0045351
0 0
0.018141 0.013605
0.045351 0.031746
0.072562 0.049887
0.099773 0.070295
0.12698 0.092971
0.15193 0.12018
0.17007 0.14739
0.18594 0.1746
0.19501 0.20181
0.20181 0.22902
0.20862 0.25624
0.21088 0.28345
0.20862 0.31066
0.20862 0.33787
0.20862 0.36508
0.20862 0.39229
0.20635 0.4195
0.20635 0.44671
0.20635 0.47392
0.20635 0.50113
0.20635 0.5034
# triangles
13 14 15
50 51 57
61 62 92
60 61 94
22 37 38
22 23 37
12 13 15
12 15 16
9 10 18
8 9 18
65 66 67
51 56 57
52 55 56
51 52 56
64 67 68
64 65 67
60 94 95
60 95 96
10 17 18
29 30 31
21 22 38
11 12 16
10 11 17
11 16 17
7 8 41
79 81 82
78 79 82
79 80 81
59 97 98
59 96 97
59 60 96
61 92 93
61 93 94
64 68 89
62 91 92
62 90 91
73 85 86
72 73 86
71 86 87
71 72 86
76 83 84
49 50 99
49 99 100
28 29 31
23 36 37
25 26 34
25 34 35
28 31 32
70 71 87
50 57 58
50 58 99
58 98 99
58 59 98
63 64 89
62 63 90
63 89 90
68 69 88
68 88 89
70 87 88
69 70 88
76 77 83
77 78 82
77 82 83
73 74 85
0 1 47
2 46 47
1 2 47
8 18 19
8 19 41
19 40 41
19 20 40
23 24 36
24 35 36
24 25 35
27 28 32
20 21 39
20 39 40
21 38 39
26 33 34
26 27 33
27 32 33
75 76 84
75 84 85
74 75 85
0 47 48
0 48 100
48 49 100
52 53 54
52 54 55
5 42 43
5 6 42
6 7 42
7 41 42
2 45 46
2 3 45
5 43 44
4 5 44
3 44 45
3 4 44
