# points
0.21327 0.5
0.2109 0.52607
0.2109 0.55213
0.20853 0.5782
0.20853 0.60427
0.20853 0.63033
0.20853 0.6564
0.21327 0.68246
0.22749 0.70853
0.25118 0.7346
0.27251 0.75829
0.29147 0.78436
0.30332 0.81043
0.31517 0.83649
0.33649 0.86256
0.35545 0.88152
0.38152 0.8981
0.40758 0.90995
0.43365 0.91706
0.45972 0.92654
0.48578 0.93365
0.51185 0.94313
0.53791 0.95261
0.56398 0.96209
0.59005 0.97156
0.61611 0.98104
0.64218 0.99052
0.66825 1
0.65403 0.97393
0.64455 0.94787
0.63744 0.9218
0.6327 0.89573
0.6327 0.86967
0.63744 0.8436
0.64218 0.81754
0.64692 0.79147
0.65166 0.7654
0.65403 0.73934
0.65403 0.71327
0.65403 0.6872
0.65403 0.66114
0.65166 0.63507
0.65166 0.609
0.65166 0.58294
0.65166 0.55687
0.64929 0.53081
0.64929 0.50474
0.64929 0.47867
0.64692 0.45261
0.64692 0.42654
0.64692 0.40047
0.64455 0.37441
0.64218 0.34834
0.63507 0.32227
0.62796 0.29621
0.61611 0.27014
0.6019 0.24408
0.58531 0.21801
0.56398 0.19194
0.53791 0.16588
0.51185 0.14218
0.48578 0.12559
0.45972 0.109
0.43365 0.094787
0.40758 0.085308
0.38152 0.075829
0.35545 0.06872
0.32938 0.056872
0.30332 0.045024
0.27725 0.037915
0.25118 0.030806
0.22512 0.026066
0.19905 0.021327
0.17299 0.016588
0.14692 0.014218
0.12085 0.0094787
0.094787 0.007109
0.06872 0.0047393
0.042654 0.0023697
0.016588 0
0 0
0.026066 0.016588
0.052133 0.033175
0.078199 0.049763
0.10427 0.07109
0.13033 0.092417
0.15403 0.11848
0.17299 0.14455
0.18957 0.17062
0.20142 0.19668
0.20853 0.22275
0.21564 0.24882
0.21801 0.27488
0.22038 0.30095
0.21801 0.32701
0.21801 0.35308
0.21801 0.37915
0.21564 0.40521
0.21564 0.43128
0.21327 0.45735
0.21327 0.48341
0.21327 0.5
# triangles
60 61 93
57 58 93
61 62 92
61 92 93
59 60 93
58 59 93
49 97 98
57 93 94
57 94 95
26 27 28
12 13 14
12 14 18
67 68 88
68 69 88
67 88 89
24 29 30
23 30 31
23 24 30
24 25 29
25 26 28
25 28 29
4 9 10
4 5 9
14 15 16
14 16 18
12 36 37
12 18 36
71 86 87
70 71 87
69 87 88
69 70 87
65 90 91
62 63 91
62 91 92
66 89 90
65 66 90
66 67 89
22 23 31
22 31 32
21 22 32
20 21 32
2 44 45
1 2 45
0 45 46
0 1 45
56 57 95
55 56 95
53 54 55
49 50 97
51 52 53
6 7 8
6 8 9
5 6 9
4 10 42
10 41 42
12 37 38
10 11 41
11 40 41
11 12 38
16 17 18
18 34 35
18 35 36
75 83 84
79 80 81
78 79 81
78 81 82
71 72 86
72 85 86
72 73 85
74 84 85
73 74 85
74 75 84
63 64 91
64 65 91
18 19 34
19 20 34
20 33 34
20 32 33
47 48 100
48 99 100
48 98 99
48 49 98
50 96 97
50 51 96
51 53 96
55 95 96
53 55 96
2 43 44
2 3 43
3 4 43
4 42 43
11 39 40
11 38 39
75 76 83
77 82 83
76 77 83
77 78 82
0 46 47
0 47 100
