# points
0.20767 0.50113
0.20542 0.52596
0.20542 0.55079
0.20542 0.57562
0.20542 0.60045
0.20316 0.62528
0.20316 0.65011
0.20316 0.67494
0.20316 0.69977
0.20316 0.7246
0.2009 0.74944
0.2009 0.77427
0.2009 0.7991
0.2009 0.82393
0.19865 0.84876
0.20316 0.87133
0.22799 0.8781
0.25282 0.88713
0.27765 0.89391
0.30248 0.90068
0.32731 0.90971
0.35214 0.91648
0.37698 0.92325
0.40181 0.93228
0.42664 0.93905
0.45147 0.94582
0.4763 0.95485
0.50113 0.96163
0.52596 0.9684
0.55079 0.97743
0.57562 0.9842
0.60045 0.99097
0.62528 1
0.63431 0.98194
0.63205 0.95711
0.63205 0.93228
0.63205 0.90745
0.6298 0.88262
0.6298 0.85779
0.6298 0.83296
0.6298 0.80813
0.62754 0.7833
0.62754 0.75847
0.62754 0.73363
0.62528 0.7088
0.62528 0.68397
0.62528 0.65914
0.62528 0.63431
0.62302 0.60948
0.62302 0.58465
0.62302 0.55982
0.62077 0.53499
0.62077 0.51016
0.62077 0.48533
0.62077 0.4605
0.61851 0.43567
0.61851 0.41084
0.61851 0.386
0.61625 0.36117
0.61174 0.33634
0.60497 0.31151
0.59142 0.28668
0.57111 0.26185
0.54628 0.23928
0.52144 0.22348
0.49661 0.20993
0.47178 0.19865
0.44695 0.18962
0.42212 0.18059
0.39729 0.17381
0.37246 0.16704
0.34763 0.16027
0.3228 0.1535
0.29797 0.14447
0.27314 0.13093
0.24831 0.11738
0.22348 0.10158
0.19865 0.085779
0.17381 0.069977
0.14898 0.056433
0.12415 0.042889
0.099323 0.029345
0.074492 0.020316
0.049661 0.011287
0.024831 0.0045147
0 0
0.020316 0.013544
0.045147 0.029345
0.069977 0.047404
0.094808 0.065463
0.11964 0.085779
0.14221 0.10835
0.16253 0.13318
0.17833 0.15801
0.18962 0.18284
0.19865 0.20767
0.20542 0.23251
0.20993 0.25734
0.21219 0.28217
0.20993 0.307
0.20993 0.33183
0.20993 0.35666
0.20993 0.38149
0.20767 0.40632
0.20767 0.43115
0.20767 0.45598
0.20767 0.48081
0.20767 0.50113
# triangles
31 32 33
31 33 34
56 102 103
30 31 34
57 64 102
56 57 102
6 46 47
6 47 48
72 73 96
12 13 17
6 7 46
9 10 19
9 19 20
58 63 64
57 58 64
58 62 63
56 103 104
53 54 106
54 105 106
5 6 48
4 48 49
3 4 49
4 5 48
30 34 35
64 65 102
73 95 96
73 74 95
74 94 95
75 76 93
75 93 94
74 75 94
72 96 97
71 72 97
71 97 98
13 16 17
12 17 18
10 11 19
11 12 18
11 18 19
7 45 46
7 8 45
59 61 62
58 59 62
59 60 61
54 55 105
55 56 104
55 104 105
0 53 106
22 42 43
23 41 42
22 23 42
9 20 21
25 40 41
29 30 35
29 35 36
65 66 102
66 101 102
66 67 101
68 69 100
67 100 101
67 68 100
69 70 98
70 71 98
77 91 92
76 92 93
76 77 92
78 79 91
77 78 91
14 15 16
13 14 16
2 3 51
1 2 51
0 1 51
22 43 44
21 22 44
9 21 44
8 9 44
8 44 45
26 38 39
25 39 40
25 26 39
23 24 41
24 25 41
28 29 36
69 98 99
69 99 100
3 49 50
3 50 51
28 36 37
26 27 38
27 37 38
27 28 37
80 81 89
0 52 53
0 51 52
79 90 91
79 80 90
80 89 90
82 83 87
82 87 88
81 82 88
81 88 89
84 85 86
83 84 86
83 86 87
