# points
0.26136 0.50227
0.25455 0.52955
0.25 0.55682
0.24318 0.58409
0.23636 0.61136
0.22955 0.63864
0.225 0.66591
0.21818 0.69318
0.21364 0.72045
0.20909 0.74773
0.20455 0.775
0.2 0.80227
0.19773 0.82955
0.19545 0.85682
0.20682 0.87727
0.23409 0.88409
0.26136 0.89318
0.28864 0.90227
0.31591 0.90909
0.34318 0.91818
0.37045 0.92727
0.39773 0.93409
0.425 0.94318
0.45227 0.95227
0.47955 0.95909
0.50682 0.96818
0.53409 0.975
0.56136 0.98409
0.58864 0.99318
0.61591 1
0.63409 0.99318
0.63182 0.96591
0.63182 0.93864
0.63182 0.91136
0.62955 0.88409
0.62955 0.85682
0.62955 0.82955
0.62727 0.80227
0.62727 0.775
0.62727 0.74773
0.62727 0.72045
0.625 0.69318
0.625 0.66591
0.625 0.63864
0.62273 0.61136
0.62273 0.58409
0.62273 0.55682
0.62045 0.52955
0.62045 0.50227
0.62045 0.475
0.61818 0.44773
0.61818 0.42045
0.61818 0.39318
0.61591 0.36591
0.61364 0.33864
0.60682 0.31136
0.59773 0.28409
0.58636 0.25682
0.57045 0.22955
0.55227 0.20227
0.52955 0.17727
0.50455 0.15
0.47727 0.12955
0.45 0.11136
0.42273 0.095455
0.39545 0.084091
0.36818 0.072727
0.34091 0.065909
0.31364 0.054545
0.28636 0.043182
0.25909 0.036364
0.23182 0.029545
0.20455 0.022727
0.17727 0.018182
0.15 0.013636
0.12273 0.011364
0.095455 0.0090909
0.068182 0.0045455
0.040909 0.0022727
0.013636 0
0 0.0022727
0.027273 0.018182
0.054545 0.034091
0.081818 0.047727
0.10909 0.063636
0.13636 0.081818
0.16364 0.097727
0.19091 0.11818
0.21818 0.14318
0.24318 0.17045
0.26136 0.19773
0.275 0.225
0.28409 0.25227
0.29091 0.27955
0.29091 0.30682
0.28864 0.33409
0.28636 0.36136
0.28182 0.38864
0.27955 0.41591
0.27273 0.44318
0.26818 0.47045
0.26364 0.49773
0.26136 0.50227
# triangles
63 64 91
1 45 46
56 57 94
56 94 95
55 56 95
3 4 43
63 91 92
62 63 92
79 80 81
1 2 45
57 58 94
58 59 94
49 99 100
29 30 31
3 43 44
2 3 44
2 44 45
74 84 85
67 89 90
1 46 101
0 1 101
59 93 94
59 60 93
60 61 93
61 62 93
62 92 93
50 98 99
49 50 99
70 71 87
70 87 88
55 95 96
52 96 97
52 53 96
8 9 18
28 29 31
73 85 86
73 74 85
75 83 84
74 75 84
46 47 101
50 51 98
51 52 97
51 97 98
68 88 89
67 68 89
54 55 96
53 54 96
9 10 17
9 17 18
7 8 19
8 18 19
6 7 19
6 19 40
5 6 41
6 40 41
72 73 86
71 72 87
72 86 87
75 76 83
78 79 81
78 81 82
48 49 100
48 100 101
47 48 101
69 70 88
68 69 88
10 11 16
10 16 17
19 20 40
21 22 38
21 38 39
20 21 39
20 39 40
4 42 43
4 5 42
5 41 42
77 82 83
76 77 83
77 78 82
66 67 90
11 12 15
11 15 16
13 14 15
12 13 15
23 24 36
22 37 38
23 36 37
22 23 37
24 35 36
65 90 91
65 66 90
64 65 91
25 26 34
24 25 35
25 34 35
28 31 32
27 28 32
26 33 34
26 27 33
27 32 33
