# points
0.19773 0.50227
0.19545 0.52955
0.19545 0.55682
0.19545 0.58409
0.19545 0.61136
0.19318 0.63864
0.19318 0.66591
0.19318 0.69318
0.19318 0.72045
0.19091 0.74773
0.19091 0.775
0.19091 0.80227
0.19091 0.82955
0.18864 0.85682
0.2 0.87727
0.22727 0.88409
0.25455 0.89318
0.28182 0.90227
0.30909 0.90909
0.33636 0.91818
0.36364 0.92727
0.39091 0.93409
0.41818 0.94318
0.44545 0.95227
0.47273 0.95909
0.5 0.96818
0.52727 0.975
0.55455 0.98409
0.58182 0.99318
0.60909 1
0.62727 0.99318
0.625 0.96591
0.625 0.93864
0.625 0.91136
0.62273 0.88409
0.62273 0.85682
0.62273 0.82955
0.62045 0.80227
0.62045 0.775
0.62045 0.74773
0.62045 0.72045
0.61818 0.69318
0.61818 0.66591
0.61818 0.63864
0.61591 0.61136
0.61591 0.58409
0.61591 0.55682
0.61364 0.52955
0.61364 0.50227
0.61364 0.475
0.61136 0.44773
0.61136 0.42045
0.61136 0.39318
0.60909 0.36591
0.60682 0.33864
0.60455 0.31136
0.6 0.28409
0.59773 0.25682
0.59091 0.22955
0.58636 0.20227
0.57955 0.175
0.57273 0.14773
0.56136 0.12045
0.54545 0.093182
0.51818 0.072727
0.49091 0.063636
0.46364 0.063636
0.43636 0.065909
0.40909 0.068182
0.38182 0.070455
0.35455 0.068182
0.32727 0.063636
0.3 0.052273
0.27273 0.040909
0.24545 0.034091
0.21818 0.027273
0.19091 0.022727
0.16364 0.018182
0.13636 0.013636
0.10909 0.011364
0.081818 0.0068182
0.054545 0.0045455
0.027273 0.0022727
0 0
0 0.0068182
0.027273 0.022727
0.054545 0.040909
0.081818 0.061364
0.10909 0.084091
0.13409 0.10909
0.15682 0.13636
0.17273 0.16364
0.18409 0.19091
0.19091 0.21818
0.19773 0.24545
0.2 0.27273
0.2 0.3
0.2 0.32727
0.2 0.35455
0.2 0.38182
0.19773 0.40909
0.19773 0.43636
0.19773 0.46364
0.19773 0.49091
0.19773 0.50227
# triangles
29 30 31
62 63 64
62 64 66
58 69 95
0 1 47
1 2 47
50 101 102
54 98 99
58 95 96
64 65 66
72 91 92
71 72 92
69 94 95
61 62 66
54 55 98
50 102 103
53 54 99
28 29 31
49 50 103
8 19 41
8 18 19
82 83 84
74 90 91
74 75 90
78 79 88
73 74 91
72 73 91
58 68 69
69 70 94
77 78 88
77 88 89
71 92 93
70 71 93
70 93 94
55 97 98
0 47 48
0 48 103
48 49 103
52 53 99
13 14 15
10 17 18
7 8 41
80 81 86
61 66 67
76 77 89
75 76 90
76 89 90
58 59 68
56 96 97
55 56 97
56 58 96
56 57 58
2 46 47
28 31 32
27 28 32
23 24 36
19 40 41
20 21 39
19 20 40
20 39 40
21 22 38
21 38 39
51 100 101
50 51 101
51 99 100
51 52 99
8 9 18
9 10 18
11 16 17
10 11 17
79 80 87
80 86 87
79 87 88
81 82 85
81 85 86
82 84 85
60 67 68
59 60 68
60 61 67
24 35 36
26 33 34
27 32 33
26 27 33
25 26 34
25 34 35
24 25 35
22 37 38
23 36 37
22 23 37
12 15 16
11 12 16
12 13 15
5 43 44
4 5 44
5 6 43
6 42 43
6 41 42
6 7 41
4 44 45
3 4 45
2 3 45
2 45 46
