# points
0.2381 0.5034
0.2449 0.52834
0.24943 0.55329
0.25624 0.57823
0.26077 0.60317
0.26757 0.62812
0.27211 0.65306
0.27664 0.678
0.28118 0.70295
0.28571 0.72789
0.28798 0.75283
0.29025 0.77778
0.29252 0.80272
0.29252 0.82766
0.30159 0.8458
0.32653 0.85941
0.35147 0.87075
0.37642 0.88209
0.40136 0.89342
0.4263 0.90703
0.45125 0.91837
0.47619 0.92971
0.50113 0.94104
0.52608 0.95238
0.55102 0.96599
0.57596 0.97732
0.60091 0.98866
0.62585 1
0.63719 0.98866
0.63492 0.96372
0.63492 0.93878
0.63492 0.91383
0.63265 0.88889
0.63265 0.86395
0.63265 0.839
0.63265 0.81406
0.63039 0.78912
0.63039 0.76417
0.63039 0.73923
0.62812 0.71429
0.62812 0.68934
0.62812 0.6644
0.62812 0.63946
0.62585 0.61451
0.62585 0.58957
0.62585 0.56463
0.62358 0.53968
0.62358 0.51474
0.62358 0.4898
0.62358 0.46485
0.62132 0.43991
0.62132 0.41497
0.62132 0.39002
0.61905 0.36508
0.61678 0.34014
0.60998 0.31519
0.60317 0.29025
0.59184 0.26531
0.5805 0.24036
0.56463 0.21542
0.54422 0.19048
0.52381 0.1678
0.49887 0.14512
0.47392 0.12698
0.44898 0.11111
0.42404 0.097506
0.39909 0.086168
0.37415 0.077098
0.34921 0.068027
0.32426 0.058957
0.29932 0.049887
0.27438 0.040816
0.24943 0.034014
0.22449 0.029478
0.19955 0.022676
0.1746 0.020408
0.14966 0.015873
0.12472 0.013605
0.099773 0.011338
0.07483 0.0090703
0.049887 0.0068027
0.024943 0.0022676
0 0
0.020408 0.013605
0.045351 0.029478
0.070295 0.047619
0.095238 0.063492
0.12018 0.086168
0.14059 0.10658
0.16327 0.13152
0.17687 0.15646
0.19048 0.18141
0.19955 0.20635
0.20635 0.23129
0.21088 0.25624
0.21315 0.28118
0.21315 0.30612
0.21315 0.33107
0.21542 0.35601
0.21769 0.38095
0.21995 0.4059
0.22449 0.43084
0.22902 0.45578
0.23356 0.48073
0.2381 0.5034
# triangles
26 27 28
59 60 97
26 28 29
25 26 29
25 29 30
13 14 15
19 20 36
20 35 36
78 85 86
7 42 43
6 7 43
12 13 15
24 25 31
25 30 31
50 51 102
51 101 102
51 52 101
1 49 50
1 2 47
77 78 86
78 79 85
79 84 85
79 80 84
52 53 101
53 100 101
57 98 99
57 58 98
58 59 98
59 97 98
77 86 87
76 77 87
74 88 89
69 70 91
18 38 39
20 21 35
1 48 49
1 47 48
50 102 103
5 44 45
5 45 46
4 5 46
5 6 43
5 43 44
2 3 47
3 46 47
3 4 46
80 83 84
81 82 83
80 81 83
55 99 100
53 55 100
55 56 57
55 57 99
74 75 88
75 76 87
75 87 88
73 74 89
70 71 90
70 90 91
60 96 97
60 61 96
9 39 40
8 9 40
18 37 38
19 36 37
18 19 37
9 10 39
21 34 35
21 22 34
22 33 34
24 31 32
0 1 50
0 50 103
53 54 55
72 73 89
71 72 90
72 89 90
69 91 92
62 63 95
61 62 95
61 95 96
64 65 94
64 94 95
63 64 95
65 66 94
8 40 41
7 41 42
7 8 41
17 18 39
10 17 39
22 23 33
23 32 33
23 24 32
67 92 93
66 67 93
66 93 94
68 69 92
67 68 92
10 11 17
11 12 16
11 16 17
12 15 16
