# points
0.25 0.50227
0.23182 0.52955
0.21818 0.55682
0.20682 0.58409
0.20227 0.61136
0.20227 0.63864
0.20227 0.66591
0.20227 0.69318
0.20227 0.72045
0.20227 0.74773
0.20227 0.775
0.20227 0.80227
0.20227 0.82955
0.20227 0.85682
0.21136 0.87727
0.23864 0.88409
0.26591 0.89318
0.29318 0.90227
0.32045 0.90909
0.34773 0.91818
0.375 0.925
0.40227 0.93409
0.42955 0.94318
0.45682 0.95
0.48409 0.95909
0.51136 0.96818
0.53864 0.975
0.56591 0.98409
0.59318 0.99091
0.62045 1
0.63636 0.99545
0.62273 0.96818
0.61136 0.94091
0.6 0.91364
0.58636 0.88636
0.575 0.85909
0.56364 0.83182
0.55 0.80455
0.53864 0.77727
0.52727 0.75
0.51591 0.72273
0.50227 0.69545
0.49091 0.66818
0.48636 0.64091
0.5 0.61364
0.51364 0.58636
0.52727 0.55909
0.54091 0.53182
0.55455 0.50455
0.56818 0.47727
0.58182 0.45
0.59545 0.42273
0.60909 0.39545
0.62273 0.36818
0.62045 0.34091
0.61364 0.31364
0.60455 0.28636
0.59318 0.25909
0.57955 0.23182
0.55909 0.20455
0.53636 0.17727
0.51364 0.15455
0.48636 0.13182
0.45909 0.11364
0.43182 0.097727
0.40455 0.086364
0.37727 0.075
0.35 0.065909
0.32273 0.054545
0.29545 0.045455
0.26818 0.036364
0.24091 0.029545
0.21364 0.022727
0.18636 0.018182
0.15909 0.015909
0.13182 0.011364
0.10455 0.0090909
0.077273 0.0068182
0.05 0.0045455
0.022727 0
0 0
0.027273 0.013636
0.054545 0.027273
0.081818 0.038636
0.10909 0.05
0.13636 0.061364
0.16364 0.072727
0.19091 0.086364
0.21818 0.097727
0.24545 0.11364
0.27273 0.12955
0.3 0.14545
0.32727 0.16818
0.35455 0.19545
0.37045 0.22273
0.38182 0.25
0.38636 0.27727
0.38409 0.30455
0.375 0.33182
0.35909 0.35909
0.34318 0.38636
0.32273 0.41364
0.3 0.44091
0.27727 0.46818
0.25455 0.49545
0.25 0.50227
# triangles
63 64 93
2 3 4
79 80 81
2 4 43
62 63 94
63 93 94
0 1 43
1 2 43
46 101 102
0 43 104
72 73 87
64 65 93
68 69 90
69 70 89
69 89 90
49 99 100
66 67 92
65 92 93
65 66 92
51 97 98
4 5 43
5 6 43
76 83 84
13 14 15
12 13 15
10 11 17
52 53 54
51 52 97
56 57 97
72 87 88
71 72 88
70 88 89
70 71 88
73 86 87
43 103 104
43 44 103
46 47 101
47 100 101
67 91 92
68 90 91
67 68 91
57 96 97
57 58 96
60 95 96
50 51 98
49 50 99
50 98 99
27 28 32
24 25 34
27 32 33
78 79 81
78 81 82
77 82 83
76 77 83
77 78 82
75 84 85
75 76 84
45 46 102
45 102 103
44 45 103
8 9 42
7 8 42
6 7 42
6 42 43
11 16 17
11 12 16
12 15 16
9 10 18
10 17 18
52 54 55
55 56 97
52 55 97
48 49 100
47 48 100
60 61 95
61 62 94
61 94 95
58 59 96
59 60 96
28 29 31
28 31 32
29 30 31
19 20 40
18 19 40
26 27 33
25 26 34
26 33 34
74 75 85
74 85 86
73 74 86
9 41 42
9 18 41
18 40 41
24 34 35
20 39 40
20 38 39
21 22 37
21 37 38
20 21 38
22 23 37
23 36 37
23 24 35
23 35 36
