# points
0.20327 0.5
0.20327 0.5257
0.20327 0.5514
0.20093 0.5771
0.20093 0.6028
0.20093 0.6285
0.20093 0.65421
0.20327 0.67991
0.20794 0.70561
0.21495 0.73131
0.22664 0.75701
0.23598 0.78271
0.24766 0.80841
0.25701 0.83411
0.26869 0.85981
0.28738 0.88551
0.31075 0.91121
0.33411 0.92757
0.35981 0.94159
0.38551 0.95327
0.41121 0.96028
0.43692 0.96963
0.46262 0.97664
0.48832 0.98364
0.51402 0.99065
0.53972 0.99533
0.56542 1
0.59112 1
0.61682 0.99299
0.63785 0.9743
0.6472 0.9486
0.65421 0.9229
0.65654 0.8972
0.65888 0.8715
0.65654 0.84579
0.65421 0.82009
0.64953 0.79439
0.6472 0.76869
0.64252 0.74299
0.64019 0.71729
0.64019 0.69159
0.64019 0.66589
0.63785 0.64019
0.63785 0.61449
0.63785 0.58879
0.63785 0.56308
0.63551 0.53738
0.63551 0.51168
0.63551 0.48598
0.63318 0.46028
0.63318 0.43458
0.63318 0.40888
0.63318 0.38318
0.63084 0.35748
0.62383 0.33178
0.61682 0.30607
0.60748 0.28037
0.59579 0.25467
0.57944 0.22897
0.56308 0.20327
0.53972 0.17757
0.51402 0.15421
0.48832 0.13318
0.46262 0.11682
0.43692 0.1028
0.41121 0.088785
0.38551 0.079439
0.35981 0.070093
0.33411 0.063084
0.30841 0.051402
0.28271 0.042056
0.25701 0.035047
0.23131 0.028037
0.20561 0.023364
0.17991 0.018692
0.15421 0.014019
0.1285 0.011682
0.1028 0.0093458
0.077103 0.0070093
0.051402 0.0046729
0.025701 0.0023364
0 0
0.0070093 0.0070093
0.03271 0.023364
0.058411 0.03972
0.084112 0.058411
0.10981 0.079439
0.13551 0.1028
0.15654 0.1285
0.1729 0.15421
0.18692 0.17991
0.19626 0.20561
0.20327 0.23131
0.20794 0.25701
0.21028 0.28271
0.21028 0.30841
0.21028 0.33411
0.21028 0.35981
0.20794 0.38551
0.20794 0.41121
0.20794 0.43692
0.20561 0.46262
0.20561 0.48832
0.20327 0.5
# triangles
27 28 30
28 29 30
25 30 31
25 31 32
23 34 35
22 23 35
49 100 101
65 66 93
66 92 93
68 69 90
26 27 30
25 26 30
60 95 96
13 14 15
24 25 32
24 32 33
24 33 34
23 24 34
8 9 10
13 15 38
15 18 38
18 20 38
49 101 102
0 1 102
68 90 91
66 67 92
67 91 92
67 68 91
78 79 84
79 83 84
54 97 98
15 16 17
15 17 18
18 19 20
22 35 36
1 2 46
2 45 46
48 49 102
1 46 47
1 47 102
47 48 102
75 76 86
75 86 87
73 87 88
72 73 88
71 72 88
69 70 90
71 88 89
70 89 90
70 71 89
80 81 82
79 80 83
80 82 83
76 77 85
76 85 86
77 78 85
78 84 85
56 57 97
58 96 97
57 58 97
58 60 96
58 59 60
63 93 94
62 63 94
61 62 94
61 94 95
60 61 95
20 21 36
21 22 36
10 40 41
12 13 38
12 38 39
20 37 38
20 36 37
4 5 43
73 74 87
74 75 87
52 54 98
51 52 98
49 50 100
51 98 99
50 99 100
50 51 99
54 55 97
55 56 97
64 65 93
63 64 93
10 11 40
11 39 40
11 12 39
3 4 44
4 43 44
2 3 44
2 44 45
5 6 42
5 42 43
6 7 42
7 8 42
8 10 42
10 41 42
52 53 54
