# points
0.20548 0.50457
0.20548 0.52968
0.20548 0.55479
0.20548 0.57991
0.20548 0.60502
0.20548 0.63014
0.2032 0.65525
0.2032 0.68037
0.2032 0.70548
0.2032 0.73059
0.21461 0.75114
0.23973 0.76712
0.26484 0.78311
0.28995 0.7968
0.31507 0.81279
0.34018 0.82877
0.3653 0.84475
0.39041 0.86073
0.41553 0.87443
0.44064 0.89041
0.46575 0.90639
0.49087 0.92237
0.51598 0.93836
0.5411 0.95205
0.56621 0.96804
0.59132 0.98402
0.61644 1
0.6347 1
0.63242 0.97489
0.63242 0.94977
0.63242 0.92466
0.63242 0.89954
0.63014 0.87443
0.63014 0.84932
0.63014 0.8242
0.62785 0.79909
0.62785 0.77397
0.62785 0.74886
0.62785 0.72374
0.62557 0.69863
0.62557 0.67352
0.62557 0.6484
0.62329 0.62329
0.62329 0.59817
0.62329 0.57306
0.62329 0.54795
0.621 0.52283
0.621 0.49772
0.621 0.4726
0.61872 0.44749
0.61872 0.42237
0.61872 0.39726
0.61872 0.37215
0.61416 0.34703
0.60959 0.32192
0.60274 0.2968
0.59361 0.27169
0.57991 0.24658
0.56621 0.22146
0.54795 0.19635
0.5274 0.17352
0.50228 0.15068
0.47717 0.13014
0.45205 0.11416
0.42694 0.10046
0.40183 0.086758
0.37671 0.077626
0.3516 0.068493
0.32648 0.061644
0.30137 0.050228
0.27626 0.041096
0.25114 0.034247
0.22603 0.027397
0.20091 0.022831
0.1758 0.018265
0.15068 0.013699
0.12557 0.011416
0.10046 0.0091324
0.075342 0.0068493
0.050228 0.0045662
0.025114 0.0022831
0 0
0.0068493 0.0068493
0.031963 0.022831
0.057078 0.041096
0.082192 0.057078
0.10731 0.077626
0.13014 0.098174
0.15068 0.12329
0.16895 0.1484
0.18265 0.17352
0.19178 0.19863
0.19863 0.22374
0.2032 0.24886
0.20548 0.27397
0.20548 0.29909
0.20548 0.3242
0.20548 0.34932
0.20548 0.37443
0.20548 0.39954
0.20548 0.42466
0.20548 0.44977
0.20548 0.47489
0.20548 0.5
0.20548 0.50457
# triangles
64 65 93
63 64 94
64 93 94
62 63 94
61 62 94
53 54 98
60 61 95
61 94 95
53 98 99
51 53 99
1 2 46
0 1 46
18 36 37
54 55 98
51 52 53
5 14 42
2 3 44
18 19 36
21 22 33
26 27 28
25 26 28
25 28 29
22 32 33
19 35 36
19 20 35
73 87 88
77 78 85
70 71 89
65 66 93
69 70 90
70 89 90
67 68 91
68 69 90
68 90 91
59 60 96
60 95 96
58 59 96
57 58 96
48 49 102
49 101 102
49 100 101
47 48 102
0 46 47
55 56 57
7 11 12
4 5 42
5 13 14
2 45 46
2 44 45
23 30 31
22 23 32
23 31 32
24 29 30
24 25 29
23 24 30
72 73 88
71 72 89
72 88 89
66 92 93
66 67 92
67 91 92
75 86 87
73 74 87
74 75 87
47 102 103
0 47 103
57 96 97
55 97 98
55 57 97
78 84 85
78 79 84
79 83 84
49 50 100
50 51 99
50 99 100
17 38 39
17 18 38
18 37 38
16 17 39
7 8 11
8 9 10
8 10 11
4 42 43
3 43 44
3 4 43
5 6 13
6 7 12
6 12 13
75 76 86
76 77 85
76 85 86
80 81 82
80 82 83
79 80 83
20 34 35
20 21 34
21 33 34
14 41 42
14 15 41
15 40 41
15 16 39
15 39 40
