# points
0.46766 0.58209
0.44776 0.60199
0.42289 0.62687
0.39303 0.63184
0.36318 0.63184
0.35821 0.65672
0.38308 0.66667
0.41294 0.66169
0.44279 0.65672
0.47264 0.66169
0.47761 0.69154
0.47264 0.72139
0.45771 0.75124
0.48259 0.77612
0.51244 0.77114
0.51741 0.74129
0.52736 0.71144
0.53731 0.68159
0.56716 0.68159
0.59701 0.68159
0.62687 0.67164
0.64677 0.64677
0.62687 0.62189
0.59701 0.61692
0.56716 0.61692
0.53731 0.60697
0.53234 0.57711
0.53731 0.54726
0.55224 0.51741
0.55721 0.48756
0.55721 0.45771
0.58706 0.45274
0.61692 0.44776
0.64677 0.44776
0.67662 0.44279
0.70647 0.43284
0.73632 0.42289
0.76617 0.41791
0.79602 0.40299
0.82587 0.38806
0.83085 0.35821
0.8408 0.33333
0.87065 0.31841
0.9005 0.30846
0.93035 0.29851
0.9602 0.27861
0.99005 0.25871
1 0.22886
1 0.199
0.99502 0.16915
0.98507 0.1393
0.95522 0.1194
0.92537 0.1194
0.89552 0.11443
0.86567 0.10945
0.83582 0.094527
0.80597 0.074627
0.77612 0.064677
0.74627 0.054726
0.71642 0.049751
0.68657 0.039801
0.65672 0.024876
0.62687 0.0099502
0.59701 0
0.56716 0
0.53731 0
0.50746 0.0049751
0.47761 0.0099502
0.44776 0.014925
0.41791 0.0199
0.38806 0.024876
0.35821 0.029851
0.32836 0.034826
0.29851 0.039801
0.26866 0.044776
0.23881 0.054726
0.20896 0.059701
0.1791 0.069652
0.14925 0.074627
0.1194 0.079602
0.089552 0.084577
0.059701 0.094527
0.029851 0.10945
0.0099502 0.1393
0 0.16915
0.0049751 0.199
0.0199 0.22886
0.034826 0.25871
0.059701 0.28856
0.089552 0.30348
0.1194 0.31841
0.14925 0.33333
0.1791 0.33831
0.199 0.36816
0.22886 0.38308
0.25871 0.39303
0.28856 0.40299
0.31841 0.41294
0.34826 0.42289
0.37811 0.43781
0.40796 0.43781
0.43781 0.43781
0.45274 0.45771
0.46269 0.48756
0.46766 0.51741
0.46766 0.54726
0.46766 0.57711
0.46766 0.58209
# triangles
83 84 85
81 82 83
81 83 85
68 69 101
69 70 101
70 98 101
11 12 13
49 50 51
41 55 57
73 92 95
73 95 96
70 71 98
67 68 101
9 10 17
10 16 17
10 11 16
41 58 59
41 57 58
55 56 57
41 54 55
49 51 52
48 49 52
92 93 94
92 94 95
72 73 96
71 97 98
71 72 97
72 96 97
73 74 92
81 85 86
80 81 86
62 63 64
61 62 64
31 61 66
30 31 66
64 65 66
61 64 66
30 66 101
66 67 101
31 32 61
32 34 35
2 3 7
90 91 92
11 15 16
13 14 15
11 13 15
17 18 24
35 36 59
36 41 59
36 40 41
36 37 40
44 45 53
45 52 53
45 48 52
45 47 48
45 46 47
77 90 92
30 101 102
30 102 103
9 17 25
17 24 25
26 105 106
29 30 103
20 22 23
19 20 23
32 60 61
35 59 60
32 35 60
32 33 34
2 7 8
1 2 8
1 8 9
3 6 7
4 5 6
3 4 6
20 21 22
38 39 40
37 38 40
43 44 53
43 53 54
74 75 92
76 77 92
75 76 92
87 88 89
98 100 101
98 99 100
0 26 106
0 25 26
0 1 9
0 9 25
26 27 105
27 28 104
27 104 105
41 42 54
42 43 54
78 89 90
77 78 90
78 79 89
79 87 89
79 80 86
79 86 87
28 29 104
29 103 104
18 23 24
18 19 23
