# points
0.465 0.565
0.455 0.59
0.425 0.595
0.395 0.6
0.365 0.615
0.365 0.64
0.395 0.655
0.425 0.66
0.455 0.66
0.485 0.67
0.48 0.7
0.475 0.73
0.48 0.76
0.51 0.765
0.52 0.735
0.52 0.705
0.52 0.675
0.52 0.645
0.55 0.625
0.58 0.625
0.61 0.625
0.64 0.625
0.65 0.61
0.62 0.6
0.59 0.59
0.56 0.58
0.53 0.565
0.52 0.535
0.52 0.505
0.52 0.475
0.52 0.445
0.53 0.42
0.56 0.42
0.59 0.415
0.62 0.41
0.65 0.405
0.68 0.395
0.71 0.39
0.74 0.39
0.77 0.39
0.8 0.38
0.82 0.36
0.82 0.33
0.82 0.3
0.845 0.285
0.875 0.28
0.905 0.265
0.935 0.25
0.96 0.23
0.99 0.21
1 0.18
0.985 0.15
0.97 0.12
0.95 0.095
0.92 0.08
0.89 0.07
0.86 0.065
0.83 0.06
0.8 0.05
0.77 0.035
0.74 0.025
0.71 0.02
0.68 0.01
0.65 0
0.62 0
0.59 0
0.56 0
0.53 0
0.5 0
0.47 0
0.44 0
0.41 0.005
0.38 0.005
0.35 0.01
0.32 0.015
0.29 0.025
0.26 0.025
0.23 0.03
0.2 0.04
0.17 0.045
0.14 0.05
0.11 0.06
0.08 0.075
0.05 0.1
0.02 0.11
0 0.13
0 0.16
0.01 0.19
0.015 0.22
0.035 0.25
0.065 0.27
0.095 0.285
0.125 0.29
0.155 0.31
0.18 0.32
0.18 0.35
0.195 0.375
0.225 0.39
0.255 0.4
0.285 0.41
0.315 0.42
0.345 0.42
0.375 0.42
0.405 0.425
0.435 0.43
0.455 0.445
0.455 0.475
0.465 0.505
0.465 0.535
0.465 0.565
0.465 0.565
# triangles
84 85 86
12 13 14
52 53 54
36 61 62
71 73 102
9 16 17
9 10 16
83 84 86
49 50 51
36 43 61
43 58 59
34 36 65
17 18 26
1 17 26
36 62 64
36 64 65
62 63 64
31 68 69
69 70 71
11 12 14
10 15 16
11 14 15
10 11 15
83 86 87
87 88 89
75 94 101
75 101 102
73 75 102
73 74 75
77 78 94
43 60 61
43 59 60
44 57 58
43 44 58
44 56 57
34 35 36
0 1 26
34 65 66
30 31 105
69 71 104
31 69 104
31 104 105
71 72 73
1 8 17
8 9 17
1 2 8
2 7 8
76 77 94
75 76 94
87 89 90
83 87 90
18 25 26
20 23 24
21 22 23
20 21 23
29 106 107
28 29 107
31 67 68
33 34 66
33 66 67
31 33 67
71 102 103
71 103 104
94 99 101
94 96 97
78 79 92
79 80 92
80 81 92
81 82 92
82 83 92
83 90 92
90 91 92
46 55 56
46 54 55
46 47 54
44 46 56
44 45 46
48 52 54
47 48 54
48 51 52
48 49 51
40 41 42
38 42 43
0 26 27
19 20 24
18 19 25
19 24 25
31 32 33
94 97 98
94 98 99
99 100 101
78 93 94
78 92 93
36 37 43
37 38 43
39 40 42
38 39 42
0 27 108
94 95 96
3 4 6
4 5 6
2 3 6
2 6 7
29 105 106
29 30 105
27 28 108
28 107 108
