# points
0.47761 0.55224
0.47761 0.58209
0.45274 0.59701
0.42289 0.59701
0.39303 0.59701
0.37313 0.61692
0.39801 0.63682
0.42786 0.63682
0.45771 0.63682
0.48756 0.64179
0.48756 0.67164
0.48259 0.70149
0.47264 0.73134
0.50249 0.74129
0.52736 0.73134
0.52736 0.70149
0.52736 0.67164
0.53234 0.64179
0.55721 0.63184
0.58706 0.63184
0.61692 0.63682
0.64677 0.63682
0.63682 0.61692
0.60697 0.60697
0.57711 0.59701
0.54726 0.58706
0.53731 0.55721
0.54229 0.52736
0.54229 0.49751
0.54726 0.46766
0.55224 0.43781
0.55224 0.40796
0.57214 0.39303
0.60199 0.38308
0.63184 0.37313
0.66169 0.36816
0.69154 0.36318
0.72139 0.35821
0.75124 0.35821
0.78109 0.35821
0.81095 0.35323
0.83085 0.32338
0.83582 0.29353
0.8607 0.27861
0.89055 0.26866
0.9204 0.25373
0.95025 0.23383
0.9801 0.20896
1 0.18408
1 0.15423
0.98507 0.12438
0.95522 0.10945
0.92537 0.094527
0.89552 0.079602
0.86567 0.064677
0.83582 0.044776
0.80597 0.039801
0.77612 0.024876
0.74627 0.014925
0.71642 0.0049751
0.68657 0
0.65672 0
0.62687 0
0.59701 0
0.56716 0.0049751
0.53731 0.0049751
0.50746 0.0049751
0.47761 0.0049751
0.44776 0.0049751
0.41791 0.0049751
0.38806 0.0049751
0.35821 0.014925
0.32836 0.0199
0.29851 0.034826
0.26866 0.039801
0.23881 0.049751
0.20896 0.069652
0.1791 0.084577
0.14925 0.084577
0.1194 0.089552
0.089552 0.094527
0.059701 0.094527
0.029851 0.10945
0.0049751 0.1393
0 0.16915
0.014925 0.199
0.034826 0.22886
0.064677 0.23881
0.094527 0.26368
0.12438 0.27861
0.15423 0.28358
0.1791 0.29851
0.18905 0.32836
0.20896 0.35821
0.23383 0.37811
0.26368 0.38308
0.29353 0.38806
0.32338 0.38806
0.35323 0.39801
0.38308 0.40796
0.41294 0.41294
0.44279 0.41791
0.45771 0.44776
0.47264 0.47761
0.47761 0.50746
0.47761 0.53731
0.47761 0.55224
# triangles
20 21 22
19 20 23
20 22 23
68 100 101
67 68 101
49 50 51
68 69 100
13 14 15
10 11 15
11 12 13
11 13 15
36 58 59
36 37 58
37 42 58
54 55 56
43 54 56
42 43 56
43 53 54
43 44 53
46 51 52
32 66 67
32 67 101
32 65 66
62 63 64
28 29 103
28 103 104
71 97 98
69 71 98
98 99 100
69 98 100
83 84 85
82 83 85
77 90 91
69 70 71
0 1 26
37 38 42
42 57 58
42 56 57
45 46 52
45 52 53
44 45 53
46 47 51
47 48 49
47 49 51
19 23 24
10 15 16
33 64 65
32 33 65
59 60 61
36 59 61
35 36 61
35 61 62
31 32 101
31 101 102
85 86 87
79 80 87
80 85 87
80 81 82
80 82 85
76 77 91
74 75 76
77 78 90
78 89 90
0 26 105
4 5 6
3 4 6
1 25 26
1 17 25
1 9 17
9 10 16
9 16 17
1 2 9
39 40 41
38 39 42
39 41 42
26 27 105
27 28 104
27 104 105
33 34 64
34 62 64
34 35 62
30 31 102
29 30 103
30 102 103
91 96 97
91 95 96
91 92 95
71 72 73
71 73 97
73 91 97
73 76 91
73 74 76
79 87 88
78 79 88
78 88 89
2 3 7
3 6 7
17 18 25
18 24 25
18 19 24
93 94 95
92 93 95
2 8 9
2 7 8
