# points
0.46569 0.57353
0.45098 0.59804
0.42647 0.61765
0.39706 0.62255
0.36765 0.62255
0.37255 0.64216
0.40196 0.64706
0.43137 0.65196
0.46078 0.65686
0.46569 0.68627
0.46569 0.71569
0.45588 0.7451
0.46569 0.77451
0.4951 0.77941
0.5098 0.7549
0.51961 0.72549
0.52451 0.69608
0.52941 0.66667
0.55882 0.65196
0.58824 0.65196
0.61765 0.64706
0.63725 0.63235
0.60784 0.61765
0.57843 0.60784
0.54902 0.59314
0.52941 0.56863
0.53431 0.53922
0.53431 0.5098
0.53922 0.48039
0.53922 0.45098
0.55392 0.43137
0.58333 0.43137
0.61275 0.42647
0.64216 0.42157
0.67157 0.42157
0.70098 0.40686
0.73039 0.40196
0.7598 0.39706
0.78922 0.39216
0.79902 0.36275
0.81863 0.34314
0.84804 0.32353
0.87745 0.30882
0.90686 0.28431
0.93627 0.27451
0.96569 0.25
0.98529 0.22549
1 0.19608
0.9951 0.16667
0.97059 0.14706
0.94118 0.13235
0.91176 0.11275
0.88725 0.093137
0.85784 0.068627
0.82843 0.053922
0.79902 0.039216
0.76961 0.02451
0.7402 0.0098039
0.71078 0.004902
0.68137 0
0.65196 0
0.62255 0
0.59314 0
0.56373 0
0.53431 0
0.5049 0
0.47549 0
0.44608 0
0.41667 0
0.38725 0
0.35784 0.004902
0.32843 0.0098039
0.29902 0.0098039
0.26961 0.014706
0.2402 0.019608
0.21078 0.029412
0.18137 0.034314
0.15196 0.039216
0.12255 0.044118
0.093137 0.053922
0.063725 0.063725
0.034314 0.088235
0.014706 0.11275
0 0.14216
0 0.17157
0.004902 0.20098
0.019608 0.23039
0.04902 0.2549
0.078431 0.27451
0.10784 0.29902
0.13725 0.32353
0.16667 0.33824
0.19118 0.35294
0.21569 0.38235
0.2451 0.39706
0.27451 0.40686
0.30392 0.41667
0.33333 0.42647
0.36275 0.43627
0.39216 0.43627
0.42157 0.43627
0.44608 0.45098
0.45098 0.48039
0.46078 0.5098
0.46569 0.53922
0.46569 0.56863
0.46569 0.57353
# triangles
82 83 84
68 70 99
30 65 66
30 64 65
10 15 16
35 40 58
58 59 60
35 58 60
41 53 54
40 41 54
47 48 49
46 47 49
79 80 81
70 97 99
79 81 87
85 86 87
84 85 87
81 82 87
82 84 87
10 14 15
10 11 14
12 13 14
11 12 14
68 69 70
68 99 100
30 66 100
35 60 61
33 35 61
33 61 62
30 63 64
33 34 35
19 20 22
35 39 40
35 36 39
41 52 53
43 51 52
45 46 50
46 49 50
43 50 51
97 98 99
70 71 96
70 96 97
75 91 92
75 89 91
92 93 94
67 68 100
66 67 100
30 100 101
32 62 63
32 33 62
30 32 63
20 21 22
29 30 101
29 101 102
9 10 16
8 9 17
9 16 17
2 6 7
2 7 8
17 18 24
40 54 55
36 37 39
37 38 39
41 42 52
42 43 52
44 45 50
43 44 50
92 94 95
71 95 96
71 92 95
74 75 92
78 79 88
79 87 88
77 78 88
77 88 89
89 90 91
28 29 102
28 102 103
27 28 103
25 104 105
25 26 104
27 103 104
26 27 104
2 3 6
3 4 5
3 5 6
1 2 8
1 24 25
1 8 17
1 17 24
18 23 24
19 22 23
18 19 23
40 56 58
40 55 56
56 57 58
73 74 92
71 72 73
71 73 92
75 76 89
76 77 89
30 31 32
0 25 105
0 1 25
