# points
0.46829 0.57561
0.45854 0.60488
0.42927 0.61951
0.4 0.62439
0.37073 0.62439
0.38049 0.64878
0.40976 0.64878
0.43902 0.64878
0.46829 0.64878
0.48293 0.67317
0.48293 0.70244
0.47805 0.73171
0.48293 0.76098
0.50732 0.75122
0.51707 0.72195
0.52195 0.69268
0.52195 0.66341
0.55122 0.65366
0.58049 0.64878
0.60976 0.64878
0.63902 0.6439
0.65854 0.62927
0.62927 0.61951
0.6 0.61463
0.57073 0.60976
0.54146 0.6
0.52683 0.57561
0.52683 0.54634
0.53171 0.51707
0.53171 0.4878
0.53171 0.45854
0.54146 0.43415
0.57073 0.42927
0.6 0.42439
0.62927 0.41951
0.65854 0.41463
0.6878 0.40976
0.71707 0.40488
0.74634 0.4
0.77561 0.4
0.80488 0.39024
0.80976 0.36098
0.81463 0.33171
0.83415 0.3122
0.86341 0.30244
0.89268 0.2878
0.92195 0.27805
0.95122 0.25366
0.97073 0.22927
0.99512 0.20488
1 0.17561
1 0.14634
0.97561 0.12195
0.94634 0.097561
0.91707 0.078049
0.8878 0.063415
0.85854 0.04878
0.82927 0.034146
0.8 0.019512
0.77073 0.0097561
0.74146 0.004878
0.7122 0.004878
0.68293 0
0.65366 0
0.62439 0
0.59512 0.004878
0.56585 0.004878
0.53659 0.0097561
0.50732 0.0097561
0.47805 0.0097561
0.44878 0.014634
0.41951 0.02439
0.39024 0.029268
0.36098 0.034146
0.33171 0.034146
0.30244 0.043902
0.27317 0.04878
0.2439 0.058537
0.21463 0.063415
0.18537 0.073171
0.1561 0.078049
0.12683 0.082927
0.097561 0.092683
0.068293 0.10244
0.039024 0.12195
0.0097561 0.13659
0 0.16098
0.004878 0.19024
0.029268 0.21951
0.053659 0.2439
0.078049 0.27317
0.10244 0.30244
0.13171 0.32195
0.16098 0.33171
0.19024 0.34634
0.20488 0.37073
0.23415 0.39024
0.26341 0.39512
0.29268 0.40488
0.32195 0.41463
0.35122 0.41951
0.38049 0.42927
0.40976 0.43902
0.43902 0.44878
0.45366 0.47317
0.45854 0.50244
0.46829 0.53171
0.46829 0.56098
0.46829 0.57561
# triangles
3 4 5
84 85 86
84 86 87
50 51 52
0 1 26
0 26 107
65 66 67
71 72 101
68 70 71
68 69 70
11 12 13
11 13 14
3 5 6
1 7 8
81 89 90
83 84 89
63 64 65
61 62 63
43 59 60
43 60 61
43 56 57
1 2 7
2 3 6
2 6 7
10 14 15
10 11 14
82 83 89
81 82 89
84 87 88
84 88 89
77 78 94
76 77 94
90 91 93
31 68 71
20 21 22
47 53 54
45 47 54
45 54 55
45 46 47
43 44 56
44 55 56
44 45 55
42 61 63
42 43 61
43 58 59
43 57 58
9 15 16
9 10 15
8 9 16
79 93 94
78 79 94
94 95 96
94 96 97
72 100 101
72 73 100
73 74 75
75 76 94
75 94 97
91 92 93
71 101 102
31 71 102
37 38 42
48 52 53
47 48 53
48 50 52
48 49 50
80 81 90
80 90 93
79 80 93
73 75 98
75 97 98
32 33 67
32 67 68
31 32 68
34 35 65
34 65 67
33 34 67
28 105 106
31 102 103
30 31 103
30 103 104
38 41 42
38 39 41
39 40 41
36 37 42
36 42 63
35 36 65
36 63 65
27 28 106
26 27 107
27 106 107
16 17 25
8 16 25
1 25 26
1 8 25
19 20 22
19 22 23
18 19 23
73 99 100
73 98 99
28 29 105
29 104 105
29 30 104
18 23 24
17 18 24
17 24 25
