# points
0.43781 0.55224
0.40796 0.57214
0.39303 0.60199
0.39801 0.63184
0.42786 0.63682
0.45771 0.62687
0.46766 0.65174
0.46766 0.68159
0.47761 0.71144
0.49254 0.73632
0.52239 0.73632
0.53234 0.71144
0.52736 0.68159
0.52736 0.65174
0.53731 0.62687
0.56716 0.62687
0.59701 0.62687
0.62687 0.63184
0.64179 0.60697
0.61194 0.59204
0.58209 0.58209
0.55224 0.58209
0.53234 0.56716
0.53234 0.53731
0.53234 0.50746
0.53234 0.47761
0.53234 0.44776
0.53731 0.41791
0.56219 0.40299
0.59204 0.40299
0.62189 0.40299
0.65174 0.40299
0.68159 0.40299
0.71144 0.40299
0.74129 0.39303
0.77114 0.38308
0.801 0.36816
0.81095 0.34328
0.82587 0.32338
0.85572 0.31841
0.88557 0.30348
0.91542 0.27861
0.94527 0.25871
0.97512 0.22886
0.99005 0.199
1 0.16915
1 0.1393
0.98507 0.10945
0.9602 0.089552
0.93035 0.079602
0.9005 0.074627
0.87065 0.059701
0.8408 0.049751
0.81095 0.039801
0.78109 0.029851
0.75124 0.024876
0.72139 0.0199
0.69154 0.0099502
0.66169 0.0099502
0.63184 0.0049751
0.60199 0.0049751
0.57214 0.0049751
0.54229 0
0.51244 0
0.48259 0
0.45274 0
0.42289 0
0.39303 0
0.36318 0
0.33333 0
0.30348 0.0049751
0.27363 0.0099502
0.24378 0.0199
0.21393 0.029851
0.18408 0.034826
0.15423 0.039801
0.12438 0.049751
0.094527 0.064677
0.064677 0.079602
0.034826 0.099502
0.0199 0.12935
0.0049751 0.1592
0 0.18905
0.0049751 0.21891
0.034826 0.23881
0.064677 0.25373
0.094527 0.26866
0.12438 0.28856
0.15423 0.29851
0.1791 0.31841
0.1791 0.34826
0.20398 0.36318
0.23383 0.37313
0.26368 0.38308
0.29353 0.40299
0.32338 0.41294
0.35323 0.42289
0.38308 0.42786
0.41294 0.42786
0.44279 0.42786
0.46766 0.43781
0.47264 0.46766
0.47264 0.49751
0.47264 0.52736
0.45771 0.55224
0.43781 0.55224
# triangles
7 8 12
0 1 5
86 87 88
78 79 80
8 11 12
9 10 11
8 9 11
58 59 60
31 56 58
61 62 63
1 4 5
73 74 88
73 88 89
89 92 93
89 91 92
89 90 91
67 93 95
93 94 95
67 68 93
82 83 84
81 82 84
80 81 84
38 55 56
38 54 55
38 53 54
38 52 53
38 51 52
45 46 47
45 47 48
72 73 89
2 3 4
1 2 4
80 84 85
78 80 85
5 14 22
15 16 20
16 19 20
0 5 104
5 22 104
28 61 63
28 63 64
28 64 65
44 49 50
43 44 50
56 57 58
41 50 51
38 41 51
74 75 88
75 86 88
75 76 86
76 77 86
31 32 56
32 38 56
32 37 38
14 21 22
14 15 21
15 20 21
29 60 61
28 29 61
65 66 99
28 65 99
42 43 50
41 42 50
38 40 41
71 72 89
35 36 37
16 17 19
17 18 19
23 24 103
24 102 103
22 103 104
22 23 103
30 31 58
30 58 60
29 30 60
26 27 100
27 99 100
27 28 99
26 100 101
66 98 99
66 67 98
67 95 98
95 96 98
96 97 98
38 39 40
70 71 89
70 89 93
68 69 70
68 70 93
34 35 37
32 33 34
32 34 37
25 26 101
24 25 102
25 101 102
6 12 13
6 7 12
6 13 14
5 6 14
44 48 49
44 45 48
77 85 86
77 78 85
