# points
0.44724 0.57286
0.43216 0.59799
0.40201 0.59799
0.37186 0.59799
0.34171 0.60804
0.35176 0.63819
0.38191 0.65327
0.41206 0.65829
0.44221 0.66332
0.44724 0.69347
0.43719 0.72362
0.44724 0.75377
0.46734 0.77889
0.49749 0.78392
0.50754 0.75377
0.51759 0.72362
0.52261 0.69347
0.52261 0.66332
0.54271 0.64824
0.57286 0.64824
0.60302 0.64824
0.63317 0.64824
0.63819 0.61809
0.60804 0.60804
0.57789 0.59799
0.54774 0.58794
0.51759 0.57286
0.51759 0.54271
0.51759 0.51256
0.52261 0.48241
0.52764 0.45226
0.54774 0.42714
0.57789 0.42211
0.60804 0.42211
0.63819 0.41709
0.66834 0.41206
0.69849 0.40704
0.72864 0.40201
0.75879 0.39196
0.78894 0.38693
0.80905 0.35678
0.81407 0.32663
0.8392 0.31156
0.86935 0.30151
0.8995 0.29146
0.92965 0.28141
0.9598 0.26633
0.98995 0.24121
1 0.21106
1 0.1809
0.98492 0.15075
0.95477 0.12563
0.92462 0.11558
0.89447 0.095477
0.86432 0.070352
0.83417 0.060302
0.80402 0.045226
0.77387 0.030151
0.74372 0.020101
0.71357 0.0050251
0.68342 0
0.65327 0
0.62312 0
0.59296 0
0.56281 0
0.53266 0
0.50251 0
0.47236 0
0.44221 0
0.41206 0.0050251
0.38191 0.0050251
0.35176 0.01005
0.32161 0.015075
0.29146 0.020101
0.26131 0.025126
0.23116 0.030151
0.20101 0.035176
0.17085 0.045226
0.1407 0.060302
0.11055 0.075377
0.080402 0.090452
0.050251 0.1005
0.020101 0.1206
0 0.14573
0 0.17588
0.01005 0.20603
0.035176 0.23618
0.065327 0.25628
0.095477 0.28643
0.12563 0.31156
0.15578 0.32161
0.16583 0.34673
0.18593 0.37688
0.21608 0.39698
0.24623 0.41206
0.27638 0.42714
0.30653 0.43216
0.33668 0.43216
0.36683 0.43216
0.39698 0.43216
0.42714 0.43719
0.44221 0.46734
0.45226 0.49749
0.45226 0.52764
0.45226 0.55779
0.44724 0.57286
# triangles
82 83 84
82 84 85
81 82 85
12 13 14
69 71 99
58 60 61
41 58 61
32 34 63
48 49 50
42 55 56
41 42 56
38 40 41
38 39 40
69 70 71
69 99 100
67 69 100
31 66 67
31 65 66
31 32 65
31 67 100
30 31 100
34 62 63
32 63 64
32 64 65
11 12 14
3 4 5
72 73 97
42 53 55
53 54 55
58 59 60
41 57 58
41 56 57
44 45 52
46 51 52
45 46 52
46 48 50
46 50 51
36 37 41
37 38 41
67 68 69
26 27 104
32 33 34
35 61 62
35 36 41
35 41 61
34 35 62
9 10 15
9 15 16
17 18 26
9 16 17
8 9 17
1 8 17
1 17 26
76 77 90
75 76 90
74 75 90
73 74 90
73 90 97
90 91 93
81 85 86
91 92 93
90 93 94
90 94 97
94 95 96
94 96 97
72 97 98
71 72 98
71 98 99
42 43 53
43 52 53
43 44 52
46 47 48
30 100 101
27 103 104
27 28 103
28 102 103
18 25 26
3 5 6
2 3 6
0 26 104
0 1 26
88 89 90
78 79 88
78 88 90
77 78 90
79 87 88
28 29 102
29 30 101
29 101 102
20 21 22
18 24 25
2 6 7
1 7 8
1 2 7
79 80 87
80 81 86
80 86 87
20 22 23
18 19 24
19 20 23
19 23 24
10 11 15
11 14 15
