# points
0.43216 0.58291
0.43216 0.61307
0.40704 0.62312
0.37688 0.63317
0.35176 0.64322
0.37688 0.66332
0.40704 0.67337
0.43719 0.67337
0.45729 0.68844
0.45729 0.71859
0.45729 0.74874
0.46734 0.77889
0.49749 0.77889
0.52261 0.76884
0.53266 0.73869
0.53769 0.70854
0.53769 0.67839
0.55276 0.65829
0.58291 0.65829
0.61307 0.65829
0.64322 0.65829
0.66834 0.64322
0.64322 0.61809
0.61307 0.59799
0.58291 0.59296
0.55276 0.59296
0.54271 0.56784
0.54271 0.53769
0.54774 0.50754
0.54774 0.47739
0.56281 0.45226
0.59296 0.44724
0.62312 0.44221
0.65327 0.43719
0.68342 0.43216
0.71357 0.42714
0.74372 0.42211
0.77387 0.41206
0.80402 0.40704
0.82915 0.39196
0.83417 0.36181
0.83417 0.33166
0.84422 0.30151
0.87437 0.29146
0.90452 0.28141
0.93467 0.26633
0.96482 0.25628
0.99497 0.24623
1 0.21608
0.98492 0.18593
0.96985 0.15578
0.9397 0.13065
0.90955 0.1206
0.8794 0.1005
0.84925 0.070352
0.8191 0.050251
0.78894 0.035176
0.75879 0.025126
0.72864 0.015075
0.69849 0.0050251
0.66834 0
0.63819 0
0.60804 0
0.57789 0.0050251
0.54774 0.0050251
0.51759 0.0050251
0.48744 0.01005
0.45729 0.015075
0.42714 0.020101
0.39698 0.025126
0.36683 0.025126
0.33668 0.030151
0.30653 0.040201
0.27638 0.050251
0.24623 0.055276
0.21608 0.065327
0.18593 0.070352
0.15578 0.080402
0.12563 0.085427
0.095477 0.095477
0.065327 0.10553
0.035176 0.1206
0.0050251 0.1407
0 0.17085
0.0050251 0.20101
0.020101 0.23116
0.050251 0.26131
0.080402 0.28141
0.11055 0.30151
0.1407 0.31156
0.17085 0.32161
0.19095 0.34673
0.20101 0.37688
0.22111 0.40201
0.25126 0.41709
0.28141 0.42714
0.31156 0.43216
0.34171 0.43719
0.37186 0.44221
0.40201 0.44221
0.43216 0.44724
0.43216 0.47739
0.43216 0.50754
0.43216 0.53769
0.43216 0.56784
0.43216 0.58291
# triangles
81 82 83
81 83 84
81 84 85
80 81 85
42 56 57
34 35 42
45 49 50
33 34 61
34 42 61
59 60 61
72 91 97
78 87 88
12 13 14
97 98 99
45 50 51
42 55 56
42 57 58
58 59 61
42 58 61
46 47 48
46 48 49
45 46 49
42 43 53
30 67 100
29 30 100
29 100 101
30 31 64
69 97 99
69 72 97
69 71 72
69 70 71
80 85 86
73 74 90
72 73 91
73 90 91
75 76 90
74 75 90
78 79 87
79 80 86
79 86 87
9 14 15
10 12 14
9 10 14
10 11 12
20 21 22
3 4 5
42 53 54
42 54 55
37 40 41
36 37 41
35 41 42
35 36 41
38 39 40
37 38 40
43 52 53
45 51 52
30 66 67
30 64 66
31 32 63
31 63 64
32 33 63
33 61 63
91 96 97
76 77 90
77 89 90
77 78 88
77 88 89
67 68 100
68 99 100
68 69 99
8 15 16
8 9 15
0 26 104
18 23 24
1 2 7
1 7 8
0 1 26
1 25 26
1 17 25
1 8 16
1 16 17
2 6 7
44 45 52
43 44 52
64 65 66
61 62 63
91 94 95
91 95 96
91 92 94
92 93 94
27 102 103
18 19 23
19 22 23
19 20 22
27 28 102
17 24 25
17 18 24
3 5 6
2 3 6
26 27 104
27 103 104
28 101 102
28 29 101
