# points
0.45455 0.55051
0.45455 0.58081
0.42424 0.59091
0.39394 0.60101
0.36364 0.62626
0.37374 0.65152
0.40404 0.65657
0.43434 0.65657
0.4596 0.66667
0.4596 0.69697
0.4596 0.72727
0.4596 0.75758
0.4596 0.78788
0.47475 0.81313
0.50505 0.81313
0.5303 0.79293
0.53535 0.76263
0.53535 0.73232
0.53535 0.70202
0.53535 0.67172
0.56061 0.66162
0.59091 0.65152
0.62121 0.65152
0.65152 0.64646
0.64141 0.62626
0.61111 0.61111
0.58081 0.59596
0.55051 0.58586
0.54545 0.55556
0.54545 0.52525
0.54545 0.49495
0.5404 0.46465
0.56061 0.44949
0.59091 0.44949
0.62121 0.44444
0.65152 0.43939
0.68182 0.43434
0.71212 0.42929
0.74242 0.42424
0.77273 0.40909
0.80303 0.38384
0.82323 0.35354
0.84343 0.32828
0.87374 0.31313
0.90404 0.28788
0.92929 0.26263
0.9596 0.23737
0.9899 0.20707
1 0.17677
0.99495 0.14646
0.9697 0.12121
0.93939 0.10606
0.90909 0.090909
0.87879 0.070707
0.84848 0.050505
0.81818 0.040404
0.78788 0.025253
0.75758 0.015152
0.72727 0.010101
0.69697 0.0050505
0.66667 0
0.63636 0
0.60606 0
0.57576 0
0.54545 0
0.51515 0
0.48485 0
0.45455 0
0.42424 0
0.39394 0
0.36364 0
0.33333 0
0.30303 0.0050505
0.27273 0.015152
0.24242 0.030303
0.21212 0.040404
0.18182 0.050505
0.15152 0.065657
0.12121 0.085859
0.090909 0.10101
0.060606 0.11111
0.035354 0.12626
0.020202 0.15657
0.010101 0.18687
0 0.21717
0.015152 0.24747
0.045455 0.26263
0.065657 0.28788
0.09596 0.30808
0.12626 0.32323
0.15657 0.33838
0.18182 0.35859
0.20707 0.37879
0.23737 0.39394
0.26768 0.40909
0.29798 0.42424
0.32828 0.43434
0.35859 0.43939
0.38889 0.44444
0.41919 0.44444
0.43939 0.46465
0.44444 0.49495
0.44949 0.52525
0.45455 0.55051
# triangles
69 97 99
68 69 99
39 40 41
42 55 56
69 94 95
69 95 97
66 67 99
67 68 99
32 65 66
32 66 99
32 64 65
1 8 27
8 19 27
34 62 63
32 63 64
32 34 63
69 70 94
70 71 72
74 91 93
74 93 94
70 74 94
91 92 93
83 84 85
97 98 99
3 4 5
41 42 59
42 58 59
36 41 59
59 60 61
36 59 61
42 57 58
42 56 57
42 53 55
45 51 52
95 96 97
32 33 34
35 61 62
35 36 61
34 35 62
37 39 41
36 37 41
1 27 28
19 20 27
20 26 27
80 81 82
79 80 82
70 72 73
70 73 74
83 85 86
79 82 86
82 83 86
0 1 28
1 7 8
1 2 7
11 15 16
11 16 17
12 14 15
11 12 15
12 13 14
10 17 18
10 11 17
53 54 55
44 52 53
44 45 52
48 49 50
47 48 50
45 46 51
46 47 50
46 50 51
31 32 99
31 99 100
31 100 101
30 101 102
30 31 101
37 38 39
29 30 102
0 29 102
0 28 29
21 25 26
20 21 26
74 75 91
77 78 90
78 89 90
76 77 90
75 90 91
75 76 90
2 3 6
2 6 7
3 5 6
42 43 53
43 44 53
22 24 25
21 22 25
22 23 24
79 86 88
86 87 88
78 79 88
78 88 89
9 10 18
8 9 19
9 18 19
