# points
0.040816 0.4898
0.040816 0.5102
0.047619 0.53061
0.047619 0.55102
0.054422 0.57143
0.068027 0.59184
0.081633 0.61224
0.10204 0.63265
0.11565 0.65306
0.12245 0.67347
0.12925 0.69388
0.13605 0.71429
0.13605 0.73469
0.14286 0.7551
0.14966 0.77551
0.14966 0.79592
0.15646 0.81633
0.15646 0.83673
0.16327 0.85714
0.16327 0.87755
0.17007 0.89796
0.17007 0.91837
0.17007 0.93878
0.17687 0.95918
0.18367 0.97959
0.19048 1
0.21088 1
0.23129 1
0.2517 1
0.27211 0.9932
0.29252 0.9932
0.31293 0.98639
0.31973 0.96599
0.31973 0.94558
0.31973 0.92517
0.31973 0.90476
0.31293 0.88435
0.30612 0.86395
0.29932 0.84354
0.29252 0.82313
0.28571 0.80272
0.28571 0.78231
0.27891 0.7619
0.27891 0.7415
0.27891 0.72109
0.27891 0.70068
0.27891 0.68027
0.27891 0.65986
0.27891 0.63946
0.28571 0.61905
0.29252 0.59864
0.29932 0.57823
0.30612 0.55782
0.30612 0.53741
0.31293 0.51701
0.31293 0.4966
0.31293 0.47619
0.31293 0.45578
0.31293 0.43537
0.31293 0.41497
0.31293 0.39456
0.31293 0.37415
0.31293 0.35374
0.31293 0.33333
0.31293 0.31293
0.31293 0.29252
0.31293 0.27211
0.30612 0.2517
0.30612 0.23129
0.29932 0.21088
0.29932 0.19048
0.29252 0.17007
0.29252 0.14966
0.29252 0.12925
0.28571 0.10884
0.28571 0.088435
0.27891 0.068027
0.27211 0.047619
0.27211 0.027211
0.2585 0.0068027
0.2381 0
0.21769 0
0.19728 0
0.17687 0
0.15646 0
0.13605 0
0.11565 0
0.095238 0
0.07483 0
0.054422 0.0068027
0.034014 0.013605
0.013605 0.020408
0.0068027 0.040816
0 0.061224
0 0.081633
0 0.10204
0 0.12245
0 0.14286
0 0.16327
0 0.18367
0 0.20408
0 0.22449
0 0.2449
0.0068027 0.26531
0.0068027 0.28571
0.013605 0.30612
0.013605 0.32653
0.020408 0.34694
0.027211 0.36735
0.027211 0.38776
0.027211 0.40816
0.034014 0.42857
0.034014 0.44898
0.034014 0.46939
0.040816 0.4898
0.040816 0.4898
# triangles
78 79 80
30 31 32
77 78 80
90 91 92
76 77 82
63 64 108
85 86 96
85 96 97
53 54 55
16 40 42
40 41 42
62 63 108
61 62 108
21 23 29
16 18 40
16 17 18
29 33 34
21 29 34
77 80 81
77 81 82
76 82 83
60 61 109
61 108 109
86 95 96
2 53 55
51 52 53
7 51 53
7 50 51
18 38 39
18 39 40
13 43 44
64 107 108
64 65 107
14 16 42
14 15 16
13 14 43
14 42 43
27 28 29
23 27 29
21 34 36
59 60 111
60 109 111
58 59 111
87 88 89
86 87 95
87 89 94
87 94 95
101 102 103
69 101 103
71 100 101
69 71 101
67 69 103
65 66 67
71 98 99
71 99 100
69 70 71
71 72 98
21 22 23
10 11 46
11 13 44
11 12 13
10 46 47
8 9 48
9 47 48
9 10 47
7 49 50
7 8 49
8 48 49
11 44 45
11 45 46
23 24 27
20 21 36
18 20 38
18 19 20
34 35 36
109 110 111
57 58 112
58 111 112
65 105 107
65 67 105
105 106 107
67 103 105
67 68 69
74 97 98
72 74 98
74 84 85
74 85 97
74 83 84
74 75 76
74 76 83
2 4 5
2 5 53
2 3 4
103 104 105
24 25 26
24 26 27
20 37 38
20 36 37
0 57 112
0 112 113
0 56 57
0 1 2
0 55 56
0 2 55
72 73 74
6 7 53
5 6 53
29 30 33
30 32 33
89 90 94
92 93 94
90 92 94
