# points
0.040541 0.47297
0.047297 0.49324
0.047297 0.51351
0.054054 0.53378
0.060811 0.55405
0.067568 0.57432
0.074324 0.59459
0.087838 0.61486
0.10135 0.63514
0.11486 0.65541
0.12162 0.67568
0.12838 0.69595
0.13514 0.71622
0.13514 0.73649
0.13514 0.75676
0.14189 0.77703
0.14189 0.7973
0.14189 0.81757
0.14189 0.83784
0.14189 0.85811
0.14865 0.87838
0.15541 0.89865
0.16216 0.91892
0.16216 0.93919
0.16892 0.95946
0.16892 0.97973
0.17568 1
0.19595 1
0.21622 1
0.23649 0.99324
0.25676 0.99324
0.27703 0.98649
0.28378 0.96622
0.27703 0.94595
0.27703 0.92568
0.26351 0.90541
0.26351 0.88514
0.25676 0.86486
0.25676 0.84459
0.25676 0.82432
0.25676 0.80405
0.25676 0.78378
0.25676 0.76351
0.25676 0.74324
0.25676 0.72297
0.25676 0.7027
0.25676 0.68243
0.25676 0.66216
0.25676 0.64189
0.26351 0.62162
0.26351 0.60135
0.27027 0.58108
0.27703 0.56081
0.28378 0.54054
0.28378 0.52027
0.29054 0.5
0.29054 0.47973
0.29054 0.45946
0.29054 0.43919
0.29054 0.41892
0.29054 0.39865
0.29054 0.37838
0.29054 0.35811
0.29054 0.33784
0.29054 0.31757
0.29054 0.2973
0.28378 0.27703
0.27703 0.25676
0.27027 0.23649
0.27027 0.21622
0.26351 0.19595
0.26351 0.17568
0.26351 0.15541
0.26351 0.13514
0.25676 0.11486
0.25676 0.094595
0.25 0.074324
0.25 0.054054
0.24324 0.033784
0.22973 0.013514
0.20946 0.013514
0.18919 0.013514
0.16892 0.013514
0.14865 0.0067568
0.12838 0.0067568
0.10811 0.0067568
0.087838 0
0.067568 0
0.047297 0
0.027027 0
0.0067568 0.0067568
0 0.027027
0 0.047297
0.0067568 0.067568
0.0067568 0.087838
0.0067568 0.10811
0.0067568 0.12838
0.0067568 0.14865
0.0067568 0.16892
0.0067568 0.18919
0.0067568 0.20946
0.013514 0.22973
0.013514 0.25
0.02027 0.27027
0.027027 0.29054
0.027027 0.31081
0.033784 0.33108
0.033784 0.35135
0.040541 0.37162
0.040541 0.39189
0.040541 0.41216
0.040541 0.43243
0.040541 0.4527
0.040541 0.47297
0.040541 0.47297
# triangles
89 90 91
30 31 32
25 26 27
22 35 36
5 6 7
61 62 108
54 55 56
1 54 56
61 108 109
58 59 111
59 110 111
70 101 103
101 102 103
68 103 104
68 70 103
76 81 82
1 2 3
3 4 54
1 3 54
5 7 51
24 27 28
24 25 27
24 28 29
24 29 35
13 43 44
15 42 43
17 39 40
20 21 37
20 37 38
17 18 39
18 38 39
12 13 44
9 10 48
0 1 112
58 111 112
62 63 108
63 106 108
63 64 106
68 69 70
1 56 57
1 57 112
57 58 112
60 61 109
60 109 110
59 60 110
64 65 66
64 66 106
106 107 108
77 78 80
78 79 80
70 99 101
88 92 93
87 88 93
82 84 96
52 53 54
4 52 54
4 5 52
5 51 52
22 23 35
23 24 35
29 33 35
30 32 33
29 30 33
13 14 43
14 15 43
15 41 42
19 20 38
18 19 38
7 50 51
7 8 50
8 9 50
9 48 50
48 49 50
66 67 106
67 68 104
67 104 106
104 105 106
72 73 74
74 82 96
74 76 82
74 75 76
70 71 99
71 98 99
71 72 98
99 100 101
85 86 87
85 87 93
85 93 94
82 83 84
11 12 46
33 34 35
16 17 40
16 40 41
15 16 41
72 97 98
72 74 97
74 96 97
85 94 95
12 44 45
12 45 46
10 47 48
10 11 47
11 46 47
88 91 92
88 89 91
77 80 81
76 77 81
21 22 37
22 36 37
84 85 95
84 95 96
