# points
0.034014 0.46259
0.034014 0.48299
0.034014 0.5034
0.040816 0.52381
0.040816 0.54422
0.047619 0.56463
0.054422 0.58503
0.061224 0.60544
0.068027 0.62585
0.081633 0.64626
0.088435 0.66667
0.095238 0.68707
0.10204 0.70748
0.10884 0.72789
0.10884 0.7483
0.11565 0.76871
0.11565 0.78912
0.11565 0.80952
0.12245 0.82993
0.12925 0.85034
0.12925 0.87075
0.13605 0.89116
0.13605 0.91156
0.13605 0.93197
0.14286 0.95238
0.14286 0.97279
0.14966 0.9932
0.17007 1
0.19048 1
0.21088 1
0.23129 1
0.2517 0.98639
0.2517 0.96599
0.2449 0.94558
0.2449 0.92517
0.2381 0.90476
0.2381 0.88435
0.23129 0.86395
0.23129 0.84354
0.23129 0.82313
0.23129 0.80272
0.23129 0.78231
0.23129 0.7619
0.23129 0.7415
0.23129 0.72109
0.23129 0.70068
0.23129 0.68027
0.2381 0.65986
0.2449 0.63946
0.2517 0.61905
0.2517 0.59864
0.2585 0.57823
0.26531 0.55782
0.26531 0.53741
0.26531 0.51701
0.26531 0.4966
0.26531 0.47619
0.2585 0.45578
0.2585 0.43537
0.2585 0.41497
0.2585 0.39456
0.2585 0.37415
0.2585 0.35374
0.2585 0.33333
0.2585 0.31293
0.2517 0.29252
0.2517 0.27211
0.2449 0.2517
0.2449 0.23129
0.2381 0.21088
0.2381 0.19048
0.23129 0.17007
0.23129 0.14966
0.23129 0.12925
0.22449 0.10884
0.22449 0.088435
0.22449 0.068027
0.22449 0.047619
0.22449 0.027211
0.21769 0.0068027
0.19728 0
0.17687 0
0.15646 0
0.13605 0
0.11565 0.0068027
0.095238 0.0068027
0.07483 0.013605
0.054422 0.020408
0.034014 0.020408
0.013605 0.020408
0 0.034014
0 0.054422
0 0.07483
0.0068027 0.095238
0.0068027 0.11565
0.0068027 0.13605
0.0068027 0.15646
0.0068027 0.17687
0.0068027 0.19728
0.0068027 0.21769
0.0068027 0.2381
0.0068027 0.2585
0.0068027 0.27891
0.0068027 0.29932
0.013605 0.31973
0.013605 0.34014
0.020408 0.36054
0.020408 0.38095
0.027211 0.40136
0.027211 0.42177
0.034014 0.44218
0.034014 0.46259
0.034014 0.46259
# triangles
78 79 80
3 4 5
25 26 27
69 71 99
9 48 50
3 55 57
6 7 50
7 9 50
3 54 55
3 5 54
57 58 110
67 68 69
67 101 102
67 69 101
71 97 98
71 98 99
74 84 94
74 75 84
48 49 50
6 50 51
5 6 51
11 12 46
10 11 46
13 14 43
13 43 44
55 56 57
7 8 9
19 20 37
21 35 36
21 36 37
20 21 37
0 57 110
65 67 104
102 103 104
67 102 104
65 104 106
104 105 106
58 59 110
106 107 108
69 70 71
65 66 67
69 99 100
69 100 101
71 96 97
87 92 93
82 83 84
5 53 54
5 51 53
51 52 53
12 13 45
12 45 46
13 44 45
10 46 47
9 10 47
9 47 48
15 41 42
14 15 43
15 42 43
16 17 40
16 40 41
15 16 41
19 37 38
17 18 40
30 31 32
29 30 32
29 32 33
22 23 35
21 22 35
1 3 57
0 1 57
1 2 3
63 65 106
108 109 110
60 61 108
59 60 110
60 108 110
74 94 95
74 95 96
84 85 86
84 86 94
86 87 93
86 93 94
75 76 84
76 82 84
19 38 39
18 39 40
18 19 39
24 33 34
23 24 35
24 34 35
62 63 106
61 62 108
62 106 108
63 64 65
28 29 33
24 28 33
72 73 74
71 72 96
72 74 96
88 90 91
88 89 90
88 91 92
87 88 92
77 80 81
77 78 80
76 81 82
76 77 81
25 27 28
24 25 28
