# points
0.02381 0.38095
0.02381 0.39881
0.017857 0.41667
0.017857 0.43452
0.011905 0.45238
0.011905 0.47024
0.0059524 0.4881
0 0.50595
0 0.52381
0 0.54167
0 0.55952
0 0.57738
0 0.59524
0 0.6131
0 0.63095
0 0.64881
0 0.66667
0.0059524 0.68452
0.0059524 0.70238
0.0059524 0.72024
0.011905 0.7381
0.011905 0.75595
0.011905 0.77381
0.011905 0.79167
0.011905 0.80952
0.011905 0.82738
0.011905 0.84524
0.011905 0.8631
0.011905 0.88095
0.011905 0.89881
0.011905 0.91667
0.011905 0.93452
0.011905 0.95238
0.02381 0.97024
0.041667 0.97024
0.059524 0.97619
0.077381 0.9881
0.095238 1
0.1131 0.9881
0.11905 0.97024
0.11905 0.95238
0.125 0.93452
0.125 0.91667
0.1369 0.89881
0.14286 0.88095
0.14881 0.8631
0.15476 0.84524
0.16071 0.82738
0.16667 0.80952
0.17262 0.79167
0.17857 0.77381
0.17857 0.75595
0.18452 0.7381
0.19643 0.72024
0.19643 0.70238
0.20238 0.68452
0.20833 0.66667
0.22024 0.64881
0.22619 0.63095
0.2381 0.6131
0.24405 0.59524
0.25 0.57738
0.25595 0.55952
0.25595 0.54167
0.2619 0.52381
0.2619 0.50595
0.26786 0.4881
0.26786 0.47024
0.27381 0.45238
0.27381 0.43452
0.27381 0.41667
0.27976 0.39881
0.28571 0.38095
0.28571 0.3631
0.29167 0.34524
0.29167 0.32738
0.29167 0.30952
0.29762 0.29167
0.29762 0.27381
0.29762 0.25595
0.30357 0.2381
0.30357 0.22024
0.30357 0.20238
0.30952 0.18452
0.30952 0.16667
0.31548 0.14881
0.31548 0.13095
0.31548 0.1131
0.31548 0.095238
0.31548 0.077381
0.32143 0.059524
0.30357 0.047619
0.28571 0.041667
0.26786 0.035714
0.25 0.029762
0.23214 0.02381
0.21429 0.017857
0.19643 0.017857
0.17857 0.017857
0.16071 0.011905
0.14286 0.0059524
0.125 0.0059524
0.10714 0
0.089286 0.011905
0.083333 0.029762
0.077381 0.047619
0.077381 0.065476
0.071429 0.083333
0.065476 0.10119
0.065476 0.11905
0.065476 0.1369
0.059524 0.15476
0.053571 0.17262
0.053571 0.19048
0.047619 0.20833
0.047619 0.22619
0.041667 0.24405
0.041667 0.2619
0.041667 0.27976
0.035714 0.29762
0.035714 0.31548
0.029762 0.33333
0.029762 0.35119
0.02381 0.36905
0.02381 0.38095
# triangles
32 33 34
36 37 38
97 98 110
1 2 3
1 3 67
1 67 69
73 120 122
71 73 122
118 119 120
95 96 97
82 84 110
84 97 110
84 95 97
82 83 84
6 7 8
98 106 107
3 4 5
3 5 65
3 65 67
67 68 69
1 70 122
70 71 122
1 69 70
73 74 75
73 75 120
75 76 118
75 118 120
76 77 78
82 110 111
82 111 113
81 82 113
35 36 40
36 38 39
36 39 40
9 10 60
9 60 61
98 109 110
98 107 109
98 99 106
99 100 106
101 105 106
100 101 106
101 102 103
5 63 65
5 6 63
6 8 63
61 62 63
8 9 63
9 61 63
65 66 67
71 72 73
120 121 122
0 1 122
0 122 123
84 86 95
84 85 86
79 80 81
79 81 113
35 40 41
101 103 104
101 104 105
63 64 65
87 88 93
87 93 94
86 94 95
86 87 94
111 112 113
79 113 115
78 79 115
35 41 42
10 11 58
11 12 58
12 56 58
58 59 60
10 58 60
17 54 55
52 53 54
17 52 54
88 92 93
107 108 109
113 114 115
115 116 117
78 115 117
76 117 118
76 78 117
22 48 49
22 23 48
23 47 48
24 25 46
24 46 47
23 24 47
26 44 45
25 45 46
25 26 45
26 27 44
27 43 44
27 42 43
27 28 42
30 34 35
30 35 42
56 57 58
89 91 92
88 89 92
89 90 91
28 29 42
29 30 42
31 32 34
30 31 34
12 13 56
13 14 56
15 17 55
15 16 17
15 55 56
14 15 56
17 18 52
18 20 52
20 51 52
49 50 51
18 19 20
20 21 51
21 22 49
21 49 51
