# points
0.018293 0.38415
0.018293 0.40244
0.012195 0.42073
0.012195 0.43902
0.012195 0.45732
0.012195 0.47561
0.012195 0.4939
0.012195 0.5122
0.012195 0.53049
0.012195 0.54878
0.018293 0.56707
0.018293 0.58537
0.018293 0.60366
0.018293 0.62195
0.018293 0.64024
0.018293 0.65854
0.018293 0.67683
0.012195 0.69512
0.012195 0.71341
0.012195 0.73171
0.012195 0.75
0.012195 0.76829
0.012195 0.78659
0.012195 0.80488
0.012195 0.82317
0.012195 0.84146
0.012195 0.85976
0.012195 0.87805
0.012195 0.89634
0.0060976 0.91463
0.0060976 0.93293
0 0.95122
0 0.96951
0.012195 0.98171
0.030488 0.9878
0.04878 1
0.067073 0.9939
0.085366 0.98171
0.091463 0.96341
0.097561 0.94512
0.10366 0.92683
0.10976 0.90854
0.11585 0.89024
0.12195 0.87195
0.12805 0.85366
0.12805 0.83537
0.13415 0.81707
0.14024 0.79878
0.14634 0.78049
0.15244 0.7622
0.16463 0.7439
0.17683 0.72561
0.18902 0.70732
0.20122 0.68902
0.21341 0.67073
0.21951 0.65244
0.22561 0.63415
0.23171 0.61585
0.2378 0.59756
0.2439 0.57927
0.25 0.56098
0.2561 0.54268
0.2622 0.52439
0.2622 0.5061
0.26829 0.4878
0.27439 0.46951
0.27439 0.45122
0.28049 0.43293
0.28659 0.41463
0.28659 0.39634
0.29268 0.37805
0.29878 0.35976
0.29878 0.34146
0.29878 0.32317
0.30488 0.30488
0.30488 0.28659
0.30488 0.26829
0.31098 0.25
0.31098 0.23171
0.31098 0.21341
0.31098 0.19512
0.31707 0.17683
0.31707 0.15854
0.31707 0.14024
0.31707 0.12195
0.32317 0.10366
0.32317 0.085366
0.32927 0.067073
0.31707 0.04878
0.29878 0.030488
0.28049 0.018293
0.2622 0.012195
0.2439 0.0060976
0.22561 0.0060976
0.20732 0
0.18902 0
0.17073 0
0.15244 0
0.13415 0
0.11585 0
0.097561 0.0060976
0.091463 0.02439
0.085366 0.042683
0.079268 0.060976
0.079268 0.079268
0.079268 0.097561
0.073171 0.11585
0.073171 0.13415
0.067073 0.15244
0.060976 0.17073
0.054878 0.18902
0.04878 0.20732
0.04878 0.22561
0.04878 0.2439
0.042683 0.2622
0.036585 0.28049
0.036585 0.29878
0.030488 0.31707
0.02439 0.33537
0.018293 0.35366
0.018293 0.37195
0.018293 0.38415
# triangles
31 32 33
31 33 34
91 92 93
34 35 36
30 31 34
86 87 88
86 88 89
86 89 90
86 90 91
83 105 107
93 94 95
93 95 105
61 62 63
7 61 63
80 107 108
80 108 109
84 93 105
83 84 105
84 91 93
84 86 91
84 85 86
69 117 118
69 116 117
69 70 116
76 112 113
110 111 112
105 106 107
4 5 63
1 2 3
1 3 66
82 83 107
80 82 107
80 81 82
79 80 109
78 79 110
79 109 110
72 73 116
70 72 116
70 71 72
64 65 66
4 63 64
3 4 64
3 64 66
73 74 75
73 75 113
75 76 113
8 9 10
16 17 18
14 15 52
95 96 105
114 115 116
73 113 114
73 114 116
6 7 63
5 6 63
69 118 120
0 69 120
118 119 120
67 68 69
1 66 67
0 67 69
0 1 67
76 77 78
22 23 46
18 19 49
19 20 49
13 14 53
14 52 53
97 98 102
97 102 104
96 97 104
96 104 105
23 24 45
23 45 46
16 18 50
18 49 50
20 21 48
20 48 49
12 13 55
13 53 55
98 101 102
99 100 101
98 99 101
102 103 104
24 25 45
16 50 51
15 16 51
15 51 52
21 22 47
21 47 48
22 46 47
11 12 56
12 55 56
29 30 39
53 54 55
10 11 57
11 56 57
34 36 38
36 37 38
30 34 38
30 38 39
28 40 41
27 28 41
27 41 42
25 44 45
25 43 44
25 26 43
26 27 42
26 42 43
10 57 58
10 58 59
7 60 61
7 8 60
8 10 60
10 59 60
78 110 112
76 78 112
28 39 40
28 29 39
