# points
0.0059172 0.3787
0.0059172 0.39645
0.0059172 0.4142
0.0059172 0.43195
0.0059172 0.4497
0.0059172 0.46746
0.0059172 0.48521
0.0059172 0.50296
0.0059172 0.52071
0.0059172 0.53846
0.011834 0.55621
0.017751 0.57396
0.017751 0.59172
0.017751 0.60947
0.017751 0.62722
0.017751 0.64497
0.017751 0.66272
0.017751 0.68047
0.017751 0.69822
0.017751 0.71598
0.011834 0.73373
0.011834 0.75148
0.0059172 0.76923
0.0059172 0.78698
0.0059172 0.80473
0 0.82249
0 0.84024
0 0.85799
0 0.87574
0 0.89349
0 0.91124
0 0.92899
0 0.94675
0 0.9645
0.017751 0.97633
0.035503 0.98225
0.053254 0.99408
0.071006 1
0.088757 1
0.10651 0.99408
0.11243 0.97633
0.11834 0.95858
0.11834 0.94083
0.12426 0.92308
0.12426 0.90533
0.13018 0.88757
0.13609 0.86982
0.14201 0.85207
0.14201 0.83432
0.14793 0.81657
0.14793 0.79882
0.15385 0.78107
0.15385 0.76331
0.15976 0.74556
0.15976 0.72781
0.1716 0.71006
0.17751 0.69231
0.19527 0.67456
0.2071 0.6568
0.21893 0.63905
0.23077 0.6213
0.2426 0.60355
0.24852 0.5858
0.25444 0.56805
0.26036 0.5503
0.26627 0.53254
0.26627 0.51479
0.27219 0.49704
0.27219 0.47929
0.27811 0.46154
0.27811 0.44379
0.28402 0.42604
0.28402 0.40828
0.28994 0.39053
0.28994 0.37278
0.28994 0.35503
0.28994 0.33728
0.28994 0.31953
0.29586 0.30178
0.30178 0.28402
0.30178 0.26627
0.30769 0.24852
0.30769 0.23077
0.31361 0.21302
0.31361 0.19527
0.31361 0.17751
0.31361 0.15976
0.31361 0.14201
0.31361 0.12426
0.31361 0.10651
0.30769 0.088757
0.28994 0.076923
0.27219 0.059172
0.25444 0.047337
0.23669 0.035503
0.21893 0.023669
0.20118 0.011834
0.18343 0.0059172
0.16568 0
0.14793 0
0.13018 0
0.11243 0
0.094675 0
0.076923 0.0059172
0.065089 0.017751
0.059172 0.035503
0.053254 0.053254
0.053254 0.071006
0.053254 0.088757
0.053254 0.10651
0.053254 0.12426
0.053254 0.14201
0.047337 0.15976
0.04142 0.17751
0.04142 0.19527
0.035503 0.21302
0.029586 0.23077
0.029586 0.24852
0.023669 0.26627
0.023669 0.28402
0.017751 0.30178
0.011834 0.31953
0.011834 0.33728
0.0059172 0.35503
0.0059172 0.37278
0.0059172 0.3787
# triangles
80 82 114
80 81 82
82 112 114
82 111 112
89 90 91
85 86 111
19 21 52
21 22 23
80 114 115
80 115 117
77 117 119
88 89 91
82 83 84
82 84 111
84 85 111
19 20 21
64 65 66
66 67 68
24 25 26
24 26 48
30 42 44
11 59 60
36 41 42
112 113 114
76 77 119
78 80 117
77 78 117
78 79 80
87 88 91
87 91 92
94 110 111
97 108 109
115 116 117
122 123 124
75 76 122
97 99 108
99 100 108
97 98 99
14 15 56
17 18 54
17 54 56
18 19 54
52 53 54
19 52 54
7 64 66
6 7 66
5 66 68
5 6 66
0 122 124
24 48 50
48 49 50
23 24 50
21 50 52
21 23 50
35 36 42
29 30 44
30 31 42
31 35 42
11 60 62
13 57 58
13 14 56
13 56 57
12 58 59
11 12 59
12 13 58
42 43 44
74 75 122
93 94 111
86 93 111
86 87 93
87 92 93
94 95 110
95 109 110
95 96 97
95 97 109
117 118 119
100 107 108
100 101 107
16 17 56
15 16 56
50 51 52
54 55 56
3 4 68
4 5 68
72 73 74
0 72 122
72 74 122
28 29 44
27 28 45
28 44 45
32 33 34
32 34 35
31 32 35
11 62 63
10 63 64
10 11 63
60 61 62
46 47 48
26 46 48
26 27 46
27 45 46
120 121 122
76 119 120
76 120 122
101 102 105
105 106 107
101 105 107
7 8 64
8 10 64
8 9 10
38 39 40
37 38 40
36 37 40
36 40 41
0 1 72
2 3 70
70 71 72
3 68 70
68 69 70
1 70 72
1 2 70
102 103 105
103 104 105
