# points
0.005848 0.36842
0 0.38596
0 0.40351
0 0.42105
0 0.4386
0 0.45614
0 0.47368
0 0.49123
0 0.50877
0 0.52632
0 0.54386
0.005848 0.5614
0.005848 0.57895
0.011696 0.59649
0.023392 0.61404
0.023392 0.63158
0.02924 0.64912
0.02924 0.66667
0.035088 0.68421
0.035088 0.70175
0.035088 0.7193
0.035088 0.73684
0.035088 0.75439
0.035088 0.77193
0.035088 0.78947
0.035088 0.80702
0.035088 0.82456
0.035088 0.84211
0.035088 0.85965
0.035088 0.87719
0.035088 0.89474
0.035088 0.91228
0.035088 0.92982
0.035088 0.94737
0.035088 0.96491
0.046784 0.98246
0.05848 0.99415
0.076023 1
0.093567 1
0.11111 0.99415
0.12281 0.98246
0.1345 0.96491
0.14035 0.94737
0.1462 0.92982
0.15205 0.91228
0.15789 0.89474
0.15789 0.87719
0.16374 0.85965
0.16374 0.84211
0.16374 0.82456
0.16959 0.80702
0.16959 0.78947
0.17544 0.77193
0.18129 0.75439
0.18713 0.73684
0.19298 0.7193
0.19883 0.70175
0.21053 0.68421
0.22222 0.66667
0.22807 0.64912
0.23392 0.63158
0.24561 0.61404
0.24561 0.59649
0.25731 0.57895
0.26316 0.5614
0.26316 0.54386
0.26901 0.52632
0.26901 0.50877
0.27485 0.49123
0.2807 0.47368
0.2807 0.45614
0.28655 0.4386
0.28655 0.42105
0.2924 0.40351
0.2924 0.38596
0.29825 0.36842
0.29825 0.35088
0.29825 0.33333
0.30409 0.31579
0.30409 0.29825
0.30409 0.2807
0.30409 0.26316
0.30994 0.24561
0.30994 0.22807
0.30994 0.21053
0.31579 0.19298
0.31579 0.17544
0.31579 0.15789
0.32164 0.14035
0.32749 0.12281
0.32749 0.10526
0.33333 0.087719
0.33333 0.070175
0.33333 0.052632
0.33918 0.035088
0.33918 0.017544
0.32164 0.011696
0.30409 0.005848
0.28655 0.005848
0.26901 0.005848
0.25146 0
0.23392 0
0.21637 0
0.19883 0
0.18129 0
0.16374 0.005848
0.1462 0
0.12865 0
0.11111 0
0.093567 0
0.076023 0
0.05848 0.011696
0.046784 0.02924
0.040936 0.046784
0.035088 0.064327
0.02924 0.081871
0.02924 0.099415
0.02924 0.11696
0.02924 0.1345
0.02924 0.15205
0.023392 0.16959
0.023392 0.18713
0.023392 0.20468
0.023392 0.22222
0.017544 0.23977
0.017544 0.25731
0.017544 0.27485
0.011696 0.2924
0.011696 0.30994
0.011696 0.32749
0.005848 0.34503
0.005848 0.36257
0.005848 0.36842
# triangles
38 39 40
77 79 126
99 100 101
94 95 96
77 78 79
77 128 129
77 126 128
126 127 128
90 99 101
90 92 99
90 91 92
33 40 41
33 41 42
32 33 42
18 19 55
18 55 56
9 10 11
20 21 53
11 13 14
11 12 13
22 23 51
28 29 46
3 70 72
0 74 129
0 72 74
70 71 72
123 124 125
81 123 125
81 125 126
74 75 76
76 77 129
74 76 129
79 80 126
80 81 126
93 97 98
93 94 96
93 96 97
87 102 103
90 101 102
84 85 86
86 87 119
84 86 119
7 8 67
49 50 51
11 14 62
33 34 35
35 36 37
33 35 40
30 31 43
22 51 52
21 52 53
21 22 52
25 26 49
4 5 70
3 4 70
129 130 131
0 129 131
0 1 2
2 3 72
0 2 72
72 73 74
87 103 105
87 105 119
84 122 123
88 89 90
87 88 102
88 90 102
5 6 67
6 7 67
46 47 48
20 53 54
19 54 55
19 20 54
30 43 44
29 30 44
44 45 46
29 44 46
24 49 51
24 25 49
23 24 51
81 82 83
81 83 123
83 84 123
109 110 111
108 109 113
84 119 121
84 121 122
68 69 70
5 68 70
5 67 68
9 11 65
11 62 65
8 9 65
8 65 67
65 66 67
63 64 65
62 63 65
27 28 46
27 46 48
16 56 57
16 18 56
16 17 18
14 15 16
60 61 62
14 60 62
109 111 112
109 112 113
103 104 105
105 106 107
105 118 119
105 117 118
57 58 59
16 57 59
14 16 59
14 59 60
105 116 117
105 107 116
107 108 114
108 113 114
107 114 116
119 120 121
114 115 116
92 93 99
93 98 99
35 38 40
35 37 38
32 42 43
31 32 43
27 48 49
26 27 49
