# points
0.029762 0.38095
0.02381 0.39881
0.02381 0.41667
0.017857 0.43452
0.011905 0.45238
0.011905 0.47024
0.0059524 0.4881
0.0059524 0.50595
0.0059524 0.52381
0 0.54167
0 0.55952
0 0.57738
0 0.59524
0.0059524 0.6131
0.0059524 0.63095
0.011905 0.64881
0.011905 0.66667
0.017857 0.68452
0.02381 0.70238
0.02381 0.72024
0.02381 0.7381
0.02381 0.75595
0.02381 0.77381
0.029762 0.79167
0.029762 0.80952
0.029762 0.82738
0.029762 0.84524
0.029762 0.8631
0.029762 0.88095
0.029762 0.89881
0.029762 0.91667
0.029762 0.93452
0.029762 0.95238
0.029762 0.97024
0.047619 0.98214
0.065476 0.9881
0.083333 0.99405
0.10119 1
0.1131 0.98214
0.11905 0.96429
0.125 0.94643
0.125 0.92857
0.125 0.91071
0.125 0.89286
0.13095 0.875
0.1369 0.85714
0.14286 0.83929
0.15476 0.82143
0.16071 0.80357
0.16667 0.78571
0.17857 0.76786
0.18452 0.75
0.19048 0.73214
0.19643 0.71429
0.20238 0.69643
0.20833 0.67857
0.22024 0.66071
0.22619 0.64286
0.23214 0.625
0.2381 0.60714
0.24405 0.58929
0.25 0.57143
0.25 0.55357
0.25 0.53571
0.25 0.51786
0.25 0.5
0.25 0.48214
0.25 0.46429
0.25 0.44643
0.25595 0.42857
0.25595 0.41071
0.2619 0.39286
0.2619 0.375
0.26786 0.35714
0.26786 0.33929
0.27381 0.32143
0.27381 0.30357
0.27976 0.28571
0.27976 0.26786
0.27976 0.25
0.27976 0.23214
0.28571 0.21429
0.29167 0.19643
0.29167 0.17857
0.29762 0.16071
0.30357 0.14286
0.30357 0.125
0.30357 0.10714
0.30357 0.089286
0.30357 0.071429
0.30357 0.053571
0.29167 0.035714
0.27381 0.029762
0.25595 0.029762
0.2381 0.02381
0.22024 0.017857
0.20238 0.017857
0.18452 0.017857
0.16667 0.011905
0.14881 0.011905
0.13095 0.0059524
0.1131 0.0059524
0.095238 0
0.077381 0.0059524
0.065476 0.02381
0.059524 0.041667
0.053571 0.059524
0.047619 0.077381
0.041667 0.095238
0.041667 0.1131
0.029762 0.13095
0.029762 0.14881
0.029762 0.16667
0.029762 0.18452
0.029762 0.20238
0.029762 0.22024
0.029762 0.2381
0.029762 0.25595
0.029762 0.27381
0.029762 0.29167
0.029762 0.30952
0.029762 0.32738
0.029762 0.34524
0.029762 0.3631
0.029762 0.38095
0.029762 0.38095
# triangles
36 37 38
97 99 109
8 9 10
8 10 59
2 3 67
3 5 67
10 11 59
90 91 92
86 87 94
83 109 112
83 97 109
97 98 99
8 59 60
2 67 68
0 2 68
0 68 70
0 70 72
89 90 92
87 88 93
87 93 94
88 89 93
89 92 93
109 111 112
109 110 111
79 116 117
84 85 86
83 84 97
79 80 116
80 113 114
99 107 109
99 106 107
99 101 106
101 102 103
101 103 104
94 95 96
86 94 96
84 96 97
84 86 96
5 6 7
7 8 64
3 4 5
5 66 67
70 71 72
8 63 64
0 1 2
72 122 123
0 72 123
35 36 39
36 38 39
31 35 39
31 39 40
32 33 34
32 34 35
31 32 35
31 40 41
76 118 119
76 119 120
74 76 120
72 73 74
72 74 122
78 79 117
76 77 78
76 78 118
78 117 118
80 114 115
80 115 116
107 108 109
101 104 105
101 105 106
99 100 101
5 65 66
5 7 65
7 64 65
8 60 62
8 62 63
60 61 62
74 121 122
74 120 121
30 41 42
30 31 41
11 12 13
11 13 59
74 75 76
81 82 83
80 81 113
81 112 113
81 83 112
68 69 70
17 54 55
13 55 57
24 25 46
25 45 46
25 26 45
23 46 47
23 24 46
23 47 48
23 48 49
26 44 45
49 50 51
20 49 51
19 20 51
19 51 52
13 58 59
13 57 58
26 27 44
27 28 43
27 43 44
28 29 43
29 30 42
29 42 43
15 16 17
15 17 55
13 14 15
13 15 55
55 56 57
20 21 49
21 22 23
21 23 49
18 19 52
17 18 54
18 53 54
18 52 53
