# points
0.046667 0.46
0.046667 0.48
0.053333 0.5
0.06 0.52
0.066667 0.54
0.073333 0.56
0.086667 0.58
0.1 0.6
0.10667 0.62
0.12 0.64
0.12667 0.66
0.13333 0.68
0.14 0.7
0.14667 0.72
0.15333 0.74
0.15333 0.76
0.15333 0.78
0.16 0.8
0.16 0.82
0.16667 0.84
0.17333 0.86
0.17333 0.88
0.17333 0.9
0.17333 0.92
0.18 0.94
0.18 0.96
0.18 0.98
0.19333 1
0.21333 1
0.23333 0.99333
0.25333 0.98667
0.27333 0.98667
0.28667 0.96667
0.27333 0.94667
0.26667 0.92667
0.26667 0.90667
0.26 0.88667
0.25333 0.86667
0.24667 0.84667
0.24667 0.82667
0.24 0.80667
0.24 0.78667
0.24 0.76667
0.24 0.74667
0.24 0.72667
0.24 0.70667
0.24 0.68667
0.24 0.66667
0.24 0.64667
0.24 0.62667
0.24667 0.60667
0.24667 0.58667
0.25333 0.56667
0.26 0.54667
0.26 0.52667
0.26 0.50667
0.26 0.48667
0.26 0.46667
0.26 0.44667
0.26 0.42667
0.26 0.40667
0.26 0.38667
0.26 0.36667
0.26 0.34667
0.26 0.32667
0.26 0.30667
0.26 0.28667
0.26 0.26667
0.26 0.24667
0.26 0.22667
0.26 0.20667
0.26 0.18667
0.26 0.16667
0.25333 0.14667
0.25333 0.12667
0.24667 0.10667
0.24667 0.086667
0.24667 0.066667
0.24667 0.046667
0.24 0.026667
0.22667 0.0066667
0.20667 0.0066667
0.18667 0.0066667
0.16667 0
0.14667 0
0.12667 0
0.10667 0
0.086667 0
0.066667 0
0.046667 0
0.026667 0.0066667
0.0066667 0.02
0 0.04
0 0.06
0.0066667 0.08
0.0066667 0.1
0.013333 0.12
0.013333 0.14
0.02 0.16
0.02 0.18
0.02 0.2
0.02 0.22
0.026667 0.24
0.026667 0.26
0.026667 0.28
0.033333 0.3
0.033333 0.32
0.033333 0.34
0.033333 0.36
0.033333 0.38
0.04 0.4
0.04 0.42
0.046667 0.44
0.046667 0.46
0.046667 0.46
# triangles
90 91 92
90 92 93
82 83 84
78 79 81
79 80 81
52 53 54
7 51 52
25 28 29
24 25 29
24 29 34
75 84 85
76 82 84
75 76 84
73 74 75
71 72 73
4 54 55
3 55 56
3 4 55
6 7 52
6 52 54
4 6 54
4 5 6
14 44 45
26 27 28
25 26 28
20 37 38
20 21 37
21 22 37
31 32 33
30 31 33
24 34 35
76 77 82
2 3 56
2 56 57
61 62 110
60 61 110
13 14 45
13 45 46
12 13 46
10 11 48
10 48 49
49 50 51
14 15 43
15 42 43
14 43 44
22 36 37
23 24 35
22 23 36
23 35 36
62 63 108
62 108 110
0 1 2
0 57 58
0 2 57
59 60 112
60 110 112
58 59 112
0 58 112
11 47 48
12 46 47
11 12 47
9 49 51
9 10 49
18 19 40
19 39 40
19 20 38
19 38 39
15 16 42
17 40 41
17 18 40
17 41 42
16 17 42
67 68 103
108 109 110
110 111 112
7 8 51
8 9 51
68 69 102
68 102 103
69 70 102
66 67 105
67 103 105
65 66 105
70 71 100
70 100 102
103 104 105
64 65 106
65 105 106
71 73 99
71 99 100
100 101 102
63 64 107
64 106 107
63 107 108
73 75 98
73 98 99
75 85 96
75 96 98
85 86 96
86 87 96
87 88 94
87 94 96
88 89 94
96 97 98
94 95 96
29 33 34
29 30 33
77 78 81
77 81 82
90 93 94
89 90 94
