# points
0.041667 0.48611
0.048611 0.50694
0.055556 0.52778
0.055556 0.54861
0.0625 0.56944
0.069444 0.59028
0.090278 0.60417
0.11111 0.625
0.125 0.64583
0.14583 0.66667
0.15972 0.6875
0.15972 0.70833
0.16667 0.72917
0.17361 0.75
0.18056 0.77083
0.18056 0.79167
0.18056 0.8125
0.1875 0.83333
0.1875 0.85417
0.1875 0.875
0.19444 0.89583
0.19444 0.91667
0.20139 0.9375
0.20139 0.95833
0.20833 0.97917
0.22917 0.99306
0.25 0.99306
0.27083 1
0.29167 0.99306
0.29861 0.97222
0.29861 0.95139
0.29861 0.93056
0.29861 0.90972
0.29861 0.88889
0.29861 0.86806
0.29861 0.84722
0.29861 0.82639
0.29861 0.80556
0.29167 0.78472
0.29167 0.76389
0.28472 0.74306
0.28472 0.72222
0.28472 0.70139
0.28472 0.68056
0.28472 0.65972
0.28472 0.63889
0.29167 0.61806
0.29167 0.59722
0.29861 0.57639
0.29861 0.55556
0.30556 0.53472
0.30556 0.51389
0.30556 0.49306
0.30556 0.47222
0.30556 0.45139
0.30556 0.43056
0.30556 0.40972
0.30556 0.38889
0.30556 0.36806
0.29861 0.34722
0.29861 0.32639
0.29861 0.30556
0.29167 0.28472
0.29167 0.26389
0.29167 0.24306
0.28472 0.22222
0.28472 0.20139
0.28472 0.18056
0.28472 0.15972
0.28472 0.13889
0.28472 0.11806
0.27778 0.097222
0.27778 0.076389
0.27778 0.055556
0.27778 0.034722
0.27083 0.013889
0.25 0.0069444
0.22917 0.0069444
0.20833 0
0.1875 0
0.16667 0
0.14583 0
0.125 0
0.10417 0
0.083333 0.0069444
0.0625 0.013889
0.041667 0.020833
0.020833 0.020833
0 0.034722
0 0.055556
0 0.076389
0 0.097222
0 0.11806
0 0.13889
0 0.15972
0.0069444 0.18056
0.013889 0.20139
0.013889 0.22222
0.020833 0.24306
0.020833 0.26389
0.020833 0.28472
0.020833 0.30556
0.027778 0.32639
0.027778 0.34722
0.027778 0.36806
0.027778 0.38889
0.027778 0.40972
0.034722 0.43056
0.034722 0.45139
0.041667 0.47222
0.041667 0.48611
# triangles
27 28 29
26 27 29
23 24 25
23 25 26
10 11 42
11 12 42
74 75 76
53 54 109
62 100 102
100 101 102
9 10 45
86 87 89
86 89 90
87 88 89
86 90 91
71 80 81
1 53 109
1 2 53
0 1 109
2 52 53
2 51 52
49 50 51
2 49 51
54 55 109
55 56 107
55 107 109
56 57 107
57 59 107
57 58 59
59 104 105
59 105 107
59 103 104
26 29 30
20 32 33
20 21 32
22 30 31
21 22 32
22 31 32
22 23 26
22 26 30
17 36 37
17 35 36
20 33 34
19 20 34
17 37 38
16 17 38
85 86 91
85 91 92
84 85 92
96 97 98
82 84 92
82 83 84
69 70 71
69 71 81
66 96 98
66 67 96
63 65 99
63 64 65
65 98 99
65 66 98
107 108 109
2 3 4
13 14 40
10 44 45
9 45 47
45 46 47
8 9 47
47 48 49
17 18 35
18 19 34
18 34 35
14 15 38
15 16 38
71 79 80
71 72 79
72 77 79
77 78 79
72 73 77
69 81 95
69 95 96
67 68 96
68 69 96
105 106 107
2 6 49
2 4 6
4 5 6
60 61 62
60 62 102
14 38 39
14 39 40
13 40 41
12 13 41
12 41 42
10 42 43
10 43 44
7 47 49
7 8 47
6 7 49
93 94 95
82 92 93
81 82 93
81 93 95
62 63 99
62 99 100
73 76 77
73 74 76
60 102 103
59 60 103
