# points
0.29104 0.5
0.29851 0.53483
0.29353 0.56965
0.28109 0.60448
0.25622 0.6393
0.22388 0.67164
0.18905 0.69652
0.15423 0.71642
0.1194 0.73383
0.084577 0.75124
0.049751 0.76617
0.014925 0.78856
0 0.8209
0.032338 0.84577
0.062189 0.87313
0.094527 0.90299
0.12935 0.92786
0.16418 0.95025
0.199 0.97015
0.23383 0.98507
0.26866 0.99751
0.30348 1
0.33831 1
0.37313 0.99751
0.40796 0.99254
0.44279 0.98259
0.47761 0.96766
0.51244 0.94279
0.54478 0.91542
0.57711 0.88557
0.61194 0.8607
0.64677 0.84577
0.68159 0.85075
0.71642 0.85821
0.75124 0.86318
0.78109 0.84577
0.77363 0.81095
0.75871 0.77612
0.74129 0.74129
0.76866 0.71393
0.79353 0.68159
0.79602 0.64677
0.77363 0.61443
0.74378 0.58955
0.70896 0.56716
0.68657 0.54478
0.699 0.50995
0.72139 0.47512
0.75622 0.4403
0.78358 0.40547
0.79602 0.37065
0.79602 0.33582
0.79104 0.301
0.76617 0.27114
0.73134 0.26866
0.69652 0.27861
0.66169 0.29353
0.62687 0.30597
0.59204 0.31343
0.55721 0.31095
0.52239 0.29602
0.49254 0.26119
0.47761 0.22637
0.5 0.20896
0.53483 0.20149
0.56965 0.19154
0.60448 0.18159
0.6393 0.16915
0.67413 0.15672
0.70896 0.14179
0.74129 0.11443
0.72139 0.087065
0.68657 0.067164
0.65174 0.047264
0.61692 0.032338
0.58209 0.0199
0.54726 0.0074627
0.51244 0.0024876
0.47761 0
0.44279 0.0024876
0.40796 0.012438
0.37313 0.024876
0.33831 0.039801
0.30348 0.052239
0.26866 0.067164
0.23383 0.074627
0.199 0.087065
0.16667 0.11692
0.14428 0.15174
0.12438 0.18657
0.094527 0.21642
0.059701 0.21144
0.032338 0.23383
0.029851 0.26866
0.054726 0.301
0.089552 0.32836
0.12438 0.34826
0.1592 0.37065
0.19403 0.39303
0.22886 0.41791
0.26119 0.45025
0.28607 0.48507
0.29104 0.5
# triangles
64 76 77
40 41 42
0 60 101
46 47 58
69 70 71
63 77 78
63 64 77
39 40 42
38 39 43
39 42 43
32 37 38
31 32 38
30 31 45
3 30 45
3 29 30
3 4 29
38 43 44
31 38 44
31 44 45
46 58 59
45 46 59
0 59 60
90 92 93
60 100 101
10 11 13
10 13 14
11 12 13
8 15 16
7 8 16
66 74 75
66 67 74
67 73 74
65 66 75
64 65 76
65 75 76
67 68 73
48 49 56
60 61 100
4 25 27
4 27 28
4 28 29
34 35 36
0 1 59
1 45 59
90 91 92
5 23 24
5 22 23
4 5 25
5 24 25
6 18 19
7 16 17
6 17 18
6 7 17
68 72 73
69 71 72
68 69 72
47 57 58
47 48 57
48 56 57
50 51 55
49 50 55
49 55 56
63 78 79
62 63 81
25 26 27
33 34 36
32 33 37
33 36 37
2 3 45
1 2 45
90 93 94
90 94 95
90 95 96
9 10 14
9 14 15
8 9 15
62 84 88
5 6 21
6 19 21
5 21 22
19 20 21
51 54 55
62 81 82
62 88 98
61 99 100
61 62 99
62 98 99
63 80 81
63 79 80
89 96 97
89 90 96
89 97 98
88 89 98
85 86 87
84 85 88
85 87 88
51 52 54
52 53 54
62 83 84
62 82 83
