# points
0.10452 0.5
0.12147 0.53672
0.13277 0.57345
0.14124 0.61017
0.14407 0.64689
0.14407 0.68362
0.13559 0.72034
0.12429 0.75706
0.10169 0.79379
0.070621 0.83051
0.033898 0.86158
0 0.89548
0.011299 0.9322
0.048023 0.9548
0.084746 0.9774
0.12147 0.98588
0.15819 0.9887
0.19492 0.9887
0.23164 0.9887
0.26836 0.98305
0.30508 0.98023
0.34181 0.97458
0.37853 0.96893
0.41525 0.9661
0.45198 0.96893
0.4887 0.97175
0.52542 0.97458
0.56215 0.98305
0.59887 0.99153
0.63559 1
0.67232 0.99718
0.70904 0.98305
0.74576 0.96328
0.78249 0.96328
0.81921 0.97175
0.85593 0.98023
0.89266 0.98023
0.9096 0.94633
0.89831 0.9096
0.88136 0.87288
0.86158 0.83616
0.89831 0.81073
0.92373 0.77401
0.92655 0.73729
0.90395 0.70056
0.87006 0.66949
0.83333 0.64689
0.79944 0.62712
0.81073 0.5904
0.83051 0.55367
0.86441 0.51695
0.89831 0.48023
0.9209 0.4435
0.92655 0.40678
0.92655 0.37006
0.91808 0.33333
0.88418 0.30508
0.84746 0.30791
0.81073 0.31921
0.77401 0.33333
0.73729 0.34746
0.70056 0.35593
0.66384 0.35593
0.62712 0.34181
0.59322 0.31073
0.57345 0.27401
0.57345 0.24294
0.61017 0.23446
0.64689 0.22316
0.68362 0.21469
0.72034 0.20339
0.75706 0.18927
0.79379 0.17514
0.83051 0.15819
0.86441 0.12994
0.84463 0.09887
0.80791 0.079096
0.77119 0.059322
0.73446 0.042373
0.69774 0.025424
0.66102 0.014124
0.62429 0.0056497
0.58757 0
0.55085 0
0.51412 0.0056497
0.4774 0.016949
0.44068 0.031073
0.40395 0.045198
0.36723 0.059322
0.33051 0.076271
0.29379 0.084746
0.25706 0.09322
0.22316 0.12147
0.19774 0.15819
0.17514 0.19492
0.14972 0.23164
0.11299 0.24576
0.076271 0.24294
0.050847 0.27966
0.036723 0.31638
0.036723 0.35311
0.048023 0.38983
0.064972 0.42655
0.084746 0.46328
0.10452 0.5
0.10452 0.5
# triangles
68 80 81
3 63 64
73 74 75
73 75 76
68 69 80
67 81 82
67 68 81
4 47 63
3 4 63
4 24 47
47 62 63
9 15 16
9 14 15
32 40 47
32 33 40
40 46 47
40 45 46
40 44 45
72 73 76
72 76 77
50 59 60
53 54 58
70 78 79
69 70 79
69 79 80
65 94 95
90 91 92
49 50 60
49 60 61
4 23 24
4 5 23
9 13 14
2 3 64
1 64 65
1 2 64
26 27 47
28 32 47
27 28 47
42 43 44
52 53 58
71 72 77
70 71 78
71 77 78
54 57 58
55 56 57
54 55 57
96 97 98
96 98 99
90 92 93
65 93 94
47 48 62
48 61 62
48 49 61
5 22 23
6 7 21
5 6 22
6 21 22
9 10 13
10 11 12
10 12 13
95 102 103
95 96 102
96 101 102
0 95 103
0 65 95
0 1 65
24 25 47
25 26 47
33 39 40
40 41 44
41 42 44
50 51 59
51 58 59
51 52 58
66 85 86
66 84 85
66 86 87
66 87 88
66 83 84
67 82 83
66 67 83
66 88 89
65 66 89
89 90 93
65 89 93
96 99 100
96 100 101
7 20 21
7 19 20
8 16 17
8 9 16
8 17 18
7 8 19
8 18 19
28 31 32
28 30 31
28 29 30
35 36 37
35 37 38
33 34 39
34 38 39
34 35 38
