# points
0.20896 0.50249
0.18657 0.5398
0.17413 0.57463
0.13682 0.56965
0.099502 0.57214
0.062189 0.58209
0.024876 0.61194
0.0049751 0.64925
0 0.68657
0.0024876 0.72388
0.017413 0.76119
0.044776 0.79851
0.079602 0.83085
0.11692 0.85572
0.15423 0.8607
0.19154 0.85075
0.22886 0.83831
0.26617 0.82338
0.30348 0.81095
0.3408 0.79602
0.37811 0.78856
0.41542 0.79104
0.45274 0.81095
0.47512 0.84328
0.48259 0.8806
0.48259 0.91791
0.47761 0.95522
0.47761 0.99254
0.50995 1
0.54726 0.98259
0.58458 0.97264
0.62189 0.96517
0.6592 0.95522
0.69652 0.94527
0.73383 0.93284
0.77114 0.91542
0.80846 0.88806
0.83085 0.85323
0.83582 0.81592
0.82836 0.77861
0.81095 0.74129
0.84577 0.71144
0.86816 0.67413
0.86318 0.63682
0.83085 0.5995
0.79353 0.57463
0.75622 0.55473
0.76617 0.51741
0.79104 0.4801
0.82587 0.44279
0.85572 0.40547
0.86816 0.36816
0.86816 0.33085
0.8607 0.29353
0.82587 0.26866
0.78856 0.27363
0.75124 0.28607
0.71393 0.301
0.67662 0.31095
0.6393 0.31343
0.60199 0.301
0.56965 0.26617
0.55224 0.22886
0.57463 0.20896
0.61194 0.199
0.64925 0.18905
0.68657 0.1791
0.72388 0.16667
0.76119 0.15174
0.79851 0.12935
0.80846 0.094527
0.77114 0.072139
0.73383 0.052239
0.69652 0.034826
0.6592 0.0199
0.62189 0.0099502
0.58458 0.0024876
0.54726 0
0.50995 0.0049751
0.47264 0.014925
0.43532 0.027363
0.39801 0.044776
0.3607 0.059701
0.32338 0.074627
0.28607 0.079602
0.24876 0.11194
0.22886 0.14925
0.20896 0.18657
0.19154 0.22388
0.16915 0.26119
0.13184 0.27861
0.099502 0.28856
0.12438 0.30846
0.16169 0.31095
0.199 0.31343
0.23632 0.31592
0.27363 0.32587
0.29851 0.3607
0.28607 0.39801
0.25871 0.43532
0.22886 0.47264
0.20896 0.50249
# triangles
8 9 10
26 27 28
60 97 98
2 12 15
35 36 39
35 39 40
41 42 43
12 14 15
12 13 14
20 99 100
2 19 20
4 7 8
4 6 7
4 5 6
2 11 12
64 75 76
63 76 77
63 64 76
34 35 40
36 37 38
36 38 39
83 85 86
63 77 78
83 84 85
2 15 16
2 16 17
2 18 19
2 17 18
21 98 99
20 21 99
0 20 100
21 22 46
46 60 98
21 46 98
22 40 46
40 45 46
41 43 44
40 44 45
40 41 44
86 87 96
83 86 96
68 71 72
68 69 71
69 70 71
46 59 60
62 63 80
62 83 96
62 96 97
63 79 80
63 78 79
1 2 20
0 1 20
88 89 94
66 73 74
46 47 59
48 49 57
49 56 57
48 57 58
47 48 58
47 58 59
62 80 81
60 61 97
61 62 97
22 23 40
3 10 11
2 3 11
3 8 10
3 4 8
90 91 92
89 93 94
89 90 93
90 92 93
88 94 95
87 95 96
87 88 95
67 72 73
66 67 73
67 68 72
65 66 74
65 74 75
64 65 75
52 53 55
53 54 55
49 50 56
62 82 83
62 81 82
26 28 29
25 26 29
23 31 32
23 24 31
50 51 56
51 52 55
51 55 56
33 34 40
23 33 40
23 32 33
25 29 30
24 25 30
24 30 31
