# points
0.11163 0.5
0.11395 0.53023
0.11395 0.56047
0.1093 0.5907
0.097674 0.62093
0.081395 0.65116
0.05814 0.67907
0.030233 0.70465
0 0.73256
0 0.76279
0.030233 0.78605
0.060465 0.80698
0.088372 0.83256
0.11628 0.85581
0.14651 0.87674
0.17674 0.89535
0.20698 0.91163
0.23721 0.92558
0.26744 0.93488
0.29767 0.93721
0.32791 0.93721
0.35814 0.93953
0.38837 0.94884
0.41628 0.96977
0.42558 1
0.45581 0.98837
0.48605 0.97209
0.51628 0.95814
0.54651 0.94651
0.57674 0.93488
0.60698 0.92093
0.63721 0.90465
0.66744 0.88605
0.69767 0.85814
0.7186 0.82791
0.73023 0.79767
0.73023 0.76744
0.72558 0.73721
0.71163 0.70698
0.7186 0.6814
0.74884 0.65349
0.76047 0.62326
0.75116 0.59302
0.72558 0.56279
0.69535 0.54186
0.66512 0.52558
0.65814 0.5
0.67209 0.46977
0.69302 0.43953
0.72093 0.41163
0.74419 0.38372
0.75581 0.35349
0.76047 0.32326
0.75581 0.29302
0.74186 0.26279
0.71163 0.25116
0.6814 0.25581
0.65116 0.26744
0.62093 0.27907
0.5907 0.28837
0.56047 0.29302
0.53023 0.2907
0.5 0.27442
0.47442 0.24419
0.46279 0.21395
0.47907 0.19767
0.5093 0.18837
0.53953 0.1814
0.56977 0.17209
0.6 0.16279
0.63023 0.15349
0.66047 0.13953
0.6907 0.12326
0.70698 0.095349
0.67907 0.074419
0.64884 0.05814
0.6186 0.044186
0.58837 0.027907
0.55814 0.018605
0.52791 0.0093023
0.49767 0.0023256
0.46744 0
0.43721 0.0023256
0.40698 0.0069767
0.37674 0.016279
0.34651 0.030233
0.31628 0.04186
0.28605 0.055814
0.25581 0.065116
0.22558 0.072093
0.19535 0.083721
0.17209 0.1093
0.15349 0.13953
0.13488 0.16977
0.11395 0.19767
0.083721 0.20233
0.053488 0.20465
0.034884 0.23488
0.025581 0.26512
0.027907 0.29535
0.037209 0.32558
0.051163 0.35581
0.067442 0.38605
0.083721 0.41628
0.097674 0.44651
0.10698 0.47674
0.11163 0.5
# triangles
8 9 10
6 11 12
5 6 12
7 8 10
7 10 11
6 7 11
1 61 62
1 46 61
72 73 74
0 1 62
1 2 46
2 3 45
2 45 46
4 15 16
4 14 15
4 5 14
64 65 85
33 34 36
40 41 42
39 40 42
39 42 43
39 43 44
39 44 45
38 39 45
32 33 38
33 36 38
36 37 38
3 4 20
4 16 20
16 19 20
5 12 13
5 13 14
0 62 105
64 88 92
65 84 85
65 83 84
64 87 88
62 63 105
63 104 105
94 101 102
34 35 36
51 52 57
52 56 57
52 53 56
50 51 57
49 50 57
67 78 79
69 76 77
49 57 58
48 58 59
48 49 58
47 48 59
21 38 45
21 22 38
3 21 45
3 20 21
22 28 38
28 29 38
22 27 28
31 32 38
17 18 19
16 17 19
64 92 93
63 93 94
63 64 93
65 81 82
65 82 83
64 85 86
64 86 87
63 103 104
63 94 103
94 102 103
94 99 100
94 100 101
53 54 55
53 55 56
67 68 78
68 77 78
68 69 77
66 79 80
66 67 79
66 80 81
65 66 81
47 59 60
46 60 61
46 47 60
22 26 27
29 30 38
30 31 38
88 89 92
89 91 92
89 90 91
95 96 97
95 97 98
94 95 99
95 98 99
69 70 76
70 75 76
22 23 26
71 74 75
70 71 75
71 72 74
23 24 25
23 25 26
