# points
0.11166 0.50124
0.11911 0.5335
0.12159 0.56576
0.12159 0.59801
0.11663 0.63027
0.1067 0.66253
0.086849 0.69479
0.062035 0.72705
0.032258 0.75434
0 0.78164
0 0.8139
0.032258 0.83871
0.064516 0.86104
0.096774 0.89082
0.12903 0.91563
0.16129 0.94045
0.19355 0.9603
0.22581 0.97519
0.25806 0.99007
0.29032 0.99752
0.32258 1
0.35484 1
0.3871 0.99752
0.41935 0.99256
0.45161 0.98511
0.48387 0.9727
0.51613 0.95037
0.54839 0.92556
0.58065 0.89578
0.6129 0.87097
0.64268 0.84615
0.63524 0.8139
0.61787 0.78164
0.61538 0.74938
0.64764 0.73697
0.6799 0.73449
0.71216 0.73449
0.74442 0.73697
0.77667 0.71464
0.78908 0.68238
0.78908 0.65012
0.77916 0.61787
0.76179 0.58561
0.73945 0.55335
0.71464 0.52357
0.68238 0.4938
0.65012 0.47146
0.61787 0.45409
0.62531 0.42184
0.65757 0.39702
0.68983 0.38958
0.72208 0.3871
0.75434 0.38213
0.7866 0.37221
0.80645 0.34243
0.80645 0.31017
0.78908 0.2804
0.75931 0.26799
0.72705 0.27295
0.69479 0.28536
0.66253 0.29777
0.63027 0.30769
0.59801 0.31266
0.56576 0.31017
0.5335 0.2928
0.51117 0.26551
0.4938 0.23325
0.5062 0.21092
0.53846 0.20347
0.57072 0.19603
0.60298 0.1861
0.63524 0.17618
0.66749 0.16377
0.69975 0.15136
0.73201 0.134
0.75434 0.1067
0.72705 0.081886
0.69479 0.064516
0.66253 0.047146
0.63027 0.032258
0.59801 0.019851
0.56576 0.0099256
0.5335 0.0024814
0.50124 0
0.46898 0.0024814
0.43672 0.0074442
0.40447 0.01737
0.37221 0.029777
0.33995 0.044665
0.30769 0.057072
0.27543 0.069479
0.24318 0.076923
0.21092 0.086849
0.18362 0.11663
0.16377 0.14888
0.14392 0.18114
0.12159 0.21092
0.08933 0.21588
0.059553 0.21836
0.037221 0.25062
0.027295 0.28288
0.029777 0.31514
0.039702 0.34739
0.054591 0.37965
0.07196 0.41191
0.08933 0.44417
0.10422 0.47643
0.11166 0.50124
# triangles
68 82 83
74 75 76
97 99 100
97 100 101
55 56 57
72 77 78
49 60 61
55 57 58
49 61 62
69 80 81
68 81 82
68 69 81
3 33 47
52 58 59
52 54 55
52 55 58
69 70 80
70 79 80
2 3 47
5 22 33
5 6 14
7 8 12
65 105 106
0 64 65
0 65 106
97 98 99
72 73 77
73 74 76
73 76 77
47 63 64
33 46 47
48 49 62
48 62 63
47 48 63
52 53 54
49 50 60
50 59 60
70 71 79
71 72 78
71 78 79
1 2 47
0 1 64
1 47 64
24 25 26
22 23 33
23 26 33
23 24 26
3 4 33
4 5 33
5 20 21
5 21 22
33 34 46
36 40 41
36 39 40
36 38 39
36 37 38
7 12 13
6 7 13
6 13 14
66 90 94
66 94 95
65 66 105
90 91 94
96 104 105
66 96 105
66 95 96
96 103 104
96 102 103
96 97 101
96 101 102
34 43 44
27 28 32
26 27 33
27 32 33
5 16 17
5 17 20
17 19 20
17 18 19
5 14 15
5 15 16
8 11 12
9 10 11
8 9 11
67 87 88
66 67 88
67 84 85
67 68 83
67 83 84
91 92 93
91 93 94
34 45 46
34 44 45
35 36 41
35 41 42
34 35 43
35 42 43
29 30 31
28 29 32
29 31 32
66 89 90
66 88 89
67 86 87
67 85 86
51 52 59
50 51 59
