# points
0.11194 0.5
0.1194 0.53234
0.12189 0.56468
0.12189 0.59701
0.11692 0.62935
0.10697 0.66169
0.087065 0.69403
0.062189 0.72637
0.029851 0.75622
0 0.78358
0.0024876 0.81592
0.032338 0.83831
0.064677 0.8607
0.097015 0.89055
0.12935 0.91542
0.16169 0.93781
0.19403 0.9602
0.22637 0.97512
0.25871 0.99005
0.29104 0.99751
0.32338 1
0.35572 1
0.38806 0.99751
0.4204 0.99254
0.45274 0.98507
0.48507 0.97264
0.51741 0.95274
0.54975 0.92537
0.5796 0.89801
0.61194 0.87065
0.64428 0.85075
0.67662 0.84826
0.70896 0.85323
0.74129 0.8607
0.77363 0.86318
0.79602 0.8408
0.78856 0.80846
0.77363 0.77612
0.75622 0.74378
0.77861 0.71891
0.80597 0.68905
0.81343 0.65672
0.79851 0.62438
0.77363 0.5995
0.74129 0.57711
0.70896 0.5597
0.70398 0.53234
0.71891 0.5
0.74378 0.46766
0.77363 0.43532
0.79851 0.40299
0.81095 0.37065
0.81095 0.33831
0.80846 0.30597
0.78358 0.28109
0.75124 0.29353
0.71891 0.31841
0.69154 0.34577
0.66418 0.37313
0.63184 0.40299
0.5995 0.43284
0.56716 0.45522
0.53483 0.47015
0.50249 0.47015
0.47264 0.44527
0.45522 0.41294
0.47512 0.38308
0.50746 0.35821
0.5398 0.33333
0.57214 0.30846
0.60448 0.28358
0.63682 0.25622
0.66915 0.22637
0.70149 0.19652
0.73134 0.16418
0.75124 0.13184
0.75373 0.099502
0.72388 0.077114
0.69154 0.062189
0.6592 0.044776
0.62687 0.029851
0.59453 0.017413
0.56219 0.0074627
0.52985 0.0024876
0.49751 0
0.46517 0.0024876
0.43284 0.0074627
0.4005 0.0199
0.36816 0.032338
0.33582 0.047264
0.30348 0.059701
0.27114 0.072139
0.23881 0.077114
0.20647 0.09204
0.18159 0.1194
0.16169 0.15174
0.14179 0.18408
0.11443 0.21393
0.08209 0.21393
0.052239 0.22637
0.032338 0.25871
0.027363 0.29104
0.029851 0.32338
0.042289 0.35572
0.059701 0.38806
0.077114 0.4204
0.094527 0.45274
0.10697 0.48507
0.11194 0.5
# triangles
0 1 65
40 41 42
39 40 42
39 42 43
1 64 65
65 106 107
0 65 107
32 37 38
31 32 38
5 20 21
24 25 26
23 24 26
67 89 90
70 82 83
70 83 84
49 50 57
5 15 17
5 17 20
17 19 20
17 18 19
15 16 17
6 14 15
5 6 15
1 2 64
3 4 63
3 63 64
2 3 64
30 31 38
30 38 45
38 44 45
38 39 44
39 43 44
97 102 103
97 101 102
97 103 104
97 104 105
97 100 101
97 105 106
65 97 106
65 96 97
33 36 37
32 33 37
5 22 23
5 21 22
75 76 77
74 75 77
66 91 95
66 90 91
66 67 90
65 66 96
66 95 96
72 79 80
72 73 79
51 52 56
50 56 57
50 51 56
47 48 59
70 71 82
71 72 80
7 12 13
6 13 14
6 7 13
28 29 63
29 30 63
92 93 94
91 94 95
91 92 94
98 99 100
97 98 100
34 35 36
33 34 36
4 27 63
27 28 63
4 5 27
5 23 27
23 26 27
46 61 62
45 46 62
30 62 63
30 45 62
73 74 78
73 78 79
74 77 78
53 54 55
52 53 55
52 55 56
48 58 59
48 49 58
49 57 58
47 59 60
46 47 60
46 60 61
71 81 82
71 80 81
85 86 87
69 85 87
70 84 85
69 70 85
68 87 88
68 69 87
68 88 89
67 68 89
7 8 12
8 11 12
8 9 10
8 10 11
