# points
0.11692 0.5
0.12438 0.52985
0.12687 0.5597
0.12687 0.58955
0.12438 0.6194
0.11692 0.64925
0.10199 0.6791
0.08209 0.70896
0.054726 0.73632
0.024876 0.76368
0 0.79104
0.0099502 0.8209
0.039801 0.8408
0.069652 0.8607
0.099502 0.88806
0.12935 0.91294
0.1592 0.93284
0.18905 0.95274
0.21891 0.97015
0.24876 0.98259
0.27861 0.99502
0.30846 1
0.33831 1
0.36816 1
0.39801 0.99751
0.42786 0.99254
0.45771 0.98507
0.48756 0.97264
0.51741 0.95522
0.54726 0.93284
0.57463 0.90547
0.60448 0.8806
0.63433 0.8607
0.66418 0.84826
0.69403 0.84826
0.72388 0.85572
0.75373 0.86318
0.78358 0.86318
0.801 0.83831
0.79353 0.80846
0.78109 0.77861
0.76368 0.74876
0.77612 0.72388
0.80348 0.699
0.81841 0.66915
0.81343 0.6393
0.79104 0.61194
0.76617 0.58955
0.73632 0.57214
0.70647 0.55721
0.71144 0.52736
0.72637 0.49751
0.74876 0.46766
0.77861 0.43781
0.801 0.40796
0.81343 0.37811
0.81841 0.34826
0.81592 0.31841
0.80597 0.28856
0.78109 0.26617
0.75124 0.28358
0.72139 0.30348
0.69154 0.301
0.66667 0.27363
0.65174 0.24378
0.64179 0.21393
0.66169 0.19652
0.69154 0.18408
0.72139 0.16667
0.75124 0.14677
0.76866 0.11692
0.74876 0.089552
0.71891 0.072139
0.68905 0.057214
0.6592 0.042289
0.62935 0.029851
0.5995 0.017413
0.56965 0.0099502
0.5398 0.0024876
0.50995 0
0.4801 0
0.45025 0.0049751
0.4204 0.014925
0.39055 0.024876
0.3607 0.037313
0.33085 0.049751
0.301 0.062189
0.27114 0.072139
0.24129 0.077114
0.21144 0.09204
0.18657 0.11692
0.16915 0.14677
0.15174 0.17662
0.12935 0.20647
0.099502 0.21642
0.069652 0.21144
0.047264 0.24129
0.034826 0.27114
0.032338 0.301
0.037313 0.33085
0.049751 0.3607
0.067164 0.39055
0.08209 0.4204
0.097015 0.45025
0.10945 0.4801
0.11692 0.5
# triangles
65 78 79
65 79 80
65 80 81
7 8 13
1 2 49
4 31 49
66 73 74
69 70 71
66 74 75
65 66 75
64 92 104
64 86 92
64 65 86
0 1 63
0 63 64
0 64 104
8 12 13
31 32 49
32 33 49
4 30 31
4 5 30
7 13 14
2 3 49
3 4 49
66 67 73
58 59 60
57 58 60
56 57 61
57 60 61
65 77 78
94 95 96
94 98 99
94 96 97
94 97 98
92 93 104
8 9 12
9 10 11
9 11 12
51 52 62
52 61 62
1 50 63
1 49 50
50 62 63
50 51 62
42 46 47
34 35 40
35 39 40
33 41 49
41 42 49
33 34 41
34 40 41
43 45 46
42 43 46
43 44 45
5 19 22
5 6 17
6 16 17
7 14 15
6 15 16
6 7 15
68 69 71
68 71 72
67 68 73
68 72 73
65 75 76
65 76 77
65 81 82
65 85 86
65 84 85
93 103 104
93 102 103
94 99 100
93 94 100
42 48 49
42 47 48
35 36 39
36 37 38
36 38 39
5 23 24
5 22 23
5 24 25
5 25 28
5 29 30
5 28 29
5 18 19
5 17 18
55 56 61
54 55 61
52 53 61
53 54 61
65 83 84
65 82 83
86 87 92
93 101 102
93 100 101
19 21 22
19 20 21
25 27 28
87 90 91
87 91 92
25 26 27
87 88 90
88 89 90
