# points
0.11194 0.5
0.1194 0.53234
0.12189 0.56468
0.12189 0.59701
0.11692 0.62935
0.10697 0.66169
0.089552 0.69403
0.062189 0.72637
0.029851 0.75622
0 0.78358
0.0024876 0.81592
0.034826 0.8408
0.064677 0.8607
0.094527 0.88806
0.12687 0.91294
0.1592 0.93781
0.19154 0.95771
0.22388 0.97512
0.25622 0.98756
0.28856 0.99751
0.3209 1
0.35323 1
0.38557 0.99751
0.41791 0.99502
0.45025 0.98507
0.48259 0.96517
0.50746 0.93284
0.53731 0.9005
0.56965 0.87811
0.56468 0.85323
0.53234 0.83085
0.50249 0.80348
0.4801 0.77612
0.45522 0.74378
0.43284 0.71144
0.41294 0.6791
0.44527 0.6592
0.47761 0.64179
0.50995 0.62438
0.54229 0.60697
0.57463 0.58209
0.58706 0.54975
0.5597 0.52239
0.55224 0.49502
0.58458 0.4801
0.61692 0.48259
0.64925 0.49005
0.68159 0.5
0.71393 0.51244
0.74627 0.52488
0.77861 0.53483
0.81095 0.54229
0.84328 0.5398
0.85323 0.50995
0.84328 0.47761
0.81343 0.44776
0.78109 0.43035
0.74876 0.41791
0.71642 0.40796
0.68408 0.39801
0.65174 0.38557
0.6194 0.37065
0.58706 0.35075
0.55473 0.32587
0.52985 0.29602
0.50995 0.26368
0.49502 0.23134
0.50995 0.21144
0.54229 0.20398
0.57463 0.19403
0.60697 0.18408
0.6393 0.17413
0.67164 0.16418
0.70398 0.15174
0.73632 0.13433
0.75871 0.10448
0.72886 0.08209
0.69652 0.062189
0.66418 0.047264
0.63184 0.032338
0.5995 0.0199
0.56716 0.0099502
0.53483 0.0024876
0.50249 0
0.47015 0.0024876
0.43781 0.0074627
0.40547 0.017413
0.37313 0.029851
0.3408 0.044776
0.30846 0.057214
0.27612 0.069652
0.24378 0.074627
0.21144 0.087065
0.18408 0.11692
0.16418 0.14925
0.14428 0.18159
0.1194 0.21144
0.087065 0.21642
0.054726 0.22139
0.034826 0.25373
0.027363 0.28607
0.029851 0.31841
0.039801 0.35075
0.057214 0.38308
0.074627 0.41542
0.09204 0.44776
0.10448 0.4801
0.11194 0.5
# triangles
74 75 76
51 53 54
8 9 10
51 52 53
27 28 29
40 41 42
17 18 34
18 19 20
7 8 12
24 25 26
16 17 34
38 42 43
23 24 31
24 26 31
49 55 56
44 61 62
43 44 62
43 62 63
66 67 88
70 71 79
73 74 76
73 76 77
72 73 77
65 105 106
0 1 43
1 36 43
8 10 11
8 11 12
3 4 35
6 14 35
2 3 35
1 2 35
1 35 36
7 12 13
6 7 13
6 13 14
27 29 30
26 27 30
26 30 31
36 37 43
37 38 43
20 21 33
18 20 33
18 33 34
22 23 32
23 31 32
21 22 32
21 32 33
45 46 60
44 45 61
45 60 61
48 57 58
48 56 57
48 49 56
49 50 55
50 54 55
50 51 54
43 63 64
0 43 64
64 65 106
0 64 106
68 82 83
67 68 83
68 81 82
68 69 81
67 83 84
67 87 88
67 86 87
66 90 94
46 59 60
71 78 79
71 72 78
72 77 78
70 79 80
69 70 80
69 80 81
65 66 96
65 96 105
96 104 105
96 103 104
96 102 103
96 101 102
4 5 35
5 6 35
15 16 34
15 34 35
14 15 35
39 40 42
38 39 42
47 48 58
47 58 59
46 47 59
67 85 86
67 84 85
66 88 89
66 89 90
66 94 95
66 95 96
91 92 93
90 91 93
90 93 94
97 98 99
97 99 100
97 100 101
96 97 101
