# points
0.084577 0.5
0.09204 0.53234
0.097015 0.56468
0.097015 0.59701
0.094527 0.62935
0.09204 0.66169
0.094527 0.68657
0.12687 0.68159
0.1592 0.68657
0.19154 0.699
0.21891 0.71891
0.22637 0.75124
0.22886 0.78358
0.23134 0.81592
0.23383 0.84826
0.23881 0.8806
0.24129 0.91294
0.24876 0.94527
0.26368 0.97761
0.29104 1
0.32338 1
0.35572 0.99751
0.38806 0.99254
0.4204 0.98507
0.45274 0.97512
0.48507 0.95522
0.51741 0.93035
0.54726 0.90299
0.5796 0.87562
0.61194 0.85572
0.64428 0.84826
0.67662 0.85323
0.70896 0.8607
0.74129 0.86318
0.76866 0.84577
0.76368 0.81343
0.74876 0.78109
0.73134 0.74876
0.74627 0.72139
0.77612 0.69403
0.78607 0.66169
0.77363 0.62935
0.74876 0.60199
0.71642 0.5796
0.68408 0.56219
0.67662 0.53483
0.68905 0.50249
0.71144 0.47264
0.74378 0.4403
0.76866 0.40796
0.78109 0.37562
0.78607 0.34328
0.78109 0.31095
0.76617 0.28109
0.73383 0.26866
0.70149 0.27363
0.66915 0.28607
0.63682 0.29851
0.60448 0.30846
0.57214 0.31343
0.5398 0.31095
0.50746 0.29353
0.48259 0.26119
0.46766 0.22886
0.48507 0.21144
0.51741 0.20149
0.54975 0.19403
0.58209 0.18408
0.61443 0.17413
0.64677 0.16169
0.6791 0.14925
0.71144 0.13184
0.72886 0.10199
0.699 0.079602
0.66667 0.062189
0.63433 0.044776
0.60199 0.032338
0.56965 0.0199
0.53731 0.0099502
0.50498 0.0024876
0.47264 0
0.4403 0.0024876
0.40796 0.0074627
0.37562 0.0199
0.34328 0.032338
0.31095 0.044776
0.27861 0.059701
0.24627 0.072139
0.21393 0.077114
0.18159 0.089552
0.15423 0.12189
0.13433 0.15423
0.11443 0.18657
0.087065 0.21393
0.054726 0.21393
0.024876 0.22637
0.0074627 0.25871
0 0.29104
0.0049751 0.32338
0.017413 0.35572
0.032338 0.38806
0.049751 0.4204
0.067164 0.45274
0.079602 0.48507
0.084577 0.5
# triangles
10 28 44
10 45 60
10 44 45
4 7 8
3 4 8
18 19 20
17 18 20
17 20 21
33 34 35
15 21 22
12 13 26
37 38 44
38 41 42
5 6 7
4 5 7
63 87 91
64 82 83
63 91 92
62 92 102
62 63 92
1 2 9
2 8 9
2 3 8
71 72 73
32 35 36
32 33 35
13 25 26
29 37 44
29 30 37
28 29 44
16 17 21
15 16 21
13 14 25
15 22 23
14 15 23
23 24 25
14 23 25
10 11 28
12 26 27
11 27 28
11 12 27
38 43 44
38 42 43
39 40 41
38 39 41
64 81 82
64 80 81
65 79 80
64 65 80
94 95 96
62 102 103
0 62 103
0 1 61
0 61 62
1 9 61
10 60 61
9 10 61
69 74 75
47 48 57
52 54 55
52 53 54
31 32 36
31 36 37
30 31 37
63 84 85
64 83 84
63 64 84
63 86 87
63 85 86
87 90 91
65 78 79
93 96 97
93 94 96
93 100 101
92 93 102
93 101 102
48 56 57
47 57 58
45 46 60
46 59 60
46 58 59
46 47 58
70 71 73
70 73 74
69 70 74
51 52 55
50 51 56
51 55 56
87 88 90
88 89 90
65 66 78
93 99 100
48 49 56
49 50 56
68 69 75
68 75 76
67 68 76
67 76 77
66 77 78
66 67 77
93 97 98
93 98 99
