# points
0.11692 0.5
0.12438 0.52985
0.12687 0.5597
0.12687 0.58955
0.12438 0.6194
0.11692 0.64925
0.10199 0.6791
0.08209 0.70896
0.054726 0.73632
0.024876 0.76368
0 0.79104
0.0099502 0.8209
0.039801 0.8408
0.069652 0.8607
0.099502 0.88806
0.12935 0.91294
0.1592 0.93284
0.18905 0.95274
0.21891 0.97015
0.24876 0.98259
0.27861 0.99502
0.30846 1
0.33831 1
0.36816 1
0.39801 0.99751
0.42786 0.99254
0.45771 0.98507
0.48756 0.97264
0.51741 0.95522
0.54726 0.93284
0.57463 0.90547
0.60448 0.8806
0.63433 0.8607
0.66418 0.84826
0.69403 0.84826
0.72388 0.85572
0.75373 0.86318
0.78358 0.86318
0.801 0.83831
0.79353 0.80846
0.78109 0.77861
0.76368 0.74876
0.77612 0.72388
0.80348 0.699
0.81841 0.66915
0.81343 0.6393
0.79104 0.61194
0.76617 0.58955
0.73632 0.57214
0.70647 0.55721
0.71144 0.52736
0.72637 0.49751
0.74876 0.46766
0.77861 0.43781
0.801 0.40796
0.81343 0.37811
0.81841 0.34826
0.81592 0.31841
0.80597 0.28856
0.78856 0.26119
0.75871 0.26368
0.73881 0.23632
0.72886 0.20647
0.71642 0.17662
0.71393 0.14925
0.74378 0.14179
0.77363 0.12687
0.76119 0.099502
0.73134 0.079602
0.70149 0.062189
0.67164 0.047264
0.64179 0.034826
0.61194 0.022388
0.58209 0.012438
0.55224 0.0049751
0.52239 0
0.49254 0
0.46269 0.0024876
0.43284 0.0099502
0.40299 0.0199
0.37313 0.032338
0.34328 0.044776
0.31343 0.057214
0.28358 0.069652
0.25373 0.074627
0.22388 0.084577
0.19652 0.10448
0.17662 0.13433
0.1592 0.16418
0.14179 0.19403
0.11194 0.21642
0.08209 0.21144
0.054726 0.22886
0.037313 0.25871
0.032338 0.28856
0.034826 0.31841
0.044776 0.34826
0.059701 0.37811
0.074627 0.40796
0.09204 0.43781
0.10448 0.46766
0.11443 0.49751
0.11692 0.5
# triangles
7 8 13
1 2 49
51 61 82
61 81 82
9 10 11
51 52 61
7 13 14
4 31 49
0 50 89
0 1 50
1 49 50
50 83 89
50 51 82
50 82 83
36 37 38
36 38 39
85 86 87
83 84 87
84 85 87
83 87 88
83 88 89
9 11 12
8 12 13
8 9 12
43 44 45
43 45 46
52 60 61
54 55 60
55 56 60
58 59 60
7 14 15
2 3 49
3 4 49
33 34 41
33 41 49
35 36 39
5 28 29
31 32 49
32 33 49
63 78 79
61 62 81
62 63 81
63 76 78
74 75 76
63 74 76
90 95 96
90 94 95
90 93 94
90 92 93
90 91 92
0 89 100
89 99 100
89 98 99
89 90 98
53 54 60
52 53 60
56 57 60
57 58 60
5 24 25
5 25 28
5 23 24
5 17 18
19 20 21
5 18 19
42 48 49
41 42 49
42 43 46
35 39 40
34 40 41
34 35 40
5 29 30
4 30 31
4 5 30
63 80 81
63 79 80
65 66 67
63 73 74
63 72 73
63 64 72
64 69 70
76 77 78
0 100 101
90 96 97
90 97 98
25 27 28
25 26 27
6 16 17
5 6 17
6 15 16
6 7 15
5 22 23
5 19 22
19 21 22
42 46 47
42 47 48
64 68 69
65 67 68
64 65 68
64 70 71
64 71 72
