# points
0.11194 0.5
0.1194 0.53234
0.12189 0.56468
0.12189 0.59701
0.11692 0.62935
0.10697 0.66169
0.089552 0.69403
0.062189 0.72637
0.029851 0.75622
0 0.78358
0.0024876 0.81592
0.034826 0.83831
0.067164 0.86318
0.099502 0.89303
0.13184 0.91791
0.16418 0.9403
0.19652 0.9602
0.22886 0.97761
0.26119 0.99005
0.29353 0.99751
0.32587 1
0.35821 1
0.39055 0.99751
0.42289 0.99254
0.45522 0.98507
0.48756 0.9602
0.50995 0.93035
0.53731 0.9005
0.56965 0.87811
0.56468 0.85323
0.53234 0.83085
0.50249 0.80348
0.47512 0.77114
0.45274 0.73881
0.43035 0.70647
0.41791 0.67413
0.45025 0.66418
0.48259 0.6592
0.51493 0.6592
0.54726 0.66169
0.5796 0.66667
0.61194 0.67164
0.64428 0.6791
0.67662 0.68905
0.66915 0.68159
0.66667 0.65423
0.69154 0.62438
0.72388 0.60945
0.75622 0.5995
0.78856 0.59204
0.8209 0.58209
0.84826 0.55721
0.85572 0.52488
0.85323 0.49254
0.82836 0.4602
0.79602 0.43781
0.76368 0.42537
0.73134 0.41294
0.699 0.40299
0.66667 0.39055
0.63433 0.37811
0.60199 0.3607
0.56965 0.33831
0.54229 0.31095
0.51741 0.27861
0.50249 0.24627
0.49502 0.21393
0.52736 0.20647
0.5597 0.199
0.59204 0.18905
0.62438 0.1791
0.65672 0.16915
0.68905 0.15672
0.72139 0.14428
0.75124 0.12189
0.74627 0.089552
0.71393 0.072139
0.68159 0.054726
0.64925 0.039801
0.61692 0.024876
0.58458 0.014925
0.55224 0.0049751
0.5199 0
0.48756 0
0.45522 0.0024876
0.42289 0.012438
0.39055 0.022388
0.35821 0.037313
0.32587 0.049751
0.29353 0.064677
0.26119 0.074627
0.22886 0.079602
0.19652 0.099502
0.17413 0.13184
0.15423 0.16418
0.13433 0.19652
0.10448 0.21642
0.072139 0.20896
0.044776 0.23632
0.029851 0.26866
0.027363 0.301
0.034826 0.33333
0.047264 0.36567
0.064677 0.39801
0.08209 0.43035
0.099502 0.46269
0.10945 0.49502
0.11194 0.5
# triangles
8 9 10
15 16 34
35 36 63
49 52 54
16 17 34
8 10 11
50 51 52
49 50 52
20 32 33
19 20 33
18 19 33
17 18 33
17 33 34
6 13 14
6 14 15
6 15 34
66 83 84
52 53 54
49 54 55
72 76 77
69 70 79
46 47 58
47 57 58
71 72 77
90 92 93
2 3 35
20 21 32
21 22 32
22 23 32
23 31 32
3 4 35
5 34 35
5 6 34
4 5 35
7 12 13
6 7 13
7 11 12
7 8 11
66 89 90
66 84 85
37 38 61
38 39 61
39 60 61
41 45 46
27 28 29
27 29 30
72 73 76
73 74 75
73 75 76
69 79 80
68 69 80
68 80 81
46 59 60
46 58 59
70 78 79
70 71 78
71 77 78
66 90 94
90 93 94
1 2 35
95 104 105
95 103 104
95 96 103
96 99 100
23 24 25
23 25 26
23 26 31
26 27 30
26 30 31
40 41 46
40 46 60
39 40 60
67 82 83
66 67 83
67 81 82
67 68 81
66 87 88
66 88 89
66 86 87
66 85 86
37 61 62
36 62 63
36 37 62
41 42 45
48 49 55
48 55 56
47 48 57
48 56 57
96 98 99
96 97 98
0 1 35
0 35 63
0 63 64
0 105 106
0 64 105
96 102 103
65 66 94
65 94 95
65 95 105
64 65 105
90 91 92
42 43 44
42 44 45
96 100 101
96 101 102
