# points
0.12687 0.5
0.12189 0.53234
0.12189 0.56468
0.12189 0.59701
0.11692 0.62935
0.10697 0.66169
0.087065 0.69403
0.062189 0.72637
0.029851 0.75622
0 0.78358
0.0024876 0.81592
0.032338 0.83831
0.064677 0.8607
0.097015 0.89055
0.12935 0.91542
0.16169 0.93781
0.19403 0.9602
0.22637 0.97512
0.25871 0.99005
0.29104 0.99751
0.32338 1
0.35572 1
0.38806 0.99751
0.4204 0.99254
0.45274 0.98507
0.48507 0.97264
0.51741 0.95274
0.54975 0.92537
0.5796 0.89801
0.61194 0.87065
0.64428 0.85075
0.67662 0.84826
0.70896 0.85323
0.74129 0.8607
0.77363 0.86318
0.79602 0.8408
0.78856 0.80846
0.77363 0.77612
0.75622 0.74378
0.77861 0.71891
0.80597 0.68905
0.81343 0.65672
0.79851 0.62438
0.77363 0.5995
0.74129 0.57711
0.70896 0.5597
0.70398 0.53234
0.71891 0.5
0.74378 0.46766
0.77363 0.43532
0.79851 0.40299
0.81095 0.37065
0.81095 0.33831
0.80846 0.30597
0.78856 0.27612
0.75622 0.26866
0.72388 0.27612
0.69154 0.28607
0.6592 0.29851
0.62687 0.30846
0.59453 0.31343
0.56219 0.30846
0.52985 0.28856
0.50746 0.25622
0.49254 0.22388
0.51741 0.20896
0.54975 0.20149
0.58209 0.19154
0.61443 0.18159
0.64677 0.17164
0.6791 0.16169
0.71144 0.14677
0.74378 0.12687
0.75373 0.097015
0.72139 0.077114
0.68905 0.059701
0.65672 0.042289
0.62438 0.029851
0.59204 0.017413
0.5597 0.0074627
0.52736 0.0024876
0.49502 0
0.46269 0.0024876
0.43035 0.0099502
0.39801 0.0199
0.36567 0.034826
0.33333 0.047264
0.301 0.059701
0.26866 0.072139
0.23632 0.084577
0.22886 0.11692
0.22886 0.14925
0.23383 0.18159
0.24129 0.21393
0.24876 0.24627
0.25622 0.27861
0.26617 0.31095
0.27612 0.34328
0.28358 0.37562
0.29104 0.40796
0.29602 0.4403
0.27612 0.45771
0.24378 0.48259
0.21144 0.5
0.1791 0.50249
0.14677 0.49254
0.12687 0.5
# triangles
66 79 80
34 35 36
8 9 10
8 10 11
45 46 100
46 47 60
32 37 38
48 49 58
66 67 79
65 80 81
65 66 80
61 62 100
46 61 100
46 60 61
27 28 102
33 36 37
32 33 37
33 34 36
5 23 27
23 26 27
23 24 26
5 15 17
29 30 45
30 38 45
68 69 77
69 76 77
69 75 76
69 70 75
53 54 55
68 77 78
67 68 78
67 78 79
48 58 59
47 59 60
47 48 59
62 99 100
63 97 98
62 63 98
62 98 99
28 29 101
28 101 102
45 100 101
29 45 101
4 5 27
4 27 102
40 41 42
38 44 45
39 40 42
39 42 43
38 39 44
39 43 44
24 25 26
5 21 22
5 22 23
5 20 21
5 17 20
15 16 17
31 32 38
30 31 38
51 56 57
50 51 57
49 57 58
49 50 57
70 71 75
52 55 56
52 53 55
51 52 56
64 65 83
63 64 97
0 1 105
1 104 105
1 2 104
5 6 15
6 14 15
6 13 14
6 7 13
7 12 13
8 11 12
7 8 12
71 72 74
71 74 75
72 73 74
65 81 82
65 82 83
88 89 90
64 84 85
64 83 84
64 95 96
64 96 97
2 3 103
2 103 104
4 102 103
3 4 103
17 19 20
17 18 19
64 94 95
64 93 94
88 90 91
87 88 91
64 85 86
64 86 93
86 87 93
87 92 93
87 91 92
