# points
0.13184 0.5
0.12687 0.53483
0.12687 0.56965
0.12687 0.60448
0.1194 0.6393
0.10448 0.67413
0.08209 0.70896
0.049751 0.74129
0.014925 0.77114
0 0.80597
0.029851 0.83333
0.064677 0.85572
0.099502 0.88806
0.13433 0.91542
0.16915 0.9403
0.20398 0.96269
0.23881 0.9801
0.27363 0.99254
0.30846 1
0.34328 1
0.37811 0.99502
0.41294 0.98259
0.44527 0.95274
0.45771 0.91791
0.46517 0.88308
0.47015 0.84826
0.47512 0.81343
0.48259 0.77861
0.49751 0.74378
0.53234 0.71642
0.56716 0.72139
0.60199 0.73632
0.63682 0.75622
0.67164 0.77612
0.70647 0.79602
0.74129 0.81343
0.77612 0.82338
0.78607 0.79353
0.76866 0.75871
0.77114 0.72886
0.80348 0.699
0.81841 0.66418
0.80846 0.62935
0.78109 0.60199
0.74627 0.57711
0.71144 0.5597
0.71144 0.52736
0.72886 0.49254
0.75871 0.45771
0.79104 0.42289
0.81095 0.38806
0.81592 0.35323
0.81592 0.31841
0.801 0.28358
0.76866 0.26866
0.73383 0.27363
0.699 0.28607
0.66418 0.29851
0.62935 0.31095
0.59453 0.31343
0.5597 0.30597
0.52488 0.27861
0.50498 0.24378
0.50498 0.21393
0.5398 0.20398
0.57463 0.19652
0.60945 0.18657
0.64428 0.17413
0.6791 0.16169
0.71393 0.14925
0.74876 0.12687
0.75622 0.094527
0.72139 0.074627
0.68657 0.054726
0.65174 0.039801
0.61692 0.024876
0.58209 0.012438
0.54726 0.0049751
0.51244 0
0.47761 0
0.44279 0.0074627
0.40796 0.017413
0.37313 0.032338
0.33831 0.047264
0.30348 0.062189
0.26866 0.074627
0.23632 0.09204
0.23383 0.12687
0.23632 0.16169
0.24129 0.19652
0.25124 0.23134
0.25871 0.26617
0.26866 0.301
0.27861 0.33582
0.28607 0.37065
0.29602 0.40547
0.301 0.4403
0.27861 0.45522
0.24378 0.48507
0.20896 0.5
0.17413 0.5
0.1393 0.49005
0.13184 0.5
# triangles
65 76 77
65 66 76
29 60 96
29 46 60
46 59 60
64 77 78
64 65 77
29 45 46
29 30 45
5 6 13
47 48 58
47 58 59
46 47 59
51 52 55
70 71 72
69 70 72
68 72 73
68 69 72
68 73 74
67 68 74
60 61 96
32 33 39
33 38 39
33 34 38
31 32 45
30 31 45
21 22 23
19 23 24
32 39 44
32 44 45
48 57 58
48 49 57
51 55 56
49 56 57
28 97 98
4 28 98
28 29 96
28 96 97
5 13 14
5 14 26
0 100 101
6 12 13
6 11 12
52 54 55
52 53 54
66 75 76
66 67 75
67 74 75
64 78 79
63 64 79
34 35 38
35 36 37
35 37 38
17 24 25
16 17 25
20 21 23
19 20 23
39 40 43
39 43 44
50 51 56
49 50 56
4 27 28
4 5 27
5 26 27
15 16 25
15 25 26
14 15 26
3 4 98
0 1 100
1 2 100
6 7 11
7 10 11
63 81 82
18 19 24
17 18 24
40 41 42
40 42 43
3 98 99
2 99 100
2 3 99
8 9 10
7 8 10
63 79 80
63 80 81
63 82 83
63 83 90
61 95 96
85 86 87
63 90 91
85 87 88
62 63 91
62 91 92
61 62 93
62 92 93
61 94 95
61 93 94
84 85 88
84 88 89
83 89 90
83 84 89
