# points
0.34375 0.5
0.36058 0.52644
0.3774 0.55288
0.39423 0.57933
0.41106 0.60577
0.42788 0.63221
0.44471 0.65865
0.46154 0.6851
0.47837 0.71154
0.49519 0.73798
0.51202 0.76442
0.52885 0.79087
0.54327 0.81731
0.53365 0.84375
0.52163 0.87019
0.51202 0.89663
0.5024 0.92308
0.52404 0.91346
0.55048 0.89904
0.57692 0.88462
0.60337 0.87019
0.61779 0.89423
0.62981 0.92067
0.63942 0.94712
0.65144 0.97356
0.66346 1
0.67548 0.98798
0.6875 0.96154
0.69712 0.9351
0.72115 0.92308
0.7476 0.92067
0.77404 0.91827
0.78365 0.90625
0.76923 0.87981
0.75481 0.85337
0.73798 0.82692
0.72356 0.80048
0.73317 0.77404
0.7524 0.7476
0.75 0.73558
0.72356 0.74279
0.69712 0.75
0.67067 0.75721
0.64423 0.76442
0.6226 0.7524
0.60337 0.72596
0.58654 0.69952
0.56971 0.67308
0.55048 0.64663
0.53365 0.62019
0.51442 0.59375
0.4976 0.56731
0.47837 0.54087
0.46154 0.51442
0.44471 0.48798
0.42548 0.46154
0.40865 0.4351
0.38942 0.40865
0.3726 0.38221
0.35337 0.35577
0.33654 0.32933
0.31971 0.30288
0.30048 0.27644
0.28365 0.25
0.26442 0.22356
0.2476 0.19712
0.23077 0.17067
0.21154 0.14423
0.20673 0.11779
0.21154 0.091346
0.21875 0.064904
0.22356 0.038462
0.22837 0.012019
0.20192 0.028846
0.17548 0.043269
0.14904 0.057692
0.1226 0.052885
0.096154 0.028846
0.069712 0.0048077
0.057692 0
0.064904 0.026442
0.072115 0.052885
0.055288 0.0625
0.028846 0.064904
0.0024038 0.067308
0 0.074519
0.026442 0.086538
0.052885 0.098558
0.079327 0.11058
0.086538 0.12981
0.072115 0.15625
0.057692 0.18269
0.040865 0.20913
0.052885 0.21154
0.079327 0.19712
0.10577 0.1851
0.13221 0.17067
0.14904 0.19712
0.16587 0.22356
0.18269 0.25
0.19952 0.27644
0.21635 0.30288
0.23317 0.32933
0.25 0.35577
0.26683 0.38221
0.28606 0.40865
0.30288 0.4351
0.31971 0.46154
0.33654 0.48798
0.34375 0.5
# triangles
64 65 99
64 99 100
63 64 100
61 102 103
77 78 80
78 79 80
2 3 53
7 8 48
2 53 54
1 2 54
4 5 51
21 35 36
36 37 41
37 40 41
61 62 102
63 100 101
62 63 101
62 101 102
71 72 73
70 71 73
76 77 81
77 80 81
65 98 99
90 91 94
90 94 95
89 95 96
89 90 95
91 92 93
91 93 94
65 66 98
66 97 98
67 96 97
67 68 96
66 67 97
68 75 96
75 89 96
68 69 75
56 107 108
0 56 108
0 55 56
0 1 55
1 54 55
60 61 103
60 103 104
58 105 106
56 57 107
57 106 107
57 58 106
3 52 53
3 4 52
4 51 52
6 7 49
7 48 49
13 14 19
31 32 33
30 31 33
29 30 33
29 33 34
21 29 35
29 34 35
38 39 40
37 38 40
36 42 43
36 41 42
20 36 43
20 21 36
12 13 20
13 19 20
9 10 46
9 46 47
8 47 48
8 9 47
14 15 18
14 18 19
82 87 88
81 82 88
76 81 88
75 88 89
75 76 88
84 85 86
83 84 86
82 86 87
82 83 86
69 70 74
69 74 75
70 73 74
58 59 105
59 104 105
59 60 104
6 49 50
5 6 50
5 50 51
11 12 44
20 43 44
12 20 44
11 44 45
10 45 46
10 11 45
15 16 17
15 17 18
23 27 28
21 28 29
23 24 27
24 26 27
24 25 26
21 22 28
22 23 28
