# points
0.34023 0.49885
0.35862 0.52644
0.37701 0.55402
0.3931 0.58161
0.41149 0.6092
0.42989 0.63678
0.44828 0.66437
0.46437 0.69195
0.48276 0.71954
0.50115 0.74713
0.51724 0.77471
0.53563 0.8023
0.54023 0.82989
0.52874 0.85747
0.51724 0.88506
0.50575 0.91264
0.51724 0.94023
0.53563 0.96782
0.55632 0.9954
0.58161 0.9977
0.6092 1
0.63678 1
0.66437 0.9977
0.67126 0.97011
0.68046 0.94253
0.68736 0.91494
0.69655 0.88736
0.70575 0.85977
0.71264 0.83218
0.72414 0.8092
0.73793 0.83678
0.75402 0.86437
0.76782 0.89195
0.78161 0.90575
0.7908 0.87816
0.8 0.85057
0.8092 0.82299
0.8 0.7954
0.77701 0.76782
0.75632 0.74023
0.72874 0.74483
0.70115 0.75172
0.67356 0.75862
0.64598 0.76782
0.62069 0.75862
0.6023 0.73103
0.58391 0.70345
0.56322 0.67586
0.54483 0.64828
0.52644 0.62069
0.50805 0.5931
0.48966 0.56552
0.47126 0.53793
0.45287 0.51034
0.43448 0.48276
0.41609 0.45517
0.3954 0.42759
0.37701 0.4
0.35862 0.37241
0.34023 0.34483
0.32184 0.31724
0.30345 0.28966
0.28506 0.26207
0.26667 0.23448
0.24828 0.2069
0.22759 0.17931
0.22069 0.15172
0.22759 0.12414
0.23218 0.096552
0.23908 0.068966
0.23448 0.043678
0.2069 0.025287
0.17931 0.0068966
0.15172 0
0.12414 0.011494
0.096552 0.02069
0.075862 0.034483
0.073563 0.062069
0.071264 0.089655
0.071264 0.11724
0.068966 0.14483
0.066667 0.17241
0.048276 0.15402
0.027586 0.12644
0.011494 0.10805
0.0068966 0.13563
0 0.16322
0.0022989 0.1908
0.029885 0.21839
0.057471 0.24598
0.082759 0.23448
0.11034 0.22069
0.13793 0.2069
0.16092 0.21609
0.17701 0.24368
0.1954 0.27126
0.21379 0.29885
0.23218 0.32644
0.24828 0.35402
0.26667 0.38161
0.28506 0.4092
0.30115 0.43678
0.31954 0.46437
0.33793 0.49195
0.34023 0.49885
# triangles
17 18 19
20 21 23
21 22 23
19 20 24
17 19 24
20 23 24
12 25 26
0 1 55
11 12 44
31 34 35
31 32 34
32 33 34
57 101 102
88 89 90
12 13 25
1 54 55
30 35 36
30 31 35
30 36 37
29 30 37
12 26 43
12 43 44
29 38 40
38 39 40
29 37 38
83 84 85
0 55 103
56 57 102
55 56 103
56 102 103
62 96 97
72 73 74
71 72 74
14 24 25
13 14 25
14 17 24
14 16 17
14 15 16
9 46 47
28 29 42
28 42 43
75 76 77
74 75 77
74 77 78
82 85 86
82 83 85
82 86 87
60 98 99
61 62 97
61 97 98
60 61 98
59 99 100
59 60 99
6 49 50
3 52 53
3 4 52
4 51 52
5 6 50
5 50 51
4 5 51
8 9 47
9 10 46
10 45 46
11 44 45
10 11 45
29 40 41
29 41 42
26 27 43
27 28 43
79 80 92
81 88 90
80 81 92
66 79 92
58 59 100
58 100 101
57 58 101
8 47 48
2 3 53
1 2 54
2 53 54
81 90 91
81 91 92
66 92 93
64 94 95
69 70 71
67 78 79
66 67 79
7 8 48
6 7 49
7 48 49
63 64 95
63 95 96
62 63 96
65 66 93
65 93 94
64 65 94
68 74 78
67 68 78
68 71 74
68 69 71
81 82 87
81 87 88
