# points
0.3341 0.49886
0.35469 0.51945
0.36156 0.54233
0.37071 0.56522
0.37757 0.5881
0.38444 0.61098
0.3913 0.63387
0.40046 0.65675
0.40732 0.67963
0.41419 0.70252
0.42105 0.7254
0.43021 0.74828
0.43707 0.77117
0.44394 0.79405
0.45309 0.81693
0.46224 0.83982
0.47368 0.8627
0.48513 0.88558
0.49657 0.90847
0.5103 0.93135
0.5286 0.95423
0.54462 0.97712
0.56064 0.99542
0.58352 0.99542
0.60641 0.99771
0.62929 0.99771
0.65217 1
0.66819 0.98398
0.67735 0.9611
0.6865 0.93822
0.70023 0.91991
0.72311 0.91762
0.746 0.91533
0.76888 0.91304
0.78261 0.89703
0.79176 0.87414
0.79863 0.85126
0.80549 0.82838
0.80778 0.80549
0.78947 0.78261
0.77117 0.75973
0.75286 0.73684
0.72998 0.71854
0.70709 0.70252
0.68421 0.68421
0.66133 0.6659
0.63844 0.6476
0.61556 0.627
0.59268 0.6087
0.56979 0.59039
0.54691 0.57208
0.52403 0.55149
0.50114 0.53318
0.47826 0.51487
0.45538 0.49657
0.43249 0.47597
0.42105 0.45538
0.40961 0.43249
0.40046 0.40961
0.3913 0.38673
0.38215 0.36384
0.373 0.34096
0.36384 0.31808
0.35469 0.29519
0.34554 0.27231
0.33638 0.24943
0.32723 0.22654
0.31808 0.20366
0.30892 0.18078
0.29977 0.15789
0.29062 0.13501
0.27689 0.11213
0.26545 0.089245
0.25172 0.066362
0.2357 0.045767
0.21281 0.032037
0.18993 0.016018
0.16705 0
0.14416 0.006865
0.12128 0.016018
0.098398 0.022883
0.077803 0.032037
0.084668 0.05492
0.091533 0.077803
0.093822 0.098398
0.070938 0.10069
0.048055 0.10297
0.025172 0.10526
0.011442 0.11899
0.006865 0.14188
0.0022883 0.16476
0 0.18764
0.022883 0.21053
0.045767 0.23341
0.06865 0.25629
0.091533 0.27689
0.11442 0.29748
0.1373 0.32037
0.16018 0.34096
0.18307 0.36156
0.20595 0.38215
0.22883 0.40275
0.25172 0.42334
0.2746 0.44622
0.29748 0.46682
0.32037 0.48741
0.3341 0.49886
# triangles
80 81 82
79 80 82
84 94 95
64 99 100
11 47 48
64 65 99
65 98 99
65 66 98
67 68 97
67 97 98
66 67 98
70 84 95
32 34 35
32 33 34
86 87 88
79 82 83
84 93 94
68 96 97
59 103 104
9 48 49
8 9 49
63 64 100
62 63 101
63 100 101
0 57 105
11 46 47
14 45 46
13 14 46
9 10 48
10 11 48
30 42 43
20 23 24
16 30 43
16 43 44
72 73 84
73 75 84
71 72 84
70 71 84
20 24 29
18 29 30
25 26 27
86 88 89
76 79 83
75 76 84
76 83 84
84 85 93
85 92 93
85 89 92
85 86 89
69 70 95
69 95 96
68 69 96
57 58 105
58 104 105
58 59 104
59 60 103
62 101 102
61 62 102
60 102 103
60 61 102
6 7 51
5 6 52
6 51 52
7 50 51
7 8 50
8 49 50
3 4 53
4 5 52
4 52 53
3 53 54
2 3 54
2 54 55
1 2 55
12 13 46
11 12 46
30 40 41
30 41 42
36 37 39
37 38 39
31 32 35
31 35 36
31 36 39
30 31 40
31 39 40
21 22 23
20 21 23
17 18 30
16 17 30
15 16 44
14 15 45
15 44 45
73 74 75
18 19 29
19 20 29
90 91 92
89 90 92
76 77 78
76 78 79
1 55 56
0 56 57
0 1 56
25 27 28
24 25 28
24 28 29
