# points
0.34174 0.5
0.36009 0.52752
0.37844 0.55505
0.3945 0.58257
0.41284 0.61009
0.43119 0.63761
0.44954 0.66514
0.4656 0.69266
0.48394 0.72018
0.50229 0.74771
0.51835 0.77523
0.5367 0.80275
0.53211 0.8211
0.50459 0.82569
0.47706 0.83028
0.44954 0.83486
0.46101 0.8555
0.47936 0.88303
0.49771 0.91055
0.51835 0.93807
0.5367 0.9656
0.55505 0.99312
0.58028 0.99771
0.6078 1
0.63532 1
0.66284 1
0.67431 0.97248
0.68807 0.94495
0.70183 0.92202
0.72936 0.91972
0.75688 0.91743
0.78211 0.90826
0.79128 0.88073
0.80046 0.85321
0.80963 0.82569
0.80275 0.79817
0.78211 0.77064
0.76376 0.74312
0.74312 0.7156
0.72248 0.68807
0.70413 0.66514
0.68349 0.69266
0.66514 0.72018
0.64679 0.74771
0.62615 0.76606
0.6078 0.73853
0.58945 0.71101
0.5711 0.68349
0.55046 0.65596
0.53211 0.62844
0.51376 0.60092
0.49541 0.57339
0.47706 0.54587
0.45872 0.51835
0.44037 0.49083
0.42202 0.4633
0.40367 0.43578
0.38303 0.40826
0.36468 0.38073
0.34633 0.35321
0.32798 0.32569
0.30963 0.29817
0.29128 0.27064
0.27294 0.24312
0.25459 0.2156
0.23624 0.18807
0.22018 0.16055
0.22706 0.13303
0.23394 0.1055
0.23853 0.077982
0.24312 0.050459
0.2156 0.03211
0.18807 0.013761
0.16055 0
0.13303 0.011468
0.1055 0.020642
0.077982 0.029817
0.084862 0.057339
0.094037 0.084862
0.082569 0.10092
0.055046 0.10321
0.027523 0.1055
0.011468 0.12156
0.0068807 0.14908
0 0.17661
0.016055 0.20413
0.043578 0.23165
0.068807 0.24541
0.09633 0.23165
0.12385 0.21789
0.15138 0.20183
0.16972 0.22936
0.18807 0.25688
0.20413 0.2844
0.22248 0.31193
0.24083 0.33945
0.25688 0.36697
0.27523 0.3945
0.29358 0.42202
0.30963 0.44954
0.32798 0.47706
0.34174 0.5
# triangles
30 31 32
83 84 85
14 15 16
14 16 17
13 14 17
20 21 22
20 22 23
72 73 74
33 34 35
7 8 48
24 25 26
23 24 26
29 30 32
29 32 33
57 58 99
58 98 99
78 79 90
72 74 78
86 87 88
85 86 88
80 83 85
80 81 82
80 82 83
79 80 88
80 85 88
75 76 77
74 75 78
75 77 78
7 48 49
4 5 51
5 50 51
33 35 36
28 29 36
29 33 36
8 47 48
19 20 27
20 23 27
23 26 27
63 93 94
62 94 95
62 63 94
71 72 78
79 89 90
79 88 89
2 53 54
4 51 52
6 7 49
6 49 50
5 6 50
37 38 42
37 42 43
36 37 43
28 43 44
28 36 43
39 40 41
38 41 42
38 39 41
8 9 47
9 46 47
9 10 46
65 91 92
64 65 92
64 92 93
63 64 93
67 78 90
61 95 96
61 62 95
57 99 100
56 57 100
1 54 55
1 2 54
2 3 53
3 52 53
3 4 52
12 28 44
11 12 44
12 27 28
12 19 27
12 18 19
12 17 18
12 13 17
11 44 45
10 11 45
10 45 46
66 67 90
66 90 91
65 66 91
69 70 71
67 68 78
68 71 78
68 69 71
60 96 97
60 61 96
0 1 55
0 55 56
0 56 100
59 60 97
59 97 98
58 59 98
