# points
0.33867 0.50114
0.35469 0.52632
0.36156 0.55149
0.37071 0.57666
0.37986 0.60183
0.38673 0.627
0.39588 0.65217
0.40275 0.67735
0.4119 0.70252
0.41876 0.72769
0.42792 0.75286
0.43707 0.77803
0.44394 0.8032
0.45309 0.82838
0.46682 0.85355
0.47826 0.87872
0.49199 0.90389
0.50572 0.92906
0.52403 0.95423
0.54233 0.97941
0.56064 0.99771
0.58581 0.99771
0.61098 1
0.63616 1
0.66133 0.99771
0.67048 0.97254
0.68192 0.94737
0.69336 0.9222
0.71854 0.91991
0.74371 0.91762
0.76888 0.91533
0.78261 0.89474
0.79176 0.86957
0.79863 0.84439
0.80778 0.81922
0.79405 0.79405
0.77346 0.76888
0.75515 0.74371
0.72998 0.72311
0.70481 0.70481
0.67963 0.68421
0.65446 0.66362
0.62929 0.64302
0.60412 0.62243
0.57895 0.60183
0.55378 0.58124
0.5286 0.56064
0.50343 0.54005
0.47826 0.51945
0.45309 0.49886
0.42792 0.47597
0.40961 0.45309
0.39359 0.42792
0.37529 0.40275
0.35927 0.37757
0.34325 0.3524
0.32494 0.32723
0.30892 0.30206
0.29062 0.27689
0.2746 0.25172
0.25629 0.22654
0.24027 0.20137
0.22197 0.1762
0.21968 0.15103
0.22654 0.12586
0.23112 0.10069
0.23799 0.075515
0.23799 0.052632
0.21281 0.034325
0.18764 0.018307
0.16247 0
0.1373 0.011442
0.11213 0.020595
0.086957 0.029748
0.077803 0.045767
0.086957 0.070938
0.093822 0.09611
0.073227 0.10297
0.048055 0.10526
0.022883 0.10755
0.0091533 0.12357
0.0045767 0.14874
0 0.17391
0.006865 0.19908
0.032037 0.22426
0.057208 0.24943
0.080092 0.24027
0.10526 0.22654
0.13043 0.2151
0.15332 0.21053
0.16934 0.2357
0.18535 0.26087
0.20137 0.28604
0.21739 0.31121
0.23341 0.33638
0.24943 0.36156
0.26545 0.38673
0.28375 0.4119
0.29977 0.43707
0.31579 0.46224
0.33181 0.48741
0.33867 0.50114
# triangles
19 20 21
18 19 21
15 16 27
15 27 39
21 22 26
18 26 27
18 21 26
16 17 27
17 18 27
14 39 40
14 15 39
13 14 41
14 40 41
10 11 42
11 41 42
10 42 43
9 43 44
9 10 43
2 3 49
27 28 36
29 30 31
29 31 32
28 29 32
27 38 39
76 88 89
12 13 41
11 12 41
6 7 45
53 98 99
54 97 98
53 54 98
52 53 99
6 45 46
5 6 46
5 46 47
4 5 47
1 2 49
1 49 50
0 1 51
1 50 51
28 32 33
28 33 36
33 35 36
33 34 35
23 24 25
22 23 25
22 25 26
27 36 37
27 37 38
78 79 80
72 73 75
81 82 83
81 83 84
78 80 81
84 85 86
84 86 87
8 9 44
8 44 45
7 8 45
4 47 48
3 48 49
3 4 48
0 51 100
51 52 100
52 99 100
71 72 75
71 75 76
59 92 93
73 74 75
76 77 88
77 87 88
77 84 87
77 81 84
77 78 81
69 70 71
69 71 76
57 94 95
63 76 89
54 55 97
55 96 97
66 67 68
62 89 90
62 63 89
56 57 95
56 95 96
55 56 96
58 59 93
58 93 94
57 58 94
61 90 91
61 62 90
60 61 91
60 91 92
59 60 92
63 64 76
64 65 76
65 69 76
65 68 69
65 66 68
