# points
0.49312 0.5
0.49771 0.52752
0.50229 0.55505
0.50688 0.58257
0.51147 0.61009
0.51606 0.63761
0.52064 0.66514
0.52523 0.69266
0.52982 0.72018
0.5344 0.74771
0.53899 0.77523
0.54358 0.80275
0.54128 0.83028
0.52982 0.8578
0.51835 0.88532
0.50688 0.91284
0.51835 0.94037
0.5367 0.96789
0.55734 0.99541
0.58257 0.99771
0.61009 1
0.63761 1
0.66514 0.99771
0.67661 0.97018
0.68807 0.94266
0.70413 0.92202
0.73165 0.91972
0.75917 0.91514
0.78211 0.90596
0.79128 0.87844
0.80046 0.85092
0.80963 0.82339
0.80046 0.79587
0.77752 0.76835
0.75688 0.74083
0.72936 0.74541
0.70183 0.75229
0.67431 0.75917
0.64679 0.76835
0.62844 0.75917
0.62156 0.73165
0.61697 0.70413
0.61239 0.67661
0.6078 0.64908
0.60321 0.62156
0.59633 0.59404
0.59174 0.56651
0.58716 0.53899
0.58257 0.51147
0.57798 0.48394
0.5711 0.45642
0.56651 0.4289
0.54358 0.40596
0.51606 0.38532
0.48853 0.36468
0.46101 0.34404
0.43349 0.32339
0.40596 0.30505
0.37844 0.2844
0.35092 0.26376
0.32339 0.24312
0.29587 0.22248
0.26835 0.20183
0.24083 0.18119
0.22248 0.15826
0.22706 0.13073
0.23394 0.10321
0.24083 0.075688
0.24083 0.050459
0.2133 0.03211
0.18578 0.011468
0.15826 0
0.13073 0.011468
0.10321 0.022936
0.077982 0.03211
0.087156 0.059633
0.094037 0.087156
0.080275 0.10092
0.052752 0.10321
0.025229 0.1055
0.011468 0.12385
0.0045872 0.15138
0 0.1789
0.018349 0.20642
0.045872 0.23394
0.071101 0.24312
0.098624 0.22936
0.12615 0.2156
0.15367 0.20413
0.18119 0.22477
0.20872 0.24771
0.23624 0.26835
0.26376 0.29128
0.29128 0.31193
0.31881 0.33486
0.34633 0.3555
0.37385 0.37844
0.40138 0.39908
0.4289 0.42202
0.45642 0.44266
0.48394 0.4656
0.49312 0.49312
0.49312 0.5
# triangles
17 19 20
17 18 19
17 20 24
12 24 25
5 6 43
27 28 29
81 82 83
25 37 38
12 25 38
12 13 24
53 99 100
21 22 23
20 23 24
20 21 23
78 79 80
78 80 81
78 81 83
77 78 83
70 71 72
25 36 37
30 31 32
55 56 97
58 94 95
58 59 94
76 77 88
66 69 76
72 75 76
69 70 76
70 72 76
14 17 24
13 14 24
56 96 97
52 53 100
51 52 100
5 43 44
5 44 45
50 51 100
26 27 29
26 29 30
25 26 36
26 30 36
73 74 75
72 73 75
30 33 36
30 32 33
33 35 36
33 34 35
53 54 99
57 58 95
57 95 96
56 57 96
67 68 69
66 67 69
59 93 94
59 60 93
77 87 88
65 66 76
65 76 88
14 15 16
14 16 17
54 98 99
55 97 98
54 55 98
0 48 49
61 62 91
77 83 86
77 86 87
83 84 86
84 85 86
10 11 39
12 38 39
11 12 39
6 42 43
0 1 48
1 2 47
1 47 48
50 100 101
49 50 101
0 49 101
4 5 45
3 4 45
2 46 47
2 3 46
3 45 46
60 92 93
60 61 92
61 91 92
62 90 91
64 65 88
64 88 89
10 39 40
8 40 41
7 8 41
7 41 42
6 7 42
63 89 90
63 64 89
62 63 90
9 10 40
8 9 40
