# points
0.23448 0.49885
0.24138 0.52414
0.24828 0.54943
0.25517 0.57471
0.27816 0.5954
0.30345 0.61609
0.32874 0.63678
0.35402 0.65747
0.37931 0.67816
0.4046 0.69885
0.42989 0.72184
0.45517 0.74253
0.48046 0.76322
0.50575 0.78391
0.53103 0.8046
0.54253 0.82759
0.53333 0.85287
0.52184 0.87816
0.51264 0.90345
0.51034 0.92874
0.52874 0.95402
0.54713 0.97931
0.56552 0.9977
0.5908 0.9977
0.61609 1
0.64138 1
0.66667 0.9977
0.67586 0.97241
0.68736 0.94713
0.69885 0.92184
0.72414 0.91954
0.74943 0.91724
0.77471 0.91494
0.78851 0.89425
0.7977 0.86897
0.8046 0.84368
0.81379 0.81839
0.8 0.7931
0.77931 0.76782
0.76092 0.74253
0.73563 0.74253
0.71034 0.74943
0.68506 0.75632
0.65977 0.76322
0.63448 0.77011
0.6092 0.75172
0.58391 0.73103
0.55862 0.71034
0.53333 0.68966
0.50805 0.66667
0.48276 0.64598
0.45747 0.62529
0.43218 0.6023
0.4069 0.58161
0.38161 0.56092
0.35632 0.53793
0.33563 0.51724
0.32644 0.49195
0.31954 0.46667
0.31034 0.44138
0.30115 0.41609
0.29425 0.3908
0.28506 0.36552
0.27816 0.34023
0.26897 0.31494
0.26207 0.28966
0.25287 0.26437
0.24368 0.23908
0.23678 0.21379
0.22759 0.18851
0.22069 0.16322
0.22529 0.13793
0.23218 0.11264
0.23678 0.087356
0.24368 0.062069
0.23218 0.041379
0.2069 0.022989
0.18161 0.0068966
0.15632 0
0.13103 0.0091954
0.10575 0.018391
0.08046 0.027586
0.085057 0.050575
0.091954 0.075862
0.091954 0.096552
0.066667 0.098851
0.041379 0.10345
0.016092 0.10345
0.0091954 0.12874
0.0045977 0.15402
0 0.17931
0.018391 0.2046
0.043678 0.22989
0.066667 0.24368
0.091954 0.23218
0.11724 0.21839
0.14253 0.2069
0.15632 0.21609
0.16322 0.24138
0.17011 0.26667
0.17701 0.29195
0.18391 0.31724
0.1908 0.34253
0.1977 0.36782
0.2046 0.3931
0.21149 0.41839
0.21839 0.44368
0.22529 0.46897
0.23218 0.49425
0.23448 0.49885
# triangles
21 22 23
77 78 79
20 21 23
76 77 79
7 8 52
71 84 96
86 87 88
80 81 82
84 95 96
84 85 95
38 39 40
9 50 51
8 51 52
8 9 51
9 10 50
70 71 96
71 72 84
63 64 102
64 101 102
64 65 101
63 102 103
62 63 103
61 62 104
61 104 105
62 103 104
3 4 56
2 3 56
1 2 56
85 91 95
76 79 83
79 80 83
80 82 83
35 37 38
35 36 37
11 48 49
10 11 49
10 49 50
18 19 20
17 18 20
12 47 48
12 13 47
11 12 48
15 29 44
66 67 99
67 68 98
67 98 99
65 66 100
65 100 101
66 99 100
4 5 55
4 55 56
60 61 105
60 105 106
85 86 89
85 89 91
86 88 89
89 90 91
91 92 94
91 94 95
92 93 94
73 76 83
73 75 76
72 73 84
73 83 84
73 74 75
13 46 47
13 14 46
15 44 45
14 15 45
14 45 46
15 16 29
24 25 27
25 26 27
20 23 28
17 20 28
23 24 28
16 17 28
16 28 29
24 27 28
30 34 42
29 30 42
68 97 98
68 69 97
70 96 97
69 70 97
5 6 54
5 54 55
38 40 41
35 38 41
29 43 44
29 42 43
31 33 34
30 31 34
31 32 33
0 58 108
58 107 108
6 7 53
6 53 54
7 52 53
58 59 107
59 106 107
59 60 106
0 1 57
0 57 58
1 56 57
34 41 42
34 35 41
