# points
0.34023 0.49885
0.35632 0.52414
0.37471 0.54943
0.3908 0.57471
0.4069 0.6
0.42299 0.62529
0.43908 0.65057
0.45517 0.67586
0.47126 0.70115
0.48736 0.72644
0.50345 0.75172
0.51954 0.77701
0.53563 0.8023
0.54023 0.82759
0.53103 0.85287
0.51954 0.87816
0.51034 0.90345
0.50805 0.92874
0.52644 0.95402
0.54483 0.97931
0.56322 0.9977
0.58851 0.9977
0.61379 1
0.63908 1
0.66437 0.9977
0.67356 0.97241
0.68506 0.94713
0.69655 0.92184
0.72184 0.91954
0.74713 0.91724
0.77241 0.91494
0.78621 0.89425
0.7954 0.86897
0.8023 0.84368
0.81149 0.81839
0.7931 0.8092
0.76782 0.8069
0.74253 0.8023
0.71724 0.7977
0.69195 0.7931
0.66667 0.78391
0.64138 0.77471
0.62069 0.75862
0.6023 0.73333
0.58621 0.70805
0.56782 0.68276
0.55172 0.65747
0.53563 0.63218
0.51724 0.6069
0.50115 0.58161
0.48276 0.55632
0.46667 0.53103
0.44828 0.50575
0.43218 0.48046
0.41609 0.45517
0.3977 0.42989
0.38161 0.4046
0.36322 0.37931
0.34713 0.35402
0.32874 0.32874
0.31264 0.30345
0.29655 0.27816
0.27816 0.25287
0.26207 0.22759
0.24368 0.2023
0.22759 0.17701
0.22069 0.15172
0.22529 0.12644
0.23218 0.10115
0.23678 0.075862
0.24368 0.050575
0.21839 0.034483
0.1931 0.016092
0.16782 0
0.14253 0.0045977
0.11724 0.013793
0.091954 0.022989
0.078161 0.036782
0.085057 0.062069
0.094253 0.087356
0.078161 0.098851
0.052874 0.10115
0.027586 0.10345
0.011494 0.11494
0.0045977 0.14023
0 0.16552
0.0022989 0.1908
0.027586 0.21609
0.052874 0.24138
0.075862 0.23908
0.10115 0.22529
0.12644 0.21379
0.15172 0.2023
0.16782 0.22759
0.18391 0.25287
0.2 0.27816
0.21609 0.30345
0.23218 0.32874
0.24828 0.35402
0.26437 0.37931
0.28046 0.4046
0.29655 0.42989
0.31264 0.45517
0.32874 0.48046
0.34023 0.49885
# triangles
13 27 40
23 24 25
22 23 25
19 20 21
18 19 21
18 21 26
21 22 26
22 25 26
85 86 87
84 85 87
0 1 54
1 53 54
15 18 26
56 101 102
87 88 89
87 89 90
7 47 48
29 32 37
4 50 51
5 49 50
4 5 50
16 17 18
15 16 18
27 28 38
28 29 37
28 37 38
0 54 55
55 56 102
61 96 97
63 94 95
60 61 97
81 84 87
81 87 90
72 74 79
74 75 79
72 73 74
7 8 47
8 46 47
32 36 37
29 30 31
29 31 32
1 2 53
2 52 53
6 48 49
5 6 49
6 7 48
13 40 41
13 41 42
10 44 45
11 43 44
10 11 44
27 39 40
27 38 39
12 42 43
11 12 43
12 13 42
0 55 103
55 102 103
61 62 96
62 95 96
62 63 95
60 97 98
58 99 100
82 83 84
81 82 84
76 77 78
75 76 78
75 78 79
65 92 93
9 45 46
8 9 46
9 10 45
33 35 36
32 33 36
33 34 35
3 4 51
3 51 52
2 3 52
13 14 27
14 26 27
14 15 26
63 64 94
64 93 94
64 65 93
66 79 92
65 66 92
58 59 99
59 98 99
59 60 98
57 100 101
57 58 100
56 57 101
79 80 92
80 91 92
80 81 90
80 90 91
69 70 71
66 67 79
67 68 79
68 69 71
68 71 72
68 72 79
