# points
0.024242 0.6
0.018182 0.61818
0.012121 0.63636
0.0060606 0.65455
0 0.67273
0.0060606 0.69091
0.012121 0.70909
0.024242 0.72727
0.036364 0.74545
0.054545 0.75758
0.066667 0.77576
0.066667 0.79394
0.066667 0.81212
0.048485 0.8303
0.030303 0.84848
0.024242 0.86667
0.018182 0.88485
0.018182 0.90303
0.018182 0.92121
0.024242 0.93939
0.030303 0.95758
0.048485 0.97576
0.066667 0.98788
0.084848 0.99394
0.10303 1
0.12121 1
0.13939 1
0.15758 0.99394
0.17576 0.99394
0.19394 0.98788
0.21212 0.98182
0.2303 0.96364
0.24242 0.95152
0.25455 0.93333
0.26061 0.91515
0.26061 0.89697
0.26061 0.87879
0.25455 0.86061
0.26061 0.84242
0.26061 0.82424
0.24848 0.80606
0.24242 0.78788
0.23636 0.7697
0.24848 0.75152
0.26667 0.73333
0.27273 0.71515
0.27273 0.69697
0.27879 0.67879
0.28485 0.66061
0.28485 0.64242
0.27879 0.62424
0.28485 0.60606
0.29091 0.58788
0.29697 0.5697
0.30303 0.55152
0.30909 0.53333
0.31515 0.51515
0.32727 0.49697
0.32727 0.47879
0.33333 0.46061
0.34545 0.44242
0.34545 0.42424
0.33939 0.40606
0.32121 0.38788
0.32727 0.3697
0.32121 0.35152
0.30303 0.33939
0.28485 0.32727
0.27879 0.30909
0.27879 0.29091
0.27879 0.27273
0.27273 0.25455
0.26061 0.23636
0.25455 0.21818
0.25455 0.2
0.25455 0.18182
0.24848 0.16364
0.24242 0.14545
0.23636 0.12727
0.2303 0.10909
0.24848 0.090909
0.26667 0.072727
0.28485 0.066667
0.30303 0.060606
0.32121 0.054545
0.32727 0.036364
0.30909 0.024242
0.29091 0.024242
0.27273 0.012121
0.25455 0
0.23636 0
0.21818 0
0.2 0
0.18182 0
0.16364 0
0.14545 0.0060606
0.12727 0.012121
0.10909 0.018182
0.090909 0.030303
0.090909 0.048485
0.09697 0.066667
0.10303 0.084848
0.10303 0.10303
0.10303 0.12121
0.09697 0.13939
0.090909 0.15758
0.090909 0.17576
0.090909 0.19394
0.09697 0.21212
0.10303 0.2303
0.11515 0.24848
0.12121 0.26667
0.11515 0.28485
0.10303 0.30303
0.084848 0.31515
0.078788 0.33333
0.072727 0.35152
0.066667 0.3697
0.060606 0.38788
0.054545 0.40606
0.054545 0.42424
0.048485 0.44242
0.048485 0.46061
0.048485 0.47879
0.036364 0.49697
0.036364 0.51515
0.024242 0.53333
0.024242 0.55152
0.024242 0.5697
0.024242 0.58788
0.024242 0.6
# triangles
88 89 90
59 60 61
12 13 27
52 123 125
3 5 7
5 6 7
3 4 5
11 12 42
10 11 42
59 61 62
52 53 123
123 124 125
118 119 120
120 121 122
25 26 27
13 25 27
43 44 45
38 39 40
12 40 41
12 41 42
96 100 101
113 114 115
113 115 116
84 85 86
2 3 7
17 18 19
19 20 21
9 10 42
9 42 43
7 8 9
2 7 9
1 2 9
54 55 123
53 54 123
56 58 120
56 120 122
56 57 58
55 56 123
56 122 123
27 31 37
12 27 37
12 37 40
37 38 40
29 30 31
27 29 31
27 28 29
17 19 23
23 24 25
13 17 23
13 23 25
21 22 23
19 21 23
43 45 46
9 43 46
1 9 46
0 46 50
0 1 46
125 126 127
125 127 128
0 50 129
50 128 129
51 52 125
51 125 128
50 51 128
97 99 100
96 97 100
97 98 99
95 96 101
69 70 71
69 71 72
69 72 111
80 91 92
13 15 17
13 14 15
59 62 63
58 59 63
63 64 65
63 65 66
58 63 120
63 118 120
31 32 35
31 35 37
35 36 37
32 33 35
33 34 35
46 47 50
93 94 95
67 113 116
67 116 117
63 66 67
67 117 118
63 67 118
83 84 86
81 88 90
81 90 91
80 81 91
106 107 108
79 101 102
79 95 101
79 93 95
79 92 93
79 80 92
79 102 103
78 79 103
74 108 110
108 109 110
15 16 17
68 69 111
67 68 113
83 86 87
82 83 87
81 87 88
81 82 87
74 75 76
74 76 108
76 106 108
76 77 106
78 103 104
77 78 104
77 104 106
104 105 106
73 74 110
72 73 111
73 110 111
68 112 113
68 111 112
47 49 50
47 48 49
