# points
0.024096 0.59639
0.012048 0.61446
0.0060241 0.63253
0 0.6506
0 0.66867
0 0.68675
0.0060241 0.70482
0.018072 0.72289
0.03012 0.74096
0.048193 0.75301
0.066265 0.77108
0.072289 0.78916
0.066265 0.80723
0.048193 0.8253
0.03012 0.84337
0.018072 0.86145
0.018072 0.87952
0.012048 0.89759
0.012048 0.91566
0.018072 0.93373
0.024096 0.95181
0.042169 0.96988
0.060241 0.98193
0.078313 0.98795
0.096386 1
0.11446 1
0.13253 1
0.1506 0.99398
0.16867 0.99398
0.18675 0.98795
0.20482 0.9759
0.22289 0.96386
0.24096 0.95181
0.25301 0.93373
0.25904 0.91566
0.25904 0.89759
0.25904 0.87952
0.25301 0.86145
0.25301 0.84337
0.25904 0.8253
0.25301 0.80723
0.24699 0.78916
0.24096 0.77108
0.24699 0.75301
0.25904 0.73494
0.27108 0.71687
0.27108 0.6988
0.27108 0.68072
0.27711 0.66265
0.28313 0.64458
0.27711 0.62651
0.27711 0.60843
0.28313 0.59036
0.29518 0.57229
0.3012 0.55422
0.30723 0.53614
0.31325 0.51807
0.31928 0.5
0.33735 0.48193
0.35542 0.46386
0.36747 0.44578
0.36145 0.42771
0.36747 0.40964
0.3494 0.39759
0.33133 0.39157
0.31325 0.38554
0.3012 0.36747
0.30723 0.3494
0.28916 0.33735
0.27108 0.33133
0.25904 0.31325
0.25904 0.29518
0.25904 0.27711
0.25301 0.25904
0.24699 0.24096
0.24096 0.22289
0.24096 0.20482
0.24096 0.18675
0.23494 0.16867
0.23494 0.1506
0.22892 0.13253
0.22289 0.11446
0.22289 0.096386
0.24096 0.084337
0.25904 0.072289
0.27711 0.060241
0.29518 0.060241
0.31325 0.042169
0.30723 0.024096
0.28916 0.018072
0.27108 0.012048
0.25301 0.0060241
0.23494 0
0.21687 0
0.1988 0
0.18072 0
0.16265 0
0.14458 0.0060241
0.12651 0.0060241
0.10843 0.012048
0.090361 0.018072
0.078313 0.036145
0.078313 0.054217
0.084337 0.072289
0.090361 0.090361
0.090361 0.10843
0.078313 0.12651
0.078313 0.14458
0.072289 0.16265
0.072289 0.18072
0.072289 0.1988
0.078313 0.21687
0.090361 0.23494
0.096386 0.25301
0.096386 0.27108
0.090361 0.28916
0.072289 0.30723
0.054217 0.3253
0.048193 0.34337
0.048193 0.36145
0.042169 0.37952
0.036145 0.39759
0.03012 0.41566
0.03012 0.43373
0.03012 0.45181
0.03012 0.46988
0.036145 0.48795
0.03012 0.50602
0.03012 0.5241
0.024096 0.54217
0.024096 0.56024
0.024096 0.57831
0.024096 0.59639
0.024096 0.59639
# triangles
52 126 128
19 20 21
59 60 61
69 119 120
69 70 119
56 57 126
55 56 126
33 34 35
2 3 4
2 4 7
4 6 7
4 5 6
99 100 101
59 61 64
85 90 91
85 89 90
85 86 89
75 76 112
70 114 115
70 115 119
69 120 121
69 121 123
121 122 123
124 125 126
44 45 46
0 47 50
44 46 47
43 44 47
57 58 65
58 64 65
58 59 64
52 54 126
54 55 126
51 130 131
0 50 51
0 51 131
51 52 128
51 128 130
10 43 47
10 42 43
61 62 63
61 63 64
84 85 91
84 91 92
83 84 92
83 92 93
83 93 94
95 96 97
82 97 104
82 95 97
82 94 95
82 83 94
109 111 112
75 112 113
98 99 103
97 98 103
97 103 104
99 101 102
99 102 103
115 116 119
116 117 118
116 118 119
38 39 40
48 49 50
47 48 50
52 53 54
0 1 2
128 129 130
12 37 38
12 30 37
35 36 37
31 32 33
31 33 35
31 35 37
30 31 37
38 40 41
7 8 9
2 7 9
0 2 9
0 9 47
9 10 47
10 11 42
11 41 42
11 12 38
11 38 41
23 24 25
16 19 23
19 21 23
21 22 23
57 66 126
57 65 66
66 124 126
66 69 123
66 123 124
78 109 112
78 79 80
76 78 112
76 77 78
78 80 107
107 108 109
78 107 109
109 110 111
66 68 69
74 113 114
74 75 113
126 127 128
13 16 23
13 14 16
14 15 16
105 106 107
80 81 105
80 105 107
82 104 105
81 82 105
70 71 114
66 67 68
73 74 114
71 73 114
71 72 73
13 23 27
25 26 27
23 25 27
12 13 27
12 27 30
27 29 30
27 28 29
87 88 89
86 87 89
16 17 19
17 18 19
