# points
0.012121 0.6
0.0060606 0.61818
0 0.63636
0 0.65455
0 0.67273
0 0.69091
0.012121 0.70909
0.018182 0.72727
0.036364 0.74545
0.054545 0.75758
0.072727 0.77576
0.078788 0.79394
0.072727 0.81212
0.054545 0.8303
0.036364 0.84848
0.030303 0.86667
0.024242 0.88485
0.024242 0.90303
0.024242 0.92121
0.030303 0.93939
0.036364 0.95758
0.054545 0.97576
0.072727 0.98788
0.090909 0.99394
0.10909 1
0.12727 1
0.14545 1
0.16364 1
0.18182 0.99394
0.2 0.98788
0.21818 0.98182
0.23636 0.9697
0.25455 0.95152
0.26667 0.93333
0.26667 0.91515
0.26667 0.89697
0.26667 0.87879
0.26667 0.86061
0.26667 0.84242
0.26667 0.82424
0.26061 0.80606
0.25455 0.78788
0.24848 0.7697
0.26061 0.75152
0.27273 0.73333
0.28485 0.71515
0.28485 0.69697
0.28485 0.67879
0.29091 0.66061
0.29697 0.64242
0.28485 0.62424
0.29091 0.60606
0.29697 0.58788
0.30303 0.5697
0.30909 0.55152
0.31515 0.53333
0.32121 0.51515
0.32727 0.49697
0.32727 0.47879
0.33333 0.46061
0.33939 0.44242
0.33939 0.42424
0.33333 0.40606
0.32121 0.38788
0.31515 0.3697
0.31515 0.35152
0.29697 0.33333
0.28485 0.31515
0.28485 0.29697
0.29091 0.27879
0.29091 0.26061
0.27879 0.24242
0.27273 0.22424
0.27273 0.20606
0.26667 0.18788
0.26061 0.1697
0.25455 0.15152
0.24848 0.13333
0.24242 0.11515
0.24848 0.09697
0.26667 0.084848
0.28485 0.072727
0.30303 0.066667
0.32121 0.060606
0.33333 0.048485
0.31515 0.030303
0.29697 0.024242
0.27879 0.0060606
0.26061 0
0.24242 0
0.22424 0
0.20606 0
0.18788 0
0.1697 0.0060606
0.15152 0.0060606
0.13333 0.012121
0.11515 0.018182
0.10303 0.036364
0.10303 0.054545
0.10909 0.072727
0.11515 0.090909
0.10909 0.10909
0.10303 0.12727
0.09697 0.14545
0.090909 0.16364
0.090909 0.18182
0.090909 0.2
0.09697 0.21818
0.10303 0.23636
0.10909 0.25455
0.10909 0.27273
0.10303 0.29091
0.084848 0.30303
0.066667 0.31515
0.060606 0.33333
0.054545 0.35152
0.042424 0.3697
0.030303 0.38788
0.036364 0.40606
0.036364 0.42424
0.030303 0.44242
0.024242 0.46061
0.018182 0.47879
0.018182 0.49697
0.012121 0.51515
0.012121 0.53333
0.0060606 0.55152
0.0060606 0.5697
0.012121 0.58788
0.012121 0.6
# triangles
6 7 8
4 5 6
12 26 28
12 28 36
10 42 43
6 8 9
19 20 21
21 22 23
19 21 23
12 13 26
64 115 119
26 27 28
12 38 40
11 12 40
10 11 42
52 123 125
54 121 123
81 87 88
80 81 88
80 88 89
3 6 9
3 4 6
0 50 128
0 9 50
17 18 19
17 19 23
13 17 23
13 25 26
13 23 25
23 24 25
55 119 120
54 120 121
54 55 120
115 118 119
115 116 118
116 117 118
58 59 63
59 62 63
63 64 119
58 63 119
9 47 50
43 44 47
9 10 47
10 43 47
28 29 36
38 39 40
12 36 37
12 37 38
11 40 41
11 41 42
50 51 128
51 52 125
51 125 128
52 53 123
53 54 123
81 86 87
82 85 86
81 82 86
80 89 90
78 100 101
1 2 3
1 3 9
0 1 9
123 124 125
56 57 58
55 56 119
56 58 119
44 45 46
44 46 47
48 49 50
47 48 50
29 35 36
29 31 35
29 30 31
83 84 85
82 83 85
79 90 91
79 80 90
79 91 93
79 93 100
78 79 100
91 92 93
95 96 97
95 97 98
93 99 100
93 94 99
94 95 99
95 98 99
105 106 107
75 107 108
64 65 66
64 66 115
77 102 103
77 78 102
78 101 102
103 104 105
13 14 15
13 15 17
15 16 17
121 122 123
31 32 34
31 34 35
32 33 34
76 77 103
76 103 105
76 105 107
75 76 107
74 75 108
69 70 71
66 111 115
66 67 111
68 69 71
72 73 74
112 113 114
112 114 115
111 112 115
68 71 110
67 110 111
67 68 110
74 108 109
72 74 109
71 72 109
71 109 110
59 61 62
59 60 61
126 127 128
125 126 128
