# points
0.012121 0.6
0.0060606 0.61818
0 0.63636
0 0.65455
0 0.67273
0 0.69091
0.012121 0.70909
0.018182 0.72727
0.036364 0.74545
0.054545 0.76364
0.066667 0.78182
0.066667 0.8
0.054545 0.81818
0.036364 0.83636
0.030303 0.85455
0.018182 0.87273
0.018182 0.89091
0.012121 0.90909
0.018182 0.92727
0.018182 0.94545
0.030303 0.96364
0.048485 0.97576
0.066667 0.98788
0.084848 1
0.10303 1
0.12121 1
0.13939 1
0.15758 0.99394
0.17576 0.99394
0.19394 0.98788
0.21212 0.97576
0.2303 0.96364
0.24242 0.94545
0.25455 0.92727
0.25455 0.90909
0.25455 0.89091
0.25455 0.87273
0.25455 0.85455
0.26061 0.83636
0.25455 0.81818
0.24848 0.8
0.24242 0.78182
0.24242 0.76364
0.25455 0.74545
0.26667 0.72727
0.27273 0.70909
0.27273 0.69091
0.27879 0.67273
0.28485 0.65455
0.28485 0.63636
0.27879 0.61818
0.28485 0.6
0.29697 0.58182
0.30303 0.56364
0.30303 0.54545
0.30909 0.52727
0.31515 0.50909
0.32727 0.49091
0.32727 0.47273
0.33939 0.45455
0.34545 0.43636
0.34545 0.41818
0.33333 0.4
0.32121 0.38182
0.32121 0.36364
0.30909 0.34545
0.29091 0.33333
0.27879 0.31515
0.27879 0.29697
0.27879 0.27879
0.27879 0.26061
0.27273 0.24242
0.26061 0.22424
0.26061 0.20606
0.26061 0.18788
0.25455 0.1697
0.24848 0.15152
0.24242 0.13333
0.23636 0.11515
0.24242 0.09697
0.26061 0.084848
0.27879 0.072727
0.29697 0.060606
0.31515 0.060606
0.32727 0.042424
0.31515 0.024242
0.29697 0.024242
0.27879 0.018182
0.26061 0
0.24242 0
0.22424 0
0.20606 0
0.18788 0
0.1697 0
0.15152 0.0060606
0.13333 0.012121
0.11515 0.012121
0.09697 0.024242
0.090909 0.042424
0.09697 0.060606
0.09697 0.078788
0.10303 0.09697
0.10303 0.11515
0.09697 0.13333
0.090909 0.15152
0.084848 0.1697
0.084848 0.18788
0.090909 0.20606
0.09697 0.22424
0.10909 0.24242
0.10909 0.26061
0.10909 0.27879
0.09697 0.29697
0.078788 0.31515
0.066667 0.33333
0.060606 0.35152
0.054545 0.3697
0.048485 0.38788
0.048485 0.40606
0.042424 0.42424
0.042424 0.44242
0.036364 0.46061
0.036364 0.47879
0.030303 0.49697
0.024242 0.51515
0.018182 0.53333
0.012121 0.55152
0.018182 0.5697
0.018182 0.58788
0.012121 0.6
# triangles
6 7 8
51 54 122
56 58 118
51 122 123
51 123 124
51 124 127
50 127 128
50 51 127
112 113 115
95 96 99
97 98 99
96 97 99
10 11 41
1 8 128
1 6 8
1 3 6
1 2 3
16 21 22
66 116 118
66 115 116
113 114 115
27 28 29
27 29 30
30 31 32
56 118 120
118 119 120
120 121 122
44 45 46
8 9 46
8 46 128
46 50 128
11 12 36
11 36 37
32 33 34
51 52 54
63 65 66
63 64 65
63 66 118
58 63 118
56 57 58
125 126 127
124 125 127
11 37 40
11 40 41
9 10 42
10 41 42
4 5 6
3 4 6
0 1 128
16 17 18
16 18 21
18 20 21
18 19 20
12 14 27
12 13 14
22 23 24
116 117 118
55 56 120
54 55 122
55 120 122
46 47 50
12 27 35
12 35 36
27 30 35
60 61 62
58 62 63
83 84 85
75 107 109
9 43 46
9 42 43
43 44 46
14 15 16
52 53 54
59 60 62
58 59 62
66 67 115
67 112 115
80 89 90
94 95 101
99 100 101
95 99 101
92 93 94
107 108 109
37 39 40
37 38 39
25 26 27
14 25 27
14 16 25
16 22 25
22 24 25
69 70 71
68 69 111
67 111 112
67 68 111
75 76 107
79 92 94
79 94 101
78 79 101
79 80 90
69 71 72
69 72 111
87 88 89
82 86 87
81 82 87
80 81 87
80 87 89
78 101 102
76 104 107
79 90 91
79 91 92
72 73 109
73 75 109
73 74 75
72 109 110
72 110 111
32 34 35
30 32 35
47 49 50
47 48 49
82 85 86
82 83 85
77 102 103
77 78 102
77 103 104
76 77 104
104 105 106
104 106 107
