# points
0.018072 0.59639
0.012048 0.61446
0.0060241 0.63253
0 0.6506
0 0.66867
0 0.68675
0.0060241 0.70482
0.018072 0.72289
0.03012 0.74096
0.048193 0.75301
0.066265 0.77108
0.072289 0.78916
0.066265 0.80723
0.048193 0.8253
0.036145 0.84337
0.024096 0.86145
0.018072 0.87952
0.018072 0.89759
0.018072 0.91566
0.018072 0.93373
0.03012 0.95181
0.048193 0.96988
0.066265 0.98193
0.084337 0.99398
0.10241 1
0.12048 1
0.13855 1
0.15663 0.99398
0.1747 0.99398
0.19277 0.98795
0.21084 0.9759
0.22892 0.96386
0.24096 0.95181
0.25301 0.93373
0.26506 0.91566
0.26506 0.89759
0.25904 0.87952
0.25904 0.86145
0.25904 0.84337
0.25904 0.8253
0.25301 0.80723
0.24699 0.78916
0.24096 0.77108
0.24699 0.75301
0.26506 0.73494
0.27108 0.71687
0.27108 0.6988
0.27711 0.68072
0.28313 0.66265
0.28313 0.64458
0.27711 0.62651
0.27711 0.60843
0.28916 0.59036
0.29518 0.57229
0.3012 0.55422
0.30723 0.53614
0.31325 0.51807
0.3253 0.5
0.33133 0.48193
0.34337 0.46386
0.35542 0.44578
0.35542 0.42771
0.3494 0.40964
0.33735 0.39759
0.31928 0.39157
0.30723 0.37349
0.30723 0.35542
0.29518 0.33735
0.27711 0.33133
0.26506 0.31325
0.26506 0.29518
0.26506 0.27711
0.26506 0.25904
0.25301 0.24096
0.24699 0.22289
0.24699 0.20482
0.24699 0.18675
0.24096 0.16867
0.24096 0.1506
0.23494 0.13253
0.22892 0.11446
0.22892 0.096386
0.24699 0.084337
0.26506 0.072289
0.28313 0.060241
0.3012 0.054217
0.31928 0.042169
0.31325 0.024096
0.29518 0.018072
0.27711 0.012048
0.25904 0.0060241
0.24096 0
0.22289 0
0.20482 0
0.18675 0
0.16867 0
0.1506 0.0060241
0.13253 0.0060241
0.11446 0.012048
0.096386 0.018072
0.084337 0.036145
0.084337 0.054217
0.090361 0.072289
0.096386 0.090361
0.090361 0.10843
0.084337 0.12651
0.084337 0.14458
0.072289 0.16265
0.072289 0.18072
0.078313 0.1988
0.084337 0.21687
0.090361 0.23494
0.096386 0.25301
0.096386 0.27108
0.090361 0.28916
0.078313 0.30723
0.066265 0.31928
0.054217 0.33735
0.048193 0.35542
0.048193 0.37349
0.042169 0.39157
0.036145 0.40964
0.036145 0.42771
0.036145 0.44578
0.03012 0.46386
0.036145 0.48193
0.03012 0.5
0.03012 0.51807
0.024096 0.53614
0.018072 0.55422
0.018072 0.57229
0.018072 0.59036
0.018072 0.59639
# triangles
33 34 35
18 19 20
18 20 21
43 44 45
0 50 51
33 35 36
98 99 100
123 124 125
2 3 4
4 5 6
4 6 7
2 4 7
85 86 87
85 87 88
58 59 64
59 60 61
59 61 64
0 51 131
51 130 131
51 127 128
51 128 130
10 43 46
43 45 46
12 27 36
27 30 36
97 98 102
96 97 102
96 102 103
56 65 123
56 123 125
56 64 65
56 58 64
12 13 27
115 116 119
69 115 119
83 90 91
82 83 91
106 107 108
82 91 92
82 92 93
94 95 96
81 96 103
81 94 96
81 93 94
81 82 93
56 57 58
51 52 53
51 53 127
53 125 127
53 54 125
125 126 127
128 129 130
10 42 43
10 11 42
9 10 46
2 7 9
7 8 9
46 47 50
12 38 40
38 39 40
32 33 36
27 28 29
27 29 30
22 25 27
23 24 25
22 23 25
98 100 101
98 101 102
120 121 122
65 122 123
116 117 119
117 118 119
14 22 27
13 14 27
14 17 22
15 16 17
14 15 17
17 18 21
17 21 22
68 69 119
65 66 68
66 67 68
68 119 120
65 68 122
68 120 122
73 74 112
84 88 89
84 85 88
84 89 90
83 84 90
80 81 103
54 55 125
55 56 125
11 41 42
1 2 9
1 9 46
0 1 50
1 46 50
12 36 37
12 37 38
30 31 36
31 32 36
25 26 27
71 72 73
106 108 109
75 110 111
74 111 112
74 75 111
80 103 104
104 105 106
80 104 106
79 80 106
73 112 113
71 73 113
70 71 113
69 70 113
77 109 110
77 106 109
75 76 77
75 77 110
77 78 79
77 79 106
69 114 115
69 113 114
61 63 64
61 62 63
47 49 50
47 48 49
11 12 41
12 40 41
