# points
0.036145 0.59639
0.024096 0.61446
0.012048 0.63253
0.012048 0.6506
0.0060241 0.66867
0 0.68675
0.012048 0.70482
0.024096 0.72289
0.042169 0.74096
0.060241 0.75904
0.072289 0.77711
0.072289 0.79518
0.060241 0.81325
0.042169 0.83133
0.03012 0.8494
0.024096 0.86747
0.018072 0.88554
0.018072 0.90361
0.018072 0.92169
0.024096 0.93976
0.036145 0.95783
0.054217 0.9759
0.072289 0.98193
0.090361 0.99398
0.10843 1
0.12651 0.99398
0.14458 0.99398
0.16265 0.99398
0.18072 0.98795
0.1988 0.98193
0.21687 0.96988
0.23494 0.95783
0.25301 0.93976
0.25904 0.92169
0.25904 0.90361
0.25904 0.88554
0.25904 0.86747
0.25301 0.8494
0.25904 0.83133
0.25301 0.81325
0.24699 0.79518
0.24096 0.77711
0.24699 0.75904
0.25904 0.74096
0.27108 0.72289
0.27108 0.70482
0.27711 0.68675
0.28313 0.66867
0.28313 0.6506
0.28313 0.63253
0.28313 0.61446
0.29518 0.59639
0.3012 0.57831
0.30723 0.56024
0.31325 0.54217
0.3253 0.5241
0.33133 0.50602
0.34337 0.48795
0.36145 0.4759
0.37952 0.46386
0.37952 0.45181
0.36747 0.43373
0.37952 0.41566
0.37349 0.39759
0.35542 0.38554
0.33735 0.37952
0.31928 0.37349
0.30723 0.35542
0.29518 0.33735
0.27711 0.33133
0.25904 0.31325
0.25904 0.29518
0.25904 0.27711
0.25301 0.25904
0.24699 0.24096
0.24096 0.22289
0.24096 0.20482
0.24096 0.18675
0.23494 0.16867
0.22892 0.1506
0.22892 0.13253
0.22289 0.11446
0.22892 0.096386
0.24699 0.084337
0.26506 0.066265
0.28313 0.060241
0.3012 0.054217
0.31325 0.036145
0.3012 0.018072
0.28313 0.012048
0.26506 0.012048
0.24699 0
0.22892 0
0.21084 0
0.19277 0
0.1747 0
0.15663 0
0.13855 0.0060241
0.12048 0.012048
0.10241 0.012048
0.084337 0.024096
0.078313 0.042169
0.078313 0.060241
0.084337 0.078313
0.090361 0.096386
0.090361 0.11446
0.084337 0.13253
0.078313 0.1506
0.072289 0.16867
0.078313 0.18675
0.084337 0.20482
0.090361 0.22289
0.10241 0.24096
0.10241 0.25904
0.10241 0.27711
0.090361 0.29518
0.072289 0.30723
0.060241 0.3253
0.054217 0.34337
0.048193 0.36145
0.042169 0.37952
0.036145 0.39759
0.036145 0.41566
0.036145 0.43373
0.03012 0.45181
0.036145 0.46988
0.042169 0.48795
0.048193 0.50602
0.048193 0.5241
0.042169 0.54217
0.042169 0.56024
0.042169 0.57831
0.036145 0.59639
0.036145 0.59639
# triangles
20 21 22
50 52 128
52 53 128
53 127 128
53 54 127
3 7 8
17 20 22
17 18 19
17 19 20
99 100 101
50 51 52
0 1 8
1 3 8
58 59 60
54 56 127
57 58 61
58 60 61
61 62 63
61 63 64
31 32 33
31 33 34
70 118 119
70 119 120
3 6 7
98 99 101
98 103 104
97 98 104
95 96 97
0 49 131
49 50 131
0 45 46
42 43 45
43 44 45
128 129 130
50 128 130
50 130 131
1 2 3
56 57 66
57 61 66
54 55 56
10 41 42
10 11 41
11 40 41
11 12 37
37 38 39
11 37 40
37 39 40
35 36 37
120 121 122
4 5 6
3 4 6
86 87 88
90 91 92
84 90 92
82 93 94
82 94 95
82 97 104
82 95 97
98 102 103
98 101 102
74 75 113
0 46 48
0 48 49
61 64 65
61 65 66
9 42 45
9 10 42
0 8 9
0 9 45
15 17 22
15 16 17
12 28 37
74 113 114
73 74 114
82 83 93
83 92 93
83 84 92
79 105 106
79 106 107
46 47 48
123 125 126
123 124 125
13 14 15
30 34 35
30 31 34
30 35 37
28 30 37
12 13 25
15 22 25
13 15 25
23 24 25
22 23 25
70 71 114
71 72 73
71 73 114
70 114 115
70 115 118
115 117 118
115 116 117
85 89 90
84 85 90
79 81 105
81 104 105
81 82 104
28 29 30
12 26 28
12 25 26
67 68 69
66 67 69
69 123 126
69 126 127
69 122 123
56 69 127
56 66 69
69 70 120
69 120 122
79 80 81
79 107 109
79 109 110
107 108 109
75 112 113
26 27 28
75 76 112
78 79 110
78 110 112
76 78 112
110 111 112
76 77 78
85 86 88
85 88 89
