# points
0.012121 0.6
0.0060606 0.61818
0 0.63636
0 0.65455
0 0.67273
0 0.69091
0.0060606 0.70909
0.018182 0.72727
0.036364 0.74545
0.054545 0.75758
0.072727 0.77576
0.078788 0.79394
0.072727 0.81212
0.054545 0.8303
0.042424 0.84848
0.030303 0.86667
0.024242 0.88485
0.024242 0.90303
0.024242 0.92121
0.030303 0.93939
0.036364 0.95758
0.054545 0.97576
0.072727 0.98788
0.090909 0.99394
0.10909 1
0.12727 1
0.14545 1
0.16364 1
0.18182 0.99394
0.2 0.98788
0.21818 0.98182
0.23636 0.9697
0.25455 0.95152
0.26667 0.93333
0.26667 0.91515
0.26667 0.89697
0.26667 0.87879
0.26667 0.86061
0.26667 0.84242
0.26667 0.82424
0.26061 0.80606
0.25455 0.78788
0.24848 0.7697
0.26061 0.75152
0.27273 0.73333
0.27879 0.71515
0.28485 0.69697
0.28485 0.67879
0.29091 0.66061
0.29091 0.64242
0.28485 0.62424
0.29091 0.60606
0.29697 0.58788
0.30303 0.5697
0.30909 0.55152
0.31515 0.53333
0.32121 0.51515
0.32727 0.49697
0.32727 0.47879
0.33333 0.46061
0.33939 0.44242
0.33939 0.42424
0.33333 0.40606
0.32121 0.38788
0.31515 0.3697
0.31515 0.35152
0.30303 0.33939
0.28485 0.32121
0.28485 0.30303
0.29091 0.28485
0.29091 0.26667
0.28485 0.24848
0.27273 0.2303
0.27273 0.21212
0.27273 0.19394
0.26667 0.17576
0.26061 0.15758
0.25455 0.13939
0.24848 0.12121
0.24848 0.10303
0.26061 0.090909
0.27879 0.078788
0.29697 0.072727
0.31515 0.066667
0.32727 0.054545
0.32727 0.036364
0.30909 0.024242
0.29091 0.018182
0.27273 0.0060606
0.25455 0
0.23636 0
0.21818 0
0.2 0
0.18182 0
0.16364 0.0060606
0.14545 0.012121
0.12727 0.012121
0.10909 0.024242
0.10303 0.042424
0.10909 0.060606
0.10909 0.078788
0.11515 0.09697
0.10909 0.11515
0.10303 0.13333
0.09697 0.15152
0.090909 0.1697
0.090909 0.18788
0.090909 0.20606
0.10303 0.22424
0.10909 0.24242
0.10909 0.26061
0.10909 0.27879
0.09697 0.29697
0.078788 0.30909
0.060606 0.32727
0.054545 0.34545
0.048485 0.36364
0.036364 0.38182
0.030303 0.4
0.036364 0.41818
0.030303 0.43636
0.030303 0.45455
0.024242 0.47273
0.018182 0.49091
0.012121 0.50909
0.012121 0.52727
0.0060606 0.54545
0.0060606 0.56364
0.012121 0.58182
0.012121 0.6
0.012121 0.6
# triangles
1 2 3
64 116 119
63 64 119
12 38 40
10 42 43
84 85 86
83 84 86
96 97 99
82 83 86
82 86 87
81 88 89
81 89 90
81 87 88
81 82 87
9 10 47
1 3 9
9 47 50
19 20 21
54 121 122
38 39 40
11 12 40
10 11 42
4 7 8
4 6 7
4 5 6
3 4 9
4 8 9
52 123 125
50 51 128
51 52 125
51 125 128
0 50 128
0 1 9
0 9 50
113 114 115
64 67 116
97 98 99
79 92 94
104 106 108
77 103 104
79 94 101
79 91 92
17 18 19
13 14 25
116 117 119
117 118 119
119 120 121
58 119 121
56 58 121
56 57 58
58 63 119
53 54 122
53 122 123
52 53 123
55 56 121
54 55 121
12 28 36
26 27 28
12 26 28
12 13 26
13 25 26
45 46 47
43 44 45
10 43 45
10 45 47
11 40 41
11 41 42
123 124 125
67 68 111
68 72 111
72 110 111
106 107 108
72 109 110
75 108 109
64 66 67
64 65 66
92 93 94
95 96 99
95 99 101
94 95 101
104 105 106
75 76 108
76 104 108
76 77 104
99 100 101
77 78 103
78 79 101
80 90 91
79 80 91
80 81 90
14 23 25
14 17 23
23 24 25
17 19 23
21 22 23
19 21 23
58 59 63
59 62 63
12 37 38
12 36 37
67 111 112
67 112 116
112 115 116
112 113 115
78 102 103
78 101 102
14 15 17
15 16 17
31 32 34
31 34 35
32 33 34
28 29 36
29 35 36
29 30 31
29 31 35
68 71 72
72 73 109
73 75 109
73 74 75
47 49 50
47 48 49
125 127 128
125 126 127
59 61 62
59 60 61
69 70 71
68 69 71
