# points
0.012121 0.6
0.0060606 0.61818
0 0.63636
0 0.65455
0 0.67273
0 0.69091
0.012121 0.70909
0.018182 0.72727
0.036364 0.74545
0.054545 0.75758
0.072727 0.77576
0.078788 0.79394
0.072727 0.81212
0.060606 0.8303
0.042424 0.84848
0.030303 0.86667
0.024242 0.88485
0.024242 0.90303
0.024242 0.92121
0.030303 0.93939
0.036364 0.95758
0.054545 0.97576
0.072727 0.98788
0.090909 1
0.10909 1
0.12727 1
0.14545 1
0.16364 1
0.18182 0.99394
0.2 0.99394
0.21818 0.98182
0.23636 0.9697
0.25455 0.95152
0.26667 0.93333
0.27273 0.91515
0.27273 0.89697
0.26667 0.87879
0.26667 0.86061
0.26667 0.84242
0.26667 0.82424
0.26061 0.80606
0.25455 0.78788
0.24848 0.7697
0.26061 0.75152
0.27273 0.73333
0.27879 0.71515
0.28485 0.69697
0.28485 0.67879
0.29091 0.66061
0.29697 0.64242
0.28485 0.62424
0.29091 0.60606
0.29697 0.58788
0.30909 0.5697
0.30909 0.55152
0.31515 0.53333
0.32121 0.51515
0.32727 0.49697
0.33333 0.47879
0.33939 0.46061
0.34545 0.44242
0.35152 0.42424
0.34545 0.40606
0.32727 0.39394
0.31515 0.37576
0.32121 0.35758
0.30909 0.33939
0.29091 0.32121
0.29091 0.30303
0.29091 0.28485
0.29697 0.26667
0.28485 0.24848
0.27879 0.2303
0.27273 0.21212
0.27273 0.19394
0.26667 0.17576
0.26061 0.15758
0.25455 0.13939
0.24848 0.12121
0.24848 0.10303
0.26667 0.090909
0.28485 0.084848
0.30303 0.066667
0.32121 0.060606
0.33939 0.048485
0.32727 0.030303
0.30909 0.024242
0.29091 0.018182
0.27273 0
0.25455 0
0.23636 0
0.21818 0
0.2 0
0.18182 0
0.16364 0.0060606
0.14545 0.012121
0.12727 0.012121
0.10909 0.024242
0.10303 0.042424
0.10303 0.060606
0.10909 0.078788
0.11515 0.09697
0.10303 0.11515
0.09697 0.13333
0.09697 0.15152
0.084848 0.1697
0.084848 0.18788
0.090909 0.20606
0.09697 0.22424
0.10909 0.24242
0.10909 0.26061
0.10909 0.27879
0.09697 0.29697
0.078788 0.30909
0.066667 0.32727
0.060606 0.34545
0.054545 0.36364
0.042424 0.38182
0.042424 0.4
0.042424 0.41818
0.042424 0.43636
0.036364 0.45455
0.030303 0.47273
0.024242 0.49091
0.018182 0.50909
0.018182 0.52727
0.012121 0.54545
0.012121 0.56364
0.012121 0.58182
0.012121 0.6
0.012121 0.6
# triangles
96 97 98
95 96 98
19 20 21
64 65 66
1 2 3
1 3 9
0 1 9
0 50 128
0 9 50
54 121 122
52 54 122
6 8 9
3 6 9
19 21 22
12 38 40
32 33 36
31 32 36
50 127 128
125 126 127
48 49 50
9 47 50
45 46 47
47 48 50
9 10 47
10 45 47
52 53 54
52 123 125
52 122 123
64 66 67
64 67 116
82 86 87
83 85 86
82 83 86
83 84 85
13 22 25
13 25 26
13 26 28
12 13 36
13 28 36
3 4 6
4 5 6
6 7 8
58 63 64
58 59 63
64 116 119
64 119 120
116 118 119
56 57 120
57 64 120
57 58 64
55 56 120
54 55 121
55 120 121
26 27 28
22 23 24
22 24 25
38 39 40
43 44 45
10 42 43
10 43 45
11 12 40
10 11 42
28 30 36
30 31 36
28 29 30
12 37 38
12 36 37
51 125 127
50 51 127
51 52 125
123 124 125
73 75 109
69 70 71
69 71 111
81 82 87
73 74 75
79 91 92
92 93 94
79 92 94
79 94 101
94 95 101
95 100 101
95 98 99
95 99 100
17 18 19
17 19 22
13 17 22
59 60 63
60 61 62
60 62 63
116 117 118
11 41 42
11 40 41
67 111 112
112 113 114
112 114 115
112 115 116
67 112 116
104 106 107
104 107 109
71 110 111
67 68 111
68 69 111
79 90 91
76 77 104
75 76 109
76 104 109
101 102 104
77 78 104
78 101 104
78 79 101
13 14 17
104 105 106
71 72 110
72 73 109
72 109 110
107 108 109
80 81 87
79 80 90
15 16 17
14 15 17
102 103 104
80 87 89
80 89 90
87 88 89
34 35 36
33 34 36
