# points
0.018182 0.6
0.012121 0.61818
0.0060606 0.63636
0.0060606 0.65455
0 0.67273
0.0060606 0.69091
0.012121 0.70909
0.024242 0.72727
0.036364 0.74545
0.054545 0.75758
0.066667 0.77576
0.066667 0.79394
0.066667 0.81212
0.048485 0.8303
0.030303 0.84848
0.024242 0.86667
0.018182 0.88485
0.012121 0.90303
0.018182 0.92121
0.018182 0.93939
0.030303 0.95758
0.048485 0.97576
0.066667 0.98788
0.084848 0.99394
0.10303 1
0.12121 1
0.13939 1
0.15758 0.99394
0.17576 0.99394
0.19394 0.98788
0.21212 0.97576
0.2303 0.96364
0.24848 0.94545
0.25455 0.92727
0.25455 0.90909
0.26061 0.89091
0.25455 0.87273
0.25455 0.85455
0.26061 0.83636
0.25455 0.81818
0.24848 0.8
0.24242 0.78182
0.24242 0.76364
0.25455 0.74545
0.26667 0.72727
0.27273 0.70909
0.27273 0.69091
0.27879 0.67273
0.28485 0.65455
0.27879 0.63636
0.27879 0.61818
0.28485 0.6
0.29697 0.58182
0.30303 0.56364
0.30303 0.54545
0.30909 0.52727
0.32121 0.50909
0.32727 0.49091
0.33333 0.47273
0.33939 0.45455
0.34545 0.43636
0.34545 0.41818
0.33333 0.40606
0.32121 0.38788
0.32121 0.3697
0.32121 0.35152
0.30303 0.33939
0.28485 0.32727
0.27879 0.30909
0.27879 0.29091
0.28485 0.27273
0.27273 0.25455
0.26667 0.23636
0.26061 0.21818
0.25455 0.2
0.25455 0.18182
0.24848 0.16364
0.24242 0.14545
0.23636 0.12727
0.2303 0.10909
0.24848 0.090909
0.26667 0.078788
0.28485 0.066667
0.30303 0.060606
0.32121 0.054545
0.32727 0.036364
0.30909 0.024242
0.29091 0.024242
0.27273 0.012121
0.25455 0
0.23636 0
0.21818 0
0.2 0
0.18182 0
0.16364 0
0.14545 0.0060606
0.12727 0.012121
0.10909 0.012121
0.090909 0.030303
0.090909 0.048485
0.09697 0.066667
0.10303 0.084848
0.10303 0.10303
0.09697 0.12121
0.09697 0.13939
0.090909 0.15758
0.084848 0.17576
0.084848 0.19394
0.09697 0.21212
0.10303 0.2303
0.11515 0.24848
0.11515 0.26667
0.10909 0.28485
0.09697 0.30303
0.078788 0.31515
0.072727 0.33333
0.066667 0.35152
0.060606 0.3697
0.054545 0.38788
0.048485 0.40606
0.048485 0.42424
0.048485 0.44242
0.042424 0.46061
0.042424 0.47879
0.036364 0.49697
0.030303 0.51515
0.024242 0.53333
0.018182 0.55152
0.018182 0.5697
0.018182 0.58788
0.018182 0.6
# triangles
18 19 20
18 20 21
54 55 123
55 121 123
55 63 121
51 124 125
13 14 15
3 7 9
1 3 9
11 12 41
10 11 41
18 21 23
15 18 23
13 15 23
15 16 18
16 17 18
12 40 41
10 41 42
9 10 42
9 42 43
5 6 7
3 5 7
3 4 5
1 2 3
0 49 50
1 9 46
9 43 46
0 1 46
0 46 49
43 44 46
44 45 46
63 118 120
63 120 121
118 119 120
96 99 100
96 100 101
84 85 86
80 81 90
7 8 9
21 22 23
60 61 62
55 57 63
57 58 63
12 36 37
12 37 40
37 39 40
31 32 33
23 24 25
13 23 25
0 50 129
50 128 129
50 126 128
126 127 128
47 48 49
46 47 49
121 122 123
95 96 101
88 89 90
81 88 90
83 86 87
83 84 86
79 95 101
79 93 95
79 92 93
79 80 92
77 105 108
77 104 105
67 116 117
63 67 118
67 117 118
108 109 110
59 60 62
27 28 29
27 29 30
12 27 36
12 13 27
13 25 27
25 26 27
27 34 36
27 30 34
30 31 34
31 33 34
93 94 95
82 83 87
81 82 88
82 87 88
72 110 111
76 77 108
80 90 91
80 91 92
77 78 104
78 79 104
79 101 102
79 102 104
64 65 66
63 64 66
63 66 67
113 115 116
67 113 116
113 114 115
55 56 57
51 52 54
52 53 54
34 35 36
72 73 110
71 72 111
102 103 104
105 106 108
106 107 108
69 70 71
69 71 111
37 38 39
73 74 110
74 75 76
74 108 110
74 76 108
68 112 113
67 68 113
68 111 112
68 69 111
51 54 124
54 123 124
96 98 99
96 97 98
50 51 126
51 125 126
59 62 63
58 59 63
