# points
0.027211 0.47619
0.034014 0.4966
0.040816 0.51701
0.040816 0.53741
0.047619 0.55782
0.047619 0.57823
0.061224 0.59864
0.068027 0.61905
0.081633 0.63946
0.095238 0.65986
0.10884 0.68027
0.11565 0.70068
0.12245 0.72109
0.12925 0.7415
0.12925 0.7619
0.12925 0.78231
0.12925 0.80272
0.13605 0.82313
0.13605 0.84354
0.14286 0.86395
0.14286 0.88435
0.14966 0.90476
0.14966 0.92517
0.15646 0.94558
0.15646 0.96599
0.16327 0.98639
0.17687 1
0.19728 1
0.21769 1
0.23129 0.97959
0.23129 0.95918
0.23129 0.93878
0.23129 0.91837
0.23129 0.89796
0.23129 0.87755
0.23129 0.85714
0.23129 0.83673
0.23129 0.81633
0.23129 0.79592
0.23129 0.77551
0.23129 0.7551
0.23129 0.73469
0.23129 0.71429
0.23129 0.69388
0.2381 0.67347
0.2381 0.65306
0.2517 0.63265
0.2585 0.61224
0.26531 0.59184
0.27891 0.57143
0.27891 0.55102
0.27891 0.53061
0.27891 0.5102
0.27891 0.4898
0.27891 0.46939
0.27891 0.44898
0.27891 0.42857
0.27891 0.40816
0.27891 0.38776
0.27891 0.36735
0.27211 0.34694
0.27211 0.32653
0.27211 0.30612
0.27211 0.28571
0.26531 0.26531
0.26531 0.2449
0.26531 0.22449
0.2585 0.20408
0.2585 0.18367
0.2517 0.16327
0.2517 0.14286
0.2449 0.12245
0.2449 0.10204
0.2449 0.081633
0.2381 0.061224
0.2381 0.040816
0.23129 0.020408
0.21769 0
0.19728 0
0.17687 0
0.15646 0.0068027
0.13605 0.0068027
0.11565 0.0068027
0.095238 0.013605
0.07483 0.013605
0.054422 0.020408
0.034014 0.027211
0.013605 0.027211
0 0.047619
0 0.068027
0 0.088435
0 0.10884
0 0.12925
0 0.14966
0 0.17007
0 0.19048
0 0.21088
0 0.23129
0 0.2517
0 0.27211
0.0068027 0.29252
0.0068027 0.31293
0.013605 0.33333
0.013605 0.35374
0.020408 0.37415
0.020408 0.39456
0.027211 0.41497
0.027211 0.43537
0.027211 0.45578
0.027211 0.47619
0.027211 0.47619
# triangles
27 28 29
25 26 27
2 3 4
2 4 52
12 42 43
10 43 45
27 29 30
83 91 92
83 85 91
83 84 85
60 104 106
11 12 43
10 11 43
4 5 6
4 51 52
2 52 53
9 10 45
23 24 30
24 25 27
24 27 30
23 31 32
23 30 31
21 32 33
22 23 32
21 22 32
76 77 78
71 83 92
69 71 94
67 69 96
86 88 89
86 87 88
85 90 91
85 86 90
86 89 90
102 103 104
19 35 36
18 19 36
17 18 36
17 36 37
16 17 38
17 37 38
2 53 54
1 2 54
1 54 55
43 44 45
14 39 40
8 9 45
6 7 8
21 33 34
19 34 35
20 21 34
19 20 34
81 82 83
71 81 83
75 76 78
69 95 96
69 94 95
71 92 93
71 93 94
67 96 97
64 100 102
62 63 64
62 64 102
58 60 106
58 59 60
61 62 102
60 61 104
61 102 104
0 1 108
1 55 108
104 105 106
100 101 102
14 15 39
15 38 39
15 16 38
12 13 42
13 41 42
13 40 41
13 14 40
48 49 50
4 6 48
48 50 51
4 48 51
69 70 71
98 99 100
67 97 98
56 57 106
57 58 106
56 106 107
55 56 107
55 107 108
45 46 47
8 45 47
6 8 47
6 47 48
74 79 80
67 68 69
64 65 100
65 98 100
65 67 98
65 66 67
72 74 80
71 72 81
72 80 81
72 73 74
74 75 78
74 78 79
