# points
0.20476 0.32381
0.2381 0.32381
0.27143 0.32381
0.30476 0.32381
0.3381 0.32381
0.37143 0.32381
0.39524 0.3
0.40476 0.26667
0.40476 0.23333
0.41905 0.2
0.45238 0.2
0.48095 0.21905
0.48571 0.25238
0.48571 0.28571
0.49048 0.31905
0.51905 0.3381
0.55238 0.34762
0.55714 0.38095
0.55238 0.41429
0.57619 0.44286
0.60476 0.42857
0.61905 0.39524
0.61905 0.3619
0.63333 0.32857
0.64286 0.29524
0.64286 0.2619
0.6619 0.24286
0.69524 0.2619
0.71429 0.29524
0.72857 0.32381
0.74762 0.34762
0.75714 0.38095
0.79048 0.38571
0.82381 0.37143
0.85714 0.34286
0.89048 0.33333
0.92381 0.33333
0.95714 0.31905
0.96667 0.28571
0.96667 0.25238
0.96667 0.21905
0.99048 0.18571
1 0.15238
1 0.11905
1 0.085714
0.99048 0.052381
0.97619 0.019048
0.94286 0
0.90952 0
0.87619 0.0047619
0.84286 0.014286
0.80952 0.033333
0.79048 0.066667
0.77619 0.1
0.7619 0.13333
0.73333 0.14286
0.7 0.1381
0.66667 0.13333
0.63333 0.13333
0.6 0.12857
0.59048 0.095238
0.58571 0.061905
0.5619 0.038095
0.52857 0.038095
0.49524 0.052381
0.4619 0.07619
0.45238 0.10952
0.4381 0.13333
0.40476 0.13333
0.39524 0.10476
0.39524 0.071429
0.39048 0.038095
0.35714 0.028571
0.32857 0.042857
0.32381 0.07619
0.32381 0.10952
0.32381 0.14286
0.31429 0.17619
0.28095 0.17619
0.24762 0.17619
0.21429 0.17619
0.18095 0.17619
0.17143 0.14762
0.17143 0.11429
0.17143 0.080952
0.15714 0.047619
0.12381 0.042857
0.10476 0.071429
0.10476 0.10476
0.10476 0.1381
0.10476 0.17143
0.10476 0.20476
0.10476 0.2381
0.10476 0.27143
0.085714 0.30476
0.061905 0.32381
0.028571 0.30476
0 0.31429
0.0095238 0.34762
0.033333 0.38095
0.066667 0.38571
0.1 0.38571
0.13333 0.37619
0.16667 0.35238
0.2 0.32381
0.20476 0.32381
# triangles
45 46 47
45 47 48
85 86 87
84 85 87
30 31 32
25 26 59
12 16 25
26 57 58
26 58 59
11 12 25
11 25 59
61 62 63
40 41 42
94 101 102
30 32 33
30 33 34
26 56 57
26 55 56
28 34 54
60 61 63
11 59 66
59 60 66
12 13 16
13 14 15
13 15 16
43 49 52
43 44 49
44 45 49
45 48 49
36 37 38
35 39 40
34 35 54
35 40 54
35 38 39
35 36 38
94 102 103
93 94 103
95 100 101
94 95 101
95 99 100
95 98 99
1 2 79
2 78 79
3 77 78
2 3 78
1 79 80
0 1 80
40 53 54
40 42 53
42 43 53
43 52 53
26 27 55
27 54 55
27 28 54
18 19 20
29 30 34
28 29 34
16 22 23
60 63 64
64 65 66
60 64 66
4 6 7
4 5 6
3 4 77
16 17 22
17 21 22
17 18 20
17 20 21
50 51 52
49 50 52
93 103 104
92 93 104
81 92 104
0 80 104
80 81 104
96 97 98
95 96 98
81 82 90
81 91 92
81 90 91
84 87 88
83 84 88
16 24 25
16 23 24
70 71 72
82 89 90
82 83 89
83 88 89
72 73 74
70 72 74
69 74 75
69 70 74
69 75 76
68 69 76
68 76 77
9 68 77
8 9 77
4 8 77
4 7 8
9 67 68
9 10 67
10 11 66
10 66 67
