# points
0.028369 0.22163
0.028369 0.24823
0.024823 0.27482
0.049645 0.27482
0.074468 0.27837
0.070922 0.30496
0.065603 0.33156
0.062057 0.35816
0.058511 0.38475
0.067376 0.40603
0.093972 0.41312
0.12057 0.41667
0.14716 0.41844
0.17376 0.42021
0.20035 0.42021
0.22695 0.42199
0.25355 0.42199
0.28014 0.42199
0.30674 0.42021
0.33333 0.41844
0.35993 0.41667
0.38652 0.41489
0.41312 0.41312
0.43972 0.40957
0.46631 0.4078
0.49291 0.40603
0.5195 0.40248
0.5461 0.39716
0.5727 0.39539
0.59929 0.39184
0.62411 0.38298
0.60816 0.36879
0.61348 0.3422
0.62234 0.3156
0.6383 0.31028
0.66135 0.30142
0.68794 0.30142
0.71454 0.29965
0.74113 0.29965
0.76773 0.29965
0.79433 0.29965
0.80674 0.31383
0.82447 0.31915
0.82979 0.29787
0.84752 0.27305
0.86702 0.26773
0.89184 0.25532
0.90426 0.23582
0.93085 0.22695
0.9539 0.20922
0.95745 0.1844
0.94149 0.18085
0.95745 0.1578
0.97695 0.14716
1 0.14539
0.99645 0.12766
0.99291 0.10816
0.96631 0.10461
0.95745 0.079787
0.94326 0.053191
0.92199 0.033688
0.89539 0.02305
0.86879 0.02305
0.8422 0.033688
0.81738 0.051418
0.79965 0.024823
0.77482 0.0070922
0.74823 0
0.72163 0.001773
0.69504 0.010638
0.66844 0.031915
0.65426 0.058511
0.6383 0.078014
0.6117 0.079787
0.58511 0.085106
0.55851 0.086879
0.53191 0.088652
0.50532 0.090426
0.47872 0.090426
0.45213 0.090426
0.42553 0.090426
0.40426 0.083333
0.3883 0.058511
0.36348 0.04078
0.33865 0.033688
0.31206 0.035461
0.28546 0.051418
0.26418 0.074468
0.24291 0.074468
0.23227 0.047872
0.21099 0.026596
0.18617 0.015957
0.15957 0.012411
0.13298 0.01773
0.10816 0.035461
0.090426 0.056738
0.08156 0.083333
0.060284 0.097518
0.046099 0.11702
0.026596 0.12234
0.001773 0.11702
0 0.14007
0.001773 0.16312
0.028369 0.16489
0.030142 0.19149
0.030142 0.21809
0.028369 0.22163
# triangles
55 56 57
4 14 15
40 41 43
41 42 43
40 43 44
4 15 16
64 68 71
68 69 71
65 67 68
64 65 68
4 5 13
4 13 14
5 12 13
92 93 94
1 2 3
1 3 4
45 46 47
44 47 64
44 45 47
52 58 64
52 57 58
58 63 64
58 59 63
59 60 63
53 54 55
53 55 57
52 53 57
81 82 86
82 83 86
83 84 86
64 71 72
38 64 72
37 38 72
69 70 71
34 35 74
65 66 67
5 6 12
8 9 10
7 8 10
1 4 105
4 104 105
101 102 103
51 52 64
47 51 64
47 48 51
48 49 51
49 50 51
22 23 80
91 92 94
84 85 86
88 91 94
88 90 91
4 16 88
35 73 74
35 72 73
35 36 72
36 37 72
39 40 44
39 44 64
38 39 64
33 77 78
33 34 74
33 74 75
6 11 12
6 7 11
7 10 11
0 1 105
98 103 104
19 20 81
20 80 81
88 94 96
4 88 96
4 96 104
96 97 98
96 98 104
88 89 90
16 17 87
16 87 88
19 81 87
81 86 87
33 76 77
33 75 76
24 78 79
23 79 80
23 24 79
24 25 78
25 33 78
28 29 31
29 30 31
99 101 103
98 99 103
99 100 101
21 22 80
20 21 80
94 95 96
17 18 87
18 19 87
25 26 33
26 27 33
27 32 33
28 31 32
27 28 32
61 62 63
60 61 63
