# points
0.006015 0.16241
0.0075188 0.18797
0.010526 0.21353
0.013534 0.2391
0.018045 0.26466
0.0015038 0.29023
0 0.31579
0.0045113 0.34135
0.02406 0.36541
0.049624 0.37744
0.075188 0.37594
0.10075 0.37293
0.12632 0.36992
0.15188 0.36391
0.17444 0.34436
0.17895 0.3188
0.18045 0.29323
0.17143 0.26767
0.14737 0.24511
0.13383 0.22857
0.15338 0.21805
0.17895 0.21203
0.20451 0.20752
0.23008 0.20451
0.25564 0.20301
0.2812 0.1985
0.30677 0.19549
0.33233 0.19248
0.35789 0.18496
0.38346 0.18045
0.40902 0.17444
0.43459 0.16992
0.46015 0.16692
0.48571 0.16241
0.51128 0.15789
0.53684 0.15489
0.56241 0.14887
0.58797 0.14286
0.61353 0.13985
0.6391 0.13534
0.66466 0.12932
0.69023 0.12481
0.71579 0.1218
0.74135 0.11729
0.76692 0.11429
0.79248 0.10977
0.81805 0.10526
0.84361 0.10075
0.86917 0.094737
0.89474 0.088722
0.9203 0.084211
0.94586 0.078195
0.97143 0.07218
0.99699 0.063158
1 0.037594
0.99549 0.01203
0.97143 0
0.94586 0.0045113
0.9203 0.0090226
0.89474 0.013534
0.86917 0.018045
0.84361 0.02406
0.81805 0.027068
0.79248 0.031579
0.76692 0.03609
0.74135 0.039098
0.71579 0.043609
0.69173 0.049624
0.66617 0.052632
0.6406 0.058647
0.61504 0.061654
0.58947 0.066165
0.56391 0.069173
0.53835 0.076692
0.51278 0.079699
0.48722 0.084211
0.46165 0.090226
0.43609 0.094737
0.41053 0.099248
0.38496 0.10376
0.3594 0.10827
0.33383 0.11128
0.30827 0.11429
0.28271 0.11729
0.25714 0.1218
0.23158 0.12632
0.20602 0.13233
0.18045 0.13684
0.15489 0.14436
0.12932 0.14887
0.1188 0.12782
0.12481 0.10226
0.13083 0.076692
0.13985 0.051128
0.15038 0.025564
0.13233 0.0090226
0.10677 0.018045
0.081203 0.033083
0.057143 0.057143
0.037594 0.082707
0.016541 0.10827
0.006015 0.13383
0.0045113 0.1594
0.006015 0.16241
# triangles
6 7 8
54 55 56
90 100 101
50 51 58
6 8 10
8 9 10
90 99 100
90 91 99
0 101 102
0 90 101
39 69 70
39 40 69
42 66 67
33 75 76
33 34 75
35 36 73
37 38 71
38 39 70
38 70 71
37 71 72
36 72 73
36 37 72
54 56 57
52 54 57
51 57 58
51 52 57
50 58 59
42 43 66
43 65 66
43 44 65
48 49 60
49 50 59
49 59 60
46 47 62
91 98 99
93 95 96
93 96 97
93 94 95
52 53 54
41 42 67
34 74 75
34 35 74
35 73 74
44 64 65
47 48 61
47 61 62
48 60 61
27 81 82
1 2 19
12 13 15
13 14 15
41 67 68
40 68 69
40 41 68
46 62 63
44 45 64
45 46 63
45 63 64
92 93 97
91 92 98
92 97 98
19 20 89
1 19 89
0 89 90
0 1 89
25 83 84
26 27 82
26 82 83
25 26 83
28 80 81
27 28 81
4 10 11
4 6 10
4 5 6
29 79 80
28 29 80
2 3 19
3 4 19
4 11 18
4 18 19
11 12 18
12 15 18
15 16 18
16 17 18
24 84 85
24 25 84
22 86 87
21 22 87
21 87 88
20 88 89
20 21 88
30 78 79
29 30 79
22 23 86
23 85 86
23 24 85
31 77 78
30 31 78
31 32 77
32 33 76
32 76 77
