# points
0.18696 0.4087
0.18261 0.43913
0.18261 0.46957
0.17826 0.5
0.17826 0.53043
0.17391 0.56087
0.16957 0.5913
0.16522 0.62174
0.16087 0.65217
0.15217 0.68261
0.14783 0.71304
0.14348 0.74348
0.16522 0.75217
0.19565 0.75652
0.22609 0.75652
0.25652 0.76087
0.28696 0.76522
0.31739 0.76522
0.34783 0.76957
0.37826 0.76957
0.4087 0.76957
0.43913 0.76957
0.46957 0.77391
0.5 0.77391
0.53043 0.77391
0.56087 0.77391
0.5913 0.77391
0.62174 0.77391
0.65217 0.76957
0.68261 0.77391
0.71304 0.76957
0.74348 0.76522
0.77391 0.76522
0.80435 0.76087
0.83478 0.76087
0.86087 0.74783
0.85652 0.71739
0.85217 0.68696
0.84783 0.65652
0.84348 0.62609
0.83913 0.59565
0.83913 0.56522
0.83478 0.53478
0.83478 0.50435
0.83478 0.47391
0.83478 0.44348
0.83478 0.41304
0.83478 0.38261
0.83913 0.35217
0.83913 0.32174
0.84783 0.2913
0.87826 0.29565
0.9087 0.29565
0.93913 0.2913
0.96957 0.27826
0.9913 0.25217
1 0.22174
1 0.1913
0.9913 0.16087
0.97391 0.13043
0.95217 0.11304
0.92174 0.091304
0.8913 0.082609
0.86087 0.073913
0.83043 0.069565
0.8 0.069565
0.76957 0.065217
0.73913 0.065217
0.7087 0.069565
0.67826 0.073913
0.64783 0.073913
0.61739 0.078261
0.58696 0.078261
0.55652 0.069565
0.52609 0.056522
0.49565 0.047826
0.46522 0.03913
0.43478 0.030435
0.40435 0.026087
0.37391 0.017391
0.34348 0.013043
0.31304 0.0086957
0.28261 0.0043478
0.25217 0.0043478
0.22174 0
0.1913 0.0043478
0.16087 0.0086957
0.13043 0.013043
0.1 0.026087
0.069565 0.03913
0.043478 0.06087
0.021739 0.086957
0.0043478 0.11739
0 0.14783
0 0.17826
0.0043478 0.2087
0.021739 0.23913
0.047826 0.26087
0.078261 0.26957
0.1087 0.27391
0.13913 0.27826
0.16957 0.27826
0.18261 0.30435
0.18261 0.33478
0.18261 0.36522
0.18696 0.39565
0.18696 0.4087
# triangles
2 4 21
21 22 23
2 21 23
83 84 85
83 85 101
88 89 90
88 90 99
0 2 23
2 3 4
96 97 98
91 93 99
90 91 99
91 92 93
93 94 99
94 98 99
94 95 96
94 96 98
85 86 101
86 88 101
86 87 88
0 46 105
7 16 17
88 100 101
88 99 100
103 104 105
0 1 2
78 101 102
28 40 41
0 23 45
0 45 46
53 55 56
53 56 57
7 15 16
6 7 17
5 6 17
4 5 19
80 81 101
78 79 101
79 80 101
58 59 60
60 61 62
28 30 40
31 38 39
30 31 39
30 39 40
23 24 45
25 26 43
53 54 55
8 9 14
7 8 15
8 14 15
9 13 14
5 17 18
5 18 19
4 20 21
4 19 20
82 83 101
81 82 101
73 75 102
73 102 103
72 73 105
73 103 105
75 76 102
50 64 65
50 63 64
50 62 63
50 51 60
50 60 62
33 36 37
32 33 37
31 32 38
32 37 38
26 27 28
47 72 105
46 47 105
47 49 72
47 48 49
49 71 72
49 70 71
24 25 44
25 43 44
24 44 45
26 28 42
26 42 43
28 41 42
9 10 13
10 12 13
10 11 12
73 74 75
77 78 102
76 77 102
49 69 70
49 50 69
50 68 69
34 35 36
33 34 36
52 58 60
51 52 60
52 57 58
52 53 57
50 67 68
28 29 30
50 65 66
50 66 67
