# points
0 0.47619
0 0.49875
0 0.5213
0 0.54386
0.0025063 0.56642
0.0050125 0.58897
0.012531 0.61153
0.025063 0.63409
0.035088 0.65664
0.045113 0.6792
0.062657 0.70175
0.080201 0.72431
0.10276 0.74436
0.12531 0.7594
0.14787 0.77193
0.17043 0.77945
0.19298 0.79198
0.18797 0.81454
0.18546 0.83709
0.16792 0.85714
0.15539 0.8797
0.15288 0.90226
0.15539 0.92481
0.16291 0.94737
0.18546 0.96491
0.20802 0.98246
0.23058 0.98997
0.25313 0.99499
0.27569 0.99749
0.29825 0.99749
0.3208 1
0.34336 1
0.36591 0.99749
0.38847 0.99248
0.41103 0.98747
0.43358 0.97744
0.45614 0.9599
0.47619 0.94236
0.48872 0.9198
0.49875 0.89724
0.49624 0.87469
0.48872 0.85213
0.46617 0.83208
0.46115 0.80952
0.45614 0.78697
0.47368 0.77444
0.49624 0.76441
0.5188 0.75188
0.54135 0.73434
0.5614 0.71429
0.57393 0.69173
0.58897 0.66917
0.6015 0.64662
0.60902 0.62406
0.61654 0.6015
0.62155 0.57895
0.62657 0.55639
0.62657 0.53383
0.62657 0.51128
0.62657 0.48872
0.62657 0.46617
0.62406 0.44361
0.61905 0.42105
0.61654 0.3985
0.60652 0.37594
0.59398 0.35338
0.58647 0.33083
0.57143 0.30827
0.5614 0.28571
0.54637 0.26316
0.52882 0.2406
0.51128 0.21805
0.49123 0.19549
0.47118 0.17293
0.45113 0.15288
0.42857 0.13534
0.43358 0.11529
0.4386 0.092732
0.43609 0.070175
0.42356 0.047619
0.401 0.032581
0.37845 0.02005
0.35589 0.0050125
0.33333 0
0.31078 0
0.28822 0
0.26566 0.0050125
0.24311 0.010025
0.22055 0.015038
0.19799 0.02005
0.17544 0.032581
0.15288 0.052632
0.14536 0.075188
0.14787 0.097744
0.16541 0.1203
0.15288 0.14286
0.13784 0.16541
0.1203 0.18797
0.11028 0.21053
0.097744 0.23308
0.082707 0.25564
0.070175 0.2782
0.057644 0.30075
0.047619 0.32331
0.0401 0.34586
0.035088 0.36842
0.022556 0.39098
0.012531 0.41353
0.0075188 0.43609
0 0.45865
0 0.47619
# triangles
1 15 105
81 82 83
34 35 42
31 32 42
30 31 42
18 30 42
18 29 30
0 108 109
0 1 108
1 105 108
15 58 105
58 59 105
78 79 80
81 83 84
89 90 94
32 33 42
33 34 42
38 40 42
35 36 42
36 37 38
36 38 42
18 27 28
18 28 29
10 11 12
105 106 108
106 107 108
101 102 105
102 103 105
70 100 101
67 101 105
67 70 101
51 52 53
75 81 84
75 94 95
92 93 94
90 91 94
91 92 94
50 51 53
18 42 43
17 18 43
16 43 44
16 17 43
40 41 42
38 39 40
18 19 24
7 8 15
8 10 15
8 9 10
10 13 15
10 12 13
13 14 15
1 2 15
2 7 15
4 5 6
4 6 7
2 3 4
2 4 7
103 104 105
67 68 69
67 69 70
70 71 100
59 61 62
62 63 64
88 89 94
87 88 94
86 87 94
75 86 94
84 85 86
75 84 86
76 80 81
75 76 81
96 97 98
75 95 96
75 96 98
45 57 58
15 45 58
15 16 45
16 44 45
45 46 50
45 50 53
48 49 50
19 20 21
19 21 24
59 60 61
62 64 65
65 67 105
65 66 67
59 65 105
59 62 65
77 78 80
76 77 80
71 72 99
71 99 100
72 73 99
73 98 99
45 53 55
45 55 57
53 54 55
55 56 57
46 47 50
47 48 50
22 23 24
21 22 24
18 24 26
24 25 26
18 26 27
74 75 98
73 74 98
