# points
0.078283 0.2298
0.098485 0.2399
0.11869 0.24747
0.13889 0.25758
0.15909 0.26263
0.17929 0.26768
0.19949 0.27525
0.2197 0.2803
0.2399 0.28283
0.2601 0.2904
0.2803 0.29293
0.30051 0.29545
0.32071 0.29798
0.34091 0.30808
0.36111 0.31566
0.38131 0.32576
0.40152 0.33586
0.42172 0.34343
0.44192 0.35101
0.46212 0.35859
0.48232 0.36364
0.50253 0.36616
0.52273 0.36869
0.54293 0.36616
0.56313 0.36364
0.58333 0.36364
0.60354 0.36111
0.62374 0.35859
0.64394 0.35859
0.66414 0.35606
0.68434 0.35354
0.70455 0.34848
0.72475 0.34596
0.74495 0.34091
0.76515 0.33586
0.78535 0.33081
0.80556 0.32576
0.82576 0.31566
0.84596 0.30808
0.86616 0.29798
0.88636 0.28535
0.90657 0.27273
0.92677 0.2601
0.94697 0.24747
0.96465 0.23232
0.98485 0.21465
1 0.19444
1 0.17424
0.98737 0.15404
0.9697 0.13636
0.94949 0.12121
0.92929 0.10606
0.91667 0.085859
0.90404 0.065657
0.88384 0.050505
0.86364 0.040404
0.84343 0.037879
0.82323 0.040404
0.80303 0.04798
0.78788 0.065657
0.77525 0.085859
0.75505 0.083333
0.73485 0.080808
0.71465 0.078283
0.69444 0.075758
0.67424 0.075758
0.65404 0.070707
0.63384 0.068182
0.61364 0.065657
0.59596 0.050505
0.58081 0.030303
0.56061 0.015152
0.5404 0.0075758
0.5202 0.0025253
0.5 0
0.4798 0.0050505
0.4596 0.015152
0.44444 0.035354
0.42929 0.042929
0.40909 0.042929
0.38889 0.040404
0.36869 0.037879
0.34848 0.035354
0.32828 0.035354
0.30808 0.035354
0.28788 0.040404
0.26768 0.045455
0.24747 0.050505
0.22727 0.055556
0.20707 0.063131
0.18687 0.058081
0.16667 0.058081
0.14646 0.063131
0.12626 0.075758
0.10606 0.090909
0.085859 0.09596
0.065657 0.10101
0.045455 0.10606
0.025253 0.11364
0.0075758 0.12879
0 0.14899
0.0050505 0.16919
0.012626 0.18939
0.032828 0.20455
0.05303 0.21465
0.073232 0.22475
0.078283 0.2298
# triangles
99 100 101
98 99 101
45 46 47
45 47 48
45 48 49
27 65 66
54 55 56
101 102 103
51 52 60
52 54 60
52 53 54
44 45 49
43 44 50
44 49 50
38 39 60
41 51 60
29 30 65
30 31 65
24 25 68
28 29 65
27 28 65
25 26 68
26 27 68
70 71 72
69 70 72
54 59 60
54 56 59
57 58 59
56 57 59
37 38 60
35 36 37
35 37 60
39 40 60
40 41 60
41 42 51
42 50 51
42 43 50
32 33 63
31 32 63
23 24 68
31 64 65
31 63 64
27 67 68
27 66 67
34 35 61
35 60 61
33 62 63
33 34 62
34 61 62
69 72 77
68 77 78
68 69 77
1 94 105
94 95 105
97 98 101
97 101 103
0 1 105
75 76 77
12 82 83
72 73 77
73 75 77
73 74 75
8 88 89
4 5 89
8 87 88
8 86 87
14 15 78
15 16 78
16 17 78
1 2 94
19 20 68
21 22 23
21 23 68
20 21 68
97 103 104
96 97 104
95 96 104
95 104 105
14 78 79
12 79 80
83 84 85
13 14 79
12 13 79
12 80 81
12 81 82
5 6 89
4 93 94
4 89 93
90 91 93
91 92 93
89 90 93
3 4 94
2 3 94
8 9 10
8 10 86
7 8 89
6 7 89
17 18 78
18 68 78
18 19 68
11 12 83
11 83 85
11 85 86
10 11 86
