# points
0.028571 0.43214
0.025 0.47857
0.025 0.525
0.028571 0.57143
0.039286 0.61786
0.032143 0.66429
0.046429 0.71071
0.021429 0.73214
0 0.76429
0.0035714 0.80714
0.028571 0.83929
0.071429 0.85714
0.11786 0.86429
0.16429 0.86071
0.17857 0.83929
0.19286 0.81429
0.23929 0.78929
0.275 0.74643
0.29643 0.7
0.31071 0.65357
0.33214 0.60714
0.37857 0.575
0.425 0.55714
0.43929 0.58571
0.44643 0.63214
0.46429 0.67857
0.49286 0.725
0.525 0.76786
0.56786 0.8
0.61429 0.825
0.66071 0.83571
0.70714 0.83929
0.75357 0.83929
0.8 0.83214
0.84643 0.81429
0.89286 0.78571
0.92857 0.75
0.95714 0.70357
0.97857 0.65714
0.99286 0.61071
1 0.56429
1 0.51786
0.98571 0.48214
0.97143 0.52857
0.95714 0.575
0.93929 0.62143
0.91429 0.66786
0.88571 0.69643
0.90357 0.65
0.91429 0.60357
0.92143 0.55714
0.91786 0.51071
0.90357 0.46429
0.88214 0.46786
0.88214 0.51429
0.875 0.56071
0.86429 0.56429
0.86071 0.51786
0.84643 0.47857
0.85357 0.43214
0.83214 0.43929
0.80714 0.41071
0.79643 0.425
0.78929 0.41429
0.77857 0.37143
0.76429 0.37857
0.75 0.37143
0.775 0.32857
0.73929 0.32857
0.71786 0.33214
0.71429 0.30357
0.675 0.31429
0.63571 0.30714
0.60714 0.275
0.57857 0.24286
0.54286 0.23214
0.50357 0.22143
0.46071 0.20714
0.43571 0.175
0.45 0.12857
0.47857 0.092857
0.51786 0.082143
0.475 0.053571
0.44286 0.010714
0.42143 0.017857
0.38214 0
0.36071 0.010714
0.35 0.039286
0.30714 0.028571
0.27143 0.039286
0.30357 0.071429
0.34643 0.089286
0.36071 0.12857
0.34643 0.17143
0.30357 0.20357
0.25714 0.23571
0.21071 0.25357
0.16429 0.27143
0.11786 0.29643
0.078571 0.33214
0.05 0.375
0.032143 0.42143
0.028571 0.43214
# triangles
6 12 15
7 8 9
7 9 10
6 11 12
6 7 11
7 10 11
20 99 100
20 100 101
21 95 96
21 96 97
20 21 97
6 17 18
39 40 44
77 94 95
78 79 92
20 98 99
20 97 98
6 15 16
6 16 17
84 85 87
79 82 84
1 20 101
0 1 101
3 4 20
4 6 18
4 5 6
21 22 95
22 77 95
22 76 77
85 86 87
78 92 93
77 93 94
77 78 93
87 88 90
88 89 90
12 14 15
12 13 14
84 87 91
87 90 91
79 91 92
79 84 91
79 80 82
80 81 82
82 83 84
37 38 46
69 70 71
25 26 56
26 28 56
26 27 28
2 3 20
1 2 20
4 18 19
4 19 20
22 23 72
22 72 73
30 31 56
28 29 30
28 30 56
41 42 43
40 41 43
40 43 44
31 47 56
34 35 47
35 36 47
36 37 47
37 46 47
66 69 71
66 68 69
66 71 72
23 66 72
66 67 68
73 74 75
22 75 76
22 73 75
52 53 54
51 52 54
38 45 46
38 39 45
39 44 45
31 32 47
48 49 56
47 48 56
23 24 62
24 25 62
25 56 62
50 51 54
33 34 47
32 33 47
23 63 66
23 62 63
50 54 55
49 55 56
49 50 55
56 57 62
57 58 62
58 59 60
58 60 62
63 65 66
63 64 65
60 61 62
