# points
0.11985 0.29963
0.093633 0.34457
0.06367 0.39326
0.048689 0.4382
0.037453 0.48689
0.037453 0.53558
0.048689 0.58052
0.067416 0.62172
0.097378 0.66667
0.13109 0.70412
0.17228 0.73783
0.20599 0.76404
0.22472 0.8015
0.26217 0.82397
0.26217 0.86517
0.26592 0.90637
0.29963 0.94007
0.34831 0.94007
0.39326 0.92509
0.43446 0.89513
0.46816 0.86517
0.44944 0.8427
0.45318 0.81273
0.47566 0.76779
0.47566 0.7191
0.46442 0.67416
0.44944 0.62547
0.43446 0.58427
0.42322 0.53933
0.44195 0.49064
0.46816 0.44195
0.50187 0.46816
0.54307 0.49813
0.59176 0.52434
0.63296 0.53933
0.68165 0.55056
0.73034 0.55056
0.77903 0.54307
0.82772 0.52434
0.87266 0.49438
0.91011 0.46442
0.94757 0.42322
0.97378 0.38202
0.98876 0.33333
1 0.28464
1 0.23596
0.99251 0.19101
0.97753 0.14981
0.95506 0.10112
0.92509 0.05618
0.8839 0.0074906
0.88015 0.037453
0.89513 0.082397
0.91386 0.12734
0.92509 0.16854
0.94007 0.21348
0.92884 0.25468
0.91386 0.20974
0.89888 0.16854
0.87266 0.11985
0.83895 0.082397
0.79401 0.05618
0.76779 0.06367
0.8015 0.10487
0.82022 0.14607
0.77903 0.1236
0.74532 0.089888
0.71161 0.052434
0.70037 0.093633
0.66292 0.067416
0.64794 0.078652
0.60674 0.05618
0.61798 0.097378
0.59176 0.06367
0.58801 0.022472
0.55805 0.05618
0.54682 0.067416
0.52434 0.052434
0.50562 0.086142
0.46816 0.097378
0.43071 0.10861
0.38202 0.093633
0.35206 0.10861
0.31461 0.11236
0.27341 0.13109
0.23221 0.14607
0.20225 0.10487
0.18727 0.059925
0.21348 0.026217
0.1985 0.011236
0.14981 0.0074906
0.10112 0
0.10112 0.026217
0.052434 0.029963
0.048689 0.05618
0.052434 0.082397
0.014981 0.10861
0 0.13483
0.044944 0.13858
0.089888 0.1236
0.13109 0.15356
0.14232 0.1985
0.13109 0.24345
0.11985 0.29213
0.11985 0.29963
# triangles
1 28 29
11 25 26
4 6 28
3 4 28
8 9 28
9 10 28
11 26 27
10 27 28
10 11 27
48 49 52
37 38 64
38 39 64
7 8 28
6 7 28
4 5 6
1 2 28
2 3 28
14 17 18
36 37 64
34 36 64
33 34 65
34 64 65
11 13 25
13 24 25
13 14 18
30 31 72
32 33 65
32 65 72
31 32 72
30 79 80
49 50 51
49 51 52
39 40 56
39 56 64
40 41 56
41 42 56
44 45 56
15 16 17
14 15 17
34 35 36
22 23 24
13 22 24
11 12 13
95 96 98
96 97 98
95 98 99
0 29 30
0 1 29
30 72 78
30 78 79
65 68 72
43 44 56
42 43 56
45 46 55
45 55 56
60 63 64
19 20 21
18 19 21
13 18 21
13 21 22
86 87 100
87 99 100
87 89 90
87 88 89
0 102 103
80 81 82
30 80 82
30 82 84
82 83 84
65 66 68
66 67 68
46 47 54
46 54 55
85 101 102
85 86 100
85 100 101
0 85 102
30 84 85
0 30 85
87 90 92
87 92 99
90 91 92
92 95 99
92 94 95
92 93 94
60 61 63
68 70 72
68 69 70
59 60 64
56 57 64
73 74 75
61 62 63
70 71 72
47 48 53
47 53 54
48 52 53
58 59 64
57 58 64
76 77 78
72 76 78
72 73 76
73 75 76
