# points
0.039216 0.45098
0.029412 0.4902
0.058824 0.45098
0.078431 0.42157
0.11765 0.43137
0.15686 0.46078
0.15686 0.5
0.15686 0.53922
0.16667 0.57843
0.17647 0.60784
0.21569 0.62745
0.22549 0.65686
0.26471 0.66667
0.26471 0.70588
0.26471 0.7451
0.26471 0.78431
0.2549 0.82353
0.26471 0.86275
0.29412 0.90196
0.33333 0.93137
0.37255 0.95098
0.41176 0.97059
0.45098 0.98039
0.4902 0.98039
0.52941 0.98039
0.56863 0.95098
0.60784 0.92157
0.61765 0.88235
0.64706 0.84314
0.66667 0.80392
0.68627 0.76471
0.69608 0.72549
0.69608 0.68627
0.67647 0.64706
0.66667 0.60784
0.62745 0.57843
0.58824 0.55882
0.54902 0.52941
0.54902 0.4902
0.58824 0.47059
0.62745 0.43137
0.65686 0.39216
0.68627 0.36275
0.72549 0.34314
0.76471 0.33333
0.80392 0.30392
0.84314 0.28431
0.88235 0.27451
0.92157 0.2549
0.96078 0.26471
0.9902 0.2451
1 0.20588
1 0.16667
0.9902 0.12745
0.98039 0.088235
0.94118 0.068627
0.91176 0.04902
0.88235 0.029412
0.85294 0.04902
0.83333 0.078431
0.79412 0.078431
0.7549 0.068627
0.72549 0.04902
0.68627 0.029412
0.64706 0.019608
0.60784 0
0.56863 0
0.52941 0.0098039
0.4902 0.0098039
0.45098 0.029412
0.41176 0.039216
0.37255 0.058824
0.33333 0.058824
0.29412 0.078431
0.2549 0.10784
0.21569 0.13725
0.18627 0.16667
0.14706 0.17647
0.10784 0.18627
0.068627 0.15686
0.04902 0.11765
0.019608 0.078431
0.0098039 0.098039
0.029412 0.13725
0.039216 0.17647
0.058824 0.21569
0.058824 0.2549
0.088235 0.2549
0.12745 0.22549
0.16667 0.2549
0.16667 0.29412
0.16667 0.33333
0.15686 0.37255
0.11765 0.39216
0.078431 0.39216
0.04902 0.36275
0.029412 0.32353
0 0.34314
0.029412 0.38235
0.039216 0.42157
0.039216 0.45098
# triangles
12 37 38
12 13 37
22 23 27
25 26 27
23 24 25
23 25 27
15 17 18
15 16 17
10 11 12
10 12 38
80 81 82
80 82 83
53 54 55
14 27 28
14 15 27
14 28 29
8 9 10
15 20 27
38 40 71
40 41 71
38 39 40
33 34 35
31 32 33
30 31 33
29 30 33
43 61 62
43 45 61
48 50 51
48 51 52
48 52 53
55 56 59
53 55 59
48 53 59
95 96 97
95 97 98
71 72 73
71 73 74
71 74 90
74 89 90
38 90 91
38 71 90
42 63 64
42 64 67
64 65 66
64 66 67
78 85 88
75 76 89
74 75 89
21 22 27
20 21 27
15 18 19
15 19 20
13 36 37
33 35 36
29 33 36
13 14 36
14 29 36
43 44 45
48 49 50
46 59 60
45 60 61
45 46 60
56 57 58
56 58 59
38 91 92
5 38 92
4 5 92
4 92 93
6 10 38
5 6 38
3 4 93
2 3 99
0 1 2
0 2 99
67 68 69
42 67 69
41 42 69
41 69 71
69 70 71
85 86 87
85 87 88
77 78 88
76 77 89
77 88 89
46 47 59
47 48 59
7 8 10
6 7 10
3 93 94
94 95 98
94 98 99
3 94 99
79 83 84
79 80 83
79 84 85
78 79 85
42 62 63
42 43 62
