# points
0.087591 0.50365
0.087591 0.53285
0.087591 0.56204
0.087591 0.59124
0.087591 0.62044
0.087591 0.64964
0.087591 0.67883
0.094891 0.70803
0.10219 0.73723
0.10219 0.76642
0.10949 0.79562
0.10219 0.82482
0.080292 0.83942
0.058394 0.84672
0.036496 0.86131
0.0072993 0.85401
0 0.88321
0.029197 0.90511
0.043796 0.93431
0.051095 0.9635
0.072993 0.9781
0.087591 1
0.11679 1
0.14599 1
0.16058 0.9781
0.17518 0.94891
0.20438 0.93431
0.22628 0.90511
0.24818 0.87591
0.26277 0.84672
0.27737 0.81752
0.29197 0.78832
0.31387 0.75912
0.33577 0.73723
0.36496 0.71533
0.39416 0.70073
0.41606 0.67883
0.44526 0.66423
0.47445 0.66423
0.50365 0.64234
0.53285 0.62774
0.56204 0.61314
0.57664 0.58394
0.58394 0.55474
0.60584 0.52555
0.63504 0.50365
0.66423 0.51095
0.66423 0.54015
0.67883 0.55474
0.70073 0.57664
0.72993 0.60584
0.75912 0.62044
0.78832 0.62044
0.81752 0.64234
0.83942 0.66423
0.86861 0.65693
0.88321 0.63504
0.89781 0.60584
0.89781 0.57664
0.92701 0.56204
0.91971 0.53285
0.90511 0.50365
0.91241 0.47445
0.92701 0.45985
0.90511 0.43796
0.89781 0.40876
0.88321 0.37956
0.85401 0.36496
0.83942 0.34307
0.81752 0.32117
0.78832 0.30657
0.75912 0.29927
0.72993 0.29927
0.70803 0.27737
0.67883 0.27007
0.64964 0.25547
0.63504 0.22628
0.62044 0.21168
0.59124 0.21168
0.56204 0.20438
0.53285 0.19708
0.54015 0.16788
0.55474 0.13869
0.56934 0.10949
0.58394 0.087591
0.61314 0.072993
0.60584 0.051095
0.57664 0.051095
0.55474 0.036496
0.53285 0.021898
0.50365 0.021898
0.48175 0.036496
0.45255 0.021898
0.42336 0.0072993
0.39416 0
0.37226 0.0072993
0.36496 0.036496
0.37956 0.058394
0.40876 0.072993
0.41606 0.10219
0.41606 0.13139
0.40146 0.16058
0.39416 0.18978
0.37956 0.21168
0.35036 0.22628
0.32847 0.24818
0.30657 0.27737
0.27737 0.29927
0.24818 0.31387
0.21898 0.33577
0.18978 0.35766
0.16788 0.34307
0.16058 0.36496
0.13139 0.37226
0.11679 0.40146
0.10219 0.42336
0.10219 0.45255
0.094891 0.48175
0.087591 0.50365
# triangles
14 16 17
53 56 57
53 54 55
53 55 56
10 11 28
11 27 28
11 26 27
13 14 17
14 15 16
94 95 96
37 38 39
36 37 109
53 57 58
58 59 60
11 12 25
11 25 26
10 30 31
45 75 79
44 45 79
84 85 86
45 46 72
43 44 106
37 39 43
46 64 67
62 63 64
3 4 33
36 109 110
58 60 61
46 61 64
61 62 64
12 18 25
18 20 25
13 17 18
12 13 18
18 19 20
20 24 25
10 28 29
10 29 30
9 10 31
8 9 31
4 5 33
7 8 32
8 31 32
5 7 32
5 32 33
84 86 87
46 70 72
45 74 75
45 72 74
72 73 74
0 1 117
110 116 117
1 36 117
36 110 117
37 43 107
43 106 107
37 107 109
107 108 109
40 41 42
39 40 43
40 42 43
2 3 34
3 33 34
34 35 36
1 2 34
1 34 36
110 111 112
110 112 116
52 58 61
52 53 58
20 21 22
22 23 24
20 22 24
5 6 7
75 78 79
75 76 78
76 77 78
103 104 105
103 105 106
44 103 106
70 71 72
68 69 70
46 67 68
46 68 70
82 91 99
82 83 91
83 88 91
94 96 97
93 94 97
81 82 100
82 99 100
46 47 48
49 50 52
49 52 61
46 49 61
46 48 49
64 65 67
65 66 67
112 113 114
114 115 116
112 114 116
50 51 52
80 102 103
44 79 80
44 80 103
80 81 100
91 98 99
93 97 98
80 101 102
80 100 101
92 93 98
91 92 98
83 87 88
83 84 87
88 89 91
89 90 91
