# points
0.18254 0.17063
0.20635 0.17063
0.23016 0.17857
0.25397 0.18651
0.25794 0.21032
0.25794 0.23413
0.26587 0.25794
0.28571 0.27778
0.30952 0.28571
0.33333 0.28968
0.35714 0.28968
0.37698 0.26984
0.39286 0.24603
0.40873 0.22222
0.4246 0.22619
0.43254 0.25
0.43651 0.27381
0.46032 0.29365
0.48413 0.30159
0.50794 0.30952
0.53175 0.31349
0.55556 0.31746
0.57937 0.32143
0.60317 0.3254
0.62698 0.3254
0.65079 0.32937
0.6746 0.3254
0.69048 0.30556
0.67063 0.28175
0.64683 0.2619
0.62698 0.24206
0.64683 0.2381
0.67063 0.2381
0.69444 0.24206
0.71825 0.24603
0.74206 0.25
0.76587 0.25794
0.78968 0.26587
0.81349 0.27381
0.8373 0.28571
0.86111 0.29365
0.88492 0.30556
0.90873 0.30952
0.93254 0.31746
0.95635 0.31746
0.98016 0.30556
0.9881 0.28175
1 0.25794
1 0.23413
1 0.21032
0.98413 0.18651
0.96429 0.16667
0.94048 0.1627
0.91667 0.15873
0.89286 0.15873
0.86905 0.15873
0.84524 0.1627
0.82143 0.15873
0.79762 0.15873
0.77381 0.15476
0.75 0.15079
0.72619 0.14683
0.70238 0.14286
0.67857 0.13889
0.65476 0.13095
0.65476 0.11905
0.67857 0.11111
0.70238 0.10714
0.72619 0.10714
0.74206 0.09127
0.72222 0.079365
0.69841 0.071429
0.6746 0.063492
0.65079 0.051587
0.62698 0.047619
0.60317 0.039683
0.57937 0.035714
0.55556 0.031746
0.53175 0.035714
0.50794 0.039683
0.48413 0.063492
0.46429 0.071429
0.44048 0.063492
0.42857 0.051587
0.45238 0.047619
0.44048 0.031746
0.41667 0.02381
0.39286 0.015873
0.36905 0.011905
0.34524 0.0079365
0.32143 0.0039683
0.29762 0
0.27381 0.0039683
0.25397 0.019841
0.2381 0.031746
0.21429 0.031746
0.19048 0.027778
0.16667 0.031746
0.14286 0.031746
0.11905 0.031746
0.095238 0.031746
0.071429 0.031746
0.047619 0.039683
0.02381 0.051587
0 0.06746
0 0.09127
0.019841 0.11508
0.043651 0.12698
0.063492 0.14683
0.087302 0.15079
0.11111 0.15079
0.13492 0.15873
0.15873 0.1627
0.18254 0.17063
0.18254 0.17063
# triangles
44 45 46
46 47 48
48 49 50
43 44 46
103 104 105
103 105 106
91 92 93
42 43 46
42 46 48
0 1 95
0 95 112
4 5 8
4 8 12
3 4 13
4 12 13
90 91 93
3 90 93
3 13 83
41 42 53
40 41 53
40 53 54
39 40 55
40 54 55
96 97 112
95 96 112
1 2 94
1 94 95
2 3 94
3 93 94
13 14 81
83 86 87
83 85 86
13 81 82
13 82 83
3 89 90
65 75 76
65 73 74
65 74 75
97 111 112
97 98 111
107 108 109
101 102 107
102 103 107
103 106 107
14 15 30
37 57 58
50 51 52
48 50 52
42 48 52
42 52 53
36 37 58
24 25 28
35 59 60
36 58 59
35 36 59
32 62 63
24 28 29
23 29 30
23 24 29
32 33 62
33 61 62
83 84 85
14 80 81
14 30 80
78 79 80
76 77 78
76 78 80
3 83 88
3 88 89
83 87 88
98 99 110
98 110 111
100 101 107
100 107 109
99 100 110
100 109 110
19 20 30
20 21 30
22 23 30
21 22 30
15 17 18
18 19 30
15 18 30
15 16 17
37 38 57
65 72 73
65 66 72
31 32 63
64 65 76
64 76 80
30 64 80
30 31 64
31 63 64
9 10 11
8 11 12
8 9 11
38 56 57
39 55 56
38 39 56
66 67 71
66 71 72
25 26 28
26 27 28
33 34 61
34 35 60
34 60 61
68 69 70
67 68 70
67 70 71
6 7 8
5 6 8
