# points
0.055556 0.50617
0.052469 0.53086
0.052469 0.55556
0.058642 0.58025
0.070988 0.60494
0.07716 0.62963
0.083333 0.65432
0.092593 0.67901
0.10185 0.7037
0.12037 0.72531
0.13889 0.71605
0.14506 0.69136
0.14506 0.66667
0.15123 0.64198
0.16667 0.65741
0.16975 0.6821
0.17284 0.70679
0.17901 0.73148
0.18519 0.75617
0.18827 0.78086
0.18827 0.80556
0.18519 0.83025
0.1821 0.85494
0.17901 0.87963
0.17593 0.90432
0.17593 0.92901
0.1821 0.9537
0.18827 0.9784
0.20679 0.99691
0.23148 1
0.25617 1
0.28086 0.99383
0.30247 0.97222
0.31173 0.94753
0.31481 0.92284
0.31173 0.89815
0.30247 0.87346
0.2963 0.84877
0.29012 0.82407
0.27469 0.80247
0.2716 0.77778
0.26543 0.75309
0.26235 0.7284
0.25926 0.7037
0.25617 0.67901
0.25309 0.65432
0.25309 0.62963
0.24691 0.60494
0.26543 0.62037
0.28395 0.64198
0.2963 0.6358
0.30556 0.61111
0.31173 0.58642
0.31481 0.56173
0.31173 0.53704
0.30864 0.51235
0.29938 0.48765
0.27778 0.46605
0.25617 0.44753
0.24691 0.42284
0.24383 0.39815
0.24383 0.37346
0.24383 0.34877
0.25309 0.37037
0.26235 0.39506
0.27469 0.38889
0.27469 0.3642
0.27469 0.33951
0.2716 0.31481
0.26852 0.29012
0.26235 0.26543
0.25926 0.24074
0.24691 0.22222
0.22222 0.21914
0.21605 0.19444
0.20679 0.16975
0.2037 0.14506
0.19444 0.12037
0.19136 0.095679
0.1821 0.070988
0.16667 0.049383
0.15123 0.033951
0.12963 0.015432
0.10802 0
0.083333 0.015432
0.07716 0.040123
0.064815 0.064815
0.061728 0.089506
0.070988 0.1142
0.070988 0.13889
0.074074 0.16358
0.07716 0.18827
0.07716 0.21296
0.080247 0.23765
0.083333 0.26235
0.07716 0.28086
0.052469 0.29321
0.027778 0.30864
0.0092593 0.32716
0 0.35185
0.0030864 0.37654
0.0061728 0.40123
0.024691 0.42593
0.046296 0.43827
0.070988 0.43827
0.095679 0.42284
0.11728 0.42284
0.10494 0.44753
0.080247 0.46605
0.061728 0.49074
0.055556 0.50617
# triangles
27 28 29
61 62 106
82 83 84
79 80 88
30 32 33
30 31 32
77 89 90
77 88 89
82 84 85
81 82 85
77 78 88
78 79 88
62 66 67
58 59 106
55 56 57
58 106 107
22 37 38
100 101 102
100 102 105
97 100 105
8 9 10
47 53 54
47 57 58
47 54 55
47 55 57
13 47 107
47 58 107
4 5 13
26 30 33
25 26 34
26 33 34
26 29 30
26 27 29
81 85 86
80 81 86
80 86 88
73 74 93
71 72 73
76 77 90
75 76 90
63 65 66
62 63 66
62 67 68
62 68 69
60 61 106
59 60 106
63 64 65
102 103 104
102 104 105
74 92 93
74 75 92
98 99 100
97 98 100
96 97 105
18 19 41
19 40 41
21 22 38
23 24 36
22 23 37
23 36 37
24 35 36
25 34 35
24 25 35
14 15 45
13 14 47
8 10 11
7 11 12
7 8 11
48 50 51
6 12 13
5 6 13
6 7 12
86 87 88
62 73 94
73 93 94
62 69 70
62 70 73
70 71 73
3 4 13
2 3 13
75 90 91
75 91 92
95 105 106
95 96 105
62 95 106
62 94 95
21 38 39
17 42 43
18 41 42
17 18 42
15 44 45
16 17 43
15 16 44
16 43 44
47 52 53
47 48 52
48 51 52
14 45 46
14 46 47
1 13 107
1 2 13
1 107 108
1 108 109
20 21 39
19 20 40
20 39 40
48 49 50
0 1 109
