# points
0.19113 0.14334
0.2116 0.14676
0.23208 0.15017
0.25256 0.15358
0.27304 0.157
0.2901 0.17747
0.30375 0.19795
0.32423 0.2116
0.34471 0.21843
0.36519 0.21843
0.38567 0.21843
0.40273 0.20478
0.4198 0.1843
0.43345 0.19113
0.4471 0.2116
0.46416 0.22867
0.48464 0.23891
0.50512 0.24232
0.5256 0.24573
0.54608 0.25256
0.56655 0.25597
0.58703 0.25597
0.60751 0.25939
0.62799 0.2628
0.64846 0.2628
0.66894 0.2628
0.68942 0.26621
0.7099 0.26621
0.73038 0.26621
0.75085 0.26621
0.76451 0.25256
0.74403 0.24232
0.72355 0.23208
0.74061 0.22526
0.76109 0.22867
0.78157 0.23549
0.80205 0.24232
0.82253 0.25256
0.843 0.2628
0.86348 0.26962
0.88396 0.27304
0.90444 0.27645
0.92491 0.27986
0.94539 0.27986
0.96587 0.27304
0.98294 0.25939
0.99659 0.23891
1 0.21843
0.99659 0.19795
0.98635 0.17747
0.96928 0.16382
0.94881 0.157
0.92833 0.15017
0.90785 0.14676
0.88737 0.14676
0.86689 0.14676
0.84642 0.14334
0.82594 0.14334
0.80546 0.14334
0.78498 0.14334
0.76451 0.14334
0.74403 0.13652
0.76451 0.12969
0.76451 0.11945
0.74403 0.10922
0.72355 0.1058
0.70307 0.098976
0.68259 0.09215
0.66212 0.088737
0.64164 0.081911
0.62116 0.075085
0.60068 0.071672
0.5802 0.064846
0.55973 0.061433
0.53925 0.061433
0.51877 0.064846
0.49829 0.075085
0.47782 0.078498
0.45734 0.075085
0.43686 0.071672
0.41638 0.064846
0.3959 0.061433
0.37543 0.05802
0.35495 0.054608
0.33447 0.051195
0.33788 0.040956
0.35836 0.03413
0.35154 0.023891
0.33106 0.017065
0.31058 0.013652
0.2901 0.0068259
0.26962 0
0.24915 0.0068259
0.22867 0.023891
0.20819 0.027304
0.18771 0.023891
0.16724 0.020478
0.14676 0.020478
0.12628 0.017065
0.1058 0.020478
0.085324 0.020478
0.064846 0.023891
0.044369 0.023891
0.023891 0.03413
0.003413 0.047782
0 0.068259
0.017065 0.088737
0.030717 0.098976
0.051195 0.1058
0.071672 0.11604
0.09215 0.11604
0.11263 0.12287
0.13311 0.12969
0.15358 0.13311
0.17406 0.13652
0.19113 0.14334
# triangles
45 46 47
45 47 48
48 49 50
43 44 45
42 43 51
43 45 51
45 48 51
48 50 51
1 93 94
108 109 110
102 103 107
102 107 108
3 4 84
3 84 93
94 95 114
95 113 114
95 96 113
0 94 114
0 1 94
96 97 113
97 98 111
100 101 110
101 108 110
101 102 108
98 99 111
99 110 111
99 100 110
7 8 9
9 10 11
12 13 78
12 81 82
9 11 12
21 22 69
22 23 68
22 68 69
32 33 61
33 60 61
35 36 58
36 57 58
41 42 51
41 51 52
41 52 53
40 41 53
103 106 107
104 105 106
103 104 106
5 12 82
5 6 7
5 7 9
5 9 12
1 2 93
2 3 93
97 111 112
97 112 113
17 18 76
13 77 78
13 76 77
19 20 71
20 21 71
18 19 71
5 82 83
4 83 84
4 5 83
12 78 79
32 61 66
61 65 66
33 34 60
29 30 31
61 64 65
61 63 64
36 56 57
36 37 56
61 62 63
25 26 32
26 27 32
84 90 93
84 89 90
90 92 93
90 91 92
13 14 76
14 17 76
21 69 70
21 70 71
85 87 88
84 85 89
85 88 89
85 86 87
12 80 81
12 79 80
32 67 68
32 66 67
34 59 60
35 58 59
34 35 59
40 53 54
39 40 54
37 38 55
37 55 56
38 39 55
39 54 55
24 32 68
24 25 32
23 24 68
28 31 32
27 28 32
28 29 31
18 71 72
18 72 73
18 74 76
18 73 74
74 75 76
14 15 16
14 16 17
