# points
0.18089 0.33447
0.17577 0.36519
0.157 0.39078
0.1314 0.41126
0.1058 0.43345
0.081911 0.45563
0.054608 0.48123
0.03413 0.50512
0.017065 0.53072
0 0.55973
0.003413 0.59044
0.023891 0.61945
0.054608 0.62969
0.085324 0.62799
0.11604 0.63311
0.14505 0.62969
0.17577 0.61433
0.20648 0.60751
0.2372 0.59215
0.26792 0.58362
0.29863 0.56655
0.32935 0.55631
0.35495 0.56655
0.37713 0.58874
0.40102 0.60239
0.4198 0.59898
0.44881 0.60239
0.46587 0.58532
0.4727 0.57338
0.49659 0.55631
0.50171 0.53925
0.51877 0.51536
0.50512 0.49829
0.50341 0.47099
0.48635 0.4471
0.51365 0.44198
0.54266 0.44881
0.57338 0.45392
0.6041 0.45222
0.63481 0.44198
0.66553 0.42833
0.69625 0.41297
0.72526 0.39249
0.75085 0.37201
0.77133 0.34471
0.79181 0.31911
0.80887 0.29181
0.80546 0.26109
0.77474 0.25256
0.76109 0.2372
0.7884 0.21672
0.81911 0.2116
0.84983 0.20648
0.88055 0.19625
0.91126 0.18601
0.94027 0.17406
0.96416 0.15358
0.98294 0.12799
0.99488 0.09727
1 0.068259
0.99488 0.037543
0.9744 0.010239
0.9471 0
0.91638 0
0.88567 0.0017065
0.85495 0.0051195
0.82594 0.020478
0.80375 0.042662
0.78669 0.064846
0.76792 0.090444
0.74915 0.11945
0.71843 0.13823
0.68942 0.15188
0.66041 0.16382
0.64846 0.15188
0.66212 0.12457
0.68089 0.098976
0.67065 0.078498
0.63993 0.078498
0.60922 0.088737
0.5785 0.10239
0.54778 0.11433
0.51706 0.12799
0.48805 0.14676
0.46246 0.16724
0.44539 0.19283
0.43515 0.22184
0.4198 0.25085
0.39078 0.26621
0.36007 0.27816
0.32935 0.29181
0.29863 0.30034
0.30887 0.28157
0.32594 0.25768
0.34471 0.23379
0.31741 0.23549
0.2884 0.25427
0.25939 0.27304
0.23038 0.29181
0.19966 0.30717
0.18089 0.33447
0.18089 0.33447
# triangles
8 12 13
59 60 62
60 61 62
8 9 10
10 11 12
8 10 12
6 13 14
59 62 63
7 8 13
6 7 13
83 84 85
40 41 73
41 42 73
6 14 15
0 98 99
57 63 64
56 57 64
54 55 64
55 56 64
75 76 78
4 5 16
4 16 17
5 6 16
6 15 16
2 19 20
39 40 73
0 1 98
1 91 98
1 2 20
91 97 98
93 94 95
58 59 63
57 58 63
64 65 66
54 64 66
54 66 67
53 68 69
53 54 67
53 67 68
51 69 70
42 43 49
42 49 73
49 72 73
49 71 72
75 78 79
74 80 81
74 79 80
74 75 79
74 81 82
74 82 83
73 74 83
4 17 18
3 4 18
2 3 18
2 18 19
37 38 39
34 35 87
34 89 90
93 95 96
76 77 78
51 52 69
52 53 69
46 47 48
45 46 48
50 70 71
49 50 71
50 51 70
1 20 21
1 21 91
21 90 91
21 34 90
23 24 25
25 26 27
36 39 73
36 37 39
83 85 86
73 83 86
36 73 86
35 86 87
35 36 86
34 88 89
34 87 88
92 93 96
91 92 97
92 96 97
43 44 49
44 48 49
44 45 48
25 27 28
28 29 30
22 23 25
22 25 28
21 22 34
28 30 32
32 33 34
22 32 34
22 28 32
30 31 32
