# points
0.17629 0.17933
0.20365 0.18389
0.231 0.18389
0.2538 0.19301
0.2766 0.20213
0.28116 0.22948
0.28571 0.25684
0.29939 0.28419
0.32675 0.29787
0.3541 0.29787
0.38146 0.29179
0.39514 0.26444
0.40729 0.23708
0.41793 0.21733
0.44529 0.22492
0.46353 0.25228
0.4772 0.2766
0.5 0.29331
0.5228 0.30395
0.55015 0.30851
0.57751 0.30395
0.60486 0.30395
0.63222 0.30851
0.65957 0.30395
0.67021 0.28267
0.64286 0.26444
0.62766 0.24012
0.65502 0.24468
0.68237 0.24468
0.70973 0.24924
0.73708 0.2538
0.76444 0.2538
0.79179 0.26292
0.81915 0.2766
0.8465 0.28116
0.8693 0.29331
0.89666 0.29939
0.91945 0.30851
0.94681 0.31611
0.97416 0.31003
0.9772 0.28723
0.97264 0.25988
0.98176 0.23708
0.98328 0.20973
1 0.18693
0.97568 0.17325
0.94833 0.17325
0.92097 0.17325
0.89362 0.17781
0.86626 0.17781
0.83891 0.17781
0.81155 0.17325
0.78419 0.16869
0.75684 0.16413
0.72948 0.15957
0.70213 0.15502
0.67477 0.14134
0.64742 0.13678
0.62614 0.12766
0.6535 0.11702
0.66717 0.10182
0.64438 0.086626
0.61702 0.068389
0.58967 0.059271
0.56231 0.050152
0.53495 0.050152
0.5076 0.057751
0.48176 0.075988
0.45745 0.082067
0.43009 0.077508
0.40274 0.068389
0.37538 0.06383
0.34802 0.059271
0.32067 0.050152
0.32067 0.041033
0.34802 0.048632
0.37538 0.048632
0.40274 0.048632
0.41641 0.031915
0.38906 0.022796
0.3617 0.018237
0.33435 0.013678
0.30699 0.0091185
0.27964 0
0.2538 0.0075988
0.24772 0.034954
0.22036 0.036474
0.19301 0.031915
0.16565 0.031915
0.1383 0.024316
0.11094 0.028875
0.083587 0.031915
0.056231 0.033435
0.028875 0.044073
0.006079 0.066869
0 0.094225
0.018237 0.11246
0.045593 0.12614
0.072948 0.14438
0.095745 0.14894
0.1231 0.15805
0.15046 0.17173
0.17629 0.17933
# triangles
38 39 40
82 83 85
43 44 45
88 90 100
83 84 85
94 95 96
93 94 96
6 8 9
6 7 8
41 42 47
88 100 101
88 89 90
90 99 100
91 98 99
90 91 99
0 86 87
0 87 101
87 88 101
0 1 86
91 92 97
91 97 98
92 93 97
93 96 97
4 12 13
4 72 73
43 45 46
42 43 46
42 46 47
3 4 73
6 9 11
13 68 69
13 69 70
76 79 80
4 5 12
5 6 11
5 11 12
2 85 86
1 2 86
2 73 85
2 3 73
9 10 11
74 82 85
73 74 85
13 70 71
4 13 71
4 71 72
75 76 80
36 37 41
37 38 40
37 40 41
41 47 48
36 41 48
31 51 52
31 32 51
32 50 51
35 36 48
13 14 68
15 16 17
76 77 79
77 78 79
75 80 81
74 75 81
74 81 82
31 52 53
28 29 55
29 54 55
34 49 50
34 48 49
34 35 48
27 28 55
27 55 56
58 64 65
14 15 58
58 61 62
30 53 54
29 30 54
30 31 53
32 33 50
33 34 50
14 67 68
14 58 67
58 63 64
58 62 63
15 26 58
15 17 26
17 18 26
18 19 26
59 60 61
58 59 61
58 65 66
58 66 67
20 21 26
19 20 26
21 22 25
21 25 26
22 23 25
23 24 25
26 57 58
27 56 57
26 27 57
