# points
0.02551 0.17347
0.005102 0.19388
0 0.21939
0 0.2449
0.02551 0.26531
0.05102 0.28571
0.076531 0.29592
0.10204 0.30102
0.12755 0.30102
0.15306 0.30612
0.17857 0.30102
0.20408 0.30102
0.22959 0.30102
0.2551 0.29592
0.28061 0.30102
0.30612 0.32143
0.33163 0.33673
0.35204 0.35204
0.37755 0.36224
0.40306 0.36224
0.42857 0.36224
0.45408 0.34694
0.45918 0.32143
0.43878 0.29592
0.45408 0.27551
0.47959 0.29082
0.5051 0.30612
0.53061 0.32143
0.55612 0.32143
0.58163 0.32143
0.60714 0.31633
0.63265 0.30102
0.65816 0.29082
0.67857 0.27551
0.70408 0.2551
0.72959 0.2398
0.75 0.22449
0.72449 0.21939
0.69898 0.21429
0.67347 0.20408
0.69388 0.18367
0.71939 0.17857
0.7449 0.16837
0.77041 0.16837
0.79592 0.17347
0.82143 0.17857
0.84694 0.17347
0.87245 0.16837
0.89796 0.16837
0.92347 0.16327
0.94898 0.15306
0.97449 0.14796
0.9898 0.12245
1 0.096939
0.9949 0.071429
0.9898 0.045918
0.96429 0.02551
0.93878 0.020408
0.91327 0.010204
0.88776 0.010204
0.86224 0.015306
0.83673 0.02551
0.81122 0.035714
0.78571 0.05102
0.7602 0.05102
0.73469 0.05102
0.70918 0.056122
0.68367 0.056122
0.65816 0.061224
0.63265 0.066327
0.62245 0.05102
0.64796 0.030612
0.67347 0.020408
0.67347 0
0.64796 0
0.62245 0
0.59694 0
0.57143 0.005102
0.54592 0.010204
0.52041 0.010204
0.4949 0.02551
0.46939 0.045918
0.45408 0.071429
0.42857 0.086735
0.40306 0.086735
0.37755 0.091837
0.35204 0.086735
0.32653 0.091837
0.30102 0.096939
0.30612 0.081633
0.32653 0.061224
0.35204 0.05102
0.37755 0.035714
0.38265 0.02551
0.35714 0.035714
0.33163 0.045918
0.30612 0.061224
0.28061 0.066327
0.2551 0.071429
0.22959 0.086735
0.20408 0.10714
0.17857 0.11224
0.15306 0.12245
0.12755 0.12755
0.10204 0.13776
0.076531 0.14796
0.05102 0.15816
0.02551 0.17347
0.02551 0.17347
# triangles
2 3 4
0 2 4
54 55 56
52 53 54
4 5 106
0 4 106
0 1 2
13 14 88
14 24 85
13 88 100
12 13 100
85 86 87
14 87 88
14 85 87
47 60 61
47 48 60
50 51 52
50 52 54
40 68 69
88 99 100
8 9 10
6 7 105
7 8 105
8 104 105
88 89 97
89 96 97
90 95 96
89 90 96
90 91 95
91 94 95
18 19 23
19 20 23
17 18 23
16 17 23
15 16 23
14 23 24
14 15 23
47 61 62
49 50 57
54 56 57
50 54 57
44 46 63
46 62 63
46 47 62
43 44 63
42 65 66
40 67 68
41 42 66
41 66 67
40 41 67
39 40 69
31 32 39
32 33 39
33 34 39
34 38 39
11 12 100
11 100 101
10 11 102
11 101 102
8 103 104
10 102 103
8 10 103
72 73 74
71 74 75
71 72 74
24 84 85
24 83 84
39 69 82
25 39 82
24 25 82
24 82 83
69 70 82
70 77 78
70 71 75
92 93 94
91 92 94
20 21 22
20 22 23
49 57 59
48 59 60
48 49 59
44 45 46
43 63 64
42 43 64
42 64 65
34 35 37
34 37 38
35 36 37
25 26 39
88 97 98
88 98 99
70 75 76
70 76 77
78 79 80
70 78 80
80 81 82
70 80 82
57 58 59
26 28 39
26 27 28
29 31 39
28 29 39
29 30 31
5 6 105
5 105 106
