# points
0.023419 0.50351
0.023419 0.52693
0.023419 0.55035
0.025761 0.57377
0.030445 0.59719
0.032787 0.62061
0.042155 0.64403
0.044496 0.66745
0.051522 0.69087
0.056206 0.71429
0.058548 0.7377
0.063232 0.76112
0.0726 0.78454
0.093677 0.76581
0.10304 0.74239
0.10773 0.71897
0.1171 0.7377
0.12178 0.76112
0.12646 0.78454
0.12881 0.80796
0.13349 0.83138
0.13583 0.8548
0.1452 0.87822
0.15222 0.90164
0.16159 0.92506
0.1733 0.94614
0.18267 0.96956
0.19672 0.99063
0.2178 1
0.22951 0.97658
0.23185 0.95316
0.23653 0.92974
0.23653 0.90632
0.23653 0.8829
0.22951 0.85948
0.22248 0.83607
0.21546 0.81265
0.20843 0.78923
0.19906 0.76581
0.18735 0.74239
0.18267 0.71897
0.1897 0.71429
0.19672 0.7377
0.20609 0.76112
0.21546 0.74473
0.2178 0.72131
0.22014 0.69789
0.22014 0.67447
0.22014 0.65105
0.2178 0.62763
0.2178 0.60422
0.2178 0.5808
0.2178 0.55738
0.21546 0.53396
0.21077 0.51054
0.20375 0.48712
0.18735 0.4637
0.16393 0.44965
0.15457 0.42623
0.15222 0.40281
0.15222 0.37939
0.14754 0.35597
0.1452 0.33255
0.16393 0.34426
0.18267 0.33724
0.18501 0.31382
0.18267 0.2904
0.18033 0.26698
0.18033 0.24356
0.16628 0.22482
0.14286 0.22014
0.12412 0.20843
0.12412 0.18501
0.12178 0.16159
0.12412 0.13817
0.11944 0.11475
0.11241 0.091335
0.10304 0.067916
0.088993 0.04918
0.077283 0.025761
0.058548 0.0023419
0.044496 0
0.037471 0.021077
0.014052 0.016393
0.0023419 0.032787
0 0.056206
0.0023419 0.079625
0.0046838 0.10304
0.016393 0.12646
0.018735 0.14988
0.023419 0.1733
0.028103 0.19672
0.032787 0.22014
0.035129 0.24356
0.042155 0.26698
0.032787 0.2904
0.018735 0.31148
0.0046838 0.33255
0.0023419 0.35597
0.0023419 0.37939
0.0070258 0.40281
0.025761 0.41686
0.044496 0.43091
0.067916 0.42857
0.044496 0.44731
0.030445 0.46838
0.021077 0.4918
0.023419 0.50351
# triangles
27 28 29
26 27 29
82 84 85
82 83 84
80 81 82
26 29 30
25 30 31
25 26 30
79 80 82
2 53 54
2 3 53
3 52 53
82 85 86
77 87 88
76 77 88
23 33 34
77 78 87
78 86 87
78 79 82
78 82 86
71 72 91
75 76 88
71 91 92
54 55 57
55 56 57
1 2 54
1 54 57
41 45 46
23 24 32
23 32 33
25 31 32
24 25 32
62 65 66
62 66 67
68 69 70
67 68 70
62 67 70
70 71 94
62 70 94
72 73 91
73 90 91
74 75 89
75 88 89
73 74 89
73 89 90
71 93 94
71 92 93
63 64 65
62 63 65
16 17 39
16 39 40
41 47 48
41 46 47
4 50 51
3 4 52
4 51 52
6 49 50
4 6 50
4 5 6
62 94 95
62 95 96
57 58 103
57 103 104
96 98 103
0 1 57
0 57 104
60 61 103
61 62 96
61 96 103
42 43 44
42 44 45
41 42 45
20 36 37
19 20 37
20 35 36
20 21 35
22 34 35
21 22 35
22 23 34
18 19 37
18 37 38
18 38 39
17 18 39
10 11 14
6 15 49
15 48 49
6 7 15
15 41 48
15 40 41
15 16 40
7 8 15
8 9 15
9 10 15
10 14 15
96 97 98
101 102 103
58 59 103
59 60 103
0 104 105
11 12 13
11 13 14
99 100 101
99 101 103
98 99 103
0 105 106
