# points
0.19793 0.13666
0.22243 0.13855
0.24694 0.14609
0.27144 0.14892
0.29312 0.164
0.30537 0.1885
0.32234 0.20829
0.34684 0.21678
0.37135 0.21678
0.39303 0.20264
0.40905 0.18473
0.42507 0.17154
0.44109 0.19321
0.45146 0.21206
0.47314 0.22809
0.49764 0.2394
0.51932 0.24505
0.54383 0.25071
0.56833 0.25071
0.59284 0.25165
0.61734 0.25636
0.64185 0.25825
0.66635 0.26202
0.69086 0.26484
0.71536 0.26484
0.72008 0.24882
0.69557 0.23657
0.67672 0.21772
0.68615 0.21206
0.71065 0.21678
0.73516 0.2196
0.75683 0.2262
0.78134 0.23091
0.80019 0.23657
0.82187 0.24788
0.84637 0.25636
0.87088 0.26673
0.89538 0.27333
0.91989 0.27898
0.94439 0.27615
0.9689 0.26767
0.99152 0.25071
1 0.22903
0.99717 0.20452
0.98398 0.18002
0.96513 0.16117
0.94062 0.14703
0.91612 0.14703
0.89161 0.1442
0.86711 0.1442
0.8426 0.14138
0.8181 0.14138
0.79359 0.13572
0.76909 0.13289
0.74741 0.12724
0.7229 0.12441
0.6984 0.11876
0.70971 0.1131
0.73421 0.10745
0.74081 0.095193
0.71913 0.081998
0.69463 0.079171
0.67295 0.070688
0.64844 0.065033
0.62394 0.059378
0.59943 0.050895
0.57493 0.048068
0.55042 0.05278
0.52592 0.057493
0.50141 0.067861
0.47785 0.070688
0.45617 0.067861
0.43167 0.065033
0.40716 0.05655
0.38266 0.053723
0.35815 0.048068
0.33365 0.044298
0.32799 0.038643
0.3525 0.032988
0.3591 0.016965
0.33459 0.01131
0.31008 0.005655
0.28558 0
0.26107 0.005655
0.23657 0.02262
0.21206 0.02262
0.18756 0.014138
0.16305 0.01131
0.13855 0.005655
0.11404 0.0084826
0.089538 0.0075401
0.065033 0.01131
0.040528 0.019793
0.016023 0.03016
0 0.04901
0.0075401 0.065033
0.023563 0.083883
0.04524 0.090481
0.066918 0.10745
0.091423 0.10933
0.11593 0.11404
0.14043 0.12064
0.164 0.1263
0.18662 0.13195
0.19793 0.13666
# triangles
40 42 43
40 41 42
40 43 44
39 40 44
38 39 45
39 44 45
93 94 95
93 95 96
38 45 47
45 46 47
90 91 97
90 97 99
37 38 47
97 98 99
92 93 96
92 96 97
91 92 97
89 90 99
2 3 84
85 86 102
89 99 100
86 87 102
87 101 102
87 100 101
5 6 7
4 5 10
1 2 84
1 84 85
85 102 103
0 1 103
1 85 103
77 80 81
3 77 84
77 83 84
77 82 83
77 81 82
35 48 49
4 74 75
4 10 74
10 11 74
11 73 74
16 17 68
17 18 68
88 89 100
87 88 100
5 7 9
5 9 10
7 8 9
77 78 80
78 79 80
32 51 52
35 36 48
36 47 48
36 37 47
31 32 52
18 67 68
15 16 69
16 68 69
14 15 69
12 14 69
12 13 14
4 75 76
3 4 76
3 76 77
31 52 53
22 23 26
23 24 25
23 25 26
21 22 27
22 26 27
20 21 27
19 20 27
58 59 60
11 12 70
12 69 70
32 33 51
33 50 51
34 35 49
34 49 50
33 34 50
29 30 55
30 54 55
30 31 53
30 53 54
27 28 56
28 29 55
28 55 56
57 58 60
11 70 71
56 57 61
57 60 61
65 66 67
18 65 67
27 56 64
56 63 64
19 27 64
18 19 64
18 64 65
11 72 73
11 71 72
56 62 63
56 61 62
