# points
0.17352 0.48858
0.19178 0.51598
0.21461 0.53425
0.24201 0.54338
0.26941 0.53881
0.2968 0.52511
0.3242 0.50228
0.3516 0.48858
0.36986 0.51142
0.36073 0.53881
0.36073 0.56621
0.35616 0.59361
0.35616 0.621
0.36073 0.6484
0.36986 0.6758
0.39269 0.69406
0.42009 0.71689
0.44749 0.72603
0.47489 0.73516
0.50228 0.73973
0.52968 0.74886
0.55708 0.75342
0.58447 0.75799
0.59817 0.74429
0.58447 0.71689
0.57534 0.6895
0.60274 0.71233
0.63014 0.73973
0.65753 0.76712
0.68037 0.79452
0.6895 0.82192
0.71233 0.84932
0.72146 0.87671
0.73516 0.90411
0.75342 0.93151
0.76712 0.9589
0.78995 0.98174
0.81279 1
0.84018 1
0.86758 0.98174
0.89041 0.9589
0.91324 0.93151
0.93607 0.90411
0.94064 0.87671
0.93607 0.84932
0.90868 0.82192
0.88128 0.79909
0.85845 0.78082
0.83105 0.76712
0.80365 0.74886
0.77626 0.73059
0.74886 0.70776
0.72603 0.68037
0.7032 0.65297
0.68037 0.62557
0.7032 0.6347
0.72603 0.62557
0.71689 0.59817
0.71689 0.57078
0.70776 0.54338
0.7032 0.51598
0.69406 0.48858
0.68037 0.46119
0.6621 0.44292
0.63927 0.42009
0.61187 0.40183
0.58447 0.39726
0.55708 0.39726
0.52968 0.38813
0.51142 0.3653
0.48858 0.3379
0.47032 0.3105
0.45205 0.28767
0.44749 0.26941
0.47489 0.28767
0.50228 0.29224
0.49772 0.26941
0.47489 0.24201
0.45662 0.21918
0.43379 0.19178
0.41096 0.16438
0.38356 0.13699
0.35616 0.14155
0.32877 0.14155
0.30137 0.13242
0.27397 0.10959
0.25114 0.086758
0.22831 0.068493
0.20091 0.050228
0.17352 0.03653
0.14612 0.022831
0.11872 0.013699
0.091324 0.0045662
0.063927 0.0045662
0.03653 0
0.0091324 0.0091324
0 0.03653
0 0.063927
0.013699 0.091324
0.018265 0.11872
0.03653 0.14612
0.063927 0.16895
0.086758 0.19635
0.10502 0.22374
0.12329 0.25114
0.14612 0.27397
0.16895 0.2968
0.19178 0.31963
0.20091 0.34703
0.18721 0.37443
0.17352 0.40183
0.16438 0.42466
0.15982 0.45205
0.16895 0.47945
0.17352 0.48858
# triangles
41 42 43
93 96 97
93 94 96
94 95 96
36 37 38
36 38 39
7 72 108
6 7 108
1 2 4
2 3 4
34 35 40
34 40 41
13 14 15
15 16 17
11 15 17
8 25 67
11 17 25
41 43 45
43 44 45
7 8 69
1 4 5
11 12 15
12 13 15
63 64 67
25 63 67
10 11 25
8 10 25
33 46 47
33 34 46
34 41 46
41 45 46
80 81 82
72 73 108
7 69 70
8 67 68
8 68 69
73 77 78
6 108 109
6 109 110
0 1 5
93 97 98
92 93 98
98 99 100
20 24 25
20 21 24
8 9 10
31 49 50
30 31 50
64 66 67
64 65 66
7 71 72
7 70 71
73 78 79
79 80 82
79 82 83
73 79 83
61 62 63
17 18 25
31 48 49
31 32 48
21 22 24
22 23 24
25 26 54
54 60 61
25 54 63
54 61 63
73 107 108
73 83 107
83 84 107
84 106 107
74 75 76
74 76 77
73 74 77
111 112 113
19 20 25
18 19 25
29 50 51
29 30 50
28 29 51
28 51 52
27 28 52
27 52 53
26 27 53
26 53 54
55 56 57
54 55 57
54 57 58
54 59 60
54 58 59
84 105 106
85 104 105
84 85 105
87 88 102
91 98 100
91 92 98
85 103 104
91 100 101
90 91 101
86 87 102
86 102 103
85 86 103
88 89 102
89 101 102
89 90 101
35 36 40
36 39 40
0 6 110
0 5 6
32 33 48
33 47 48
0 110 113
110 111 113
