# points
0 0.41627
0 0.44498
0.0047847 0.47368
0.0047847 0.50239
0.014354 0.5311
0.019139 0.55981
0.028708 0.58852
0.043062 0.61722
0.057416 0.64593
0.076555 0.67464
0.095694 0.70335
0.1244 0.73206
0.15311 0.76077
0.18182 0.7799
0.21053 0.79904
0.23923 0.8134
0.26794 0.82297
0.29665 0.83254
0.32536 0.84211
0.35407 0.84689
0.38278 0.84689
0.41148 0.84689
0.44019 0.84211
0.45933 0.85646
0.44498 0.88517
0.42105 0.91388
0.40191 0.94258
0.38278 0.97129
0.36842 1
0.38756 0.99522
0.40191 0.96651
0.42584 0.9378
0.44976 0.90909
0.47847 0.92344
0.49761 0.95215
0.52632 0.97608
0.55502 0.98565
0.58373 0.98565
0.61244 0.98565
0.64115 0.98086
0.6555 0.95215
0.62679 0.9378
0.59809 0.92823
0.56938 0.91388
0.54067 0.89474
0.51675 0.86603
0.51196 0.84211
0.54067 0.84211
0.56938 0.83732
0.59809 0.83254
0.62679 0.82297
0.6555 0.8134
0.68421 0.79904
0.71292 0.78469
0.74163 0.76555
0.77033 0.74163
0.79904 0.71292
0.82297 0.68421
0.84211 0.6555
0.85646 0.62679
0.87081 0.59809
0.88517 0.56938
0.89474 0.54067
0.89952 0.51196
0.90431 0.48325
0.90909 0.45455
0.90909 0.42584
0.90909 0.39713
0.90431 0.36842
0.89952 0.33971
0.89474 0.311
0.88517 0.2823
0.8756 0.25359
0.86124 0.22488
0.84689 0.19617
0.82775 0.16746
0.80861 0.13876
0.7799 0.11005
0.7512 0.086124
0.72249 0.062201
0.69378 0.047847
0.66507 0.033493
0.63636 0.019139
0.60766 0.014354
0.57895 0.0047847
0.55024 0
0.52153 0
0.49282 0
0.46411 0.0047847
0.43541 0.0095694
0.4067 0.0047847
0.37799 0.0047847
0.34928 0.0095694
0.32057 0.0095694
0.29187 0.019139
0.26316 0.028708
0.23445 0.038278
0.20574 0.057416
0.17703 0.07177
0.14833 0.095694
0.11962 0.1244
0.090909 0.15311
0.07177 0.18182
0.052632 0.21053
0.038278 0.23923
0.028708 0.26794
0.019139 0.29665
0.0095694 0.32536
0.0047847 0.35407
0 0.38278
0 0.41148
0 0.41627
# triangles
11 16 22
2 22 89
2 4 22
2 3 4
68 69 89
34 35 43
35 36 43
97 98 99
89 92 97
4 5 6
9 10 11
9 11 22
4 9 22
14 15 16
11 13 16
13 14 16
11 12 13
0 1 2
78 83 89
57 58 59
56 57 59
60 64 68
66 67 68
64 65 66
64 66 68
25 31 32
16 17 22
26 27 30
25 26 31
26 30 31
36 42 43
97 99 100
89 97 100
95 96 97
92 95 97
4 6 7
4 7 9
108 109 110
103 104 105
89 100 105
83 88 89
78 79 80
78 80 83
60 63 64
61 62 63
60 61 63
52 54 55
52 53 54
50 51 52
27 28 29
27 29 30
18 19 20
17 18 20
17 20 22
20 21 22
24 25 32
34 43 44
22 23 46
23 45 46
22 46 89
46 52 59
46 50 52
46 59 60
46 68 89
46 60 68
36 37 42
37 38 42
38 41 42
38 39 41
39 40 41
92 93 94
92 94 95
7 8 9
106 107 108
0 106 110
0 2 106
106 108 110
2 89 106
89 105 106
102 103 105
100 102 105
100 101 102
69 70 71
69 71 89
71 73 89
75 78 89
73 75 89
73 74 75
75 77 78
75 76 77
86 87 88
83 86 88
84 85 86
83 84 86
81 82 83
80 81 83
33 34 44
33 44 45
24 32 33
23 33 45
23 24 33
46 48 50
71 72 73
46 47 48
48 49 50
52 56 59
52 55 56
90 91 92
89 90 92
