# points
0.10526 0.34689
0.093301 0.38038
0.083732 0.41388
0.08134 0.44737
0.088517 0.48086
0.10287 0.51435
0.11244 0.54785
0.08134 0.56938
0.047847 0.56459
0.014354 0.55742
0 0.57177
0.0311 0.59091
0.064593 0.60526
0.076555 0.63397
0.090909 0.66746
0.12201 0.689
0.1555 0.69617
0.189 0.69617
0.22249 0.67943
0.24163 0.64833
0.2512 0.61483
0.2488 0.58134
0.26316 0.55502
0.29665 0.56699
0.33014 0.57416
0.36364 0.57895
0.39713 0.58134
0.43062 0.57895
0.46411 0.57416
0.49761 0.56938
0.5311 0.56459
0.56459 0.55981
0.59809 0.55263
0.63158 0.54306
0.66507 0.53589
0.69856 0.53349
0.73206 0.5311
0.76555 0.52871
0.79904 0.5311
0.83254 0.53349
0.86603 0.53589
0.89952 0.53828
0.93301 0.53828
0.96651 0.53349
0.94976 0.50718
0.91627 0.49761
0.88278 0.48804
0.88278 0.47847
0.91627 0.47368
0.94976 0.47368
0.98325 0.47368
1 0.44976
0.97368 0.42823
0.94019 0.42344
0.9067 0.41866
0.87321 0.41388
0.83971 0.40909
0.80622 0.39952
0.77273 0.38995
0.73923 0.37799
0.70574 0.35885
0.67225 0.33971
0.64354 0.32057
0.64833 0.29187
0.67464 0.26316
0.66507 0.23206
0.64115 0.19856
0.61962 0.16507
0.59809 0.13158
0.57656 0.098086
0.55981 0.064593
0.57656 0.050239
0.56938 0.0311
0.53828 0.023923
0.50478 0.0095694
0.47129 0
0.44258 0
0.42344 0.0023923
0.43301 0.021531
0.39952 0.023923
0.37321 0.028708
0.37799 0.059809
0.41148 0.069378
0.41866 0.083732
0.44976 0.08134
0.46411 0.11005
0.47847 0.14354
0.48804 0.17703
0.49522 0.21053
0.49282 0.24402
0.45933 0.24402
0.42584 0.23923
0.39234 0.23445
0.35885 0.22967
0.32536 0.23206
0.29187 0.23684
0.25837 0.24402
0.22488 0.2512
0.19139 0.26794
0.15789 0.28708
0.12919 0.3134
0.10526 0.34689
0.10526 0.34689
# triangles
30 62 89
75 76 78
76 77 78
37 38 57
40 41 46
50 51 52
13 14 15
9 10 11
16 17 19
17 18 19
22 99 100
22 95 96
34 60 61
66 88 89
66 67 88
49 50 52
8 9 11
8 11 12
6 16 19
5 6 22
6 15 16
6 13 15
25 26 91
25 91 92
24 25 92
79 80 81
75 78 84
1 2 22
1 22 100
0 1 100
4 5 22
2 4 22
22 98 99
22 96 98
96 97 98
26 27 91
27 90 91
27 28 90
30 31 62
31 32 62
33 61 62
32 33 62
33 34 61
39 40 46
38 39 47
39 46 47
69 86 87
78 79 82
78 82 84
82 83 84
79 81 82
35 36 59
34 35 60
35 59 60
42 43 44
47 48 54
7 12 13
6 7 13
7 8 12
6 21 22
69 85 86
74 75 84
73 74 84
2 3 4
28 29 90
29 30 89
29 89 90
49 52 53
48 53 54
48 49 53
67 68 88
68 87 88
68 69 87
41 45 46
41 42 45
42 44 45
6 19 20
6 20 21
22 94 95
22 23 94
23 24 94
24 92 94
92 93 94
70 73 84
70 84 85
69 70 85
70 71 72
70 72 73
63 64 65
63 65 66
62 63 89
63 66 89
37 57 58
36 58 59
36 37 58
47 54 55
47 55 56
38 56 57
38 47 56
