# points
0.012121 0.6
0.0060606 0.61818
0 0.63636
0 0.65455
0 0.67273
0 0.69091
0.012121 0.70909
0.018182 0.72727
0.036364 0.74545
0.054545 0.75758
0.066667 0.77576
0.072727 0.79394
0.066667 0.81212
0.048485 0.8303
0.036364 0.84848
0.024242 0.86667
0.018182 0.88485
0.018182 0.90303
0.018182 0.92121
0.024242 0.93939
0.030303 0.95758
0.048485 0.97576
0.066667 0.98788
0.084848 0.99394
0.10303 1
0.12121 1
0.13939 1
0.15758 1
0.17576 0.99394
0.19394 0.98788
0.21212 0.98182
0.2303 0.9697
0.24848 0.95152
0.25455 0.93333
0.26061 0.91515
0.26061 0.89697
0.26061 0.87879
0.26061 0.86061
0.26061 0.84242
0.26061 0.82424
0.25455 0.80606
0.24848 0.78788
0.24242 0.7697
0.25455 0.75152
0.27273 0.73333
0.27879 0.71515
0.27879 0.69697
0.28485 0.67879
0.29091 0.66061
0.29091 0.64242
0.28485 0.62424
0.29091 0.60606
0.29697 0.58788
0.30303 0.5697
0.30909 0.55152
0.31515 0.53333
0.32121 0.51515
0.32727 0.49697
0.32727 0.47879
0.33333 0.46061
0.33939 0.44242
0.34545 0.42424
0.33939 0.40606
0.32121 0.39394
0.30909 0.37576
0.31515 0.35758
0.30303 0.33939
0.28485 0.32121
0.28485 0.30303
0.29091 0.28485
0.29091 0.26667
0.28485 0.24848
0.27273 0.2303
0.26667 0.21212
0.26667 0.19394
0.26061 0.17576
0.25455 0.15758
0.24848 0.13939
0.24242 0.12121
0.24242 0.10303
0.26061 0.084848
0.27879 0.078788
0.29697 0.066667
0.31515 0.066667
0.33333 0.048485
0.32727 0.030303
0.30909 0.024242
0.29091 0.018182
0.27273 0.0060606
0.25455 0
0.23636 0
0.21818 0
0.2 0
0.18182 0
0.16364 0.0060606
0.14545 0.0060606
0.12727 0.012121
0.10909 0.018182
0.09697 0.036364
0.09697 0.054545
0.10303 0.072727
0.10909 0.090909
0.10303 0.10909
0.09697 0.12727
0.090909 0.14545
0.084848 0.16364
0.084848 0.18182
0.090909 0.2
0.09697 0.21818
0.10303 0.23636
0.10909 0.25455
0.10909 0.27273
0.10303 0.29091
0.084848 0.30909
0.072727 0.32121
0.060606 0.33939
0.054545 0.35758
0.048485 0.37576
0.042424 0.39394
0.042424 0.41212
0.042424 0.4303
0.036364 0.44848
0.036364 0.46667
0.030303 0.48485
0.024242 0.50303
0.018182 0.52121
0.012121 0.53939
0.012121 0.55758
0.012121 0.57576
0.012121 0.59394
0.012121 0.6
# triangles
4 5 6
6 7 8
80 88 89
52 123 124
96 97 98
19 20 21
9 10 42
6 8 9
12 28 36
12 38 40
60 61 62
60 62 63
59 60 63
3 4 6
3 6 9
1 3 9
1 2 3
0 1 9
0 9 50
17 18 19
9 46 50
82 86 87
82 83 86
80 89 90
95 96 100
94 95 100
94 100 101
64 67 113
12 37 38
12 36 37
38 39 40
43 44 45
43 45 46
9 42 43
9 43 46
11 12 40
10 11 42
55 56 122
51 52 124
51 124 125
50 51 128
54 55 122
50 128 129
0 50 129
117 118 119
64 119 120
64 117 119
120 121 122
14 15 17
14 17 23
17 19 23
19 21 23
21 22 23
12 13 26
12 26 28
26 27 28
46 47 50
79 94 101
79 92 94
81 82 87
80 81 88
81 87 88
80 90 91
79 80 91
79 91 92
92 93 94
64 65 66
64 66 67
114 115 116
113 114 116
64 116 117
64 113 116
72 73 110
75 76 108
67 112 113
72 110 111
31 32 33
28 29 36
29 35 36
29 33 35
29 30 31
29 31 33
11 41 42
11 40 41
56 57 58
58 64 120
58 120 122
56 58 122
58 63 64
58 59 63
51 127 128
51 125 127
125 126 127
52 53 123
53 122 123
53 54 122
15 16 17
13 14 25
13 25 26
14 23 25
23 24 25
78 102 103
78 79 101
78 101 102
96 98 99
96 99 100
73 74 75
73 75 109
75 108 109
73 109 110
68 72 111
68 71 72
67 68 112
68 111 112
33 34 35
76 107 108
77 103 104
77 78 103
76 77 107
77 104 107
83 84 86
84 85 86
47 49 50
47 48 49
68 70 71
68 69 70
104 105 107
105 106 107
