# points
0.20993 0.50113
0.20767 0.52596
0.20767 0.55079
0.20767 0.57562
0.20767 0.60045
0.20542 0.62528
0.20542 0.65011
0.20542 0.67494
0.20542 0.69977
0.20542 0.7246
0.20316 0.74944
0.20316 0.77427
0.20316 0.7991
0.20316 0.82393
0.2009 0.84876
0.20542 0.87133
0.23025 0.8781
0.25508 0.88713
0.27991 0.89391
0.30474 0.90068
0.32957 0.90971
0.3544 0.91648
0.37923 0.92325
0.40406 0.93228
0.42889 0.93905
0.45372 0.94582
0.47856 0.95485
0.50339 0.96163
0.52822 0.9684
0.55305 0.97743
0.57788 0.9842
0.60271 0.99097
0.62754 1
0.63657 0.98194
0.63431 0.95711
0.63431 0.93228
0.63431 0.90745
0.63205 0.88262
0.63205 0.85779
0.63205 0.83296
0.63205 0.80813
0.6298 0.7833
0.6298 0.75847
0.6298 0.73363
0.62754 0.7088
0.62754 0.68397
0.62754 0.65914
0.62754 0.63431
0.62528 0.60948
0.62528 0.58465
0.62528 0.55982
0.62302 0.53499
0.62302 0.51016
0.62302 0.48533
0.62302 0.4605
0.62077 0.43567
0.62077 0.41084
0.62077 0.386
0.61851 0.36117
0.61625 0.33634
0.60948 0.31151
0.60271 0.28668
0.59142 0.26185
0.57788 0.23702
0.56208 0.21219
0.54176 0.18736
0.52144 0.16479
0.49661 0.14221
0.47178 0.12415
0.44695 0.10835
0.42212 0.094808
0.39729 0.085779
0.37246 0.074492
0.34763 0.06772
0.3228 0.058691
0.29797 0.047404
0.27314 0.040632
0.24831 0.03386
0.22348 0.027088
0.19865 0.022573
0.17381 0.018059
0.14898 0.015801
0.12415 0.013544
0.099323 0.011287
0.074492 0.006772
0.049661 0.0045147
0.024831 0.0022573
0 0
0.024831 0.015801
0.049661 0.031603
0.074492 0.047404
0.099323 0.06772
0.12415 0.088036
0.14673 0.11061
0.16704 0.13544
0.18284 0.16027
0.19413 0.1851
0.2009 0.20993
0.20767 0.23476
0.21219 0.25959
0.21445 0.28442
0.21219 0.30926
0.21219 0.33409
0.21219 0.35892
0.21219 0.38375
0.20993 0.40858
0.20993 0.43341
0.20993 0.45824
0.20993 0.48307
0.20993 0.50113
# triangles
31 32 33
31 33 34
30 31 34
60 61 62
63 64 102
62 63 102
56 105 106
6 46 47
6 47 48
64 65 101
64 101 102
60 62 103
62 102 103
75 76 95
12 13 17
6 7 46
9 10 19
9 19 20
58 59 60
5 6 48
4 48 49
3 4 49
4 5 48
30 34 35
65 66 100
65 100 101
66 67 100
75 95 96
83 90 91
13 16 17
12 17 18
10 11 19
11 12 18
11 18 19
7 45 46
7 8 45
57 58 104
58 60 104
60 103 104
56 104 105
56 57 104
53 54 108
54 107 108
0 53 108
22 42 43
23 41 42
22 23 42
9 20 21
25 40 41
29 30 35
29 35 36
71 98 99
73 96 97
73 97 98
81 91 92
85 88 89
14 15 16
13 14 16
55 56 106
55 106 107
54 55 107
2 3 51
1 2 51
0 1 51
22 43 44
21 22 44
9 21 44
8 9 44
8 44 45
26 38 39
25 39 40
25 26 39
23 24 41
24 25 41
28 29 36
71 72 98
72 73 98
74 75 96
73 74 96
82 83 91
81 82 91
78 93 94
80 92 93
80 81 92
84 85 89
83 84 90
84 89 90
86 87 88
85 86 88
3 49 50
3 50 51
28 36 37
26 27 38
27 37 38
27 28 37
70 71 99
69 70 99
68 99 100
68 69 99
67 68 100
77 78 94
76 77 95
77 94 95
78 79 93
79 80 93
0 52 53
0 51 52
