# points
0 0.41566
0.048193 0.43574
0.10442 0.45582
0.15663 0.47189
0.21084 0.47791
0.26506 0.47992
0.32129 0.48193
0.37751 0.46988
0.42169 0.45181
0.43976 0.45582
0.38956 0.49197
0.36345 0.53012
0.32932 0.57631
0.3012 0.63052
0.2751 0.68675
0.25301 0.74498
0.251 0.79518
0.26104 0.83534
0.31727 0.80522
0.35944 0.76506
0.40361 0.70683
0.44378 0.64659
0.47189 0.58434
0.48795 0.5261
0.5 0.46386
0.52008 0.51205
0.52811 0.55221
0.54016 0.61446
0.56024 0.66867
0.59036 0.71285
0.62651 0.74096
0.64257 0.78313
0.67871 0.8012
0.70884 0.82932
0.75301 0.85743
0.74498 0.79719
0.73695 0.74498
0.72691 0.6988
0.70482 0.64859
0.68876 0.61044
0.66667 0.56225
0.6245 0.51606
0.58233 0.47791
0.55422 0.43775
0.60843 0.45984
0.66064 0.4739
0.70884 0.48795
0.76104 0.49398
0.82129 0.49197
0.87149 0.48795
0.9257 0.46787
0.9759 0.44779
1 0.41365
0.95582 0.38554
0.89759 0.36948
0.83534 0.35542
0.79116 0.34538
0.72892 0.35341
0.68675 0.34739
0.6245 0.36546
0.56225 0.38153
0.58434 0.35542
0.63454 0.31124
0.67068 0.26707
0.70884 0.21285
0.72691 0.15863
0.73896 0.11446
0.75904 0.052209
0.75301 0
0.71687 0.0080321
0.66265 0.046185
0.62048 0.098394
0.57831 0.15462
0.54819 0.21486
0.5261 0.27309
0.51004 0.33534
0.5 0.34337
0.48996 0.29518
0.4739 0.23494
0.46386 0.18474
0.4257 0.16265
0.40763 0.12048
0.36546 0.070281
0.31928 0.036145
0.27711 0.002008
0.25502 0.0040161
0.26305 0.060241
0.27912 0.11245
0.29518 0.17068
0.31928 0.22691
0.33936 0.26506
0.37952 0.30924
0.41365 0.34137
0.44378 0.37149
0.45181 0.38755
0.3996 0.36948
0.34137 0.35341
0.29317 0.34538
0.23494 0.34337
0.18072 0.3494
0.12048 0.36345
0.058233 0.38353
0 0.41566
0 0.41566
# triangles
4 5 98
14 15 19
14 19 20
3 4 99
4 98 99
3 99 100
2 3 100
10 22 23
26 41 42
26 27 41
76 93 94
63 72 73
48 49 55
45 57 58
2 100 101
15 18 19
15 16 18
16 17 18
9 10 23
10 11 22
13 14 20
11 21 22
11 12 21
13 20 21
12 13 21
5 97 98
5 6 97
6 96 97
78 79 80
81 82 88
80 88 89
80 81 88
28 29 39
29 38 39
27 28 39
25 26 42
61 74 75
64 65 71
64 71 72
63 64 72
49 50 54
49 54 55
47 48 56
48 55 56
47 56 57
61 62 74
62 63 73
62 73 74
25 42 43
0 1 101
1 2 101
65 66 71
66 70 71
66 67 70
78 90 91
78 80 90
80 89 90
82 83 87
82 87 88
31 32 36
27 40 41
27 39 40
9 23 24
24 25 43
9 24 94
24 43 94
76 92 93
6 7 96
7 95 96
76 77 92
77 78 91
77 91 92
50 51 53
50 53 54
51 52 53
45 58 59
44 45 59
67 68 69
67 69 70
83 86 87
84 85 86
83 84 86
30 31 36
30 36 37
29 30 38
30 37 38
32 33 35
32 35 36
33 34 35
46 47 57
45 46 57
7 8 95
8 9 94
8 94 95
43 44 60
44 59 60
60 75 76
60 61 75
60 76 94
43 60 94
