# points
0.17143 0.5013
0.18701 0.52727
0.2 0.55325
0.21558 0.57922
0.23117 0.60519
0.24935 0.63117
0.26753 0.65714
0.28312 0.68312
0.3039 0.70909
0.32208 0.73506
0.34286 0.76104
0.36364 0.78701
0.38442 0.81299
0.40779 0.83896
0.42857 0.86234
0.45195 0.88831
0.46753 0.90649
0.49351 0.93247
0.51948 0.92208
0.54026 0.8987
0.56104 0.87273
0.58182 0.84935
0.6026 0.82338
0.62338 0.7974
0.64416 0.77143
0.66234 0.74545
0.68052 0.71948
0.6987 0.69351
0.71688 0.66753
0.73247 0.64156
0.74805 0.61558
0.76364 0.58961
0.77922 0.56364
0.79481 0.53766
0.80779 0.51169
0.82338 0.48571
0.83636 0.45974
0.84935 0.43377
0.86234 0.40779
0.87532 0.38182
0.88571 0.35584
0.8987 0.32987
0.90909 0.3039
0.92208 0.27792
0.93247 0.25195
0.94286 0.22597
0.95325 0.2
0.96364 0.17403
0.97403 0.14805
0.98182 0.12208
0.99221 0.096104
1 0.07013
1 0.049351
0.97403 0.044156
0.94805 0.038961
0.92208 0.033766
0.8961 0.031169
0.87013 0.025974
0.84416 0.023377
0.81818 0.018182
0.79221 0.015584
0.76623 0.012987
0.74026 0.01039
0.71429 0.0077922
0.68831 0.0051948
0.66234 0.0051948
0.63636 0.0025974
0.61039 0.0025974
0.58442 0
0.55844 0
0.53247 0
0.50649 0
0.48052 0
0.45455 0
0.42857 0.0025974
0.4026 0.0025974
0.37662 0.0025974
0.35065 0.0051948
0.32468 0.0077922
0.2987 0.01039
0.27273 0.012987
0.24675 0.012987
0.22078 0.018182
0.19481 0.020779
0.16883 0.023377
0.14286 0.025974
0.11688 0.031169
0.090909 0.036364
0.064935 0.038961
0.038961 0.044156
0.012987 0.049351
0 0.062338
0.0077922 0.088312
0.015584 0.11429
0.020779 0.14026
0.028571 0.16623
0.038961 0.19221
0.046753 0.21818
0.057143 0.24416
0.064935 0.27013
0.075325 0.2961
0.085714 0.32208
0.096104 0.34805
0.10909 0.37403
0.11948 0.4
0.13247 0.42597
0.14545 0.45195
0.15844 0.47792
0.17143 0.5013
# triangles
0 1 74
0 74 107
74 106 107
36 37 69
67 68 69
37 67 69
1 34 72
1 72 74
48 55 56
65 66 67
1 33 34
1 32 33
3 31 32
6 8 27
88 89 93
74 75 106
34 35 70
35 36 70
36 69 70
51 52 53
50 51 53
50 53 54
37 38 67
38 65 67
38 39 65
44 60 61
42 61 62
39 40 65
49 54 55
48 49 55
49 50 54
12 13 22
6 27 28
4 5 31
3 4 31
1 2 32
2 3 32
8 9 26
9 25 26
8 26 27
89 90 92
89 92 93
90 91 92
75 105 106
72 73 74
79 102 103
78 79 103
34 71 72
34 70 71
46 57 58
43 44 61
42 43 61
9 10 25
12 22 23
16 17 18
16 18 19
5 6 30
5 30 31
6 7 8
75 77 105
77 104 105
77 103 104
77 78 103
47 56 57
46 47 57
47 48 56
45 46 58
45 58 59
45 59 60
44 45 60
42 62 63
41 42 63
40 41 63
13 21 22
13 14 21
11 12 23
15 16 19
6 28 29
6 29 30
75 76 77
87 94 95
87 88 93
87 93 94
79 101 102
40 64 65
40 63 64
11 23 24
10 11 24
10 24 25
15 19 20
14 20 21
14 15 20
84 96 97
84 85 96
84 97 98
83 84 98
82 83 98
85 86 96
86 95 96
86 87 95
82 98 99
82 99 100
80 82 100
80 100 101
79 80 101
80 81 82
