# points
0 0.47328
0 0.50636
0 0.53944
0 0.57252
0.0025445 0.6056
0 0.63868
0 0.67176
0 0.70483
0 0.73791
0 0.77099
0.0025445 0.80407
0.0025445 0.83715
0.010178 0.87023
0.022901 0.90331
0.045802 0.93639
0.07888 0.96692
0.11196 0.98473
0.14504 0.99491
0.17812 1
0.2112 1
0.24427 1
0.27735 1
0.31043 1
0.34351 1
0.37659 1
0.40967 1
0.44275 1
0.47583 1
0.50891 1
0.54198 1
0.57506 1
0.60814 1
0.64122 1
0.6743 1
0.70738 1
0.74046 1
0.77354 1
0.80662 1
0.83969 0.99491
0.87277 0.98473
0.90585 0.96692
0.93893 0.93639
0.96183 0.90331
0.97455 0.87023
0.97964 0.83715
0.98219 0.80407
0.98219 0.77099
0.98219 0.73791
0.98219 0.70483
0.98219 0.67176
0.98219 0.63868
0.98219 0.6056
0.98219 0.57252
0.98219 0.53944
0.98219 0.50636
0.98219 0.47328
0.98219 0.4402
0.98219 0.40712
0.98219 0.37405
0.98219 0.34097
0.98219 0.30789
0.98219 0.27481
0.98219 0.24173
0.98219 0.20865
0.98219 0.17557
0.9771 0.14249
0.96438 0.10941
0.94656 0.076336
0.91603 0.043257
0.88295 0.020356
0.84987 0.010178
0.81679 0.0025445
0.78372 0
0.75064 0
0.71756 0
0.68448 0
0.6514 0
0.61832 0
0.58524 0
0.55216 0
0.51908 0
0.48601 0
0.45293 0
0.41985 0
0.38677 0
0.35369 0
0.32061 0
0.28753 0
0.25445 0
0.22137 0
0.1883 0
0.15522 0.0025445
0.12214 0.012723
0.089059 0.02799
0.058524 0.050891
0.035623 0.076336
0.017812 0.10941
0.0076336 0.14249
0.0025445 0.17557
0.0025445 0.20865
0 0.24173
0 0.27481
0 0.30789
0 0.34097
0 0.37405
0.0025445 0.40712
0 0.4402
0 0.47328
0 0.47328
# triangles
93 94 97
92 93 97
0 105 106
94 96 97
94 95 96
66 67 68
41 43 44
90 91 92
64 65 66
0 82 105
12 13 14
41 42 43
4 24 25
4 25 26
10 11 12
31 32 50
1 27 54
27 28 54
56 57 79
55 56 80
56 79 80
83 84 105
82 83 105
92 97 98
90 92 98
32 49 50
28 53 54
64 66 70
66 68 70
87 88 101
86 102 103
86 87 102
87 101 102
85 86 103
85 103 104
84 85 105
85 104 105
54 55 81
55 80 81
1 54 81
0 1 81
0 81 82
2 4 26
2 3 4
2 26 27
1 2 27
88 100 101
89 90 99
90 98 99
88 89 99
88 99 100
14 15 16
9 10 20
8 9 20
29 30 52
29 52 53
28 29 53
30 51 52
30 31 51
31 50 51
59 60 76
68 69 70
39 40 41
39 41 44
36 44 45
36 37 44
36 45 46
10 18 19
10 19 20
7 8 21
8 20 21
58 59 77
59 76 77
63 71 72
63 64 70
63 70 71
10 12 17
10 17 18
12 14 17
14 16 17
35 46 47
35 36 46
6 7 22
7 21 22
57 58 78
58 77 78
57 78 79
62 73 74
62 63 73
63 72 73
61 62 74
60 75 76
60 61 75
61 74 75
37 38 44
38 39 44
34 47 48
34 35 47
6 22 23
5 6 23
4 23 24
4 5 23
33 34 48
33 48 49
32 33 49
