# points
0.018209 0.37178
0 0.39757
0.0075873 0.42489
0.027314 0.45372
0.036419 0.4871
0.040971 0.52049
0.057663 0.55235
0.078907 0.57967
0.10622 0.59939
0.13961 0.60546
0.16995 0.60243
0.2003 0.59484
0.23065 0.57967
0.25493 0.55994
0.28376 0.54325
0.31108 0.54173
0.34446 0.54173
0.37785 0.53869
0.41123 0.53869
0.44461 0.55083
0.478 0.5569
0.51138 0.57511
0.54476 0.59484
0.57815 0.6085
0.61153 0.62822
0.64492 0.63733
0.65554 0.6692
0.67223 0.70258
0.67982 0.72989
0.70865 0.72989
0.72686 0.69803
0.72382 0.66464
0.72382 0.63126
0.7481 0.60243
0.78149 0.59181
0.81184 0.57815
0.81184 0.5478
0.83612 0.53869
0.85584 0.5129
0.87102 0.49014
0.89378 0.47344
0.9044 0.45675
0.91654 0.43096
0.94689 0.42337
0.97876 0.42033
0.99545 0.39302
1 0.36571
0.96965 0.3566
0.94385 0.37481
0.91047 0.37178
0.87709 0.37026
0.8437 0.36571
0.81335 0.37481
0.78604 0.37329
0.81487 0.3566
0.83915 0.33384
0.82549 0.30349
0.82094 0.27011
0.80728 0.24279
0.77542 0.24886
0.78452 0.27921
0.76783 0.30653
0.739 0.31866
0.70713 0.32777
0.67375 0.33687
0.64492 0.35357
0.61457 0.34598
0.58118 0.32625
0.55539 0.31411
0.52959 0.2959
0.5129 0.29135
0.49469 0.26859
0.46282 0.2519
0.44765 0.22914
0.45827 0.19575
0.45827 0.1654
0.46131 0.13505
0.45979 0.10167
0.45524 0.068285
0.45524 0.034901
0.44006 0.0045524
0.41426 0
0.41426 0.033384
0.40668 0.066768
0.39757 0.10015
0.38998 0.1305
0.3824 0.16085
0.36419 0.17299
0.37785 0.14568
0.36115 0.12291
0.32929 0.13505
0.30501 0.16237
0.27921 0.18665
0.26555 0.22003
0.27162 0.25038
0.2519 0.27618
0.23065 0.30349
0.20486 0.3308
0.18361 0.35964
0.1654 0.38847
0.13354 0.40516
0.1047 0.38695
0.074355 0.36722
0.040971 0.35964
0.018209 0.37178
# triangles
6 7 10
18 70 72
92 93 94
87 92 94
7 9 10
7 8 9
0 102 103
27 28 29
27 29 30
72 73 94
73 87 94
17 18 72
20 67 68
18 68 70
18 19 68
19 20 68
20 66 67
58 59 60
0 1 2
0 2 102
13 14 99
34 35 36
87 91 92
87 90 91
20 21 66
44 45 48
43 44 48
42 49 50
42 48 49
42 43 48
6 10 100
10 11 100
11 12 100
12 13 100
13 99 100
5 6 100
4 5 100
14 15 98
15 97 98
14 98 99
15 16 96
15 96 97
16 17 96
26 31 32
26 27 31
27 30 31
25 26 32
22 65 66
21 22 66
22 23 65
53 63 64
53 64 65
36 53 65
36 38 53
53 62 63
53 61 62
45 46 47
45 47 48
53 54 61
56 60 61
54 56 61
41 42 50
41 50 51
40 41 52
41 51 52
3 4 100
3 100 101
2 3 102
3 101 102
17 72 95
17 95 96
72 94 95
25 32 33
33 36 65
33 34 36
23 33 65
23 24 33
24 25 33
36 37 38
39 40 52
68 69 70
74 75 86
73 86 87
73 74 86
76 77 84
54 55 56
57 58 60
56 57 60
70 71 72
77 83 84
77 78 83
87 88 90
88 89 90
80 81 82
79 80 82
78 82 83
78 79 82
75 85 86
75 76 85
76 84 85
38 39 53
39 52 53
