# points
0.003367 0.50842
0 0.53199
0.013468 0.55556
0.037037 0.54545
0.047138 0.55556
0.037037 0.57912
0.03367 0.60269
0.030303 0.62626
0.030303 0.64983
0.030303 0.6734
0.030303 0.69697
0.030303 0.72054
0.037037 0.74411
0.047138 0.76768
0.053872 0.79125
0.063973 0.81481
0.077441 0.83838
0.097643 0.86195
0.11785 0.88552
0.14141 0.90909
0.16162 0.93266
0.18182 0.95623
0.20202 0.97643
0.22559 0.9798
0.24916 0.9899
0.27273 0.99663
0.2963 1
0.31987 0.99663
0.34343 0.9899
0.367 0.9798
0.39057 0.96296
0.41077 0.95623
0.43434 0.9596
0.45791 0.95623
0.48148 0.93939
0.50505 0.92256
0.52189 0.90236
0.53872 0.87879
0.54545 0.85522
0.55892 0.83165
0.56902 0.80808
0.56902 0.78451
0.56902 0.76094
0.56902 0.73737
0.56902 0.7138
0.56902 0.69024
0.57239 0.66667
0.57239 0.6431
0.57576 0.61953
0.58586 0.59933
0.60606 0.58923
0.60269 0.56566
0.59933 0.54209
0.59596 0.51852
0.59596 0.49495
0.59596 0.47138
0.59259 0.44781
0.58586 0.42424
0.57239 0.40404
0.55219 0.39731
0.54545 0.3771
0.54209 0.35354
0.53872 0.32997
0.52862 0.3064
0.51515 0.28283
0.50842 0.25926
0.50842 0.23569
0.50842 0.21212
0.50505 0.18855
0.49832 0.16498
0.48822 0.14141
0.47475 0.11785
0.45791 0.094276
0.43771 0.070707
0.41751 0.053872
0.39731 0.037037
0.37374 0.020202
0.35017 0.013468
0.3266 0.003367
0.30303 0
0.27946 0.013468
0.25926 0.026936
0.23569 0.043771
0.21212 0.063973
0.18855 0.084175
0.16498 0.10774
0.14478 0.13131
0.13805 0.15488
0.13805 0.17845
0.14141 0.20202
0.14478 0.22559
0.12458 0.24579
0.10774 0.26599
0.094276 0.28956
0.090909 0.31313
0.090909 0.3367
0.084175 0.36027
0.060606 0.3771
0.047138 0.40067
0.037037 0.42088
0.030303 0.44444
0.020202 0.46801
0.010101 0.49158
0.003367 0.50842
# triangles
4 6 8
4 48 59
4 5 6
6 7 8
4 47 48
64 65 90
65 66 90
71 72 90
4 59 96
49 50 51
49 51 52
57 58 59
56 57 59
48 53 59
53 54 59
48 49 53
49 52 53
66 69 90
59 60 96
64 90 95
60 64 95
60 95 96
72 83 90
72 73 83
34 35 36
31 34 36
24 28 30
19 20 30
54 55 59
55 56 59
70 71 90
69 70 90
66 68 69
4 96 100
4 100 101
61 62 63
61 63 64
60 61 64
90 91 95
91 92 95
92 93 94
92 94 95
73 74 83
32 33 34
31 32 34
36 37 38
31 36 38
19 30 44
25 26 27
23 24 30
20 23 30
20 21 23
21 22 23
9 10 13
66 67 68
3 4 101
0 1 3
1 2 3
0 3 102
3 101 102
96 98 100
98 99 100
75 76 77
75 77 81
74 75 82
75 81 82
74 82 83
28 29 30
30 31 43
30 43 44
18 19 44
17 18 44
13 17 45
17 44 45
9 13 45
8 9 45
4 8 45
4 45 47
10 12 13
10 11 12
96 97 98
77 78 80
77 80 81
78 79 80
31 38 42
31 42 43
45 46 47
83 84 90
84 89 90
85 86 87
85 87 88
85 88 89
84 85 89
15 16 17
13 14 17
14 15 17
38 41 42
38 39 41
39 40 41
24 27 28
24 25 27
