# points
0.082051 0.48547
0.087179 0.52308
0.095726 0.56239
0.10256 0.6
0.099145 0.63932
0.070085 0.66154
0.041026 0.68718
0.017094 0.71966
0.0034188 0.75556
0 0.79487
0 0.8359
0.0034188 0.87521
0.0068376 0.91453
0.008547 0.95556
0.022222 0.98974
0.046154 0.96581
0.042735 0.9265
0.042735 0.88547
0.037607 0.84615
0.037607 0.80513
0.039316 0.7641
0.054701 0.72821
0.083761 0.70256
0.099145 0.71111
0.099145 0.75214
0.10427 0.79145
0.10427 0.83248
0.10769 0.87179
0.11111 0.91111
0.11282 0.95214
0.1265 0.98632
0.15043 0.96239
0.15043 0.92137
0.14701 0.88205
0.14188 0.84274
0.14188 0.80171
0.13846 0.76239
0.13675 0.72137
0.14188 0.68205
0.16752 0.70427
0.17265 0.74359
0.17949 0.7812
0.18462 0.82051
0.19316 0.85812
0.19829 0.89402
0.2 0.93504
0.20342 0.97436
0.23248 0.98462
0.24103 0.94701
0.23761 0.90769
0.22735 0.87009
0.22735 0.83248
0.2188 0.79487
0.21368 0.75556
0.20684 0.71795
0.22222 0.70598
0.24786 0.73675
0.26325 0.77265
0.27521 0.80855
0.28376 0.84615
0.28376 0.88718
0.28547 0.92821
0.28889 0.96752
0.30598 1
0.32821 0.97436
0.32308 0.93504
0.31966 0.89573
0.31966 0.8547
0.31624 0.81538
0.30598 0.77778
0.29231 0.74188
0.2735 0.70769
0.24615 0.67863
0.2188 0.65128
0.2188 0.61026
0.21538 0.57094
0.20684 0.53333
0.20171 0.49402
0.19658 0.4547
0.19316 0.41538
0.19145 0.37436
0.18803 0.33504
0.1812 0.29744
0.17436 0.25812
0.16581 0.22051
0.15726 0.18291
0.14701 0.1453
0.13675 0.10769
0.12991 0.070085
0.13333 0.030769
0.11111 0
0.076923 0.015385
0.071795 0.054701
0.075214 0.094017
0.080342 0.13333
0.080342 0.17436
0.080342 0.21538
0.080342 0.25641
0.082051 0.29744
0.08547 0.33675
0.08547 0.37778
0.08547 0.4188
0.082051 0.45812
0.082051 0.48547
# triangles
89 90 91
13 14 15
78 101 102
11 12 17
11 17 18
10 11 18
12 16 17
12 13 16
13 15 16
28 29 32
59 67 68
62 63 64
44 49 50
44 45 49
84 85 96
84 96 97
83 84 97
85 95 96
87 93 94
89 91 92
81 82 99
1 2 76
78 79 101
81 99 100
80 81 100
79 100 101
79 80 100
0 78 102
3 38 74
3 4 38
4 22 38
22 23 38
4 5 22
5 6 22
25 26 35
9 10 19
10 18 19
43 44 50
29 31 32
29 30 31
61 65 66
62 64 65
61 62 65
60 61 66
59 60 67
60 66 67
45 48 49
46 47 48
45 46 48
86 94 95
85 86 95
86 87 94
87 88 93
88 92 93
88 89 92
82 98 99
83 97 98
82 83 98
1 76 77
0 77 78
0 1 77
3 74 75
2 75 76
2 3 75
6 7 21
6 21 22
41 42 52
25 35 36
26 34 35
58 68 69
58 59 68
55 72 73
38 73 74
56 70 71
55 71 72
55 56 71
8 9 20
9 19 20
7 8 20
7 20 21
24 25 36
23 37 38
23 24 37
24 36 37
26 27 34
27 33 34
28 32 33
27 28 33
57 69 70
57 58 69
56 57 70
43 50 51
42 43 51
42 51 52
41 52 53
40 41 53
40 53 54
39 40 54
38 39 73
39 55 73
39 54 55
