# points
0.066176 0.50368
0.088235 0.51471
0.12132 0.48897
0.15809 0.49632
0.19485 0.52574
0.23162 0.55882
0.24265 0.59559
0.23529 0.63235
0.22059 0.66912
0.20588 0.70588
0.19485 0.74265
0.1875 0.77941
0.17647 0.81618
0.16912 0.85294
0.16176 0.88971
0.16176 0.92647
0.16176 0.96324
0.18015 0.99265
0.21691 1
0.25368 0.99632
0.29044 0.98897
0.32721 0.98162
0.36397 0.99265
0.40074 0.99632
0.4375 0.97794
0.46324 0.94485
0.47426 0.90809
0.49632 0.87132
0.51838 0.83456
0.53676 0.79779
0.55882 0.76103
0.58088 0.72426
0.61029 0.6875
0.63603 0.65809
0.67279 0.625
0.70956 0.59926
0.73897 0.56618
0.77574 0.56618
0.8125 0.56985
0.84926 0.54412
0.87868 0.50735
0.90441 0.47059
0.92647 0.43382
0.9375 0.39706
0.95588 0.36029
0.96324 0.32353
0.96324 0.28676
0.96691 0.25
0.96691 0.21324
0.97059 0.17647
0.95588 0.13971
0.91912 0.11765
0.88235 0.12132
0.84926 0.11029
0.81618 0.088235
0.77941 0.066176
0.74265 0.0625
0.70588 0.055147
0.66912 0.040441
0.63235 0.029412
0.59559 0.018382
0.55882 0.0073529
0.52206 0.0036765
0.48529 0
0.44853 0.0073529
0.41176 0.018382
0.375 0.036765
0.33824 0.047794
0.30147 0.058824
0.26471 0.077206
0.22794 0.095588
0.19118 0.11765
0.16176 0.13971
0.125 0.16544
0.088235 0.17647
0.11029 0.19853
0.073529 0.22059
0.036765 0.23529
0 0.24265
0.025735 0.26103
0.0625 0.25735
0.099265 0.24632
0.13603 0.22794
0.16176 0.22426
0.14338 0.25735
0.12132 0.29044
0.15441 0.29412
0.18015 0.26103
0.19485 0.28676
0.18382 0.32353
0.17279 0.36029
0.20588 0.33824
0.22794 0.30882
0.25 0.34191
0.27206 0.37868
0.27206 0.41544
0.26838 0.45221
0.23162 0.43382
0.19485 0.41176
0.15809 0.40809
0.12132 0.41176
0.084559 0.40809
0.047794 0.41912
0.018382 0.43382
0.025735 0.45956
0.033088 0.48529
0.069853 0.48529
0.066176 0.50368
# triangles
66 93 94
7 30 31
6 7 31
36 56 57
5 6 96
15 18 19
7 29 30
16 17 18
15 16 18
62 66 94
6 31 32
6 32 96
32 33 96
43 45 46
36 43 53
36 53 56
43 46 53
66 67 93
70 71 83
71 72 83
72 73 83
70 83 87
77 78 79
77 79 80
14 15 19
37 38 39
33 34 96
34 35 36
9 27 28
7 8 29
8 9 28
8 28 29
9 10 27
10 11 27
11 12 21
12 13 21
64 65 66
62 64 66
62 63 64
43 44 45
46 52 53
48 49 52
49 50 52
50 51 52
59 60 94
60 61 62
60 62 94
67 92 93
67 68 92
68 69 92
88 89 92
69 70 92
70 87 92
87 88 92
76 77 80
76 80 81
4 5 96
4 96 97
36 41 43
41 42 43
36 94 95
34 36 95
34 95 96
11 26 27
11 21 26
22 24 25
22 23 24
22 25 26
21 22 26
13 20 21
13 14 20
14 19 20
89 91 92
89 90 91
53 54 56
54 55 56
36 57 58
36 58 94
58 59 94
46 47 52
47 48 52
73 75 83
75 82 83
73 74 75
75 81 82
75 76 81
3 97 98
3 4 97
3 98 99
0 1 106
104 105 106
37 39 40
36 37 40
36 40 41
84 85 86
84 86 87
83 84 87
102 103 104
102 104 106
101 102 106
2 99 100
2 3 99
2 100 101
2 101 106
1 2 106
