# points
0.074492 0.49661
0.085779 0.51693
0.10158 0.53725
0.11512 0.5553
0.12641 0.57562
0.1219 0.59594
0.11512 0.61625
0.11061 0.63657
0.10609 0.65688
0.10158 0.6772
0.097065 0.69752
0.092551 0.71783
0.090293 0.73815
0.088036 0.75847
0.081264 0.77878
0.076749 0.7991
0.072235 0.81941
0.06772 0.83973
0.060948 0.86005
0.047404 0.88036
0.027088 0.89391
0.013544 0.91422
0 0.93454
0 0.95485
0.0045147 0.97517
0.024831 0.98871
0.045147 0.99774
0.065463 1
0.085779 0.99549
0.10158 0.97743
0.11287 0.95711
0.13093 0.93905
0.13995 0.91874
0.14221 0.89842
0.14898 0.8781
0.1535 0.85779
0.16027 0.83747
0.16479 0.81716
0.16704 0.79684
0.17156 0.77652
0.17381 0.75621
0.18059 0.73589
0.18284 0.71558
0.18736 0.69526
0.19187 0.67494
0.19639 0.65463
0.2009 0.63431
0.20767 0.614
0.2167 0.59368
0.22122 0.57336
0.23476 0.55982
0.25508 0.54853
0.2754 0.53499
0.29345 0.51467
0.307 0.49436
0.31377 0.47404
0.32054 0.45372
0.3228 0.43341
0.32506 0.41309
0.32506 0.39278
0.3228 0.37246
0.32506 0.35214
0.32506 0.33183
0.3228 0.31151
0.33634 0.2912
0.35666 0.2754
0.37246 0.25508
0.386 0.23476
0.39278 0.21445
0.39955 0.19413
0.40181 0.17381
0.40181 0.1535
0.40181 0.13318
0.39729 0.11287
0.39052 0.092551
0.38149 0.072235
0.36795 0.051919
0.35214 0.03386
0.33183 0.022573
0.31151 0.011287
0.2912 0.006772
0.27088 0
0.25056 0
0.23025 0
0.20993 0.0022573
0.18962 0.0045147
0.1693 0.013544
0.14898 0.022573
0.12867 0.038375
0.11512 0.058691
0.10158 0.079007
0.092551 0.099323
0.083521 0.11964
0.083521 0.13995
0.083521 0.16027
0.088036 0.18059
0.092551 0.2009
0.099323 0.22122
0.10609 0.24153
0.11061 0.26185
0.10835 0.28217
0.099323 0.30248
0.090293 0.3228
0.079007 0.34312
0.069977 0.36343
0.063205 0.38375
0.058691 0.40406
0.056433 0.42438
0.056433 0.4447
0.060948 0.46501
0.06772 0.48533
0.074492 0.49661
# triangles
21 25 26
64 97 98
71 82 96
71 80 82
80 81 82
76 77 78
78 79 80
75 76 78
74 75 78
74 78 80
23 24 25
21 22 23
21 23 25
53 54 55
64 98 99
0 55 107
71 72 73
73 74 80
71 73 80
68 70 71
64 68 97
68 71 96
68 96 97
55 106 107
55 57 106
63 64 99
0 107 109
2 3 50
82 95 96
87 88 89
84 89 95
20 21 30
68 69 70
66 67 68
64 66 68
64 65 66
58 59 103
58 103 104
57 58 104
55 56 57
57 104 105
57 105 106
59 60 103
60 102 103
63 99 100
107 108 109
0 109 110
3 49 50
51 53 55
0 51 55
51 52 53
1 2 50
0 1 51
1 50 51
3 4 49
10 11 42
11 41 42
9 10 42
27 28 29
26 27 29
21 26 29
21 29 30
89 91 95
89 90 91
91 93 95
91 92 93
82 83 95
83 84 95
84 85 86
86 87 89
84 86 89
60 101 102
4 47 48
4 48 49
6 45 46
4 5 47
5 46 47
5 6 46
15 16 36
93 94 95
19 20 30
19 30 31
19 31 32
19 32 33
18 19 33
62 63 100
62 100 101
6 7 45
7 44 45
7 8 44
12 13 40
11 40 41
11 12 40
15 36 37
15 37 38
13 14 38
14 15 38
17 18 34
18 33 34
60 61 101
61 62 101
9 42 43
8 9 43
8 43 44
13 38 39
13 39 40
17 34 35
16 35 36
16 17 35
