# points
0.24398 0.44783
0.22953 0.5008
0.23435 0.55377
0.22311 0.60674
0.20225 0.65971
0.1862 0.71268
0.14446 0.73997
0.091493 0.73355
0.041734 0.71429
0 0.73836
0.027287 0.7817
0.072231 0.8138
0.11557 0.85393
0.13483 0.89085
0.14928 0.89406
0.18941 0.86196
0.24077 0.83307
0.28892 0.79615
0.32905 0.7512
0.36918 0.70947
0.41573 0.66934
0.46067 0.64205
0.51364 0.60835
0.56661 0.59872
0.61958 0.60032
0.67255 0.60514
0.72552 0.60995
0.77849 0.60995
0.83146 0.59711
0.88283 0.59069
0.93419 0.58587
0.97592 0.54896
0.99197 0.49599
0.99518 0.44302
0.99358 0.39005
0.99358 0.33708
1 0.28411
0.99839 0.23114
0.96469 0.19583
0.939 0.22311
0.92937 0.26164
0.91172 0.31461
0.9053 0.36758
0.88925 0.33066
0.90048 0.27769
0.92135 0.22472
0.91332 0.17175
0.91332 0.11878
0.91653 0.065811
0.90209 0.014446
0.85072 0.0096308
0.87801 0.060995
0.88925 0.11396
0.88443 0.16693
0.87159 0.2199
0.84751 0.27287
0.82022 0.29856
0.82986 0.24559
0.83467 0.19262
0.8122 0.14125
0.79454 0.088283
0.78652 0.035313
0.76083 0
0.7175 0.012841
0.75441 0.060995
0.77528 0.11396
0.78331 0.16693
0.7817 0.2199
0.76083 0.26966
0.73997 0.32263
0.71108 0.37079
0.65811 0.37721
0.60514 0.36597
0.55217 0.36116
0.4992 0.36597
0.44623 0.374
0.42857 0.33547
0.42857 0.2825
0.43178 0.22953
0.43339 0.17657
0.4382 0.1236
0.43018 0.078652
0.4061 0.05297
0.39968 0.081862
0.41413 0.13483
0.4077 0.1878
0.39005 0.24077
0.38202 0.29374
0.37239 0.2825
0.374 0.22953
0.37239 0.17657
0.374 0.1236
0.37721 0.070626
0.35313 0.035313
0.3114 0.044944
0.34671 0.093098
0.34992 0.14607
0.33868 0.19904
0.32584 0.25201
0.313 0.30498
0.29695 0.35795
0.26164 0.4061
0.24398 0.44783
# triangles
36 37 40
25 70 71
0 75 101
75 100 101
56 68 69
56 69 70
26 27 70
25 26 70
56 57 68
27 28 70
12 13 14
8 9 10
7 8 10
43 44 55
43 55 56
57 67 68
59 60 65
37 39 40
29 30 31
7 10 11
21 22 75
0 21 75
0 1 21
1 2 21
22 74 75
87 99 100
78 79 85
36 40 41
35 36 41
28 42 70
42 56 70
42 43 56
28 29 42
35 41 42
34 35 42
59 65 66
62 63 64
61 62 64
60 61 64
60 64 65
37 38 39
44 54 55
6 7 11
6 11 12
24 25 71
24 71 72
2 20 21
3 19 20
2 3 20
87 88 99
29 31 32
29 32 42
47 48 52
44 45 54
45 46 54
46 53 54
46 47 53
47 52 53
48 51 52
49 50 51
48 49 51
5 17 18
5 16 17
5 6 16
23 73 74
22 23 74
23 72 73
23 24 72
76 77 87
75 76 100
76 87 100
89 90 97
79 84 85
79 80 84
90 96 97
90 91 96
33 34 42
32 33 42
58 59 66
57 58 67
58 66 67
6 12 15
6 15 16
12 14 15
4 5 18
3 4 19
4 18 19
88 98 99
88 89 98
89 97 98
78 85 86
77 78 86
77 86 87
81 82 83
80 81 83
80 83 84
91 95 96
91 92 95
93 94 95
92 93 95
