# points
0 0.2515
0.002994 0.27545
0.002994 0.2994
0.002994 0.32335
0.002994 0.34731
0.002994 0.37126
0.002994 0.39521
0.005988 0.41916
0.008982 0.44311
0.02994 0.46108
0.053892 0.46108
0.077844 0.46407
0.1018 0.46407
0.12575 0.46707
0.1497 0.47006
0.17365 0.47006
0.1976 0.47006
0.22156 0.47305
0.24551 0.47305
0.26946 0.47605
0.29341 0.47605
0.31437 0.45509
0.31737 0.43114
0.32335 0.40719
0.33234 0.38323
0.33832 0.35928
0.35329 0.33832
0.37725 0.33234
0.4012 0.33234
0.42515 0.33234
0.4491 0.31737
0.47305 0.30838
0.49701 0.30838
0.52096 0.30838
0.54491 0.30838
0.56886 0.30838
0.59281 0.30838
0.61677 0.31138
0.64072 0.31138
0.66467 0.30838
0.68862 0.30838
0.71257 0.30838
0.73653 0.30838
0.76048 0.30838
0.78443 0.30838
0.80838 0.30838
0.83234 0.31138
0.85629 0.30838
0.88024 0.30838
0.90419 0.30838
0.92814 0.30838
0.9521 0.30838
0.97605 0.29042
0.99401 0.26647
1 0.24251
0.98802 0.22455
0.97006 0.2006
0.95509 0.17665
0.93114 0.17066
0.90719 0.16766
0.88323 0.16766
0.85928 0.16766
0.83533 0.16766
0.81138 0.16766
0.78743 0.16766
0.76347 0.16766
0.73952 0.16766
0.71557 0.16766
0.69162 0.16766
0.66766 0.17066
0.64371 0.16766
0.61976 0.16467
0.59581 0.16766
0.57186 0.16467
0.5479 0.16467
0.52395 0.16766
0.5 0.16467
0.47605 0.16467
0.4521 0.1497
0.43114 0.13473
0.40719 0.13174
0.38323 0.13174
0.36527 0.11078
0.35329 0.086826
0.34132 0.062874
0.33234 0.038922
0.32036 0.01497
0.29641 0.002994
0.27246 0
0.2485 0
0.22455 0.002994
0.2006 0.002994
0.17665 0.005988
0.15269 0.005988
0.12874 0.005988
0.10479 0.008982
0.080838 0.011976
0.056886 0.011976
0.032934 0.011976
0.011976 0.026946
0.005988 0.050898
0.005988 0.07485
0.005988 0.098802
0.002994 0.12275
0.002994 0.14671
0.002994 0.17066
0.002994 0.19461
0 0.21856
0 0.24251
0 0.2515
# triangles
26 82 106
98 99 100
93 104 105
93 94 104
0 1 108
2 15 25
1 2 25
25 26 108
1 25 108
7 8 9
26 106 107
26 107 108
26 81 82
85 87 88
85 86 87
82 92 106
82 83 92
83 91 92
92 93 105
92 105 106
15 16 25
16 24 25
16 23 24
16 17 23
4 5 12
6 7 10
7 9 10
83 90 91
17 18 23
6 10 11
5 6 11
5 11 12
50 51 52
56 57 58
56 58 59
26 27 81
96 101 102
95 102 103
95 96 102
94 95 104
95 103 104
84 89 90
83 84 90
84 88 89
84 85 88
30 77 78
18 19 22
18 22 23
19 21 22
3 13 14
4 12 13
3 4 13
19 20 21
50 52 55
50 55 56
52 53 55
53 54 55
37 70 71
37 71 72
97 98 100
97 100 101
96 97 101
41 67 68
78 80 81
78 79 80
28 30 78
28 29 30
27 28 81
28 78 81
41 42 67
42 66 67
37 38 70
30 31 77
48 60 61
44 64 65
45 62 63
45 46 62
45 63 64
44 45 64
43 44 65
43 65 66
42 43 66
40 41 68
40 68 69
39 69 70
38 39 70
39 40 69
34 35 74
47 48 61
47 61 62
46 47 62
49 59 60
48 49 60
49 50 56
49 56 59
36 37 72
35 36 72
32 76 77
31 32 77
32 75 76
32 33 75
33 34 75
34 74 75
35 72 73
35 73 74
3 14 15
2 3 15
