# points
0.019704 0.50246
0.029557 0.52709
0.044335 0.55172
0.059113 0.57635
0.078818 0.60099
0.098522 0.62069
0.12315 0.64039
0.14778 0.6601
0.17241 0.67488
0.19212 0.68966
0.20197 0.71429
0.2266 0.71921
0.25123 0.71921
0.27586 0.71429
0.30049 0.71921
0.31034 0.73892
0.31034 0.76355
0.29557 0.78325
0.27094 0.79803
0.24631 0.80788
0.22167 0.82759
0.21182 0.85222
0.20197 0.87685
0.20197 0.90148
0.21182 0.92611
0.2266 0.95074
0.24631 0.97537
0.27094 0.98522
0.29557 0.99015
0.3202 1
0.34483 1
0.36946 1
0.39409 1
0.41872 1
0.44335 0.99015
0.46798 0.9803
0.49261 0.96059
0.50739 0.94089
0.51724 0.91626
0.52217 0.89163
0.51724 0.867
0.50739 0.84236
0.48768 0.82266
0.46305 0.80296
0.43842 0.78818
0.41379 0.77833
0.40887 0.75369
0.40394 0.72906
0.42365 0.71429
0.44828 0.70936
0.47291 0.70443
0.49754 0.69951
0.52217 0.69458
0.5468 0.6798
0.57143 0.66502
0.59606 0.64039
0.61576 0.62069
0.63547 0.59606
0.65517 0.57143
0.66502 0.5468
0.6798 0.52217
0.68966 0.49754
0.69458 0.47291
0.70443 0.44828
0.70936 0.42365
0.70936 0.39901
0.70936 0.37438
0.70936 0.34975
0.70936 0.32512
0.70443 0.30049
0.69951 0.27586
0.69458 0.25123
0.68473 0.2266
0.66995 0.20197
0.65517 0.17734
0.64039 0.15271
0.62069 0.12808
0.60099 0.10345
0.57635 0.083744
0.55172 0.064039
0.52709 0.049261
0.50246 0.039409
0.47783 0.029557
0.4532 0.019704
0.4335 0.0049261
0.40887 0
0.38424 0
0.35961 0
0.33498 0
0.31034 0
0.28571 0
0.26108 0.0098522
0.24138 0.024631
0.21675 0.034483
0.19212 0.044335
0.17241 0.059113
0.14778 0.073892
0.12315 0.093596
0.10345 0.10837
0.083744 0.133
0.064039 0.15764
0.049261 0.18227
0.039409 0.2069
0.024631 0.23153
0.014778 0.25616
0.0098522 0.28079
0.0049261 0.30542
0 0.33005
0 0.35468
0 0.37931
0 0.40394
0.0049261 0.42857
0.0098522 0.4532
0.0098522 0.47783
0.019704 0.50246
0.019704 0.50246
# triangles
74 82 95
74 95 102
66 74 102
17 31 45
82 92 95
102 109 111
99 100 102
8 13 112
62 65 66
34 42 43
31 32 45
32 34 43
32 33 34
109 110 111
95 97 102
97 99 102
97 98 99
102 108 109
102 106 108
106 107 108
34 35 42
63 64 65
62 63 65
38 39 40
38 40 42
37 38 42
17 30 31
17 28 30
28 29 30
32 44 45
32 43 44
16 17 45
16 45 46
40 41 42
74 75 76
74 81 82
74 76 81
76 77 78
76 78 81
92 93 95
93 94 95
82 83 92
83 87 92
83 86 87
83 85 86
83 84 85
87 88 92
2 3 4
2 4 5
0 112 113
0 2 112
0 1 2
95 96 97
100 101 102
102 105 106
36 37 42
35 36 42
2 6 112
2 5 6
6 8 112
6 7 8
15 46 47
15 16 46
14 15 47
49 59 62
50 51 55
51 52 53
53 54 55
51 53 55
79 80 81
78 79 81
88 89 92
89 90 91
89 91 92
25 27 28
25 26 27
19 20 21
103 104 105
102 103 105
67 68 69
66 67 74
67 73 74
67 69 73
69 70 73
70 72 73
70 71 72
57 58 59
49 57 59
49 50 57
50 55 57
55 56 57
59 60 62
60 61 62
14 47 48
13 14 48
48 111 112
13 48 112
48 102 111
48 66 102
48 62 66
48 49 62
18 19 21
18 21 24
18 24 25
18 25 28
17 18 28
9 10 11
9 11 12
8 9 13
9 12 13
21 23 24
21 22 23
