# points
0.56596 0.41277
0.54468 0.43404
0.53191 0.45532
0.51064 0.47234
0.49362 0.49362
0.47234 0.51489
0.45106 0.53617
0.42979 0.55745
0.41277 0.57872
0.39149 0.59574
0.37021 0.61277
0.34894 0.62553
0.32766 0.6383
0.30638 0.65106
0.28511 0.67234
0.26383 0.68936
0.24255 0.70213
0.22128 0.71064
0.2 0.7234
0.17872 0.73617
0.15745 0.74894
0.13617 0.7617
0.11489 0.77447
0.093617 0.78298
0.07234 0.78723
0.051064 0.79149
0.029787 0.79149
0.0085106 0.80426
0 0.82553
0.0042553 0.84681
0.021277 0.86383
0.042553 0.86809
0.06383 0.86809
0.085106 0.86383
0.10638 0.85957
0.12766 0.85106
0.14894 0.84255
0.17021 0.83404
0.19149 0.82128
0.21277 0.80851
0.23404 0.79574
0.25532 0.77872
0.2766 0.77021
0.29787 0.75745
0.31915 0.74468
0.34043 0.72766
0.3617 0.70638
0.38298 0.69787
0.40426 0.68085
0.42553 0.66809
0.44681 0.65106
0.46809 0.63404
0.48511 0.61277
0.50638 0.59149
0.52766 0.57021
0.54894 0.54894
0.56596 0.52766
0.58723 0.51064
0.60426 0.48936
0.62128 0.4766
0.6383 0.45957
0.65957 0.4383
0.68085 0.42128
0.70213 0.40426
0.71915 0.38298
0.74043 0.36596
0.7617 0.34468
0.77872 0.3234
0.8 0.30638
0.82128 0.28936
0.84255 0.26809
0.86383 0.25106
0.88511 0.23404
0.90213 0.21277
0.91489 0.19149
0.92766 0.17021
0.94468 0.14894
0.95319 0.12766
0.97021 0.10638
0.98298 0.085106
0.99574 0.06383
1 0.042553
0.99149 0.021277
0.97447 0.0042553
0.95319 0
0.93191 0.0042553
0.91064 0.0085106
0.88936 0.017021
0.86809 0.029787
0.84681 0.034043
0.82553 0.051064
0.80426 0.06383
0.78298 0.076596
0.7617 0.093617
0.74043 0.10638
0.71915 0.11915
0.69787 0.13617
0.68085 0.15745
0.66383 0.17447
0.64681 0.19574
0.62979 0.21702
0.62128 0.2383
0.61702 0.25957
0.61277 0.28085
0.60851 0.30213
0.60426 0.3234
0.60426 0.34468
0.6 0.36596
0.59574 0.38723
0.57872 0.40426
0.56596 0.41277
# triangles
82 83 84
78 79 86
68 97 98
78 86 87
70 95 96
70 96 97
79 85 86
26 30 31
25 26 31
26 29 30
26 28 29
25 31 32
68 69 97
69 70 97
73 92 93
88 89 90
73 74 92
77 78 87
77 87 88
77 88 90
79 80 85
80 81 82
80 82 84
80 84 85
26 27 28
16 41 42
16 17 41
21 22 37
99 100 101
1 2 58
62 63 107
62 107 108
7 8 52
10 11 48
12 13 46
70 94 95
70 71 94
71 93 94
74 91 92
74 75 91
75 90 91
75 76 90
76 77 90
17 18 41
22 23 35
20 21 38
21 37 38
0 1 58
60 108 109
2 3 56
3 4 56
64 104 105
63 106 107
63 64 106
64 105 106
67 101 102
66 67 102
67 99 101
67 68 98
67 98 99
66 102 103
8 9 50
8 50 51
8 51 52
10 48 49
9 10 49
9 49 50
11 47 48
12 46 47
11 12 47
72 73 93
71 72 93
22 36 37
22 35 36
23 24 34
23 34 35
19 20 39
20 38 39
61 62 108
60 61 108
0 58 59
0 59 109
59 60 109
2 57 58
2 56 57
4 55 56
65 103 104
65 66 103
64 65 104
14 15 44
24 33 34
24 25 33
25 32 33
18 40 41
18 19 40
19 39 40
14 44 45
15 43 44
16 42 43
15 16 43
5 6 53
5 53 54
6 7 53
7 52 53
5 54 55
4 5 55
13 45 46
13 14 45
