# points
0.10511 0.37216
0.15909 0.375
0.21307 0.375
0.26705 0.375
0.32102 0.375
0.375 0.37216
0.42614 0.38068
0.47727 0.40625
0.53125 0.39489
0.58239 0.34943
0.63636 0.34091
0.69034 0.33807
0.74432 0.34375
0.7983 0.35511
0.85227 0.38352
0.8892 0.43466
0.90341 0.48864
0.90341 0.54261
0.90057 0.59659
0.87784 0.65057
0.8267 0.6875
0.77273 0.69318
0.71875 0.67045
0.70455 0.61648
0.73295 0.5625
0.78409 0.52557
0.81534 0.56534
0.76136 0.56534
0.72443 0.60795
0.75568 0.65625
0.80966 0.66477
0.86364 0.63352
0.88352 0.57955
0.875 0.52557
0.84091 0.47159
0.78693 0.44886
0.73295 0.4517
0.67898 0.48864
0.6392 0.54261
0.63636 0.59659
0.6392 0.65057
0.65341 0.70455
0.70455 0.73864
0.75852 0.75852
0.8125 0.76136
0.86648 0.74716
0.91477 0.70739
0.9517 0.65909
0.98011 0.60795
0.99148 0.55398
1 0.5
0.99716 0.44602
0.97727 0.39205
0.9375 0.34375
0.88636 0.30114
0.83239 0.27557
0.77841 0.25852
0.72443 0.25
0.67045 0.25284
0.61648 0.2642
0.56818 0.22727
0.5142 0.23295
0.46023 0.24716
0.40625 0.27273
0.36648 0.30398
0.3125 0.30398
0.25852 0.30398
0.20455 0.30114
0.15057 0.29545
0.10227 0.25284
0.079545 0.19886
0.096591 0.14489
0.14489 0.096591
0.19602 0.065341
0.25 0.09375
0.27841 0.14489
0.2642 0.19886
0.21307 0.21875
0.20455 0.17045
0.24148 0.13636
0.20739 0.09375
0.15341 0.10511
0.11648 0.15341
0.1108 0.20739
0.14205 0.25852
0.19602 0.27841
0.25 0.28693
0.30398 0.26705
0.34943 0.22159
0.35795 0.16761
0.34375 0.11364
0.31818 0.059659
0.26705 0.017045
0.21307 0
0.15909 0.0028409
0.10511 0.017045
0.051136 0.056818
0.014205 0.1108
0.0028409 0.16477
0 0.21875
0.0056818 0.27273
0.036932 0.3267
0.090909 0.36648
0.10511 0.37216
# triangles
70 99 100
20 44 45
20 45 46
70 98 99
0 68 102
71 97 98
70 71 98
71 96 97
7 8 62
21 42 43
21 43 44
20 21 44
11 57 58
11 12 57
75 90 91
15 52 53
15 51 52
0 1 68
69 101 102
68 69 102
69 100 101
69 70 100
77 83 84
77 85 86
77 84 85
76 77 86
76 86 87
76 87 88
78 80 81
78 81 82
77 78 83
78 82 83
73 93 94
73 92 93
5 6 64
6 63 64
6 62 63
6 7 62
10 11 58
10 58 59
22 41 42
21 22 42
22 40 41
12 56 57
74 91 92
73 74 92
74 75 91
14 53 54
14 15 53
2 3 66
75 89 90
75 76 89
76 88 89
3 65 66
2 66 67
1 67 68
1 2 67
72 94 95
72 73 94
72 95 96
71 72 96
9 10 59
8 9 62
9 61 62
9 59 60
9 60 61
19 20 46
19 46 47
78 79 80
25 33 34
16 50 51
15 16 51
17 49 50
16 17 50
13 54 55
13 14 54
13 55 56
12 13 56
3 4 65
4 5 64
4 64 65
26 30 31
26 29 30
26 27 29
26 31 32
25 26 33
26 32 33
24 37 38
24 25 36
24 36 37
18 19 47
18 47 48
18 48 49
17 18 49
25 35 36
25 34 35
27 28 29
23 38 39
23 24 38
23 39 40
22 23 40
