# points
0.087629 0.46907
0.10309 0.49485
0.11856 0.52062
0.13402 0.54639
0.14948 0.57216
0.16495 0.59794
0.15464 0.6134
0.12887 0.60825
0.10309 0.6134
0.10825 0.63918
0.12371 0.66495
0.14948 0.68557
0.16495 0.71134
0.18557 0.73711
0.20103 0.76289
0.21649 0.78866
0.19588 0.79897
0.1701 0.80412
0.17526 0.8299
0.20103 0.84536
0.2268 0.86598
0.24742 0.89175
0.26804 0.91753
0.28866 0.9433
0.30412 0.96907
0.31959 0.99485
0.34536 1
0.36598 0.97423
0.39175 0.94845
0.41237 0.92268
0.43814 0.89691
0.45876 0.87629
0.48454 0.85052
0.51031 0.8299
0.50515 0.80412
0.47938 0.80412
0.47423 0.78866
0.48969 0.76289
0.51031 0.73711
0.53608 0.71134
0.5567 0.68557
0.57732 0.66495
0.59794 0.63918
0.59278 0.6134
0.56701 0.60825
0.56186 0.59278
0.57732 0.56701
0.59794 0.54124
0.60825 0.51546
0.62371 0.48969
0.63918 0.46392
0.65464 0.43814
0.67526 0.41237
0.69588 0.3866
0.70619 0.36082
0.70103 0.33505
0.67526 0.33505
0.64948 0.33505
0.62371 0.33505
0.59794 0.33505
0.57216 0.3299
0.54639 0.32474
0.52062 0.32474
0.49485 0.32474
0.46907 0.32474
0.4433 0.32474
0.41753 0.32474
0.39691 0.31443
0.40206 0.28866
0.40206 0.26289
0.40206 0.23711
0.40206 0.21134
0.40206 0.18557
0.40206 0.15979
0.40722 0.13402
0.41237 0.10825
0.41753 0.082474
0.41753 0.056701
0.42268 0.030928
0.41753 0.0051546
0.39175 0
0.36598 0
0.34021 0.0051546
0.31443 0.0051546
0.28866 0.015464
0.28351 0.041237
0.27835 0.06701
0.27835 0.092784
0.27835 0.11856
0.27835 0.14433
0.2732 0.1701
0.2732 0.19588
0.26804 0.22165
0.26804 0.24742
0.26804 0.2732
0.26804 0.29897
0.26804 0.32474
0.24742 0.33505
0.22165 0.33505
0.19588 0.33505
0.1701 0.34021
0.14433 0.34536
0.11856 0.34536
0.092784 0.34536
0.06701 0.34536
0.041237 0.34021
0.015464 0.34021
0 0.36598
0.025773 0.39175
0.051546 0.41753
0.06701 0.4433
0.087629 0.46907
0.087629 0.46907
# triangles
5 38 45
7 8 9
78 79 80
77 78 80
53 54 56
42 43 44
5 45 66
5 66 97
106 107 108
105 106 108
21 22 29
38 39 45
39 40 44
39 44 45
31 35 36
31 32 35
32 33 35
33 34 35
54 55 56
77 80 81
40 41 44
41 42 44
46 48 64
46 64 65
45 46 66
46 65 66
48 49 62
1 100 101
75 76 87
21 29 30
30 31 36
25 26 27
15 30 36
15 21 30
5 37 38
5 12 13
13 14 37
5 13 37
2 97 98
2 3 97
4 5 97
3 4 97
83 84 85
76 77 82
77 81 82
82 83 85
49 50 60
53 56 57
52 53 57
46 47 48
49 60 61
49 61 62
48 63 64
48 62 63
1 99 100
2 98 99
1 2 99
0 1 101
82 85 86
76 86 87
76 82 86
0 101 102
0 102 110
104 105 108
24 25 27
15 20 21
6 10 11
5 6 12
6 11 12
6 9 10
6 7 9
50 59 60
72 90 91
67 95 96
66 67 96
66 96 97
68 69 94
67 68 95
68 94 95
75 87 88
103 104 109
102 109 110
102 103 109
104 108 109
23 27 28
23 24 27
22 23 29
23 28 29
15 19 20
50 51 59
52 57 58
51 52 58
51 58 59
71 72 91
70 71 92
71 91 92
74 75 88
74 88 89
70 92 93
69 70 93
69 93 94
16 18 19
15 16 19
16 17 18
73 74 89
73 89 90
72 73 90
14 15 37
15 36 37
