# points
0.070352 0.46734
0.095477 0.51759
0.11558 0.56784
0.13568 0.61809
0.15075 0.66834
0.1809 0.71859
0.17085 0.76382
0.14573 0.81407
0.15075 0.86432
0.15578 0.91457
0.17588 0.96482
0.21608 1
0.26633 1
0.31658 0.9799
0.36683 0.93467
0.38191 0.88442
0.37186 0.83417
0.38191 0.78894
0.42211 0.80905
0.45226 0.8593
0.50251 0.88945
0.55276 0.88442
0.60302 0.86432
0.63819 0.81407
0.65327 0.76382
0.65327 0.71357
0.63317 0.66332
0.58794 0.62814
0.53769 0.61809
0.48744 0.61307
0.45226 0.59296
0.41709 0.55276
0.36683 0.53266
0.36181 0.48744
0.41206 0.47739
0.46231 0.44221
0.50754 0.40704
0.55779 0.38693
0.57286 0.33668
0.52261 0.36181
0.50754 0.32663
0.46734 0.34673
0.44221 0.39698
0.39196 0.44221
0.36181 0.41709
0.36683 0.36683
0.37186 0.31658
0.38693 0.26633
0.40201 0.21608
0.43719 0.19095
0.48744 0.19095
0.53769 0.19598
0.58794 0.23116
0.60302 0.28141
0.61809 0.33166
0.62312 0.38191
0.64322 0.43216
0.69347 0.46231
0.70352 0.44221
0.66834 0.39698
0.65829 0.34673
0.65829 0.29648
0.65829 0.24623
0.62814 0.19598
0.57789 0.17085
0.52764 0.15578
0.47739 0.15075
0.42714 0.15075
0.39196 0.11055
0.35678 0.065327
0.39698 0.055276
0.44724 0.065327
0.49749 0.060302
0.54271 0.040201
0.52261 0.020101
0.47236 0.025126
0.42211 0.020101
0.37186 0.020101
0.32161 0.020101
0.31156 0.065327
0.31658 0.11558
0.28141 0.13065
0.23116 0.13065
0.21608 0.085427
0.21608 0.035176
0.19095 0
0.1407 0.0050251
0.090452 0.015075
0.040201 0.015075
0 0.015075
0.025126 0.060302
0.075377 0.060302
0.12563 0.060302
0.17588 0.060302
0.15578 0.10553
0.14573 0.15578
0.15075 0.20603
0.1608 0.25628
0.18593 0.30653
0.21106 0.35678
0.23618 0.40704
0.21608 0.42714
0.16583 0.42211
0.11558 0.41709
0.065327 0.39698
0.025126 0.39698
0.060302 0.44724
0.070352 0.46734
# triangles
10 11 12
9 10 12
82 96 97
9 12 13
8 9 13
1 101 102
1 102 103
85 86 93
86 87 92
86 92 93
82 94 95
82 95 96
55 56 59
56 57 58
56 58 59
19 20 21
21 22 23
25 26 27
104 105 106
103 104 106
0 1 103
0 103 106
88 89 90
17 29 30
5 6 17
82 83 94
83 93 94
69 79 80
69 77 78
69 78 79
68 69 80
46 47 98
50 51 65
72 73 74
33 100 101
46 98 99
25 27 28
24 25 28
87 91 92
87 88 91
88 90 91
51 64 65
51 52 64
53 61 62
52 53 62
53 54 61
35 36 42
36 41 42
37 38 39
36 37 39
39 40 41
36 39 41
6 8 16
6 16 17
8 13 16
13 14 16
14 15 16
1 2 101
6 7 8
47 81 98
81 82 97
81 97 98
84 85 93
83 84 93
70 71 76
69 70 77
70 76 77
71 72 75
71 75 76
72 74 75
48 49 67
48 67 68
48 68 80
48 80 81
47 48 81
50 65 66
49 66 67
49 50 66
35 42 43
55 59 60
54 55 60
54 60 61
52 62 63
52 63 64
17 18 29
18 28 29
18 24 28
18 23 24
18 21 23
18 19 21
2 3 101
3 4 32
4 5 32
32 33 101
3 32 101
5 17 32
17 30 32
30 31 32
33 34 43
34 35 43
45 46 99
45 99 100
33 43 44
33 44 100
44 45 100
