# points
0.081218 0.45685
0.091371 0.50761
0.11675 0.55838
0.13706 0.60914
0.16244 0.6599
0.18274 0.70051
0.15228 0.75127
0.14721 0.80203
0.14721 0.85279
0.15736 0.90355
0.19797 0.95431
0.24873 0.98477
0.29949 1
0.35025 0.97462
0.38071 0.92386
0.40102 0.8731
0.38071 0.82234
0.37056 0.77157
0.42132 0.77157
0.45685 0.79695
0.46701 0.84772
0.49239 0.8934
0.54315 0.90355
0.59391 0.90355
0.64467 0.8934
0.69543 0.86802
0.71066 0.81726
0.71066 0.7665
0.69543 0.71574
0.67513 0.66497
0.63452 0.61421
0.58376 0.59898
0.53299 0.59391
0.48223 0.58376
0.43655 0.54822
0.38579 0.51269
0.40609 0.48223
0.45685 0.45685
0.49239 0.41624
0.54315 0.40102
0.59391 0.38071
0.56345 0.34518
0.52284 0.3198
0.47716 0.35025
0.45178 0.40102
0.40102 0.41624
0.39594 0.36548
0.39594 0.31472
0.40609 0.26396
0.42132 0.2132
0.47208 0.20305
0.52284 0.19797
0.5736 0.19797
0.60914 0.24365
0.63452 0.29442
0.66497 0.34518
0.6802 0.39594
0.70051 0.4467
0.75127 0.46701
0.7665 0.45178
0.71574 0.43147
0.69036 0.38071
0.6802 0.32995
0.6599 0.27919
0.64975 0.22843
0.63452 0.17766
0.59898 0.13706
0.54822 0.14213
0.49746 0.14721
0.4467 0.15228
0.39594 0.14213
0.39086 0.091371
0.41117 0.050761
0.46193 0.050761
0.51269 0.050761
0.56345 0.040609
0.54822 0
0.49746 0.0050761
0.4467 0.010152
0.39594 0.015228
0.34518 0.015228
0.35025 0.055838
0.35025 0.1066
0.31472 0.13198
0.26396 0.13198
0.24365 0.096447
0.24365 0.045685
0.2132 0.010152
0.16244 0.010152
0.11168 0.015228
0.060914 0.025381
0.010152 0.025381
0 0.050761
0.050761 0.060914
0.10152 0.060914
0.15228 0.045685
0.20305 0.030457
0.17766 0.081218
0.17766 0.13198
0.18274 0.18274
0.18274 0.2335
0.19797 0.28426
0.21827 0.33503
0.24365 0.38579
0.24873 0.4264
0.19797 0.4264
0.14721 0.41624
0.096447 0.40102
0.055838 0.40102
0.076142 0.45178
0.081218 0.45685
# triangles
9 10 16
10 14 16
74 75 76
74 76 77
10 11 14
47 101 102
2 3 104
5 6 17
7 16 17
6 7 17
11 12 13
11 13 14
3 35 104
3 4 35
5 17 35
4 5 35
84 100 101
84 99 100
90 93 94
91 92 93
90 91 93
83 84 101
73 74 77
49 50 69
47 102 103
39 42 43
39 41 42
2 104 105
8 9 16
7 8 16
14 15 16
20 21 22
23 24 27
23 27 28
24 25 26
24 26 27
29 30 31
58 59 60
57 58 60
89 90 94
84 98 99
47 48 101
48 83 101
48 49 83
49 70 83
49 69 70
39 40 41
0 106 107
0 1 106
1 2 105
1 105 106
19 23 28
19 28 29
19 20 22
19 22 23
19 29 31
17 18 33
38 39 43
36 37 45
35 45 104
35 36 45
85 86 97
84 85 98
85 97 98
70 71 82
70 82 83
56 57 60
50 68 69
52 65 66
52 66 67
54 62 63
54 55 62
107 108 109
0 107 109
19 31 32
18 19 32
18 32 33
17 34 35
17 33 34
46 47 103
46 103 104
45 46 104
87 88 96
86 87 96
86 96 97
56 60 61
55 61 62
55 56 61
53 54 63
52 53 65
51 67 68
51 52 67
50 51 68
38 43 44
37 38 44
37 44 45
88 95 96
89 94 95
88 89 95
79 80 81
71 81 82
73 77 78
53 64 65
53 63 64
71 72 81
72 79 81
72 73 78
72 78 79
