# points
0.051813 0.46632
0.082902 0.51813
0.10881 0.56995
0.15026 0.62176
0.17617 0.67358
0.19689 0.72539
0.18135 0.7772
0.15026 0.82902
0.14508 0.88083
0.15026 0.93264
0.1658 0.98446
0.21762 1
0.26943 1
0.32124 0.98964
0.37306 0.95855
0.40415 0.90674
0.40415 0.85492
0.41969 0.81347
0.45596 0.8601
0.49741 0.90674
0.54922 0.94301
0.60104 0.92746
0.65285 0.88601
0.68394 0.8342
0.68394 0.78238
0.67876 0.73057
0.66839 0.67876
0.63212 0.63731
0.58031 0.62694
0.5285 0.62694
0.47668 0.63731
0.4456 0.60104
0.39896 0.5544
0.35751 0.51813
0.38342 0.48705
0.43523 0.4715
0.48187 0.41969
0.53368 0.39378
0.58549 0.37824
0.55959 0.35751
0.52332 0.34715
0.50777 0.31606
0.4715 0.36788
0.42487 0.41969
0.37824 0.4456
0.34715 0.40933
0.36269 0.35751
0.3886 0.3057
0.40933 0.25389
0.43523 0.20207
0.48705 0.19171
0.53886 0.19171
0.59067 0.2228
0.62176 0.27461
0.63212 0.32642
0.64249 0.37824
0.67876 0.42487
0.72539 0.46632
0.71503 0.44041
0.68394 0.39378
0.67876 0.34197
0.66321 0.29016
0.64767 0.23834
0.62176 0.18653
0.56995 0.15544
0.51813 0.14508
0.46632 0.14508
0.41451 0.1399
0.37824 0.088083
0.3886 0.041451
0.44041 0.051813
0.49223 0.051813
0.54404 0.046632
0.55959 0
0.50777 0.0051813
0.45596 0.0051813
0.40415 0.010363
0.35233 0.010363
0.31606 0.025907
0.33679 0.07772
0.31606 0.11399
0.26425 0.11399
0.22798 0.088083
0.23316 0.036269
0.21244 0
0.16062 0
0.10881 0
0.056995 0
0.0051813 0
0 0.036269
0.051813 0.056995
0.10363 0.051813
0.15544 0.036269
0.17617 0.062176
0.14508 0.11399
0.14508 0.1658
0.16062 0.21762
0.1658 0.26943
0.18653 0.32124
0.21762 0.37306
0.23834 0.42487
0.21244 0.4456
0.16062 0.43523
0.10881 0.41451
0.056995 0.40415
0.036269 0.43005
0.051813 0.46632
# triangles
2 101 102
87 88 89
87 89 90
1 2 102
2 3 101
84 92 93
40 41 42
37 40 42
37 39 40
4 5 32
46 98 99
1 102 103
49 66 67
48 49 67
18 24 25
22 23 24
18 22 24
19 21 22
18 19 22
0 1 103
9 11 12
9 10 11
5 6 17
6 16 17
82 94 95
82 93 94
84 85 92
85 86 92
56 57 58
56 58 59
37 38 39
53 54 61
54 60 61
53 61 62
82 83 93
83 84 93
81 82 95
81 95 96
81 96 97
72 73 74
71 74 75
71 72 74
17 18 29
18 25 29
47 97 98
46 47 98
47 48 81
47 81 97
0 104 105
0 103 104
19 20 21
14 15 16
13 14 16
86 91 92
86 87 91
87 90 91
55 56 59
55 59 60
54 55 60
52 53 62
49 50 66
50 65 66
50 51 65
69 76 77
69 77 79
68 69 79
70 71 75
70 75 76
69 70 76
3 33 101
3 4 33
4 32 33
45 46 99
33 44 45
5 17 31
5 31 32
25 28 29
26 27 28
25 26 28
8 12 13
8 9 12
6 7 8
6 8 16
8 13 16
52 62 63
77 78 79
48 67 80
48 80 81
67 68 80
68 79 80
36 37 42
36 42 43
33 34 44
33 100 101
33 45 100
45 99 100
17 29 30
17 30 31
51 64 65
51 52 64
52 63 64
35 36 43
35 43 44
34 35 44
