# points
0.098958 0.47396
0.10938 0.52604
0.11979 0.57812
0.125 0.63021
0.14062 0.68229
0.15625 0.73438
0.10938 0.77083
0.10417 0.82292
0.10417 0.875
0.11979 0.92708
0.14583 0.97917
0.19271 1
0.24479 0.99479
0.29688 0.97917
0.33333 0.9375
0.35417 0.88542
0.36458 0.83854
0.39583 0.86458
0.42708 0.91146
0.47917 0.94271
0.53125 0.94792
0.58333 0.94271
0.63021 0.91146
0.64062 0.85938
0.64062 0.80729
0.64062 0.75521
0.61979 0.70312
0.56771 0.6875
0.51562 0.67188
0.46354 0.66667
0.44271 0.625
0.41146 0.57292
0.35938 0.53125
0.36979 0.51042
0.42188 0.50521
0.46875 0.46354
0.51042 0.43229
0.5625 0.42708
0.57812 0.38542
0.52604 0.36979
0.48958 0.34896
0.45833 0.39583
0.42188 0.44271
0.36979 0.4375
0.375 0.38542
0.38542 0.33333
0.40104 0.28125
0.42188 0.22917
0.47396 0.21875
0.52604 0.22396
0.57812 0.23958
0.60417 0.27604
0.61979 0.32812
0.63021 0.38021
0.64583 0.43229
0.67708 0.48438
0.72917 0.50521
0.72396 0.46875
0.68229 0.43229
0.66667 0.38021
0.66146 0.32812
0.65625 0.27604
0.61979 0.22396
0.56771 0.19271
0.51562 0.18229
0.46354 0.17708
0.41146 0.17188
0.40625 0.11979
0.375 0.072917
0.40104 0.046875
0.45312 0.052083
0.50521 0.052083
0.55729 0.041667
0.53646 0
0.48438 0.010417
0.43229 0.015625
0.38021 0.015625
0.33333 0.03125
0.32812 0.083333
0.3125 0.13021
0.26042 0.13542
0.23438 0.09375
0.24479 0.041667
0.20312 0.010417
0.15104 0.010417
0.098958 0.010417
0.046875 0.0052083
0 0.015625
0.03125 0.046875
0.083333 0.041667
0.13542 0.041667
0.1875 0.041667
0.1875 0.088542
0.16146 0.14062
0.15104 0.19271
0.15625 0.24479
0.16667 0.29688
0.1875 0.34896
0.16146 0.375
0.10938 0.35417
0.083333 0.38542
0.088542 0.4375
0.098958 0.47396
# triangles
9 10 11
86 87 88
68 76 77
45 96 97
83 84 91
0 1 98
98 99 100
43 97 98
25 26 27
68 69 76
71 73 74
70 71 74
80 93 94
80 95 96
80 94 95
5 6 7
98 100 101
0 98 101
16 29 30
5 16 30
5 30 31
5 31 32
2 3 32
1 2 32
1 32 98
32 33 43
32 43 98
21 22 23
20 21 23
86 88 89
85 86 89
53 59 60
44 45 97
43 44 97
69 75 76
69 70 75
70 74 75
71 72 73
66 67 79
80 81 93
9 11 12
4 5 32
3 4 32
9 12 14
12 13 14
24 25 27
20 23 24
19 20 24
84 90 91
84 85 90
85 89 90
48 49 64
52 53 60
52 60 61
51 52 61
39 40 41
55 56 57
55 57 58
82 83 91
81 82 91
8 9 15
9 14 15
7 8 15
5 15 16
5 7 15
17 24 27
17 27 28
16 17 29
17 28 29
81 91 92
81 92 93
48 64 65
46 79 80
45 46 96
46 80 96
49 63 64
49 50 63
35 41 42
34 35 42
37 38 39
68 77 78
67 68 78
67 78 79
18 19 24
17 18 24
47 65 66
47 48 65
47 66 79
46 47 79
50 62 63
51 61 62
50 51 62
54 55 58
53 54 59
54 58 59
35 36 41
36 39 41
36 37 39
33 34 42
33 42 43
