# points
0.013158 0.51316
0.02193 0.54386
0.035088 0.57456
0.052632 0.60526
0.070175 0.63596
0.092105 0.66667
0.12281 0.69737
0.15351 0.72368
0.18421 0.74561
0.21491 0.76754
0.24561 0.7807
0.27632 0.79386
0.30702 0.80263
0.33772 0.8114
0.36842 0.82018
0.39912 0.82456
0.42982 0.82456
0.46053 0.82456
0.49123 0.82895
0.49123 0.85965
0.48246 0.89035
0.4693 0.92105
0.45614 0.95175
0.4386 0.98246
0.44298 1
0.46491 0.97368
0.48684 0.94298
0.49561 0.91228
0.50439 0.88158
0.51316 0.85088
0.53509 0.85965
0.53947 0.89035
0.55702 0.92105
0.58333 0.95175
0.61404 0.9693
0.64474 0.98246
0.67544 0.99123
0.70614 0.99123
0.7193 0.9693
0.71053 0.9386
0.69298 0.90789
0.66228 0.88596
0.63158 0.87281
0.60088 0.86404
0.57018 0.85088
0.53947 0.84211
0.55263 0.82456
0.58333 0.82456
0.61404 0.82018
0.64474 0.81579
0.67544 0.8114
0.70614 0.80263
0.73684 0.78947
0.76754 0.77632
0.79825 0.75877
0.82895 0.73684
0.85965 0.71053
0.89035 0.67982
0.91667 0.64912
0.93421 0.61842
0.95175 0.58772
0.96491 0.55702
0.97368 0.52632
0.98246 0.49561
0.98684 0.46491
0.99123 0.43421
0.99123 0.40351
0.99123 0.37281
0.98684 0.34211
0.97807 0.3114
0.9693 0.2807
0.95614 0.25
0.94298 0.2193
0.92544 0.1886
0.89912 0.15789
0.87281 0.12719
0.84211 0.096491
0.8114 0.074561
0.7807 0.057018
0.75 0.039474
0.7193 0.026316
0.6886 0.017544
0.65789 0.0087719
0.62719 0.004386
0.59649 0
0.56579 0
0.53509 0
0.50439 0.004386
0.47368 0
0.44298 0
0.41228 0
0.38158 0.004386
0.35088 0.0087719
0.32018 0.017544
0.28947 0.026316
0.25877 0.035088
0.22807 0.052632
0.19737 0.070175
0.16667 0.087719
0.13596 0.11404
0.10526 0.14474
0.078947 0.17544
0.057018 0.20614
0.04386 0.23684
0.026316 0.26754
0.017544 0.29825
0.0087719 0.32895
0.004386 0.35965
0 0.39035
0 0.42105
0 0.45175
0.004386 0.48246
0.013158 0.51316
0.013158 0.51316
# triangles
17 46 87
46 48 87
16 17 87
16 87 89
0 3 107
0 1 2
0 2 3
46 47 48
34 35 41
87 88 89
8 9 10
8 10 12
13 16 89
109 110 111
0 109 111
107 108 109
0 107 109
3 6 7
4 5 6
3 4 6
33 34 42
34 41 42
35 40 41
23 24 25
17 18 46
21 26 27
85 86 87
48 85 87
49 51 52
31 32 43
33 42 43
32 33 43
64 65 66
57 58 59
35 36 39
35 39 40
10 11 12
19 20 28
20 21 27
20 27 28
13 14 16
22 23 25
22 25 26
21 22 26
18 45 46
19 28 29
29 30 45
18 19 29
18 29 45
66 67 68
105 106 107
7 8 103
3 7 103
3 103 107
103 105 107
101 102 103
103 104 105
49 50 51
62 63 64
60 61 62
59 60 62
36 37 38
36 38 39
52 53 54
14 15 16
30 44 45
30 31 44
31 43 44
66 68 69
64 66 69
52 54 55
52 55 56
56 59 62
56 57 59
72 73 74
56 62 74
62 64 74
52 56 74
49 52 78
52 74 78
8 97 103
12 13 93
69 70 71
71 72 74
64 69 71
64 71 74
74 75 78
97 98 99
8 12 96
8 96 97
12 93 96
89 90 91
91 92 93
13 89 91
13 91 93
83 84 85
48 49 83
48 83 85
75 76 77
75 77 78
97 100 103
97 99 100
100 101 103
94 95 96
93 94 96
49 78 81
49 81 83
79 80 81
78 79 81
81 82 83
