# points
0.013333 0.51111
0.026667 0.54222
0.04 0.57333
0.057778 0.60444
0.075556 0.63556
0.10222 0.66667
0.13333 0.69778
0.16444 0.72
0.19556 0.74222
0.22667 0.76
0.25778 0.77778
0.28889 0.78667
0.32 0.8
0.35111 0.80444
0.38222 0.81333
0.35111 0.83556
0.32 0.85778
0.30222 0.88889
0.28 0.92
0.26667 0.95111
0.26667 0.98222
0.28889 1
0.32 0.99111
0.35111 0.97333
0.38222 0.94667
0.41333 0.92
0.43556 0.88889
0.44 0.85778
0.44889 0.84444
0.46667 0.87556
0.48 0.90667
0.50667 0.93333
0.53778 0.95111
0.56889 0.96
0.6 0.96
0.60444 0.95556
0.57333 0.95111
0.54222 0.93333
0.51556 0.91111
0.49333 0.88
0.48889 0.84889
0.48889 0.81778
0.52 0.81333
0.55111 0.80889
0.58222 0.80444
0.61333 0.79556
0.64444 0.78667
0.67556 0.77333
0.70667 0.75556
0.73778 0.73778
0.76889 0.71556
0.8 0.68889
0.83111 0.65778
0.85333 0.62667
0.87556 0.59556
0.88889 0.56444
0.90222 0.53333
0.91111 0.50222
0.92 0.47111
0.92444 0.44
0.92444 0.40889
0.92444 0.37778
0.92 0.34667
0.91111 0.31556
0.90222 0.28444
0.88889 0.25333
0.87556 0.22222
0.85333 0.19111
0.83111 0.16
0.8 0.12889
0.76889 0.10222
0.73778 0.08
0.70667 0.062222
0.67556 0.044444
0.64444 0.031111
0.61333 0.022222
0.58222 0.013333
0.55111 0.0088889
0.52 0.0044444
0.48889 0
0.45778 0
0.42667 0
0.39556 0.0044444
0.36444 0.0088889
0.33333 0.017778
0.30222 0.026667
0.27111 0.035556
0.24 0.048889
0.20889 0.066667
0.17778 0.084444
0.14667 0.11111
0.11556 0.13778
0.088889 0.16889
0.062222 0.2
0.044444 0.23111
0.031111 0.26222
0.017778 0.29333
0.0088889 0.32444
0.0044444 0.35556
0 0.38667
0 0.41778
0 0.44889
0.0088889 0.48
0.013333 0.51111
0.013333 0.51111
# triangles
16 17 24
17 23 24
17 18 23
78 79 80
75 76 77
73 74 75
13 14 41
14 15 27
95 98 102
96 97 98
95 96 98
30 38 39
20 21 22
19 20 22
18 19 22
18 22 23
48 49 50
32 36 37
65 66 67
63 64 65
67 68 69
85 86 87
80 81 82
82 83 84
13 82 84
13 80 82
9 85 88
85 87 88
88 89 90
9 11 85
11 84 85
11 13 84
9 10 11
14 28 41
14 27 28
28 40 41
98 99 100
98 100 102
100 101 102
7 88 90
7 9 88
90 91 92
92 95 102
3 92 102
7 90 92
3 7 92
92 93 94
92 94 95
29 39 40
29 30 39
28 29 40
45 46 47
45 47 48
15 16 25
16 24 25
30 31 38
31 37 38
31 32 37
33 34 36
32 33 36
34 35 36
70 71 72
72 73 75
60 61 62
60 62 63
57 60 63
58 59 60
57 58 60
53 54 55
11 12 13
7 8 9
3 4 5
5 6 7
3 5 7
42 78 80
13 41 42
13 42 80
43 44 45
15 26 27
15 25 26
55 56 57
51 52 53
0 1 102
1 3 102
1 2 3
43 45 75
43 75 77
45 72 75
45 48 72
50 70 72
48 50 72
55 63 65
55 57 63
55 65 67
53 55 67
50 51 70
51 69 70
51 53 67
51 67 69
42 77 78
42 43 77
