# points
0 0.42326
0 0.45116
0 0.47907
0.0046512 0.50698
0.0093023 0.53488
0.013953 0.56279
0.018605 0.5907
0.027907 0.6186
0.04186 0.64651
0.055814 0.67442
0.069767 0.70233
0.088372 0.73023
0.11163 0.75814
0.13488 0.78605
0.16279 0.8093
0.1907 0.83256
0.2186 0.85116
0.24651 0.86512
0.27442 0.87442
0.30233 0.88372
0.33023 0.89302
0.35814 0.89767
0.38605 0.90233
0.36744 0.91628
0.34419 0.93488
0.32558 0.96279
0.31163 0.9907
0.33953 1
0.36744 1
0.39535 0.99535
0.42326 0.98605
0.44651 0.95814
0.46047 0.93023
0.48837 0.94884
0.51628 0.95814
0.54419 0.96279
0.57209 0.96279
0.55349 0.95349
0.52558 0.95349
0.49767 0.93488
0.49302 0.90698
0.52093 0.90698
0.54884 0.91163
0.57674 0.91163
0.60465 0.91163
0.63256 0.90698
0.66047 0.90233
0.68837 0.89302
0.71628 0.88372
0.74419 0.86977
0.77209 0.85581
0.8 0.83721
0.82791 0.81395
0.85116 0.7907
0.87907 0.76279
0.89767 0.73488
0.91628 0.70698
0.93023 0.67907
0.94419 0.65116
0.95349 0.62326
0.96279 0.59535
0.97209 0.56744
0.97674 0.53953
0.97674 0.51163
0.9814 0.48372
0.9814 0.45581
0.9814 0.42791
0.97674 0.4
0.97209 0.37209
0.96744 0.34419
0.95814 0.31628
0.94884 0.28837
0.93953 0.26047
0.92558 0.23256
0.91163 0.20465
0.89302 0.17674
0.86977 0.14884
0.84651 0.12093
0.8186 0.097674
0.7907 0.07907
0.76279 0.060465
0.73488 0.046512
0.70698 0.032558
0.67907 0.023256
0.65116 0.018605
0.62326 0.013953
0.59535 0.0093023
0.56744 0.0093023
0.53953 0.0093023
0.51163 0.013953
0.48372 0.0046512
0.45581 0
0.42791 0
0.4 0
0.37209 0
0.34419 0.0046512
0.31628 0.013953
0.28837 0.023256
0.26047 0.032558
0.23256 0.046512
0.20465 0.060465
0.17674 0.07907
0.14884 0.10233
0.12093 0.13023
0.097674 0.15814
0.07907 0.18605
0.060465 0.21395
0.046512 0.24186
0.032558 0.26977
0.023256 0.29767
0.018605 0.32558
0.0093023 0.35349
0.0046512 0.3814
0 0.4093
0 0.42326
# triangles
22 40 89
49 50 51
105 106 107
40 41 89
41 49 53
4 22 89
22 32 40
49 51 52
49 52 53
24 28 29
89 105 110
105 107 110
4 89 110
107 108 110
41 63 89
61 62 63
5 6 7
9 12 19
9 10 11
9 11 12
25 26 27
25 27 28
24 25 28
22 31 32
35 36 37
33 34 39
32 33 39
32 39 40
35 37 38
34 35 38
34 38 39
108 109 110
3 4 110
110 111 112
0 112 113
103 104 105
73 74 75
89 97 105
47 48 49
41 47 49
45 46 47
41 45 47
12 13 14
12 14 19
9 19 21
19 20 21
4 21 22
4 9 21
4 5 8
4 8 9
5 7 8
55 56 57
53 54 55
41 53 55
41 55 57
41 59 63
41 57 59
57 58 59
1 2 3
1 3 110
0 1 112
1 110 112
70 71 89
71 73 89
71 72 73
68 69 70
68 70 89
63 67 68
63 68 89
63 64 65
65 66 67
63 65 67
73 79 89
89 96 97
99 103 105
97 99 105
99 102 103
99 100 101
99 101 102
41 42 43
41 43 45
43 44 45
14 18 19
14 15 18
16 17 18
15 16 18
23 24 29
23 29 30
22 23 31
23 30 31
60 61 63
59 60 63
79 85 89
76 78 79
76 77 78
73 75 76
73 76 79
97 98 99
82 83 84
79 84 85
89 90 92
90 91 92
85 86 87
85 87 89
87 88 89
93 95 96
93 94 95
81 82 84
79 80 81
79 81 84
89 93 96
89 92 93
