# points
0.013043 0.5087
0.021739 0.53913
0.034783 0.56957
0.052174 0.6
0.069565 0.63043
0.091304 0.66087
0.11739 0.6913
0.14783 0.71739
0.17826 0.73913
0.2087 0.75652
0.23913 0.77391
0.26957 0.78696
0.3 0.79565
0.33043 0.8
0.36087 0.80435
0.3913 0.8087
0.42174 0.8087
0.44348 0.82174
0.44348 0.85217
0.43043 0.88261
0.41739 0.91304
0.39565 0.94348
0.38261 0.96957
0.4087 0.94783
0.43043 0.91739
0.44783 0.88696
0.45652 0.85652
0.46957 0.88696
0.48261 0.91739
0.5 0.94783
0.52609 0.97391
0.55652 0.98696
0.58696 0.99565
0.61739 1
0.64783 0.99565
0.64348 0.96522
0.63043 0.93478
0.61304 0.90435
0.59565 0.87391
0.56957 0.84783
0.53913 0.82609
0.54348 0.8087
0.57391 0.80435
0.60435 0.8
0.63478 0.7913
0.66522 0.77826
0.69565 0.76522
0.72609 0.74783
0.75652 0.73043
0.78696 0.70435
0.81739 0.67826
0.84348 0.64783
0.86522 0.61739
0.88261 0.58696
0.89565 0.55652
0.9087 0.52609
0.91739 0.49565
0.92174 0.46522
0.92609 0.43478
0.92609 0.40435
0.92609 0.37391
0.92174 0.34348
0.91739 0.31304
0.9087 0.28261
0.89565 0.25217
0.88261 0.22174
0.86522 0.1913
0.84348 0.16087
0.81739 0.13043
0.78696 0.10435
0.75652 0.078261
0.72609 0.06087
0.69565 0.043478
0.66522 0.030435
0.63478 0.017391
0.60435 0.0086957
0.57391 0.0043478
0.54348 0
0.51304 0
0.48261 0
0.45217 0.0043478
0.42174 0
0.3913 0
0.36087 0.0043478
0.33043 0.0086957
0.3 0.013043
0.26957 0.021739
0.23913 0.034783
0.2087 0.052174
0.17826 0.069565
0.14783 0.091304
0.11739 0.11739
0.091304 0.14783
0.069565 0.17826
0.052174 0.2087
0.034783 0.23913
0.021739 0.26957
0.013043 0.3
0.0086957 0.33043
0.0043478 0.36087
0 0.3913
0 0.42174
0.0043478 0.45217
0.0086957 0.48261
0.013043 0.5087
# triangles
33 34 35
0 1 2
17 18 26
17 26 40
31 36 37
29 37 38
31 32 36
32 33 35
32 35 36
61 62 63
55 56 57
14 15 16
14 16 80
5 6 7
3 14 99
18 25 26
18 19 25
19 24 25
29 30 37
30 31 37
61 63 64
64 66 67
54 55 57
52 53 54
51 52 54
84 85 86
84 86 87
73 74 76
74 75 76
45 73 80
42 45 80
16 41 80
41 42 80
16 17 41
17 40 41
0 2 103
2 3 103
3 9 14
26 27 40
27 39 40
19 20 24
64 65 66
67 68 69
64 67 69
59 61 64
54 57 59
59 60 61
57 58 59
59 64 69
96 97 98
94 98 99
14 80 83
14 83 99
42 44 45
45 46 47
3 99 102
3 102 103
9 13 14
9 10 13
10 11 13
11 12 13
27 28 39
28 38 39
28 29 38
20 23 24
71 72 73
69 70 71
49 51 54
49 54 59
49 59 69
49 50 51
47 48 49
95 96 98
94 95 98
90 91 92
83 84 88
84 87 88
76 77 78
78 79 80
73 78 80
73 76 78
42 43 44
21 22 23
20 21 23
4 5 7
4 7 8
4 8 9
3 4 9
99 100 102
100 101 102
45 47 71
45 71 73
47 49 71
49 69 71
89 92 93
89 90 92
88 89 93
88 93 94
88 94 99
83 88 99
81 82 83
80 81 83
