# points
0.013274 0.5177
0.022124 0.54867
0.035398 0.57965
0.053097 0.61062
0.070796 0.64159
0.09292 0.67257
0.12389 0.70354
0.15487 0.73009
0.18584 0.75221
0.21681 0.77434
0.24779 0.78761
0.27876 0.80088
0.30973 0.80973
0.34071 0.81858
0.37168 0.82743
0.40265 0.83186
0.43363 0.83186
0.4646 0.83186
0.49558 0.83628
0.49558 0.86726
0.48673 0.89823
0.47345 0.9292
0.47345 0.95575
0.49558 0.93805
0.50442 0.90708
0.51327 0.87611
0.52655 0.84956
0.53982 0.88053
0.54867 0.9115
0.5708 0.94248
0.60177 0.96018
0.63274 0.9646
0.66372 0.9646
0.67699 0.9469
0.65487 0.91593
0.62389 0.88938
0.59292 0.87611
0.56637 0.85841
0.53982 0.84071
0.56637 0.83186
0.59735 0.83186
0.62832 0.82743
0.65929 0.82301
0.69027 0.81416
0.72124 0.80531
0.75221 0.79204
0.78319 0.77876
0.81416 0.76106
0.84513 0.73451
0.87611 0.70796
0.90708 0.67699
0.9292 0.64602
0.9469 0.61504
0.9646 0.58407
0.97788 0.5531
0.98673 0.52212
0.99115 0.49115
0.99558 0.46018
1 0.4292
1 0.39823
0.99558 0.36726
0.99115 0.33628
0.98673 0.30531
0.97345 0.27434
0.96018 0.24336
0.9469 0.21239
0.92478 0.18142
0.90265 0.15044
0.87168 0.11947
0.84071 0.09292
0.80973 0.070796
0.77876 0.053097
0.74779 0.035398
0.71681 0.026549
0.68584 0.013274
0.65487 0.0088496
0.62389 0.0044248
0.59292 0
0.56195 0
0.53097 0
0.5 0.0044248
0.46903 0
0.43805 0
0.40708 0
0.37611 0.0044248
0.34513 0.0088496
0.31416 0.017699
0.28319 0.030973
0.25221 0.039823
0.22124 0.057522
0.19027 0.075221
0.15929 0.097345
0.12832 0.12389
0.097345 0.15487
0.075221 0.18584
0.053097 0.21681
0.039823 0.24779
0.026549 0.27876
0.013274 0.30973
0.0088496 0.34071
0.0044248 0.37168
0 0.40265
0 0.43363
0.0044248 0.4646
0.0088496 0.49558
0.013274 0.5177
# triangles
17 39 80
0 1 2
3 96 100
0 2 3
94 95 96
8 94 96
8 91 94
8 12 87
84 86 87
13 80 87
12 13 87
46 47 48
43 73 76
49 50 51
49 51 52
48 49 52
96 97 100
3 100 103
7 8 96
3 7 96
16 17 80
13 16 80
39 78 80
39 76 78
31 32 34
32 33 34
17 18 39
73 75 76
80 82 87
82 84 87
91 92 94
92 93 94
48 71 73
48 57 71
71 72 73
57 60 64
60 63 64
57 64 71
48 56 57
48 52 56
52 53 56
54 55 56
53 54 56
45 48 73
43 45 73
45 46 48
39 41 76
41 43 76
97 98 99
97 99 100
0 3 104
3 103 104
3 4 6
3 6 7
4 5 6
13 14 16
8 9 10
8 10 12
10 11 12
19 20 25
19 25 26
18 19 26
30 31 34
30 34 35
73 74 75
80 81 82
76 77 78
61 62 63
60 61 63
66 67 68
64 65 66
64 69 71
69 70 71
66 68 69
64 66 69
43 44 45
39 40 41
41 42 43
21 22 23
20 24 25
20 21 24
21 23 24
18 38 39
18 26 38
26 27 38
87 88 89
89 90 91
8 89 91
8 87 89
84 85 86
78 79 80
82 83 84
14 15 16
29 35 36
29 30 35
27 37 38
27 36 37
27 28 36
28 29 36
101 102 103
100 101 103
58 59 60
57 58 60
