# points
0.018349 0.5
0.027523 0.52752
0.041284 0.55505
0.059633 0.58257
0.077982 0.61009
0.10092 0.63761
0.12844 0.66514
0.15596 0.68807
0.18349 0.70642
0.21101 0.72018
0.23853 0.73394
0.26606 0.74771
0.29358 0.75688
0.3211 0.76606
0.34862 0.77064
0.37615 0.77523
0.40367 0.77982
0.43119 0.77982
0.44954 0.78899
0.42202 0.79358
0.3945 0.79817
0.36697 0.81651
0.33945 0.83945
0.32569 0.86697
0.3211 0.8945
0.34404 0.91284
0.37156 0.91284
0.39908 0.90367
0.42661 0.88991
0.45413 0.86239
0.46789 0.83486
0.48165 0.80734
0.49083 0.81651
0.49083 0.84404
0.48624 0.87156
0.48165 0.89908
0.49541 0.88991
0.5 0.86239
0.50459 0.83486
0.50459 0.80734
0.50917 0.77982
0.5367 0.77982
0.56422 0.77982
0.59174 0.77982
0.61927 0.77523
0.64679 0.77064
0.67431 0.76606
0.70183 0.75688
0.72936 0.74771
0.75688 0.73853
0.7844 0.72477
0.81193 0.70642
0.83945 0.68807
0.86697 0.66972
0.8945 0.6422
0.91743 0.61468
0.94037 0.58716
0.95413 0.55963
0.96789 0.53211
0.98165 0.50459
0.99083 0.47706
0.99541 0.44954
1 0.42202
1 0.3945
1 0.36697
0.99541 0.33945
0.99083 0.31193
0.98165 0.2844
0.97248 0.25688
0.95872 0.22936
0.94495 0.20183
0.92661 0.17431
0.90367 0.14679
0.87615 0.11927
0.84862 0.09633
0.8211 0.077982
0.79358 0.059633
0.76606 0.045872
0.73853 0.036697
0.71101 0.022936
0.68349 0.018349
0.65596 0.0091743
0.62844 0.0045872
0.60092 0
0.57339 0
0.54587 0
0.51835 0
0.49083 0
0.4633 0
0.43578 0
0.40826 0
0.38073 0.0045872
0.35321 0.0091743
0.32569 0.013761
0.29817 0.022936
0.27064 0.03211
0.24312 0.041284
0.2156 0.055046
0.18807 0.073394
0.16055 0.091743
0.13303 0.11009
0.1055 0.13761
0.082569 0.16514
0.059633 0.19266
0.045872 0.22018
0.03211 0.24771
0.018349 0.27523
0.0091743 0.30275
0.0045872 0.33028
0 0.3578
0 0.38532
0 0.41284
0.0045872 0.44037
0.0091743 0.46789
0.018349 0.49541
0.018349 0.5
# triangles
47 78 80
78 79 80
108 109 110
17 89 91
17 88 89
40 87 88
17 40 88
32 38 39
106 107 108
58 63 65
63 64 65
47 48 78
48 51 78
110 111 112
21 22 27
21 27 28
22 26 27
14 15 92
15 91 92
15 17 91
89 90 91
44 80 84
44 84 85
40 86 87
40 41 86
41 85 86
12 13 14
10 11 12
99 100 101
99 101 102
102 103 104
58 65 67
58 67 69
65 66 67
51 75 78
61 62 63
58 61 63
58 59 61
59 60 61
45 47 80
44 45 80
45 46 47
41 42 85
42 44 85
48 50 51
9 10 98
9 98 99
1 2 114
0 1 114
112 113 114
19 29 30
19 20 29
20 21 28
20 28 29
82 83 84
80 81 82
80 82 84
23 24 25
23 25 26
22 23 26
5 6 9
6 7 9
7 8 9
67 68 69
57 58 69
55 57 69
55 56 57
51 52 75
52 54 55
52 55 69
52 53 54
75 76 78
42 43 44
48 49 50
92 93 94
10 12 94
14 92 94
12 14 94
2 3 114
3 104 114
3 102 104
3 99 102
3 4 5
3 5 9
3 9 99
105 112 114
104 105 114
105 110 112
105 108 110
105 106 108
18 19 30
17 18 40
32 33 38
15 16 17
52 69 73
52 73 75
69 72 73
76 77 78
10 95 98
10 94 95
95 97 98
95 96 97
18 30 31
18 31 40
31 32 39
31 39 40
34 35 36
73 74 75
69 71 72
69 70 71
33 37 38
33 34 37
34 36 37
