# points
0.013333 0.48889
0.026667 0.52
0.04 0.55111
0.057778 0.58222
0.075556 0.61333
0.10222 0.64444
0.13333 0.67111
0.16444 0.69778
0.19556 0.71556
0.22667 0.72889
0.25778 0.74222
0.28889 0.75111
0.32 0.75556
0.35111 0.76
0.38222 0.76
0.41333 0.76
0.44444 0.75111
0.47556 0.74667
0.49778 0.75556
0.47556 0.78667
0.44889 0.80889
0.41778 0.82667
0.39556 0.85778
0.37778 0.88889
0.36889 0.92
0.35556 0.95111
0.35111 0.98222
0.37333 1
0.40444 0.99556
0.43556 0.98667
0.46667 0.96444
0.48889 0.93333
0.50667 0.90222
0.51556 0.87111
0.52889 0.87111
0.55111 0.90222
0.58222 0.92
0.61333 0.92889
0.64444 0.93333
0.62667 0.92
0.59556 0.91111
0.56889 0.89333
0.54667 0.86667
0.54222 0.83556
0.53333 0.80444
0.52444 0.77333
0.51556 0.74222
0.54222 0.74222
0.57333 0.74667
0.60444 0.74667
0.63556 0.74667
0.66667 0.74222
0.69778 0.73778
0.72889 0.72889
0.76 0.71556
0.79111 0.70222
0.82222 0.68444
0.85333 0.66222
0.88444 0.63556
0.91111 0.60444
0.93333 0.57333
0.95111 0.54222
0.96444 0.51111
0.97333 0.48
0.98222 0.44889
0.98667 0.41778
0.99111 0.38667
0.99111 0.35556
0.98667 0.32444
0.98222 0.29333
0.97333 0.26222
0.96444 0.23111
0.94667 0.2
0.92889 0.16889
0.90667 0.13778
0.88 0.10667
0.84889 0.08
0.81778 0.057778
0.78667 0.04
0.75556 0.026667
0.72444 0.017778
0.69333 0.0088889
0.66222 0.0044444
0.63111 0
0.6 0
0.56889 0.0044444
0.53778 0.0088889
0.50667 0.013333
0.47556 0.017778
0.44444 0.013333
0.41333 0.0044444
0.38222 0.0044444
0.35111 0.0044444
0.32 0.0088889
0.28889 0.013333
0.25778 0.022222
0.22667 0.035556
0.19556 0.048889
0.16444 0.066667
0.13333 0.093333
0.10222 0.12
0.075556 0.15111
0.057778 0.18222
0.04 0.21333
0.026667 0.24444
0.013333 0.27556
0.0088889 0.30667
0.0044444 0.33778
0 0.36889
0 0.4
0.0044444 0.43111
0.0088889 0.46222
0.013333 0.48889
# triangles
89 102 107
102 104 107
63 72 80
6 7 8
61 62 63
16 89 107
89 96 102
74 76 80
74 75 76
80 81 82
104 105 106
104 106 107
102 103 104
73 74 80
72 73 80
70 71 72
3 4 5
3 5 6
22 31 32
60 61 63
51 52 53
51 53 54
54 56 57
54 57 63
54 63 80
54 80 82
51 54 85
54 82 85
24 29 30
17 46 88
96 99 102
89 93 96
77 78 80
76 77 80
78 79 80
63 65 72
63 64 65
16 107 110
3 16 110
0 1 111
1 110 111
1 2 3
1 3 110
10 11 12
6 8 9
9 10 12
9 12 16
3 6 9
3 9 16
25 26 27
57 58 59
57 59 63
59 60 63
54 55 56
37 38 39
14 15 16
12 13 14
12 14 16
21 22 32
17 18 46
47 86 87
46 47 88
47 87 88
68 70 72
65 68 72
68 69 70
22 23 31
23 30 31
23 24 30
24 28 29
24 25 28
25 27 28
21 32 33
20 21 33
19 20 33
33 43 44
19 33 44
35 36 41
35 41 42
49 50 51
47 48 49
47 49 86
49 51 85
49 85 86
96 97 99
97 98 99
100 101 102
99 100 102
89 90 91
89 91 93
91 92 93
93 95 96
93 94 95
18 45 46
19 44 45
18 19 45
34 35 42
34 42 43
33 34 43
36 40 41
36 37 40
37 39 40
16 17 89
17 88 89
82 83 84
82 84 85
107 108 110
108 109 110
65 66 68
66 67 68
