# points
0.012346 0.49383
0.020576 0.52263
0.032922 0.55144
0.049383 0.58025
0.065844 0.60905
0.08642 0.63786
0.11111 0.66667
0.13992 0.69136
0.16872 0.71193
0.19753 0.73251
0.22634 0.74897
0.25514 0.76132
0.28395 0.76955
0.31276 0.77778
0.34156 0.78189
0.37037 0.78601
0.39918 0.79012
0.42798 0.79012
0.44033 0.8107
0.4321 0.83951
0.41975 0.86831
0.40329 0.89712
0.38272 0.92181
0.35391 0.93827
0.34979 0.95062
0.3786 0.94239
0.40329 0.9177
0.42387 0.893
0.44033 0.8642
0.44856 0.87654
0.45267 0.90535
0.46091 0.93416
0.47737 0.96296
0.50617 0.98354
0.53498 0.99588
0.56379 1
0.58436 0.98354
0.58436 0.95473
0.57613 0.92593
0.57613 0.89712
0.56379 0.86831
0.54321 0.83951
0.52263 0.81481
0.51852 0.79835
0.54733 0.79835
0.57613 0.79835
0.60494 0.79424
0.63374 0.78601
0.66255 0.77778
0.69136 0.76955
0.72016 0.7572
0.74897 0.74074
0.77778 0.72016
0.80658 0.69547
0.83539 0.66667
0.85597 0.63786
0.87654 0.60905
0.893 0.58025
0.90535 0.55144
0.91358 0.52263
0.92181 0.49383
0.93004 0.46502
0.93416 0.43621
0.93416 0.40741
0.93416 0.3786
0.93004 0.34979
0.92593 0.32099
0.92181 0.29218
0.90947 0.26337
0.90123 0.23457
0.88477 0.20576
0.86831 0.17695
0.84774 0.14815
0.82305 0.11934
0.79424 0.090535
0.76543 0.069959
0.73663 0.053498
0.70782 0.037037
0.67901 0.024691
0.65021 0.016461
0.6214 0.0082305
0.59259 0.0041152
0.56379 0
0.53498 0
0.50617 0
0.47737 0
0.44856 0
0.41975 0
0.39095 0
0.36214 0.0041152
0.33333 0.0082305
0.30453 0.012346
0.27572 0.024691
0.24691 0.032922
0.21811 0.045267
0.1893 0.061728
0.16049 0.082305
0.13169 0.107
0.107 0.13169
0.082305 0.16049
0.061728 0.1893
0.045267 0.21811
0.028807 0.24691
0.020576 0.27572
0.012346 0.30453
0.0041152 0.33333
0 0.36214
0 0.39095
0 0.41975
0.0041152 0.44856
0.0082305 0.47737
0.012346 0.49383
# triangles
53 54 55
33 34 38
32 33 38
48 52 53
48 53 55
48 50 51
48 51 52
61 62 63
92 97 98
92 94 95
5 6 7
3 99 101
3 98 99
23 24 25
8 92 98
3 8 98
3 4 8
8 14 92
8 12 14
14 89 92
14 15 89
19 20 28
34 35 37
34 37 38
30 31 40
31 32 38
31 39 40
31 38 39
18 19 28
18 28 42
30 40 41
18 42 43
60 61 63
68 69 70
70 71 72
92 95 96
92 96 97
92 93 94
99 100 101
3 101 104
21 22 26
22 23 25
22 25 26
15 87 89
90 91 92
89 90 92
12 13 14
20 21 27
21 26 27
48 49 50
35 36 37
17 18 43
17 85 86
15 16 17
17 86 87
15 17 87
66 67 68
65 66 68
60 63 65
63 64 65
101 102 103
101 103 104
3 104 109
10 11 12
8 9 12
9 10 12
20 27 29
29 30 41
28 29 42
29 41 42
68 70 76
70 72 76
72 73 76
17 43 84
17 84 85
65 68 83
68 81 83
43 44 83
43 83 84
0 3 109
0 1 2
0 2 3
104 107 109
104 105 107
105 106 107
44 45 46
44 46 47
59 60 65
44 47 59
59 65 83
44 59 83
47 48 59
48 55 59
55 56 59
56 57 59
57 58 59
68 79 81
68 76 79
73 74 75
73 75 76
87 88 89
0 109 110
107 108 109
79 80 81
81 82 83
76 77 79
77 78 79
4 5 8
5 7 8
