# points
0.38704 0.3289
0.40365 0.35216
0.43355 0.34884
0.46346 0.33721
0.47508 0.31395
0.48007 0.33389
0.5 0.36379
0.52658 0.39203
0.55648 0.40033
0.56811 0.37209
0.57143 0.34219
0.57143 0.31229
0.58472 0.30399
0.60133 0.33389
0.61628 0.36379
0.62957 0.39369
0.63787 0.42359
0.64286 0.45349
0.6412 0.48339
0.65449 0.50831
0.6794 0.52824
0.70432 0.5515
0.73256 0.57309
0.7608 0.59302
0.7907 0.6113
0.8206 0.63123
0.8505 0.63953
0.8804 0.64452
0.9103 0.6495
0.9402 0.65449
0.9701 0.65947
1 0.65615
0.99834 0.63953
0.97508 0.62126
0.95681 0.59468
0.94684 0.56478
0.94186 0.53488
0.94186 0.50498
0.91694 0.48173
0.90033 0.45515
0.88538 0.42525
0.87708 0.39535
0.87542 0.36545
0.86877 0.34219
0.83887 0.31728
0.81894 0.29236
0.80399 0.26578
0.78904 0.23588
0.78073 0.20598
0.77575 0.17608
0.7691 0.14784
0.77409 0.11794
0.77409 0.089701
0.76578 0.059801
0.76578 0.0299
0.77076 0
0.75249 0.018272
0.72591 0.039867
0.69601 0.051495
0.66777 0.051495
0.63953 0.068106
0.60963 0.074751
0.57973 0.078073
0.54983 0.089701
0.52159 0.10465
0.49169 0.11462
0.46179 0.12292
0.43189 0.12292
0.40698 0.11628
0.3804 0.098007
0.35714 0.07309
0.34551 0.061462
0.32226 0.084718
0.29402 0.10299
0.26412 0.11462
0.23422 0.11794
0.20432 0.11462
0.17442 0.10631
0.1495 0.094684
0.1196 0.10797
0.089701 0.10963
0.059801 0.10299
0.031561 0.089701
0.0049834 0.074751
0 0.096346
0.011628 0.12625
0.026578 0.15615
0.048173 0.18605
0.068106 0.21262
0.094684 0.23256
0.12458 0.25748
0.15449 0.27741
0.18439 0.29402
0.21262 0.30233
0.24252 0.30897
0.27243 0.30066
0.30233 0.2907
0.33223 0.28239
0.36213 0.27243
0.39203 0.26412
0.41528 0.26246
0.39701 0.2907
0.38704 0.3206
0.38704 0.3289
# triangles
30 31 32
20 40 41
77 89 90
29 30 33
30 32 33
16 41 44
93 94 95
14 45 46
80 87 88
80 86 87
81 85 86
80 81 86
77 79 89
77 78 79
79 80 88
79 88 89
22 23 39
22 39 40
23 24 39
24 38 39
24 25 36
24 36 38
36 37 38
27 34 35
29 33 34
26 27 35
25 26 36
26 35 36
42 43 44
41 42 44
2 101 102
20 21 40
21 22 40
14 15 45
15 16 44
15 44 45
16 17 41
17 20 41
17 19 20
17 18 19
12 62 63
50 51 58
82 84 85
81 82 85
82 83 84
28 29 34
27 28 34
12 63 64
12 64 65
68 69 98
67 68 100
73 97 98
69 73 98
66 67 100
65 66 100
4 12 65
4 65 100
4 100 101
2 4 101
2 3 4
0 1 2
0 2 102
6 7 9
6 9 10
12 13 47
13 46 47
13 14 46
5 6 11
6 10 11
4 5 11
4 11 12
51 52 58
52 57 58
52 53 57
12 47 48
12 48 49
58 59 60
50 58 60
49 50 60
68 98 99
68 99 100
69 72 73
75 95 96
75 93 95
75 92 93
75 91 92
7 8 9
53 54 57
54 55 56
54 56 57
12 61 62
12 49 61
49 60 61
70 71 72
69 70 72
74 75 96
74 96 97
73 74 97
75 76 91
76 77 90
76 90 91
