# points
0.18475 0.3651
0.15836 0.38856
0.1305 0.40176
0.10411 0.40909
0.089443 0.43695
0.061584 0.45748
0.033724 0.46921
0.0058651 0.47361
0 0.4912
0.024927 0.50733
0.05132 0.51906
0.080645 0.52493
0.11144 0.53372
0.14223 0.53372
0.17302 0.53226
0.20235 0.52933
0.23314 0.52639
0.25513 0.52933
0.26686 0.52346
0.28299 0.5044
0.30499 0.47801
0.32111 0.45308
0.33724 0.42669
0.35484 0.39736
0.37097 0.3739
0.38123 0.38416
0.38563 0.41349
0.39736 0.44428
0.41202 0.47361
0.43402 0.48827
0.45455 0.46334
0.46334 0.43548
0.46334 0.40469
0.45161 0.37683
0.46481 0.38416
0.48974 0.39883
0.51906 0.40909
0.54985 0.41349
0.57331 0.39589
0.55572 0.36804
0.53666 0.34311
0.5132 0.31672
0.51906 0.30352
0.54839 0.31525
0.57625 0.32845
0.60117 0.34018
0.62757 0.35777
0.65103 0.3827
0.67595 0.40323
0.70235 0.40762
0.71701 0.42669
0.71261 0.40616
0.74194 0.40323
0.77273 0.40029
0.80352 0.39736
0.83284 0.39443
0.86364 0.39003
0.89296 0.37683
0.92082 0.35924
0.94868 0.34311
0.97801 0.32551
1 0.30205
0.98094 0.29619
0.95308 0.29326
0.92522 0.28446
0.89883 0.2654
0.88563 0.24047
0.86217 0.23754
0.83138 0.23314
0.80352 0.22141
0.77713 0.20528
0.75513 0.18475
0.73314 0.16569
0.70235 0.16862
0.67449 0.16276
0.64663 0.15396
0.6173 0.14223
0.59091 0.1217
0.59677 0.10117
0.58651 0.077713
0.56305 0.095308
0.54252 0.07478
0.52346 0.05132
0.49853 0.032258
0.47947 0.0073314
0.46628 0
0.46774 0.030792
0.45748 0.057185
0.43988 0.080645
0.42375 0.10557
0.40323 0.13343
0.3783 0.1173
0.3651 0.14516
0.37977 0.15982
0.36804 0.18768
0.35337 0.21701
0.33724 0.2434
0.31232 0.26686
0.28446 0.27859
0.25367 0.28006
0.22581 0.26979
0.21848 0.29179
0.21114 0.31818
0.19941 0.34751
0.18475 0.3651
# triangles
7 8 9
60 61 62
6 7 9
6 9 10
5 6 10
5 10 11
4 11 12
4 5 11
90 91 92
42 90 94
24 96 97
26 27 32
71 72 73
46 70 73
70 71 73
52 69 70
52 53 69
55 65 68
1 14 15
23 102 103
21 22 103
22 23 103
90 93 94
90 92 93
84 85 86
42 43 76
43 75 76
46 47 70
47 52 70
41 42 95
41 95 96
42 94 95
24 25 33
24 33 96
33 41 96
26 32 33
25 26 33
60 62 63
59 60 63
59 63 64
65 66 67
65 67 68
54 55 68
53 54 69
54 68 69
56 57 65
55 56 65
1 15 16
1 16 19
1 2 14
2 3 4
4 12 13
2 4 13
2 13 14
0 1 19
0 19 20
0 21 103
0 20 21
23 98 102
24 97 98
23 24 98
83 84 86
82 83 87
83 86 87
78 79 80
80 89 90
45 74 75
45 73 74
45 46 73
47 51 52
28 29 30
27 28 30
27 31 32
27 30 31
33 34 41
34 40 41
34 35 40
58 59 64
57 58 65
58 64 65
99 101 102
98 99 102
99 100 101
81 82 87
81 87 88
81 88 89
80 81 89
77 78 80
42 76 77
42 77 90
77 80 90
43 44 75
44 45 75
49 50 51
47 48 49
47 49 51
37 38 39
36 37 39
35 36 40
36 39 40
16 18 19
16 17 18
