# points
0.08985 0.39933
0.091514 0.42762
0.094842 0.45757
0.10649 0.48419
0.12479 0.50915
0.14309 0.53245
0.15141 0.56073
0.15474 0.58569
0.15807 0.61564
0.15141 0.64393
0.14309 0.67221
0.12978 0.69551
0.11148 0.71714
0.11148 0.74709
0.10316 0.77704
0.091514 0.80532
0.074875 0.82696
0.054908 0.85191
0.048253 0.8802
0.041597 0.91015
0.02995 0.93844
0.019967 0.96672
0 0.99667
0.018303 1
0.043261 0.98003
0.069884 0.96007
0.094842 0.93677
0.10982 0.91015
0.12313 0.88519
0.13644 0.85524
0.14809 0.83028
0.15807 0.80366
0.17138 0.77371
0.18136 0.74542
0.18968 0.71714
0.19634 0.68885
0.20466 0.66057
0.20965 0.63228
0.21464 0.60233
0.21797 0.57571
0.21963 0.54576
0.2213 0.51581
0.22296 0.48586
0.2396 0.45757
0.25624 0.43594
0.27121 0.41098
0.28619 0.3827
0.2995 0.36106
0.32945 0.34775
0.3594 0.33943
0.38935 0.32779
0.41764 0.32113
0.44426 0.31115
0.47421 0.30449
0.5025 0.29285
0.52912 0.2812
0.5574 0.26789
0.58403 0.24626
0.60732 0.22795
0.63394 0.20799
0.65724 0.18469
0.68053 0.16306
0.70715 0.13644
0.72213 0.11148
0.73378 0.084859
0.74542 0.056572
0.75374 0.028286
0.7604 0
0.73877 0.018303
0.71547 0.044925
0.69218 0.066556
0.66556 0.083195
0.63894 0.09817
0.60899 0.1015
0.58569 0.10982
0.55907 0.13311
0.52912 0.14809
0.49917 0.15141
0.47255 0.14476
0.44759 0.17138
0.41764 0.19135
0.38769 0.20133
0.35774 0.20632
0.32945 0.20466
0.2995 0.19967
0.27121 0.18636
0.24459 0.16473
0.24293 0.13478
0.24626 0.11814
0.2213 0.12978
0.20466 0.15474
0.17637 0.16972
0.14642 0.18136
0.11814 0.17637
0.11647 0.198
0.11814 0.22629
0.11314 0.25624
0.091514 0.2629
0.099834 0.29285
0.11314 0.31947
0.10815 0.34942
0.096506 0.37604
0.08985 0.39933
# triangles
96 98 99
96 97 98
47 96 99
47 85 96
21 22 23
17 18 28
50 51 81
85 91 96
47 84 85
19 20 25
19 25 26
19 26 27
18 19 27
18 27 28
11 12 33
11 33 34
16 17 28
13 32 33
12 13 33
9 36 37
1 2 42
0 1 101
59 60 74
77 78 79
55 56 77
55 77 79
59 74 75
63 64 70
44 45 100
50 81 82
49 82 83
49 50 82
91 95 96
20 21 24
20 24 25
21 23 24
15 30 31
15 16 29
15 29 30
16 28 29
10 35 36
9 10 36
10 11 34
10 34 35
7 38 39
8 9 37
7 8 38
8 37 38
1 42 43
1 43 101
43 44 100
43 100 101
60 61 72
61 62 72
58 59 75
56 57 76
56 76 77
57 58 76
58 75 76
64 65 69
64 69 70
46 47 99
46 99 100
45 46 100
92 94 95
91 92 95
92 93 94
85 86 91
14 15 31
13 14 32
14 31 32
2 3 42
3 4 42
5 41 42
4 5 42
5 40 41
60 73 74
60 72 73
65 66 68
65 68 69
66 67 68
48 49 83
48 83 84
47 48 84
86 90 91
86 89 90
87 88 89
86 87 89
52 53 80
52 80 81
51 52 81
54 55 79
54 79 80
53 54 80
5 6 40
6 7 39
6 39 40
62 71 72
62 63 71
63 70 71
