# points
0.1908 0.2402
0.18228 0.26576
0.17376 0.29131
0.15503 0.31516
0.13629 0.3339
0.11073 0.34923
0.088586 0.35775
0.085179 0.3833
0.074957 0.40886
0.056218 0.43271
0.032368 0.44974
0.0068143 0.45656
0 0.47189
0.025554 0.48041
0.051107 0.48041
0.076661 0.47871
0.10221 0.477
0.12777 0.4753
0.15332 0.47189
0.17888 0.46508
0.20443 0.45656
0.22998 0.44634
0.25554 0.43441
0.28109 0.42249
0.29302 0.42249
0.31175 0.42249
0.32027 0.40034
0.34242 0.3833
0.35264 0.35775
0.36627 0.3322
0.3816 0.30664
0.40034 0.28109
0.42078 0.25724
0.44123 0.2368
0.46678 0.22998
0.49233 0.23509
0.50596 0.25724
0.53152 0.25213
0.55196 0.23509
0.57411 0.25383
0.59966 0.25894
0.62521 0.27768
0.65077 0.29813
0.67291 0.31857
0.69336 0.34072
0.7155 0.34753
0.72743 0.36968
0.73254 0.35434
0.74957 0.35094
0.77513 0.35434
0.80068 0.35605
0.82624 0.35775
0.85179 0.35605
0.87734 0.35094
0.9029 0.34753
0.92845 0.34242
0.954 0.33731
0.97956 0.3322
1 0.31516
0.97445 0.31516
0.94889 0.31175
0.92334 0.31005
0.89779 0.29983
0.87223 0.2879
0.85349 0.26405
0.83475 0.25724
0.8092 0.26065
0.78365 0.25724
0.75809 0.24702
0.73254 0.23339
0.70698 0.21124
0.68143 0.1908
0.65588 0.19591
0.63032 0.1908
0.60477 0.18399
0.59455 0.15843
0.58092 0.14991
0.56218 0.13288
0.54003 0.12095
0.51959 0.10562
0.49744 0.083475
0.51107 0.063032
0.49404 0.049404
0.47019 0.061329
0.44634 0.052811
0.42589 0.040886
0.40545 0.02385
0.38842 0.0068143
0.37138 0
0.35945 0.02385
0.34583 0.0477
0.3322 0.07155
0.30664 0.068143
0.29983 0.088586
0.32027 0.098807
0.31857 0.12436
0.31005 0.14991
0.29642 0.17547
0.27598 0.1925
0.25213 0.20954
0.22658 0.22147
0.20102 0.22658
0.1908 0.2402
# triangles
11 12 13
87 88 89
86 87 89
63 64 65
10 11 13
3 4 21
57 58 59
54 55 61
55 60 61
70 71 72
42 69 70
48 49 67
31 32 97
42 43 69
54 61 62
43 44 45
5 6 7
4 20 21
10 13 14
9 10 14
9 14 15
8 9 16
9 15 16
55 56 60
56 57 59
56 59 60
51 52 63
50 51 66
49 66 67
49 50 66
63 65 66
51 63 66
32 96 97
92 93 94
0 100 101
0 1 100
29 99 100
29 30 99
39 40 74
40 73 74
40 72 73
84 94 95
52 53 63
53 62 63
53 54 62
45 46 47
45 47 48
48 67 68
45 48 68
43 68 69
43 45 68
28 29 100
1 28 100
4 19 20
4 5 19
7 18 19
5 7 19
8 16 17
7 17 18
7 8 17
91 92 94
84 91 94
30 98 99
31 97 98
30 31 98
40 41 72
41 70 72
41 42 70
33 84 95
32 33 96
33 95 96
38 39 74
1 2 28
2 26 28
2 23 26
26 27 28
3 21 22
2 3 22
2 22 23
24 25 26
23 24 26
86 89 90
33 80 84
80 81 82
38 76 77
74 75 76
38 74 76
35 37 38
84 85 91
85 90 91
85 86 90
80 83 84
80 82 83
34 79 80
33 34 80
34 78 79
34 35 78
38 77 78
35 38 78
35 36 37
