# points
0 0.34086
0.029345 0.34537
0.058691 0.37246
0.076749 0.40858
0.083521 0.44018
0.081264 0.47178
0.069977 0.5079
0.058691 0.54176
0.040632 0.56659
0.024831 0.59142
0.036117 0.62754
0.054176 0.6614
0.058691 0.69752
0.056433 0.73363
0.049661 0.76975
0.029345 0.80135
0.045147 0.83521
0.056433 0.86907
0.058691 0.90519
0.049661 0.93905
0.03386 0.97291
0.024831 1
0.060948 0.99097
0.094808 0.96614
0.12415 0.93679
0.15124 0.90971
0.17833 0.88262
0.20316 0.85327
0.22348 0.82167
0.23928 0.79007
0.25508 0.76298
0.27088 0.72912
0.28668 0.693
0.30474 0.69977
0.29797 0.67043
0.30926 0.63883
0.30248 0.60271
0.29345 0.56659
0.28442 0.53047
0.27991 0.49661
0.27765 0.4605
0.27991 0.42664
0.27991 0.39278
0.29797 0.36117
0.32957 0.34086
0.36117 0.35214
0.386 0.32957
0.38826 0.29797
0.42212 0.28668
0.45372 0.2754
0.48984 0.27088
0.52596 0.27088
0.56208 0.26862
0.59594 0.27314
0.6298 0.27314
0.6614 0.26862
0.69074 0.26862
0.67494 0.24605
0.70655 0.23025
0.73815 0.20993
0.77201 0.1851
0.80135 0.15576
0.82393 0.12867
0.85102 0.097065
0.87585 0.06772
0.89842 0.040632
0.91648 0.006772
0.90293 0
0.86907 0.024831
0.83747 0.047404
0.80135 0.060948
0.76749 0.072235
0.73138 0.06772
0.70655 0.063205
0.68172 0.092551
0.6456 0.11512
0.61174 0.12641
0.57562 0.13544
0.5395 0.13318
0.50339 0.13318
0.47404 0.15124
0.4447 0.17381
0.41309 0.18736
0.38149 0.1851
0.36343 0.17833
0.32957 0.18059
0.29345 0.18059
0.25734 0.1851
0.22122 0.1851
0.20542 0.16253
0.18962 0.14221
0.17381 0.17381
0.14673 0.19187
0.11061 0.19865
0.074492 0.2009
0.040632 0.19639
0.006772 0.2009
0.015801 0.23251
0.022573 0.26411
0.029345 0.30023
0.011287 0.3228
0 0.34086
# triangles
65 66 67
61 62 71
7 10 11
14 16 27
14 27 28
34 35 36
60 61 71
60 71 72
17 25 26
16 26 27
16 17 26
7 37 38
11 36 37
7 11 37
0 1 100
8 9 10
7 8 10
19 22 23
14 15 16
65 67 68
13 14 28
11 12 31
63 64 69
64 65 68
64 68 69
63 69 70
62 70 71
62 63 70
43 44 87
42 43 92
17 18 25
18 19 23
20 21 22
19 20 22
12 13 30
12 30 31
32 33 34
11 31 32
11 32 36
32 34 36
55 56 57
54 55 57
54 57 76
50 51 80
2 42 92
2 3 42
43 88 92
43 87 88
18 23 24
18 24 25
13 28 29
13 29 30
58 59 75
57 58 75
57 75 76
94 95 97
95 96 97
78 79 80
51 78 80
44 45 46
44 46 47
53 54 76
6 7 38
6 38 39
5 6 39
3 4 42
94 97 98
94 98 99
1 2 99
1 99 100
59 60 74
59 74 75
60 72 74
72 73 74
51 52 78
44 47 85
5 39 40
4 5 40
2 92 93
2 93 99
93 94 99
47 48 83
47 83 85
83 84 85
53 76 77
52 53 77
52 77 78
44 86 87
44 85 86
4 41 42
4 40 41
89 90 91
88 91 92
88 89 91
50 80 81
49 50 81
49 81 82
48 82 83
48 49 82
