# points
0.37767 0.3202
0.36946 0.35304
0.36453 0.38588
0.39409 0.39409
0.42693 0.37931
0.4532 0.35304
0.46798 0.32512
0.47783 0.3087
0.48112 0.34154
0.49425 0.3711
0.51888 0.40394
0.55008 0.42036
0.56486 0.39573
0.56486 0.36289
0.5665 0.33005
0.56486 0.29721
0.58456 0.30542
0.60263 0.33826
0.61905 0.3711
0.63054 0.40394
0.63711 0.43678
0.63547 0.46962
0.6486 0.49754
0.65846 0.52545
0.67159 0.54516
0.68144 0.52874
0.711 0.55008
0.7422 0.57307
0.77504 0.59442
0.80788 0.61576
0.84072 0.62726
0.87356 0.63218
0.9064 0.63875
0.93924 0.64368
0.97209 0.64696
1 0.63547
0.97373 0.61741
0.95238 0.58949
0.93924 0.55829
0.93268 0.52545
0.93268 0.49261
0.90476 0.46798
0.88834 0.43678
0.87356 0.40394
0.86864 0.3711
0.867 0.33826
0.83908 0.31691
0.81609 0.289
0.79639 0.25944
0.78161 0.2266
0.7734 0.19376
0.78654 0.17898
0.80296 0.15599
0.77668 0.14943
0.7619 0.12972
0.77176 0.09688
0.76026 0.065681
0.75698 0.032841
0.7619 0
0.74713 0.011494
0.71757 0.036125
0.68473 0.047619
0.65517 0.050903
0.62233 0.064039
0.59934 0.054187
0.58128 0.036125
0.5665 0.059113
0.55665 0.077176
0.52545 0.093596
0.49261 0.10673
0.45977 0.11658
0.42693 0.11494
0.39901 0.10837
0.3711 0.085386
0.35632 0.057471
0.33169 0.068966
0.30378 0.08867
0.27094 0.10509
0.2381 0.11166
0.20525 0.10837
0.17241 0.10016
0.1445 0.093596
0.11166 0.10345
0.078818 0.10016
0.045977 0.091954
0.018062 0.073892
0 0.082102
0.0098522 0.11494
0.026273 0.14778
0.050903 0.18062
0.07225 0.20854
0.10345 0.23317
0.13629 0.2578
0.16913 0.27915
0.19212 0.29721
0.20197 0.31034
0.22824 0.29721
0.26108 0.29557
0.29392 0.28571
0.32677 0.27422
0.35961 0.26437
0.39245 0.25452
0.40722 0.26108
0.38916 0.29228
0.37767 0.3202
# triangles
16 50 63
20 21 22
16 49 50
19 20 46
82 89 90
84 87 88
50 54 63
16 17 49
17 48 49
10 11 12
15 16 63
15 63 67
1 2 3
1 3 4
6 102 103
78 97 98
77 78 98
19 46 47
30 31 38
29 30 39
30 38 39
34 35 36
33 34 36
44 45 46
20 44 46
20 43 44
39 40 41
27 28 41
28 29 41
29 39 41
83 88 89
82 83 89
83 84 88
79 80 92
80 91 92
82 90 91
80 82 91
85 86 87
84 85 87
57 58 59
54 56 61
54 55 56
54 61 62
54 62 63
63 64 67
15 67 68
15 68 69
17 18 48
18 19 47
18 47 48
7 15 69
6 7 102
7 70 102
7 69 70
10 12 13
9 10 13
72 76 100
76 77 100
5 6 103
78 79 93
79 92 93
51 52 53
50 53 54
50 51 53
31 32 38
27 41 42
26 27 42
26 42 43
20 25 43
25 26 43
20 22 25
22 23 25
23 24 25
72 73 76
73 75 76
73 74 75
80 81 82
56 60 61
56 57 60
57 59 60
64 66 67
64 65 66
70 71 102
7 14 15
7 8 14
9 13 14
8 9 14
77 98 99
77 99 100
72 100 101
71 101 102
71 72 101
0 5 103
0 1 4
0 4 5
78 96 97
78 93 96
32 33 37
32 37 38
33 36 37
94 95 96
93 94 96
