# points
0.07445 0.32149
0.099831 0.36041
0.11168 0.39594
0.12521 0.43486
0.1286 0.47377
0.12183 0.51269
0.11337 0.54992
0.096447 0.58545
0.08291 0.61083
0.11168 0.64636
0.14044 0.67005
0.16751 0.70558
0.17766 0.7445
0.16751 0.78511
0.1709 0.81726
0.20812 0.8291
0.2335 0.85618
0.25212 0.89509
0.2555 0.93401
0.23689 0.96785
0.23689 1
0.27411 0.98139
0.30288 0.94755
0.32995 0.91371
0.35195 0.87479
0.37563 0.83756
0.39255 0.80034
0.40271 0.76142
0.41117 0.7242
0.41624 0.68359
0.42809 0.64636
0.4264 0.60745
0.41117 0.57191
0.39594 0.53807
0.38748 0.50761
0.37902 0.4687
0.37056 0.43147
0.36717 0.39086
0.37733 0.35025
0.40609 0.32995
0.4467 0.32657
0.47885 0.31641
0.51438 0.33333
0.5533 0.3401
0.57191 0.34179
0.5753 0.30457
0.57022 0.26734
0.59391 0.24027
0.63283 0.25381
0.63959 0.23858
0.61591 0.20305
0.5956 0.17597
0.63621 0.16751
0.67513 0.15567
0.71574 0.14213
0.75635 0.13367
0.79357 0.12521
0.83249 0.11168
0.86971 0.093063
0.90863 0.077834
0.94924 0.05753
0.9797 0.023689
0.96108 0.0067682
0.92217 0.021997
0.88156 0.011844
0.84602 0
0.81895 0.010152
0.79865 0.040609
0.76142 0.064298
0.7225 0.079526
0.69543 0.076142
0.70558 0.050761
0.6802 0.062606
0.65821 0.079526
0.61929 0.093063
0.57868 0.094755
0.53976 0.091371
0.50085 0.086294
0.46024 0.076142
0.42301 0.062606
0.39763 0.067682
0.37563 0.093063
0.33672 0.1066
0.29611 0.11844
0.25719 0.12521
0.21827 0.12352
0.17766 0.12183
0.1709 0.081218
0.13536 0.077834
0.14721 0.1066
0.16244 0.13875
0.1269 0.15905
0.089679 0.17428
0.050761 0.18105
0.028765 0.1709
0.032149 0.20643
0.052453 0.24365
0.05753 0.27411
0.025381 0.27411
0 0.29272
0.027073 0.31472
0.062606 0.30288
0.07445 0.32149
# triangles
13 14 15
7 8 9
6 7 9
4 5 35
2 37 38
1 2 38
2 3 37
97 98 101
4 35 36
3 4 36
3 36 37
12 15 27
12 13 15
11 32 33
5 6 33
11 29 32
98 99 100
98 100 101
38 39 83
41 42 46
41 46 77
41 77 78
43 44 45
42 43 45
42 45 46
15 26 27
16 24 25
16 17 24
15 16 26
16 25 26
6 10 33
10 11 33
6 9 10
5 34 35
5 33 34
11 12 28
11 28 29
12 27 28
1 90 91
86 89 90
87 88 89
86 87 89
47 49 50
47 48 49
85 86 90
1 85 90
46 51 77
46 47 51
47 50 51
17 23 24
17 22 23
17 18 22
19 20 21
18 19 21
18 21 22
29 30 32
30 31 32
39 40 81
78 79 81
79 80 81
40 41 81
41 78 81
0 1 91
0 97 101
0 91 97
92 96 97
91 92 97
38 83 84
1 38 84
1 84 85
39 82 83
39 81 82
93 95 96
92 93 96
93 94 95
58 65 66
56 57 67
57 58 67
58 66 67
55 56 68
56 67 68
53 54 70
51 76 77
51 75 76
51 52 74
51 74 75
52 53 74
55 68 69
54 55 69
54 69 70
59 60 63
60 61 62
60 62 63
58 64 65
58 59 64
59 63 64
53 70 73
53 73 74
70 71 72
70 72 73
