# points
0.04717 0.49528
0.089623 0.54245
0.11792 0.58962
0.16038 0.63208
0.20283 0.62264
0.20283 0.68396
0.17453 0.73585
0.13679 0.78774
0.13208 0.85377
0.12736 0.91509
0.14623 0.96698
0.13679 0.99528
0.17925 0.95283
0.21226 0.90094
0.19811 0.83491
0.20755 0.76887
0.24528 0.82547
0.29245 0.87264
0.32547 0.91509
0.37736 0.95283
0.4434 0.98113
0.50943 0.9717
0.56604 0.94811
0.60849 0.90094
0.65566 0.85849
0.69811 0.8066
0.7217 0.79717
0.7217 0.84906
0.71698 0.90094
0.74057 0.95283
0.77358 1
0.78774 0.9717
0.7783 0.91981
0.79717 0.86792
0.78302 0.81132
0.75472 0.75
0.7217 0.6934
0.73113 0.64151
0.78774 0.61321
0.83491 0.58962
0.88208 0.5566
0.92925 0.51887
0.96226 0.46698
0.99528 0.41981
0.99057 0.36792
0.96226 0.38208
0.93396 0.43868
0.88208 0.46226
0.85849 0.4434
0.82075 0.5
0.77358 0.56132
0.74057 0.53774
0.74057 0.4717
0.74057 0.42925
0.74057 0.37736
0.76887 0.33019
0.80189 0.2783
0.82075 0.21226
0.82547 0.14623
0.82075 0.084906
0.78302 0.033019
0.72642 0
0.73113 0.033019
0.75472 0.089623
0.76415 0.15566
0.70283 0.11321
0.69811 0.14151
0.73585 0.20755
0.74528 0.27358
0.70755 0.30189
0.64623 0.27358
0.58019 0.23585
0.51415 0.20283
0.44811 0.1934
0.38208 0.22642
0.31604 0.25
0.25943 0.29717
0.19811 0.3066
0.17453 0.25
0.20283 0.18396
0.23585 0.11792
0.18868 0.14623
0.18868 0.089623
0.21226 0.033019
0.21226 0
0.15566 0.004717
0.14151 0.061321
0.12264 0.10849
0.11792 0.16509
0.13208 0.23113
0.14623 0.29717
0.16509 0.35377
0.21698 0.38208
0.19811 0.44811
0.1934 0.50472
0.18396 0.56604
0.14623 0.53302
0.14623 0.46698
0.13679 0.42453
0.099057 0.4434
0.056604 0.40566
0.042453 0.35849
0 0.34434
0.004717 0.39623
0.028302 0.4434
0.04717 0.49528
# triangles
43 45 46
43 44 45
42 43 46
41 42 46
27 28 33
101 102 103
27 33 34
4 36 37
37 50 51
4 37 51
39 49 50
41 46 47
7 8 14
10 11 12
9 10 12
28 32 33
60 61 62
60 62 63
79 88 89
4 51 94
6 7 15
7 14 15
1 2 96
26 27 34
26 34 35
26 35 36
5 17 36
4 5 36
5 6 15
52 53 70
52 70 71
51 52 94
39 40 49
40 41 47
40 47 49
37 38 50
38 39 50
47 48 49
9 12 13
8 9 13
8 13 14
29 31 32
28 29 32
29 30 31
58 63 64
64 65 66
59 60 63
58 59 63
79 81 88
81 87 88
79 80 81
4 94 95
2 95 96
1 96 97
1 97 99
0 1 99
5 16 17
5 15 16
54 55 69
53 54 70
54 69 70
64 66 67
57 58 64
57 64 67
78 89 90
78 79 89
83 85 86
83 84 85
72 73 74
71 72 74
52 74 92
52 71 74
74 76 92
74 75 76
82 83 86
82 86 87
81 82 87
3 4 95
2 3 95
52 92 93
52 93 94
97 98 99
0 99 104
17 24 36
17 23 24
55 68 69
55 56 68
56 57 68
57 67 68
77 78 90
77 90 91
77 91 92
76 77 92
99 100 104
100 101 103
100 103 104
17 18 23
18 19 23
25 26 36
24 25 36
19 21 23
21 22 23
19 20 21
