# points
0.19824 0.50661
0.2467 0.54626
0.29515 0.5859
0.34802 0.61233
0.29956 0.60352
0.2467 0.57269
0.19824 0.57709
0.14097 0.56828
0.096916 0.53744
0.11454 0.5815
0.17181 0.60793
0.22907 0.62115
0.27753 0.64317
0.3304 0.65639
0.39207 0.6696
0.45374 0.6652
0.48899 0.69163
0.47577 0.7489
0.46256 0.80617
0.47577 0.86344
0.4978 0.89868
0.50661 0.95595
0.54185 1
0.57269 0.99119
0.55507 0.97797
0.52863 0.92952
0.53744 0.87665
0.51101 0.82379
0.51982 0.77093
0.57269 0.7489
0.61674 0.77974
0.59471 0.837
0.63877 0.82819
0.64317 0.77974
0.67841 0.80176
0.71806 0.77093
0.72247 0.72687
0.77093 0.72687
0.77974 0.68282
0.71806 0.69163
0.69604 0.63877
0.7489 0.59031
0.79295 0.61233
0.85022 0.64317
0.90749 0.64317
0.91189 0.69604
0.95595 0.68722
0.9207 0.62555
0.87225 0.59912
0.84141 0.57269
0.79295 0.55066
0.73568 0.54185
0.68282 0.5815
0.63877 0.54185
0.63877 0.48458
0.64758 0.42731
0.66079 0.37004
0.64758 0.30837
0.63436 0.2467
0.62555 0.18943
0.60352 0.13656
0.57709 0.14537
0.59031 0.17181
0.60793 0.22907
0.59031 0.25991
0.59912 0.30396
0.61674 0.35683
0.62115 0.4185
0.59471 0.37004
0.5815 0.30837
0.55066 0.25551
0.51542 0.20705
0.48899 0.15419
0.45374 0.11013
0.44053 0.052863
0.40969 0
0.36564 0.022026
0.4141 0.048458
0.43172 0.10573
0.40088 0.12775
0.43172 0.17181
0.48018 0.22467
0.52423 0.27753
0.49339 0.28194
0.43612 0.25551
0.37445 0.26432
0.31718 0.27313
0.27753 0.31278
0.25551 0.37445
0.24229 0.43612
0.25991 0.4978
0.20264 0.45815
0.163 0.40088
0.12335 0.38326
0.066079 0.35683
0.048458 0.30396
0 0.31278
0.017621 0.34802
0.070485 0.38767
0.10573 0.42731
0.14978 0.46256
0.18943 0.4978
0.19824 0.50661
# triangles
44 45 46
44 46 47
95 96 97
85 86 87
92 93 99
93 98 99
85 87 88
2 3 90
93 94 98
94 97 98
94 95 97
75 76 77
59 62 63
59 60 62
60 61 62
83 85 88
83 88 90
72 73 80
3 4 13
4 12 13
58 59 63
44 47 48
92 99 100
88 89 90
7 9 10
78 79 80
73 78 80
74 75 77
73 74 78
74 77 78
83 84 85
4 11 12
4 5 11
1 2 90
37 38 39
19 26 27
3 68 90
68 83 90
91 100 101
91 92 100
7 8 9
58 63 64
72 80 81
6 7 10
6 10 11
5 6 11
43 44 48
3 13 14
29 33 39
55 56 67
54 55 67
3 54 67
3 67 68
68 82 83
71 72 81
70 71 82
71 81 82
0 1 90
0 90 91
0 91 101
40 41 52
29 39 40
40 52 53
16 40 53
16 29 40
41 50 51
41 51 52
41 42 50
19 20 26
22 23 24
21 22 24
36 37 39
33 36 39
33 35 36
3 14 15
15 16 53
3 15 54
15 53 54
56 66 67
56 57 66
42 49 50
43 48 49
42 43 49
20 25 26
20 21 25
21 24 25
29 30 33
30 32 33
30 31 32
18 19 27
18 27 28
17 18 28
16 28 29
16 17 28
57 65 66
58 64 65
57 58 65
33 34 35
68 69 82
69 70 82
