# points
0.090164 0.5041
0.10656 0.54918
0.14344 0.59426
0.18443 0.64344
0.20492 0.70082
0.18443 0.7582
0.16393 0.81557
0.14754 0.84836
0.12705 0.88934
0.11475 0.92213
0.090164 0.97131
0.13115 0.97951
0.15164 0.93852
0.18033 0.88934
0.20082 0.90164
0.20492 0.84426
0.21721 0.79098
0.2459 0.77459
0.26639 0.81557
0.26639 0.86885
0.31148 0.84836
0.36066 0.88115
0.38934 0.87295
0.42213 0.86066
0.47541 0.85246
0.4959 0.85656
0.47131 0.82787
0.45492 0.81967
0.5123 0.78689
0.54508 0.79098
0.54918 0.84836
0.56557 0.89754
0.59016 0.93852
0.61475 0.98361
0.65574 1
0.63934 0.95082
0.61066 0.89344
0.60656 0.85246
0.59426 0.80328
0.56967 0.75
0.55738 0.69262
0.59836 0.64754
0.63115 0.59836
0.66393 0.55738
0.68033 0.5123
0.71721 0.47541
0.76639 0.43443
0.79098 0.39754
0.7459 0.39344
0.70902 0.43443
0.66803 0.47541
0.63934 0.47951
0.61475 0.52869
0.59426 0.58607
0.58607 0.53689
0.57377 0.47951
0.59016 0.42213
0.60246 0.36885
0.60656 0.31148
0.60656 0.2541
0.60246 0.20492
0.61885 0.14754
0.63934 0.090164
0.64754 0.032787
0.61066 0.045082
0.59426 0.090164
0.58197 0.14754
0.56967 0.19672
0.53689 0.20902
0.53689 0.2623
0.54098 0.31967
0.54508 0.37705
0.53689 0.40984
0.4877 0.35246
0.43033 0.31557
0.37295 0.31148
0.31557 0.33197
0.26639 0.37295
0.22541 0.42213
0.22951 0.37295
0.2377 0.31557
0.2418 0.2582
0.2459 0.20082
0.21311 0.17623
0.20082 0.12295
0.18443 0.07377
0.18443 0.020492
0.14344 0
0.14754 0.04918
0.15984 0.10656
0.16393 0.15574
0.18033 0.21311
0.17623 0.26639
0.18033 0.32377
0.17623 0.38115
0.18852 0.43852
0.19672 0.4959
0.18443 0.55328
0.16803 0.56148
0.14754 0.5082
0.12295 0.46311
0.077869 0.45082
0.036885 0.41803
0.0081967 0.38115
0 0.43033
0.053279 0.46721
0.090164 0.5041
0.090164 0.5041
# triangles
40 41 53
1 98 99
1 2 98
41 42 53
32 35 36
31 36 37
31 32 36
33 34 35
32 33 35
20 21 22
0 1 99
9 10 11
3 4 40
3 40 97
3 97 98
2 3 98
6 7 15
29 38 39
8 9 12
9 11 12
4 5 17
4 17 40
45 46 49
45 49 50
42 43 52
42 52 53
0 99 100
28 39 40
28 29 39
30 37 38
29 30 38
30 31 37
8 12 13
7 8 13
7 13 15
5 16 17
5 6 16
6 15 16
44 45 50
43 44 52
46 47 48
46 48 49
57 70 71
78 95 96
61 62 65
86 87 88
102 103 104
102 104 105
84 89 90
83 84 90
17 20 27
17 27 40
27 28 40
20 22 27
22 23 27
24 25 26
24 26 27
23 24 27
13 14 15
17 18 20
18 19 20
44 50 51
44 51 52
57 58 70
40 54 97
40 53 54
54 96 97
54 55 96
72 78 96
55 72 96
72 77 78
73 74 75
73 75 76
73 76 77
72 73 77
59 60 67
61 65 66
60 61 66
60 66 67
59 67 69
58 59 69
58 69 70
62 63 64
62 64 65
84 85 89
85 88 89
85 86 88
78 94 95
78 79 94
79 93 94
79 80 93
80 92 93
80 81 92
55 56 72
56 57 71
56 71 72
67 68 69
101 102 105
0 101 105
0 100 101
81 82 91
81 91 92
82 83 91
83 90 91
