# points
0.18269 0.50481
0.1875 0.52885
0.19231 0.55288
0.19712 0.57692
0.20192 0.60096
0.20192 0.625
0.20673 0.64904
0.21154 0.67308
0.21154 0.69712
0.21635 0.72115
0.22115 0.74519
0.23558 0.76923
0.25481 0.78846
0.26923 0.8125
0.28846 0.82692
0.30769 0.83654
0.30288 0.86058
0.29808 0.88462
0.29327 0.90865
0.30288 0.93269
0.31731 0.95192
0.34135 0.95673
0.36538 0.95673
0.38462 0.96635
0.38462 0.99038
0.40385 1
0.42788 1
0.44712 0.99038
0.44712 0.96635
0.46635 0.96154
0.49038 0.96154
0.51442 0.95673
0.53365 0.94231
0.54327 0.91827
0.54327 0.89423
0.53846 0.87019
0.53365 0.84615
0.53846 0.82692
0.5625 0.82212
0.57212 0.79808
0.58654 0.77404
0.60096 0.75962
0.61538 0.73558
0.61538 0.71154
0.61538 0.6875
0.62019 0.66346
0.625 0.63942
0.62019 0.61538
0.625 0.59135
0.625 0.56731
0.62981 0.54327
0.63462 0.51923
0.63942 0.49519
0.64423 0.47115
0.64904 0.44712
0.65385 0.42308
0.65865 0.39904
0.66827 0.375
0.67308 0.35096
0.67308 0.32692
0.67788 0.30288
0.69231 0.28365
0.70673 0.25962
0.72115 0.23558
0.73558 0.21154
0.75 0.1875
0.75962 0.16346
0.75481 0.13942
0.73558 0.125
0.71154 0.11538
0.6875 0.11058
0.66346 0.10577
0.63942 0.096154
0.61538 0.091346
0.59135 0.086538
0.56731 0.081731
0.54327 0.076923
0.51923 0.072115
0.49519 0.067308
0.47115 0.067308
0.44712 0.067308
0.42308 0.057692
0.42308 0.033654
0.42308 0.0096154
0.40865 0
0.38462 0
0.36058 0
0.34615 0.019231
0.34615 0.043269
0.34615 0.067308
0.32692 0.081731
0.30288 0.081731
0.27885 0.081731
0.25481 0.086538
0.23077 0.086538
0.20673 0.091346
0.18269 0.096154
0.15865 0.096154
0.13462 0.10577
0.11058 0.11058
0.086538 0.11538
0.0625 0.125
0.038462 0.12981
0.014423 0.14423
0 0.15865
0.0048077 0.18269
0.014423 0.20673
0.028846 0.23077
0.048077 0.25481
0.067308 0.27885
0.081731 0.30288
0.096154 0.32212
0.11058 0.34135
0.125 0.36538
0.13942 0.38942
0.14904 0.41346
0.15865 0.4375
0.16827 0.46154
0.17788 0.48558
0.18269 0.50481
# triangles
101 102 106
23 24 25
15 22 28
22 23 28
26 27 28
30 33 34
29 30 34
15 28 36
28 29 36
56 116 117
90 115 116
56 80 90
56 90 116
101 107 108
101 106 107
102 103 105
102 105 106
103 104 105
52 53 118
53 54 118
56 59 80
60 73 74
19 20 21
31 32 33
30 31 33
29 34 35
29 35 36
15 36 37
55 56 117
54 55 118
55 117 118
90 114 115
66 67 68
59 79 80
59 60 79
60 74 75
60 75 76
56 57 59
15 16 22
12 15 44
15 37 44
37 40 44
7 12 44
7 44 47
9 11 12
9 10 11
7 9 12
4 5 6
6 7 47
4 6 47
3 4 49
4 47 49
2 3 49
37 39 40
37 38 39
0 52 118
0 51 52
0 1 51
100 101 108
99 100 108
80 81 90
93 112 113
99 108 109
98 99 109
93 95 112
90 91 114
91 93 113
91 113 114
62 71 72
62 72 73
60 61 73
61 62 73
63 70 71
62 63 71
12 14 15
12 13 14
16 17 22
17 21 22
17 18 19
17 19 21
40 41 43
40 43 44
41 42 43
7 8 9
47 48 49
2 49 50
1 2 50
1 50 51
81 89 90
96 111 112
95 96 112
96 110 111
96 97 98
96 98 109
96 109 110
93 94 95
91 92 93
57 58 59
64 69 70
63 64 70
85 86 87
77 78 79
60 76 77
60 77 79
81 88 89
85 87 88
65 68 69
64 65 69
65 66 68
44 45 47
45 46 47
81 82 88
82 85 88
82 83 84
82 84 85
23 26 28
23 25 26
