# points
0.16364 0.50303
0.1697 0.52727
0.1697 0.55152
0.17576 0.57576
0.17576 0.6
0.18182 0.62424
0.18182 0.64848
0.18788 0.67273
0.18788 0.69697
0.19394 0.72121
0.20606 0.74545
0.22424 0.7697
0.24848 0.78788
0.27273 0.79394
0.28485 0.81212
0.29697 0.83636
0.28485 0.86061
0.27879 0.88485
0.27273 0.90909
0.27273 0.93333
0.27879 0.95152
0.30303 0.96364
0.32727 0.9697
0.35152 0.96364
0.37576 0.97576
0.38182 1
0.40606 1
0.4303 1
0.44242 0.98788
0.44848 0.96364
0.47273 0.96364
0.49697 0.96364
0.52121 0.95758
0.53939 0.93333
0.53939 0.90909
0.53333 0.88485
0.52727 0.86061
0.51515 0.83636
0.53333 0.81818
0.55152 0.79394
0.57576 0.78182
0.59394 0.7697
0.61212 0.74545
0.61818 0.72121
0.6303 0.69697
0.63636 0.67273
0.63636 0.64848
0.64242 0.62424
0.64242 0.6
0.64848 0.57576
0.64848 0.55152
0.65455 0.52727
0.66061 0.50303
0.66667 0.47879
0.67273 0.45455
0.68485 0.4303
0.69697 0.40606
0.70303 0.38182
0.72121 0.35758
0.73333 0.33333
0.75152 0.30909
0.7697 0.28485
0.79394 0.26061
0.81212 0.23636
0.8303 0.21818
0.83636 0.19394
0.83636 0.1697
0.83636 0.14545
0.82424 0.12121
0.8 0.10303
0.77576 0.090909
0.75152 0.078788
0.72727 0.072727
0.70303 0.060606
0.67879 0.054545
0.65455 0.048485
0.6303 0.042424
0.60606 0.042424
0.58182 0.042424
0.55758 0.036364
0.53333 0.036364
0.50909 0.036364
0.48485 0.030303
0.46061 0.030303
0.44242 0.018182
0.43636 0
0.41212 0
0.39394 0.0060606
0.38788 0.030303
0.36364 0.030303
0.33939 0.030303
0.31515 0.030303
0.29091 0.036364
0.26667 0.036364
0.24242 0.042424
0.21818 0.042424
0.19394 0.042424
0.1697 0.048485
0.14545 0.054545
0.12121 0.060606
0.09697 0.072727
0.072727 0.078788
0.048485 0.090909
0.024242 0.10303
0.0060606 0.12121
0 0.14545
0 0.1697
0 0.19394
0.018182 0.21818
0.042424 0.24242
0.066667 0.26667
0.090909 0.29091
0.10909 0.31515
0.12121 0.33939
0.13333 0.36364
0.13939 0.38788
0.14545 0.41212
0.15152 0.43636
0.15758 0.46061
0.16364 0.48485
0.16364 0.50303
# triangles
19 20 21
66 67 68
103 104 105
106 107 108
102 106 108
102 103 105
102 105 106
101 102 109
102 108 109
1 3 50
3 48 50
1 2 3
18 19 21
18 21 23
17 18 23
15 16 23
16 17 23
51 52 119
1 51 119
1 50 51
52 53 119
14 15 37
84 85 86
100 101 109
100 109 110
92 113 114
3 4 5
3 5 48
13 39 46
5 13 46
5 46 48
21 22 23
10 11 13
11 12 13
48 49 50
54 117 118
53 118 119
53 54 118
54 115 116
54 116 117
66 68 69
66 69 70
61 62 72
13 14 38
14 37 38
13 38 39
98 100 110
98 99 100
5 6 7
5 7 13
7 8 9
7 9 10
7 10 13
24 25 26
26 27 28
23 24 29
15 23 29
15 29 37
24 26 29
26 28 29
0 1 119
78 79 80
62 71 72
62 70 71
61 72 74
72 73 74
46 47 48
63 66 70
62 63 70
63 65 66
63 64 65
59 77 78
75 76 77
60 74 75
60 61 74
60 75 77
59 60 77
57 78 80
57 59 78
55 57 83
55 56 57
29 30 35
31 32 33
84 86 88
83 84 88
54 88 115
88 114 115
88 89 114
55 83 88
54 55 88
92 93 94
98 110 111
39 43 46
57 58 59
57 80 81
81 82 83
57 81 83
29 36 37
29 35 36
41 42 43
31 33 34
30 34 35
30 31 34
90 91 92
90 92 114
89 90 114
86 87 88
97 98 111
95 96 97
95 97 111
92 112 113
92 94 112
94 95 112
95 111 112
43 44 46
39 40 43
40 41 43
44 45 46
