# points
0.16667 0.50926
0.16667 0.53704
0.17593 0.56481
0.18519 0.59259
0.19444 0.62037
0.19444 0.64815
0.19444 0.67593
0.19444 0.7037
0.22222 0.72222
0.22222 0.75
0.23148 0.77778
0.24074 0.80556
0.25 0.83333
0.26852 0.86111
0.2963 0.88889
0.31481 0.90741
0.30556 0.93519
0.30556 0.96296
0.31481 0.99074
0.34259 0.99074
0.37037 1
0.39815 1
0.42593 1
0.4537 1
0.48148 0.99074
0.48148 0.96296
0.48148 0.93519
0.49074 0.90741
0.51852 0.88889
0.5463 0.87037
0.56481 0.84259
0.58333 0.81481
0.59259 0.78704
0.61111 0.75926
0.61111 0.73148
0.63889 0.7037
0.63889 0.67593
0.63889 0.64815
0.63889 0.62037
0.64815 0.59259
0.65741 0.56481
0.66667 0.53704
0.67593 0.50926
0.69444 0.49074
0.69444 0.46296
0.7037 0.43519
0.71296 0.40741
0.74074 0.38889
0.75926 0.36111
0.75926 0.33333
0.77778 0.30556
0.80556 0.27778
0.82407 0.25926
0.84259 0.23148
0.86111 0.2037
0.87037 0.17593
0.86111 0.14815
0.83333 0.12963
0.80556 0.11111
0.77778 0.10185
0.75 0.092593
0.72222 0.083333
0.69444 0.074074
0.66667 0.064815
0.63889 0.064815
0.61111 0.055556
0.58333 0.046296
0.55556 0.046296
0.52778 0.046296
0.5 0.027778
0.47222 0
0.44444 0
0.41667 0
0.38889 0.0092593
0.36111 0.027778
0.33333 0.037037
0.30556 0.037037
0.27778 0.037037
0.25 0.046296
0.22222 0.046296
0.19444 0.046296
0.16667 0.046296
0.13889 0.055556
0.11111 0.064815
0.083333 0.074074
0.055556 0.083333
0.027778 0.092593
0.0092593 0.12037
0 0.14815
0.0092593 0.17593
0.018519 0.2037
0.037037 0.23148
0.055556 0.25926
0.074074 0.28704
0.074074 0.31481
0.083333 0.34259
0.10185 0.37037
0.12037 0.39815
0.13889 0.42593
0.13889 0.4537
0.14815 0.48148
0.16667 0.50926
0.16667 0.50926
# triangles
54 55 56
17 18 19
16 17 19
15 19 20
15 16 19
87 88 89
0 42 44
0 41 42
32 33 34
4 8 38
8 34 38
4 5 8
8 32 34
8 10 32
8 9 10
14 15 27
15 26 27
22 25 26
0 98 100
0 44 98
44 45 98
10 30 32
28 29 30
0 40 41
47 48 49
46 47 49
46 49 64
23 24 25
22 23 25
15 21 26
21 22 26
15 20 21
98 99 100
69 70 71
10 11 30
11 28 30
11 12 13
11 13 14
11 27 28
11 14 27
30 31 32
84 90 91
34 37 38
34 36 37
42 43 44
0 1 2
0 2 40
54 56 57
53 54 57
53 57 58
68 69 74
45 68 98
45 46 68
46 67 68
46 65 67
46 64 65
68 74 75
68 75 98
69 73 74
69 71 73
71 72 73
83 91 92
83 84 91
82 83 92
85 87 89
85 86 87
34 35 36
6 7 8
5 6 8
49 50 64
50 62 64
50 51 60
65 66 67
76 78 97
75 97 98
75 76 97
78 96 97
50 60 61
50 61 62
53 58 59
52 53 59
51 59 60
51 52 59
62 63 64
78 93 96
93 94 95
93 95 96
82 92 93
80 82 93
80 81 82
76 77 78
78 79 93
79 80 93
84 85 90
85 89 90
3 38 39
3 4 38
3 39 40
2 3 40
