# points
0.095923 0.5036
0.10072 0.53237
0.10791 0.56115
0.11031 0.58993
0.11511 0.61871
0.11751 0.64748
0.1223 0.67626
0.1247 0.70504
0.13189 0.73381
0.13909 0.76259
0.15348 0.79137
0.17506 0.82014
0.20384 0.83933
0.22542 0.85132
0.21823 0.8777
0.21583 0.90647
0.21823 0.93285
0.23501 0.96163
0.26379 0.97602
0.29257 0.97602
0.31175 0.98561
0.32854 1
0.35731 1
0.3765 0.98801
0.3789 0.95923
0.40767 0.97362
0.43645 0.97362
0.46523 0.95204
0.47722 0.92326
0.47962 0.89448
0.47242 0.86571
0.46043 0.83693
0.48201 0.82494
0.51079 0.80576
0.53237 0.77698
0.55156 0.7482
0.56115 0.71942
0.56835 0.69065
0.57314 0.66187
0.57794 0.63309
0.58034 0.60432
0.58273 0.57554
0.58753 0.54676
0.58993 0.51799
0.59952 0.48921
0.60432 0.46043
0.61391 0.43165
0.6235 0.40288
0.63549 0.3741
0.64748 0.34772
0.66427 0.33094
0.67626 0.30935
0.68825 0.28777
0.70504 0.26619
0.72182 0.247
0.73381 0.22302
0.7506 0.20384
0.7554 0.17746
0.76019 0.15108
0.73861 0.13909
0.71463 0.1295
0.68825 0.1223
0.66427 0.11511
0.63789 0.11031
0.61391 0.10072
0.58753 0.095923
0.56115 0.091127
0.53477 0.086331
0.51079 0.076739
0.49161 0.047962
0.46283 0.019185
0.43405 0
0.40528 0
0.3765 0
0.34772 0
0.31894 0
0.29017 0.01199
0.26139 0.035971
0.23501 0.06235
0.21103 0.076739
0.18465 0.081535
0.15827 0.086331
0.13429 0.095923
0.10791 0.10072
0.081535 0.10552
0.057554 0.11271
0.033573 0.1223
0.0095923 0.13189
0 0.15588
0.0047962 0.18225
0.016787 0.21103
0.031175 0.23981
0.047962 0.26859
0.067146 0.29736
0.081535 0.32614
0.086331 0.35492
0.095923 0.3789
0.095923 0.40767
0.095923 0.43645
0.095923 0.46523
0.095923 0.494
0.095923 0.5036
# triangles
16 17 18
13 24 31
86 89 90
86 87 88
86 88 89
24 25 28
13 19 24
16 18 19
15 16 19
2 41 42
1 2 43
2 42 43
21 22 24
22 23 24
20 21 24
19 20 24
13 14 19
14 15 19
8 12 13
6 7 8
6 13 31
6 8 13
4 39 40
4 40 41
2 3 41
3 4 41
52 53 63
49 66 67
43 98 99
68 79 96
79 94 96
6 31 37
25 27 28
25 26 27
10 11 12
8 9 10
8 10 12
43 45 98
45 97 98
45 46 96
45 96 97
43 44 45
49 51 66
51 65 66
51 52 65
53 62 63
53 54 62
57 59 60
55 57 60
55 56 57
57 58 59
1 43 100
43 99 100
94 95 96
31 36 37
6 37 38
5 6 38
4 38 39
4 5 38
24 28 29
31 34 36
34 35 36
49 50 51
52 63 64
52 64 65
55 60 61
54 55 61
54 61 62
0 1 100
68 78 79
79 80 94
84 90 91
31 32 34
32 33 34
24 30 31
24 29 30
48 67 68
48 49 67
68 69 73
68 73 78
80 93 94
80 82 93
82 92 93
83 84 91
83 91 92
82 83 92
85 86 90
84 85 90
47 48 68
47 68 96
46 47 96
69 70 72
69 72 73
70 71 72
80 81 82
74 75 76
74 76 77
73 74 77
73 77 78
