# points
0.17742 0.51613
0.17742 0.53226
0.19355 0.54839
0.19355 0.56452
0.19355 0.58065
0.19355 0.59677
0.19355 0.6129
0.19355 0.62903
0.19355 0.64516
0.20968 0.66129
0.20968 0.67742
0.20968 0.69355
0.20968 0.70968
0.22581 0.72581
0.22581 0.74194
0.22581 0.75806
0.24194 0.77419
0.25806 0.79032
0.25806 0.80645
0.27419 0.82258
0.29032 0.83871
0.30645 0.83871
0.32258 0.85484
0.33871 0.87097
0.35484 0.87097
0.37097 0.87097
0.3871 0.8871
0.3871 0.90323
0.40323 0.91935
0.40323 0.93548
0.40323 0.95161
0.40323 0.96774
0.40323 0.98387
0.41935 0.98387
0.43548 1
0.45161 1
0.46774 1
0.48387 1
0.5 1
0.51613 1
0.53226 1
0.54839 1
0.56452 1
0.58065 0.98387
0.59677 0.96774
0.59677 0.95161
0.59677 0.93548
0.59677 0.91935
0.59677 0.90323
0.59677 0.8871
0.6129 0.87097
0.62903 0.85484
0.64516 0.85484
0.66129 0.85484
0.67742 0.83871
0.69355 0.82258
0.69355 0.80645
0.70968 0.79032
0.72581 0.77419
0.72581 0.75806
0.72581 0.74194
0.74194 0.72581
0.74194 0.70968
0.74194 0.69355
0.74194 0.67742
0.74194 0.66129
0.74194 0.64516
0.75806 0.62903
0.75806 0.6129
0.75806 0.59677
0.75806 0.58065
0.75806 0.56452
0.75806 0.54839
0.75806 0.53226
0.75806 0.51613
0.77419 0.5
0.77419 0.48387
0.77419 0.46774
0.77419 0.45161
0.77419 0.43548
0.77419 0.41935
0.77419 0.40323
0.79032 0.3871
0.79032 0.37097
0.79032 0.35484
0.79032 0.33871
0.79032 0.32258
0.79032 0.30645
0.80645 0.29032
0.80645 0.27419
0.80645 0.25806
0.82258 0.24194
0.83871 0.22581
0.83871 0.20968
0.85484 0.19355
0.87097 0.17742
0.8871 0.16129
0.90323 0.14516
0.90323 0.12903
0.90323 0.1129
0.90323 0.096774
0.90323 0.080645
0.8871 0.064516
0.87097 0.064516
0.85484 0.064516
0.83871 0.064516
0.82258 0.064516
0.80645 0.048387
0.79032 0.048387
0.77419 0.048387
0.75806 0.048387
0.74194 0.048387
0.72581 0.048387
0.70968 0.032258
0.69355 0.032258
0.67742 0.032258
0.66129 0.032258
0.64516 0.032258
0.62903 0.032258
0.6129 0.032258
0.59677 0.032258
0.58065 0.032258
0.56452 0.032258
0.54839 0.032258
0.53226 0.016129
0.51613 0
0.5 0
0.48387 0
0.46774 0
0.45161 0
0.43548 0
0.41935 0
0.40323 0.016129
0.3871 0.032258
0.37097 0.032258
0.35484 0.032258
0.33871 0.032258
0.32258 0.048387
0.30645 0.048387
0.29032 0.048387
0.27419 0.048387
0.25806 0.048387
0.24194 0.048387
0.22581 0.048387
0.20968 0.048387
0.19355 0.048387
0.17742 0.048387
0.16129 0.048387
0.14516 0.064516
0.12903 0.064516
0.1129 0.064516
0.096774 0.064516
0.080645 0.080645
0.064516 0.080645
0.048387 0.080645
0.032258 0.080645
0.016129 0.096774
0 0.096774
0 0.1129
0 0.12903
0 0.14516
0 0.16129
0.016129 0.17742
0.016129 0.19355
0.032258 0.19355
0.048387 0.20968
0.048387 0.22581
0.064516 0.22581
0.080645 0.24194
0.080645 0.25806
0.096774 0.27419
0.1129 0.29032
0.1129 0.30645
0.12903 0.32258
0.12903 0.33871
0.14516 0.35484
0.14516 0.37097
0.14516 0.3871
0.16129 0.40323
0.16129 0.41935
0.16129 0.43548
0.16129 0.45161
0.17742 0.46774
0.17742 0.48387
0.17742 0.5
0.17742 0.51613
0.17742 0.51613
# triangles
9 13 25
9 10 13
10 11 13
11 12 13
7 8 9
81 178 182
19 20 21
17 18 19
17 19 21
26 27 28
133 137 178
156 158 159
156 157 158
180 181 182
22 23 24
21 22 25
22 24 25
13 16 17
30 31 33
31 32 33
28 37 38
41 42 43
28 38 48
25 50 51
140 171 173
171 172 173
139 140 173
81 87 123
123 124 127
123 128 133
128 129 133
123 127 128
4 5 9
2 66 72
9 25 66
25 51 66
51 65 66
80 81 182
0 1 2
0 2 184
2 182 183
2 183 184
14 15 16
13 14 16
33 34 35
26 28 49
28 48 49
57 58 59
51 60 65
57 59 60
137 138 173
138 139 173
130 131 132
129 130 132
129 132 133
133 134 137
124 125 126
124 126 127
162 163 164
154 155 156
148 167 168
6 7 9
5 6 9
176 177 178
137 173 175
137 175 178
175 176 178
2 3 66
3 4 9
3 9 66
74 75 76
74 80 182
2 74 182
52 53 54
135 136 137
134 135 137
81 82 83
81 83 84
81 86 87
160 161 162
152 165 167
152 164 165
165 166 167
150 151 152
153 162 164
152 153 164
173 174 175
178 179 182
179 180 182
66 71 72
66 70 71
2 72 73
2 73 74
51 56 60
56 57 60
54 55 56
43 44 45
60 61 62
60 62 63
81 84 85
81 85 86
149 150 152
148 149 167
149 152 167
168 169 170
168 170 171
140 141 171
66 67 68
60 64 65
60 63 64
74 79 80
74 78 79
74 76 77
74 77 78
87 122 123
87 119 120
144 145 148
144 148 168
144 168 171
143 144 171
146 147 148
145 146 148
142 143 171
141 142 171
66 69 70
66 68 69
96 97 98
87 120 121
87 121 122
112 113 114
90 117 118
90 112 116
90 116 117
87 90 119
90 118 119
94 95 106
95 96 105
95 105 106
112 114 115
112 115 116
106 107 108
106 108 109
87 88 89
87 89 90
91 92 93
93 110 111
93 109 110
93 111 112
93 94 106
93 106 109
90 93 112
90 91 93
17 21 25
13 17 25
123 133 178
81 123 178
29 36 37
28 29 37
100 101 102
100 102 103
99 100 104
100 103 104
29 35 36
30 33 35
29 30 35
25 26 49
25 49 50
153 160 162
153 156 159
153 154 156
153 159 160
51 52 56
52 54 56
38 39 47
38 47 48
39 40 47
40 46 47
40 41 45
41 43 45
40 45 46
96 99 104
96 98 99
96 104 105
