# points
0.13131 0.5101
0.13131 0.53535
0.13636 0.56061
0.14141 0.58586
0.14141 0.61111
0.14141 0.63636
0.14141 0.66162
0.15152 0.68687
0.15152 0.71212
0.15152 0.73737
0.15657 0.76263
0.17172 0.78788
0.18687 0.80303
0.20202 0.82828
0.21717 0.84848
0.24242 0.85354
0.24242 0.87374
0.26263 0.89899
0.27273 0.92424
0.28283 0.94444
0.30303 0.9596
0.32323 0.98485
0.34848 1
0.37374 1
0.39899 0.9798
0.40404 0.95455
0.42929 0.94949
0.44444 0.93434
0.44949 0.90909
0.47475 0.89394
0.5 0.87374
0.52525 0.85354
0.55051 0.83333
0.57576 0.80808
0.58586 0.78283
0.60101 0.75758
0.60606 0.73232
0.61111 0.70707
0.61616 0.68182
0.62121 0.65657
0.62121 0.63131
0.62626 0.60606
0.63131 0.58081
0.63636 0.55556
0.64141 0.5303
0.65152 0.50505
0.65657 0.4798
0.66162 0.45455
0.67172 0.42929
0.67677 0.40404
0.68687 0.37879
0.69192 0.35354
0.70202 0.32828
0.71212 0.30303
0.72727 0.27778
0.74242 0.25253
0.76263 0.22727
0.78283 0.20202
0.79293 0.17677
0.79798 0.15152
0.78788 0.13131
0.76263 0.12121
0.73737 0.11111
0.71212 0.10606
0.68687 0.09596
0.66162 0.090909
0.63636 0.085859
0.61111 0.080808
0.58586 0.075758
0.56061 0.070707
0.53535 0.070707
0.5101 0.065657
0.48485 0.065657
0.47475 0.045455
0.46465 0.020202
0.44444 0
0.41919 0
0.39394 0.010101
0.36869 0.025253
0.36364 0.050505
0.33838 0.060606
0.31313 0.060606
0.28788 0.060606
0.26263 0.060606
0.23737 0.060606
0.21212 0.060606
0.18687 0.065657
0.16162 0.070707
0.13636 0.080808
0.11111 0.085859
0.085859 0.090909
0.060606 0.09596
0.035354 0.10606
0.010101 0.11616
0 0.14141
0.0050505 0.16667
0.020202 0.19192
0.035354 0.21717
0.050505 0.24242
0.065657 0.26768
0.080808 0.28788
0.085859 0.31313
0.090909 0.33838
0.09596 0.36364
0.10101 0.38889
0.11111 0.41414
0.11616 0.43939
0.12121 0.46465
0.12121 0.4899
0.13131 0.5101
# triangles
46 47 107
44 46 107
0 44 107
92 93 94
92 94 95
47 48 49
44 45 46
0 107 108
59 60 61
58 59 61
77 78 79
74 75 76
74 76 77
47 49 105
17 25 28
20 21 25
21 22 25
15 16 17
15 17 28
15 28 29
15 29 30
0 43 44
47 106 107
47 105 106
18 20 25
17 18 25
18 19 20
13 14 15
15 30 31
31 34 37
15 31 37
12 13 15
5 6 7
7 15 37
4 5 7
7 12 15
34 35 36
34 36 37
3 41 42
0 1 2
0 2 43
2 3 42
2 42 43
53 54 66
49 51 72
72 73 79
73 77 79
73 74 77
89 90 97
89 97 98
88 99 100
88 89 98
88 98 99
83 84 100
84 86 100
82 83 100
49 72 80
49 80 105
72 79 80
80 81 102
22 23 25
23 24 25
9 10 11
9 11 12
4 7 40
3 40 41
3 4 40
8 9 12
7 8 12
53 67 68
53 66 67
55 64 65
54 55 65
54 65 66
49 50 51
51 52 70
68 69 70
51 70 72
53 68 70
52 53 70
57 58 61
57 61 62
56 57 62
55 63 64
55 56 63
56 62 63
90 91 96
90 96 97
91 92 96
92 95 96
86 87 100
87 88 100
84 85 86
82 100 101
81 101 102
81 82 101
80 103 105
80 102 103
103 104 105
31 32 34
32 33 34
7 37 38
7 38 40
38 39 40
70 71 72
25 26 27
25 27 28
