# points
0.14118 0.50588
0.14118 0.52941
0.14118 0.55294
0.14118 0.57647
0.15294 0.6
0.14118 0.62353
0.14118 0.64706
0.12941 0.67059
0.11765 0.68235
0.11765 0.70588
0.11765 0.72941
0.12941 0.75294
0.14118 0.76471
0.16471 0.77647
0.18824 0.78824
0.2 0.81176
0.22353 0.82353
0.24706 0.83529
0.25882 0.85882
0.24706 0.88235
0.24706 0.90588
0.24706 0.92941
0.25882 0.95294
0.28235 0.95294
0.30588 0.95294
0.31765 0.97647
0.31765 1
0.34118 1
0.36471 1
0.38824 0.98824
0.4 0.97647
0.42353 0.96471
0.44706 0.96471
0.47059 0.96471
0.48235 0.94118
0.48235 0.91765
0.48235 0.89412
0.48235 0.87059
0.48235 0.84706
0.50588 0.83529
0.52941 0.83529
0.54118 0.81176
0.55294 0.78824
0.57647 0.78824
0.6 0.77647
0.61176 0.75294
0.61176 0.72941
0.6 0.70588
0.58824 0.68235
0.58824 0.65882
0.58824 0.63529
0.58824 0.61176
0.6 0.58824
0.6 0.56471
0.6 0.54118
0.61176 0.51765
0.62353 0.49412
0.63529 0.47059
0.63529 0.44706
0.64706 0.42353
0.65882 0.4
0.67059 0.37647
0.69412 0.35294
0.69412 0.32941
0.70588 0.30588
0.72941 0.29412
0.74118 0.27059
0.75294 0.24706
0.76471 0.22353
0.78824 0.2
0.78824 0.17647
0.8 0.15294
0.8 0.12941
0.77647 0.11765
0.75294 0.10588
0.72941 0.094118
0.70588 0.082353
0.68235 0.082353
0.65882 0.070588
0.63529 0.070588
0.61176 0.058824
0.58824 0.058824
0.56471 0.047059
0.54118 0.047059
0.51765 0.047059
0.49412 0.047059
0.47059 0.035294
0.44706 0.035294
0.43529 0.011765
0.41176 0
0.38824 0
0.36471 0
0.35294 0.023529
0.32941 0.023529
0.30588 0.023529
0.28235 0.023529
0.25882 0.023529
0.23529 0.023529
0.21176 0.035294
0.18824 0.035294
0.16471 0.035294
0.14118 0.035294
0.11765 0.047059
0.094118 0.047059
0.070588 0.047059
0.047059 0.058824
0.023529 0.070588
0 0.082353
0 0.10588
0 0.12941
0.011765 0.15294
0.023529 0.17647
0.035294 0.2
0.047059 0.22353
0.047059 0.24706
0.058824 0.27059
0.082353 0.29412
0.082353 0.31765
0.094118 0.34118
0.10588 0.36471
0.11765 0.38824
0.11765 0.41176
0.12941 0.43529
0.12941 0.45882
0.14118 0.48235
0.14118 0.50588
0.14118 0.50588
# triangles
58 122 124
58 120 122
71 72 73
68 74 75
120 121 122
102 111 112
113 115 116
102 112 113
70 73 74
68 70 74
68 69 70
70 71 73
87 92 120
58 87 120
87 88 89
92 93 120
90 91 92
87 89 90
87 90 92
2 3 4
1 2 4
113 114 115
55 58 124
116 117 118
122 123 124
106 107 108
106 108 110
105 106 110
95 98 116
99 100 113
100 102 113
100 101 102
75 76 77
68 75 77
63 84 85
94 95 116
43 44 45
9 10 11
18 37 38
17 18 38
56 57 58
55 56 58
4 51 54
1 4 54
54 55 124
116 118 119
94 116 119
93 119 120
93 94 119
108 109 110
102 103 111
103 110 111
103 105 110
103 104 105
95 96 98
96 97 98
85 86 87
59 60 85
58 59 87
59 85 87
61 63 85
60 61 85
31 36 37
31 35 36
9 12 13
9 11 12
4 5 6
7 8 9
7 9 13
17 38 49
4 17 49
4 14 17
4 6 14
24 31 37
18 24 37
51 52 53
51 53 54
0 54 124
0 1 54
77 78 79
64 77 79
67 68 77
64 67 77
63 64 81
63 81 84
81 83 84
64 79 81
79 80 81
81 82 83
61 62 63
31 32 35
32 34 35
32 33 34
4 50 51
4 49 50
14 16 17
14 15 16
24 30 31
25 28 29
25 27 28
25 29 30
24 25 30
25 26 27
38 48 49
38 42 48
18 20 24
64 66 67
64 65 66
42 46 47
42 47 48
39 40 41
38 39 42
39 41 42
18 19 20
20 23 24
21 22 23
20 21 23
98 99 113
98 113 116
6 7 14
7 13 14
42 43 45
42 45 46
