# points
0.14966 0.5034
0.14966 0.53061
0.15646 0.55782
0.16327 0.58503
0.17007 0.61224
0.17687 0.63946
0.17687 0.66667
0.18367 0.69388
0.20408 0.71429
0.21088 0.7415
0.23129 0.76871
0.2449 0.79592
0.2517 0.82313
0.2585 0.84354
0.2517 0.87075
0.2381 0.89796
0.2381 0.92517
0.26531 0.93878
0.29252 0.94558
0.31973 0.94558
0.34014 0.95918
0.34694 0.98639
0.37415 1
0.40136 1
0.42177 0.98639
0.42857 0.95918
0.44218 0.93197
0.46939 0.93197
0.4966 0.93197
0.52381 0.91156
0.52381 0.88435
0.52381 0.85714
0.51701 0.82993
0.52381 0.80272
0.53741 0.77551
0.55782 0.7551
0.57143 0.72789
0.58503 0.70068
0.59184 0.67347
0.59184 0.64626
0.60544 0.61905
0.61224 0.59184
0.60544 0.56463
0.61224 0.53741
0.61224 0.5102
0.61905 0.48299
0.62585 0.45578
0.63265 0.42857
0.63946 0.40136
0.64626 0.37415
0.65986 0.34694
0.65986 0.31973
0.66667 0.29252
0.68707 0.26531
0.69388 0.2381
0.70748 0.21088
0.72789 0.18367
0.7415 0.15646
0.7415 0.12925
0.72109 0.11565
0.69388 0.10204
0.66667 0.095238
0.63946 0.088435
0.61224 0.081633
0.58503 0.068027
0.55782 0.061224
0.53061 0.061224
0.5034 0.054422
0.47619 0.054422
0.44898 0.047619
0.42177 0.040816
0.41497 0.013605
0.39456 0
0.36735 0
0.34014 0
0.31973 0.013605
0.31973 0.040816
0.29932 0.054422
0.27211 0.054422
0.2449 0.054422
0.21769 0.061224
0.19048 0.068027
0.16327 0.068027
0.13605 0.07483
0.10884 0.088435
0.081633 0.095238
0.054422 0.10884
0.027211 0.12245
0 0.12925
0 0.15646
0.020408 0.18367
0.034014 0.21088
0.054422 0.2381
0.061224 0.26531
0.081633 0.29252
0.095238 0.31973
0.095238 0.34694
0.11565 0.37415
0.12245 0.40136
0.12925 0.42857
0.13605 0.45578
0.14286 0.48299
0.14966 0.5034
# triangles
77 95 97
49 77 97
70 71 72
57 58 59
56 57 59
56 59 60
4 39 42
0 45 101
0 44 45
69 70 77
49 69 77
49 68 69
55 56 60
70 72 73
0 1 2
0 2 44
2 42 44
4 5 39
80 81 95
39 40 42
40 41 42
42 43 44
95 96 97
85 91 92
85 86 91
87 88 89
55 60 61
63 64 66
66 67 68
52 63 66
52 66 68
70 76 77
70 73 76
74 75 76
73 74 76
10 11 34
15 16 17
20 21 22
3 4 42
2 3 42
77 78 95
78 80 95
81 82 83
92 93 94
81 94 95
81 92 94
84 85 92
81 83 84
81 84 92
86 90 91
86 87 90
87 89 90
55 61 62
64 65 66
52 54 63
54 62 63
54 55 62
49 51 68
51 52 68
8 34 39
8 10 34
8 9 10
5 8 39
6 7 8
5 6 8
12 13 32
78 79 80
52 53 54
14 15 17
14 17 18
13 14 19
14 18 19
13 19 26
13 26 32
19 20 26
11 33 34
11 12 33
12 32 33
28 29 30
49 50 51
20 25 26
20 22 25
22 23 25
23 24 25
37 38 39
34 36 39
36 37 39
26 31 32
34 35 36
26 27 31
27 30 31
27 28 30
49 97 98
48 49 98
45 46 100
45 100 101
48 98 99
47 48 99
46 99 100
46 47 99
