# points
0.077519 0.44574
0.081395 0.47287
0.085271 0.5
0.089147 0.52713
0.096899 0.55426
0.10465 0.5814
0.10853 0.60853
0.10853 0.63566
0.10078 0.66279
0.077519 0.68217
0.050388 0.68605
0.023256 0.68605
0 0.6938
0.015504 0.71705
0.03876 0.74031
0.054264 0.76744
0.081395 0.78682
0.10853 0.79457
0.13566 0.79845
0.16279 0.79845
0.18992 0.7907
0.21705 0.77519
0.24031 0.74806
0.25194 0.72093
0.25581 0.6938
0.25969 0.66667
0.26357 0.63953
0.27132 0.6124
0.28295 0.58527
0.30233 0.55814
0.32558 0.53101
0.35271 0.50775
0.37597 0.49225
0.4031 0.47674
0.43023 0.46512
0.45736 0.45349
0.4845 0.44186
0.51163 0.43023
0.53876 0.4186
0.56589 0.40698
0.59302 0.39535
0.62016 0.38372
0.64729 0.37209
0.67442 0.36047
0.70155 0.35271
0.72868 0.34496
0.75581 0.34496
0.78295 0.34109
0.81008 0.33721
0.83721 0.33721
0.86434 0.33721
0.89147 0.33721
0.9186 0.33333
0.94186 0.32171
0.94961 0.30233
0.96899 0.27907
0.94961 0.26357
0.96899 0.25194
0.99612 0.23643
1 0.2093
0.9845 0.18605
0.97674 0.15891
0.94961 0.14729
0.92248 0.13953
0.89535 0.13953
0.86822 0.14729
0.84109 0.15504
0.81395 0.16279
0.78682 0.17054
0.75969 0.18217
0.73256 0.18992
0.70543 0.1938
0.67829 0.18992
0.65116 0.18605
0.62403 0.17054
0.5969 0.15504
0.56977 0.13953
0.54651 0.12403
0.51938 0.1124
0.49225 0.10465
0.46512 0.10465
0.43798 0.10853
0.41085 0.10078
0.39147 0.073643
0.3876 0.046512
0.4031 0.01938
0.40698 0
0.37984 0.01938
0.35271 0.023256
0.32558 0.027132
0.29845 0.027132
0.27519 0.034884
0.30233 0.046512
0.32946 0.046512
0.35659 0.062016
0.36434 0.089147
0.34884 0.10853
0.32171 0.12016
0.29457 0.12791
0.26744 0.14341
0.24031 0.15891
0.21705 0.18217
0.18992 0.20155
0.16667 0.22481
0.14341 0.24806
0.12016 0.27519
0.10465 0.30233
0.093023 0.32946
0.085271 0.35659
0.081395 0.38372
0.077519 0.41085
0.077519 0.43798
0.077519 0.44574
# triangles
48 68 69
52 53 54
44 45 71
45 46 70
45 70 71
47 48 69
46 47 70
47 69 70
48 49 68
60 61 62
57 58 59
57 59 60
49 67 68
10 13 14
51 52 56
52 54 56
54 55 56
56 65 66
56 64 65
56 63 64
56 62 63
56 60 62
56 57 60
88 93 94
77 78 81
40 74 75
31 106 107
8 18 19
8 21 22
9 15 16
9 14 15
9 10 14
9 16 17
9 17 18
8 9 18
30 31 109
30 109 110
7 25 26
6 7 26
7 8 24
7 24 25
6 26 27
11 12 13
10 11 13
85 86 87
78 80 81
78 79 80
44 71 72
76 77 81
35 36 81
35 81 97
81 82 96
81 96 97
90 91 92
43 44 72
43 72 73
42 43 73
31 104 105
31 105 106
8 20 21
8 19 20
8 23 24
8 22 23
50 51 56
50 56 66
50 66 67
49 50 67
31 107 108
31 108 109
1 2 29
1 29 30
88 89 93
89 92 93
89 90 92
84 85 87
83 84 94
84 88 94
84 87 88
38 76 81
33 101 102
99 100 101
34 35 97
34 97 99
33 34 101
34 99 101
82 83 95
82 95 96
83 94 95
97 98 99
41 73 74
41 42 73
40 41 74
30 110 111
1 30 111
0 1 111
5 6 27
5 27 28
4 5 28
2 3 29
3 28 29
3 4 28
36 37 81
37 38 81
38 39 76
39 40 75
39 75 76
32 33 102
32 102 103
31 32 104
32 103 104
