# points
0.092527 0.46263
0.081851 0.49466
0.078292 0.52669
0.078292 0.55872
0.085409 0.59075
0.088968 0.62278
0.088968 0.6548
0.088968 0.68683
0.088968 0.71886
0.067616 0.74733
0.039146 0.76512
0.0071174 0.76512
0 0.79004
0.024911 0.81851
0.042705 0.85053
0.067616 0.879
0.092527 0.90747
0.11744 0.92527
0.14591 0.91103
0.1637 0.88256
0.19217 0.85765
0.21352 0.82562
0.21708 0.79359
0.22064 0.76157
0.22776 0.72954
0.23132 0.69751
0.24555 0.66548
0.27758 0.63345
0.30961 0.61922
0.34164 0.60498
0.37367 0.58719
0.40569 0.57295
0.43772 0.55516
0.46975 0.53381
0.50178 0.51957
0.53381 0.50178
0.56584 0.48399
0.59786 0.46263
0.62989 0.44128
0.66192 0.41993
0.69395 0.40214
0.72598 0.3879
0.75801 0.38078
0.79004 0.39146
0.82206 0.41281
0.85053 0.44484
0.87544 0.47331
0.8968 0.50534
0.92883 0.53381
0.96085 0.53737
0.98221 0.51246
0.99288 0.48043
1 0.4484
1 0.41637
1 0.38434
0.99644 0.35231
0.98577 0.32028
0.97153 0.28826
0.95018 0.25979
0.92171 0.23843
0.88968 0.23132
0.85765 0.23132
0.82562 0.23132
0.79359 0.23132
0.76157 0.22776
0.72954 0.21708
0.69751 0.19929
0.66548 0.18505
0.63701 0.1637
0.60498 0.13879
0.57651 0.11388
0.54448 0.088968
0.51246 0.067616
0.48043 0.046263
0.45552 0.02847
0.42349 0.010676
0.39146 0
0.38078 0.0071174
0.40925 0.035587
0.41993 0.064057
0.40569 0.092527
0.37367 0.085409
0.34164 0.067616
0.30961 0.039146
0.28114 0.010676
0.25623 0
0.23488 0.0071174
0.25979 0.039146
0.28826 0.071174
0.31673 0.096085
0.3274 0.12811
0.32384 0.16014
0.29537 0.19217
0.2669 0.21352
0.23843 0.23843
0.20996 0.27046
0.19217 0.30249
0.16726 0.33452
0.14947 0.36655
0.13167 0.39858
0.11388 0.4306
0.096085 0.45552
0.092527 0.46263
# triangles
16 17 18
48 49 50
40 41 65
47 48 50
47 50 51
44 56 57
44 55 56
41 42 64
41 64 65
37 69 91
33 93 94
16 18 19
80 90 91
34 35 92
33 92 93
33 34 92
35 36 92
36 37 91
36 91 92
46 51 52
46 47 51
46 52 53
10 12 13
10 11 12
4 5 26
42 43 63
42 63 64
70 80 91
69 70 91
40 65 66
82 88 89
82 83 88
85 86 87
84 85 87
83 87 88
83 84 87
15 16 19
5 6 26
6 25 26
6 7 25
8 24 25
7 8 25
45 53 54
45 46 53
44 45 55
45 54 55
9 19 20
9 14 15
9 15 19
9 13 14
9 10 13
43 44 61
40 66 67
81 89 90
81 82 89
80 81 90
28 99 100
0 100 101
29 98 99
28 29 99
31 32 96
32 33 96
33 94 96
94 95 96
8 9 22
20 21 22
9 20 22
39 40 67
38 39 67
43 62 63
43 61 62
44 60 61
76 77 78
72 73 80
38 67 68
37 68 69
37 38 68
0 27 100
27 28 100
0 1 27
1 2 27
2 3 27
4 26 27
3 4 27
29 30 98
30 97 98
30 96 97
30 31 96
8 23 24
8 22 23
44 57 58
44 58 60
75 76 78
73 79 80
70 71 80
71 72 80
58 59 60
73 74 79
74 75 78
74 78 79
