# points
0.085502 0.42751
0.089219 0.45725
0.092937 0.48699
0.10037 0.51673
0.10781 0.54647
0.11524 0.57621
0.11524 0.60595
0.10781 0.63569
0.081784 0.65056
0.052045 0.63941
0.022305 0.62454
0.011152 0.6171
0 0.64684
0.0037175 0.67658
0.02974 0.7026
0.055762 0.72491
0.081784 0.74721
0.11152 0.76208
0.14126 0.7658
0.171 0.7658
0.20074 0.75093
0.23048 0.73234
0.24907 0.7026
0.25651 0.67286
0.26022 0.64312
0.26394 0.61338
0.27138 0.58364
0.28625 0.5539
0.30855 0.52416
0.33829 0.49814
0.36431 0.47584
0.39405 0.46097
0.42379 0.4461
0.45353 0.43494
0.48327 0.42007
0.51301 0.40892
0.54275 0.39405
0.57249 0.3829
0.60223 0.36803
0.63197 0.35688
0.66171 0.34201
0.69145 0.33829
0.72119 0.33086
0.75093 0.33086
0.78067 0.32342
0.81041 0.32342
0.84015 0.32342
0.86989 0.32342
0.89963 0.32342
0.92937 0.3197
0.95911 0.31227
0.95167 0.28996
0.98141 0.27509
0.97398 0.25279
0.98141 0.23048
1 0.20074
0.98141 0.18587
0.9777 0.16357
0.96283 0.13755
0.93309 0.12639
0.90335 0.13011
0.87361 0.13383
0.84387 0.14126
0.81413 0.1487
0.78439 0.15985
0.75465 0.171
0.72491 0.17844
0.69517 0.18587
0.66543 0.18216
0.63569 0.17844
0.60595 0.15985
0.57621 0.14498
0.54647 0.13011
0.52045 0.11524
0.49071 0.10409
0.46097 0.10037
0.43123 0.10409
0.40149 0.092937
0.3829 0.063197
0.38662 0.037175
0.40892 0.0074349
0.39405 0.0074349
0.36431 0.01487
0.33457 0.018587
0.30483 0.022305
0.27881 0.01487
0.27138 0
0.27509 0.02974
0.30112 0.04461
0.33086 0.04461
0.35688 0.066914
0.35688 0.096654
0.33086 0.10781
0.30112 0.11896
0.27138 0.13383
0.24164 0.15242
0.21561 0.17472
0.18587 0.19703
0.16357 0.22677
0.13755 0.25279
0.11524 0.28253
0.10037 0.31227
0.092937 0.34201
0.085502 0.37175
0.085502 0.40149
0.085502 0.42751
# triangles
8 16 17
7 17 18
7 8 17
9 12 13
9 13 14
8 9 14
43 44 66
42 43 66
42 66 67
36 71 72
49 50 51
48 49 51
47 48 51
30 31 98
31 96 98
54 55 56
35 72 76
35 36 72
7 23 24
7 22 23
8 15 16
8 14 15
6 7 24
57 58 59
30 98 99
96 97 98
85 86 87
82 89 90
41 42 67
41 67 68
40 41 68
36 37 71
37 38 71
40 68 69
51 52 53
6 24 25
5 25 26
5 6 25
33 76 92
31 32 96
33 34 76
34 35 76
7 18 20
7 20 22
20 21 22
9 10 12
10 11 12
102 103 104
0 1 28
0 28 104
44 45 65
44 65 66
47 51 62
46 47 62
46 62 63
30 99 100
30 100 102
100 101 102
79 82 90
78 79 90
79 81 82
79 80 81
82 83 89
39 40 69
38 39 69
74 75 76
72 73 76
73 74 76
38 70 71
38 69 70
32 93 94
18 19 20
1 2 28
2 3 27
2 27 28
3 4 27
4 5 26
4 26 27
29 102 104
28 29 104
29 30 102
45 64 65
45 46 64
46 63 64
51 53 61
51 61 62
53 54 61
84 87 88
84 85 87
84 88 89
83 84 89
76 91 92
76 77 91
78 90 91
77 78 91
32 95 96
32 94 95
54 56 60
54 60 61
56 57 60
57 59 60
32 92 93
32 33 92
