# points
0.069079 0.5
0.0625 0.53289
0.055921 0.56579
0.055921 0.59868
0.0625 0.63158
0.078947 0.66447
0.092105 0.69737
0.095395 0.73026
0.10197 0.76316
0.10855 0.79605
0.095395 0.82895
0.072368 0.85526
0.049342 0.88158
0.029605 0.90461
0 0.91447
0.0065789 0.94408
0.036184 0.96382
0.069079 0.98026
0.10197 1
0.13487 0.99671
0.16776 0.98026
0.19408 0.95395
0.21711 0.92105
0.23355 0.88816
0.23684 0.85526
0.24013 0.82237
0.23684 0.78947
0.23684 0.75658
0.25658 0.72368
0.27961 0.69079
0.30921 0.67105
0.34211 0.66118
0.375 0.65132
0.40789 0.63816
0.44079 0.62171
0.47039 0.59868
0.49671 0.57895
0.52632 0.55263
0.55592 0.52632
0.58553 0.50329
0.60855 0.47368
0.63158 0.44408
0.65789 0.41118
0.67763 0.37829
0.70066 0.34539
0.73026 0.32237
0.75658 0.29605
0.78947 0.27303
0.82237 0.25329
0.85526 0.23026
0.88816 0.20724
0.92105 0.17763
0.94079 0.14474
0.94737 0.11184
0.94079 0.078947
0.91776 0.049342
0.88816 0.026316
0.85526 0.016447
0.82237 0.016447
0.78947 0.032895
0.76645 0.0625
0.74013 0.088816
0.71382 0.12171
0.6875 0.14803
0.65461 0.16776
0.62171 0.17434
0.58882 0.18092
0.55592 0.1875
0.52303 0.19408
0.5 0.18092
0.47368 0.16447
0.46382 0.13158
0.45395 0.098684
0.44737 0.065789
0.42105 0.049342
0.39145 0.032895
0.36513 0.013158
0.33224 0.0065789
0.29934 0
0.26645 0.0032895
0.25329 0.016447
0.23355 0.036184
0.20066 0.036184
0.21382 0.059211
0.24671 0.059211
0.27961 0.059211
0.30592 0.082237
0.27961 0.085526
0.30263 0.10855
0.33553 0.11513
0.35197 0.13487
0.34211 0.16776
0.32566 0.19737
0.29276 0.21711
0.26974 0.24342
0.24013 0.26645
0.21053 0.28289
0.18421 0.30263
0.15789 0.33224
0.13487 0.36184
0.11513 0.39474
0.098684 0.42763
0.085526 0.45724
0.075658 0.49013
0.069079 0.5
# triangles
53 54 55
13 14 15
52 53 55
51 52 55
13 15 16
81 82 83
38 68 92
37 38 94
38 92 94
13 16 17
17 18 19
17 19 20
57 58 59
11 20 21
78 79 85
92 93 94
43 44 66
44 45 64
43 66 67
43 67 68
79 80 85
51 55 60
55 56 60
57 59 60
56 57 60
45 46 64
46 63 64
50 51 60
50 60 61
37 94 95
36 37 95
5 6 29
3 5 29
0 1 103
12 17 20
11 12 20
12 13 17
30 102 103
1 29 30
1 30 103
9 26 27
9 25 26
81 83 84
80 81 84
80 84 85
68 69 92
69 70 92
70 91 92
70 90 91
74 75 89
74 89 90
72 73 74
72 74 90
44 65 66
44 64 65
40 41 68
38 40 68
38 39 40
42 43 68
41 42 68
46 47 63
47 62 63
47 48 62
49 50 61
49 61 62
48 49 62
33 96 98
33 95 96
33 35 95
35 36 95
3 4 5
2 3 29
1 2 29
6 28 29
6 27 28
30 101 102
30 100 101
9 24 25
32 33 98
8 9 27
10 22 23
10 23 24
9 10 24
10 11 21
10 21 22
86 88 89
75 76 86
75 86 89
86 87 88
70 71 90
71 72 90
96 97 98
33 34 35
30 31 100
31 99 100
31 98 99
31 32 98
6 7 27
7 8 27
77 78 85
77 85 86
76 77 86
