# points
0.46043 0.5036
0.48921 0.51799
0.51799 0.53237
0.54676 0.54676
0.57554 0.56115
0.60432 0.58273
0.63309 0.59712
0.66187 0.61871
0.68345 0.64748
0.69784 0.67626
0.69784 0.70504
0.70504 0.73381
0.70504 0.76259
0.70504 0.79137
0.71223 0.82014
0.71223 0.84892
0.71223 0.8777
0.71942 0.90647
0.73381 0.93525
0.7482 0.96403
0.77698 0.99281
0.80576 1
0.83453 1
0.86331 1
0.89209 0.98561
0.92086 0.96403
0.94245 0.93525
0.97122 0.91367
0.94964 0.89928
0.92086 0.88489
0.89209 0.85612
0.8777 0.82734
0.8777 0.79856
0.88489 0.76978
0.89209 0.74101
0.90647 0.71223
0.91367 0.68345
0.92806 0.65468
0.93525 0.6259
0.94245 0.59712
0.94964 0.56835
0.94964 0.53957
0.94964 0.51079
0.94964 0.48201
0.94245 0.45324
0.93525 0.42446
0.91367 0.39568
0.89209 0.3741
0.86331 0.35252
0.83453 0.33813
0.80576 0.31655
0.77698 0.30216
0.7482 0.28777
0.71942 0.27338
0.69065 0.2518
0.66906 0.22302
0.64748 0.19424
0.65468 0.16547
0.66906 0.13669
0.69065 0.10791
0.69784 0.079137
0.72662 0.064748
0.7482 0.05036
0.76259 0.028777
0.77698 0.0071942
0.7482 0
0.71942 0.0071942
0.69065 0.0071942
0.66187 0
0.63309 0.0071942
0.60432 0.021583
0.57554 0
0.54676 0.0071942
0.54676 0.035971
0.57554 0.064748
0.58273 0.086331
0.56835 0.11511
0.55396 0.14388
0.52518 0.17266
0.53957 0.20144
0.51799 0.22302
0.48921 0.21583
0.46043 0.20863
0.43165 0.20863
0.40288 0.20863
0.3741 0.20863
0.34532 0.20863
0.31655 0.21583
0.28777 0.21583
0.25899 0.21583
0.23022 0.22302
0.20144 0.22302
0.17266 0.22302
0.14388 0.22302
0.11511 0.22302
0.086331 0.22302
0.057554 0.22302
0.028777 0.22302
0.014388 0.2518
0 0.28058
0 0.30935
0.014388 0.33094
0.043165 0.34532
0.071942 0.35971
0.10072 0.3741
0.1295 0.38129
0.15827 0.39568
0.18705 0.40288
0.21583 0.41007
0.2446 0.42446
0.27338 0.43165
0.30216 0.43885
0.33094 0.45324
0.35971 0.46043
0.38849 0.47482
0.41727 0.48921
0.44604 0.4964
0.46043 0.5036
# triangles
99 100 101
19 20 21
19 21 22
90 107 108
99 101 102
98 99 102
22 23 24
19 22 30
22 24 30
94 103 104
96 97 98
96 98 102
92 105 106
24 29 30
71 72 73
88 108 109
18 19 30
89 90 108
88 89 108
95 96 102
95 102 103
94 95 103
92 93 105
93 104 105
93 94 104
6 7 49
5 6 51
25 26 29
24 25 29
26 27 28
26 28 29
5 51 52
44 45 46
7 44 47
44 46 47
85 86 87
16 17 31
3 53 54
90 91 107
91 106 107
91 92 106
6 49 50
6 50 51
3 4 53
4 52 53
4 5 52
7 48 49
7 47 48
70 71 73
87 88 110
88 109 110
85 87 111
85 111 112
87 110 111
14 31 32
83 84 113
84 85 113
85 112 113
81 82 83
56 77 79
77 78 79
11 33 34
12 32 33
11 12 33
8 9 38
7 8 41
7 42 44
7 41 42
70 73 74
70 74 75
58 75 76
58 59 75
12 13 32
13 14 32
0 1 80
80 81 116
0 80 116
114 115 116
81 114 116
81 83 114
83 113 114
55 56 79
54 55 80
55 79 80
8 38 39
8 39 41
10 11 34
9 10 34
9 34 35
9 35 36
9 37 38
9 36 37
42 43 44
63 64 65
63 65 66
62 63 66
57 58 76
56 57 77
57 76 77
15 16 31
14 15 31
2 3 54
1 2 80
2 54 80
39 40 41
60 70 75
59 60 75
61 62 66
60 69 70
60 68 69
60 67 68
61 66 67
60 61 67
17 18 31
18 30 31
