# points
0.14966 0.43197
0.15306 0.45918
0.14966 0.4932
0.15306 0.52381
0.15986 0.55782
0.16667 0.58844
0.17347 0.61905
0.17687 0.65306
0.19048 0.68367
0.20408 0.71769
0.22449 0.7517
0.2585 0.78231
0.28571 0.81633
0.30612 0.85034
0.34014 0.88095
0.34014 0.91497
0.31293 0.94558
0.31293 0.97279
0.34694 0.97619
0.38095 0.9898
0.41497 1
0.44558 1
0.47619 0.9966
0.4932 0.97959
0.4932 0.94558
0.4966 0.91156
0.4932 0.87755
0.47959 0.84354
0.44898 0.81293
0.43878 0.77891
0.43537 0.7449
0.44898 0.71429
0.46599 0.68027
0.47619 0.64626
0.48639 0.61224
0.5 0.57823
0.51361 0.54422
0.52721 0.5102
0.53741 0.47619
0.54762 0.44218
0.55442 0.40816
0.56122 0.37415
0.57143 0.34014
0.58163 0.30952
0.59184 0.27891
0.60544 0.2517
0.62925 0.22109
0.66327 0.20408
0.69728 0.20748
0.73129 0.21088
0.76531 0.22109
0.79932 0.22449
0.83333 0.22109
0.85714 0.20408
0.86054 0.17007
0.85034 0.13605
0.83333 0.10544
0.80952 0.078231
0.79252 0.05102
0.76531 0.034014
0.7381 0.017007
0.71088 0.0034014
0.67687 0
0.64626 0.0034014
0.61224 0.027211
0.58503 0.047619
0.55102 0.064626
0.51701 0.07483
0.48639 0.091837
0.45238 0.10544
0.41837 0.11224
0.38435 0.12245
0.35034 0.13605
0.31633 0.14286
0.28231 0.15646
0.2483 0.18027
0.22109 0.20748
0.19048 0.2381
0.15646 0.2381
0.13946 0.20408
0.11905 0.19728
0.098639 0.21769
0.068027 0.22109
0.034014 0.22449
0.010204 0.2415
0.037415 0.2551
0.068027 0.2517
0.054422 0.27551
0.02381 0.29592
0 0.32313
0.0034014 0.34354
0.030612 0.32653
0.064626 0.31633
0.071429 0.33333
0.095238 0.30612
0.11565 0.27891
0.14966 0.29252
0.16327 0.31973
0.15646 0.35034
0.15306 0.37755
0.14966 0.41156
0.14966 0.43197
# triangles
19 20 24
19 24 25
22 23 24
52 53 54
89 90 91
57 58 59
20 21 24
21 22 24
45 68 69
45 46 68
44 45 69
50 55 56
1 36 37
6 8 33
1 37 38
1 38 100
39 40 98
40 97 98
8 9 31
11 30 31
11 12 30
0 1 100
83 84 85
83 85 86
82 83 86
46 66 67
46 67 68
44 69 70
51 52 54
51 54 55
50 51 55
42 71 72
49 56 57
49 50 56
49 57 59
48 49 59
6 33 34
1 3 36
8 31 32
8 32 33
16 17 18
6 7 8
76 77 97
38 39 99
39 98 99
38 99 100
10 11 31
9 10 31
12 29 30
14 28 29
14 27 28
14 26 27
88 91 92
88 89 91
87 88 92
78 95 96
77 78 96
77 96 97
81 86 95
81 82 86
78 81 95
78 79 81
79 80 81
72 73 75
73 74 75
47 64 65
62 63 64
41 42 72
41 72 75
41 75 76
40 41 97
41 76 97
42 43 71
43 70 71
43 44 70
4 34 35
3 4 35
3 35 36
4 5 34
5 6 34
1 2 3
12 13 29
13 14 29
15 16 18
15 18 19
15 19 25
15 25 26
14 15 26
92 93 94
87 92 94
60 61 62
60 62 64
47 60 64
48 59 60
47 48 60
47 65 66
46 47 66
86 87 94
86 94 95
