# points
0.39794 0.39175
0.43093 0.41237
0.46392 0.43505
0.49691 0.45773
0.5299 0.48041
0.56289 0.49691
0.59588 0.51546
0.62887 0.53608
0.66186 0.55876
0.69485 0.57732
0.72165 0.60825
0.70928 0.64124
0.70309 0.67423
0.71134 0.70722
0.72577 0.73608
0.75052 0.75464
0.7732 0.7732
0.80619 0.77732
0.83918 0.77526
0.87216 0.75464
0.90309 0.73402
0.93608 0.72784
0.96907 0.72577
1 0.70515
1 0.68247
0.96701 0.67629
0.93402 0.68041
0.90309 0.6701
0.90103 0.63711
0.91753 0.60412
0.93608 0.57113
0.94845 0.53814
0.95258 0.50515
0.95258 0.47216
0.94021 0.43918
0.92371 0.40825
0.90103 0.37938
0.87423 0.35464
0.84742 0.3299
0.82268 0.30722
0.79381 0.28454
0.76495 0.26392
0.73608 0.2433
0.70515 0.22887
0.67216 0.21649
0.64536 0.19175
0.6433 0.15876
0.63505 0.12784
0.63093 0.094845
0.63918 0.063918
0.67216 0.080412
0.70103 0.080412
0.71959 0.063918
0.75258 0.063918
0.7732 0.047423
0.74021 0.037113
0.73402 0.016495
0.72371 0.0020619
0.69072 0
0.65773 0.0041237
0.62474 0.012371
0.59794 0.030928
0.5732 0.039175
0.5567 0.049485
0.58557 0.076289
0.58969 0.10928
0.59588 0.14227
0.59588 0.1732
0.58144 0.20412
0.54845 0.2
0.51546 0.19588
0.48247 0.18557
0.44948 0.18144
0.41649 0.17526
0.38351 0.17113
0.35052 0.16289
0.31753 0.13814
0.28454 0.11753
0.25155 0.096907
0.21856 0.076289
0.18557 0.063918
0.15258 0.05567
0.11959 0.059794
0.08866 0.076289
0.059794 0.068041
0.063918 0.08866
0.03299 0.10309
0.0061856 0.12165
0 0.15464
0.018557 0.18763
0.051546 0.20206
0.084536 0.21649
0.11753 0.23299
0.15052 0.24948
0.18351 0.26392
0.21649 0.27835
0.24948 0.29897
0.28247 0.31753
0.31546 0.33814
0.34845 0.35876
0.38144 0.38144
0.39794 0.39175
# triangles
86 88 89
86 87 88
56 57 58
15 16 17
21 22 26
22 25 26
23 24 25
22 23 25
81 82 92
17 18 19
15 17 19
79 92 93
86 89 90
85 86 90
77 94 95
11 13 15
11 12 13
13 14 15
20 21 26
82 83 92
83 84 85
80 81 92
79 80 92
78 79 93
78 93 94
77 78 94
1 2 69
85 90 91
83 85 91
83 91 92
76 95 96
76 77 95
49 59 60
5 6 43
74 97 98
74 98 99
73 74 99
72 73 99
72 99 100
0 71 72
0 72 100
0 1 70
0 70 71
1 69 70
6 41 42
6 42 43
4 5 44
5 43 44
48 49 64
48 64 65
62 63 64
50 58 59
49 50 59
7 39 40
6 40 41
6 7 40
7 8 39
74 75 97
75 96 97
75 76 96
61 62 64
49 61 64
49 60 61
52 56 58
50 52 58
45 67 68
44 45 68
2 68 69
2 3 68
3 4 68
4 44 68
9 10 32
9 32 34
52 55 56
52 53 55
53 54 55
50 51 52
47 48 65
47 65 66
32 33 34
9 36 37
8 9 38
9 37 38
8 38 39
45 46 67
46 66 67
46 47 66
10 29 30
10 28 29
10 11 28
9 34 35
9 35 36
10 31 32
10 30 31
11 15 27
11 27 28
15 19 27
19 20 27
20 26 27
