# points
0.33563 0.49655
0.33563 0.52644
0.33793 0.55632
0.33793 0.58621
0.34023 0.61609
0.34253 0.64598
0.34253 0.67586
0.34483 0.70575
0.34713 0.73563
0.34713 0.76552
0.37011 0.77701
0.4 0.78391
0.42989 0.7908
0.45977 0.7954
0.48966 0.8023
0.51954 0.8092
0.54483 0.81839
0.53333 0.84828
0.52184 0.87816
0.51034 0.90805
0.51954 0.93793
0.54023 0.96782
0.56092 0.9954
0.5908 0.9954
0.62069 0.9977
0.65057 1
0.67126 0.98161
0.68506 0.95172
0.69655 0.92184
0.72644 0.91724
0.75632 0.91494
0.78391 0.90575
0.7931 0.87586
0.8046 0.84598
0.81379 0.81609
0.7954 0.78621
0.77241 0.75632
0.74713 0.73793
0.71724 0.74713
0.68736 0.75402
0.65747 0.76092
0.62759 0.76782
0.5977 0.75862
0.56782 0.74943
0.53793 0.74253
0.50805 0.73333
0.47816 0.72414
0.44828 0.71494
0.41839 0.70575
0.41149 0.68046
0.4092 0.65057
0.4092 0.62069
0.4092 0.5908
0.4069 0.56092
0.4069 0.53103
0.4046 0.50115
0.4046 0.47126
0.4046 0.44138
0.4023 0.41149
0.4023 0.38161
0.4 0.35172
0.4 0.32184
0.4 0.29195
0.37011 0.27126
0.34023 0.24828
0.31034 0.22759
0.28046 0.2046
0.25057 0.18391
0.22069 0.16092
0.22759 0.13103
0.23448 0.10115
0.24138 0.071264
0.23908 0.043678
0.2092 0.022989
0.17931 0.0022989
0.14943 0
0.11954 0.011494
0.089655 0.022989
0.082759 0.043678
0.091954 0.073563
0.087356 0.096552
0.057471 0.098851
0.027586 0.10115
0.011494 0.11954
0.0045977 0.14943
0 0.17931
0.025287 0.2092
0.055172 0.23908
0.082759 0.23448
0.11264 0.21839
0.14253 0.2046
0.17241 0.21149
0.2023 0.22989
0.23218 0.25057
0.26207 0.26897
0.29195 0.28966
0.32184 0.30805
0.32644 0.33563
0.32874 0.36552
0.33103 0.3954
0.33103 0.42529
0.33333 0.45517
0.33333 0.48506
0.33563 0.49655
# triangles
86 87 88
71 72 73
21 22 23
18 21 23
18 23 27
17 18 28
18 27 28
84 85 86
33 34 35
56 101 102
56 57 101
57 100 101
59 98 99
65 94 95
64 95 96
64 65 95
67 92 93
73 74 75
73 75 79
86 88 89
24 26 27
23 24 27
24 25 26
18 20 21
18 19 20
81 84 86
81 86 89
80 81 89
81 83 84
4 5 51
0 56 102
61 96 97
57 58 100
58 99 100
58 59 99
63 64 96
61 62 63
61 63 96
66 67 93
66 93 94
65 66 94
75 76 79
76 77 78
76 78 79
81 82 83
1 2 54
29 30 32
30 31 32
59 60 98
60 97 98
60 61 97
70 71 73
70 73 79
70 79 80
69 70 80
80 89 90
13 45 46
16 17 28
16 28 41
13 14 45
14 15 45
36 37 38
35 36 38
33 35 38
32 33 38
0 1 55
1 54 55
0 55 56
2 3 53
2 53 54
68 69 80
68 80 90
67 68 92
5 50 51
5 6 50
6 49 50
10 11 48
16 42 43
16 41 42
28 40 41
3 52 53
3 4 52
4 51 52
68 91 92
68 90 91
13 46 47
12 13 47
11 12 47
11 47 48
8 9 10
8 10 48
28 29 39
28 39 40
29 32 39
32 38 39
15 44 45
16 43 44
15 16 44
7 48 49
7 8 48
6 7 49
