# points
0.34174 0.5
0.3578 0.52523
0.37615 0.55046
0.3922 0.57569
0.40826 0.60092
0.42431 0.62615
0.44037 0.65138
0.45642 0.67661
0.47248 0.70183
0.48853 0.72706
0.50459 0.75229
0.52064 0.77752
0.5367 0.80275
0.54128 0.82798
0.53211 0.85321
0.52064 0.87844
0.51147 0.90367
0.50917 0.9289
0.52752 0.95413
0.54587 0.97936
0.56422 0.99771
0.58945 0.99771
0.61468 1
0.63991 1
0.66514 0.99771
0.67431 0.97248
0.68578 0.94725
0.69725 0.92202
0.72248 0.91972
0.74771 0.91743
0.77294 0.91514
0.7867 0.8945
0.79587 0.86927
0.80275 0.84404
0.81193 0.81881
0.79817 0.79358
0.77752 0.76835
0.75917 0.74312
0.73394 0.74312
0.70872 0.75
0.68349 0.75688
0.65826 0.76376
0.63303 0.77064
0.61468 0.74771
0.59862 0.72248
0.58257 0.69725
0.56651 0.67202
0.55275 0.64679
0.5367 0.62156
0.52064 0.59633
0.50459 0.5711
0.48853 0.54587
0.47248 0.52064
0.45642 0.49541
0.44037 0.47018
0.42661 0.44495
0.41055 0.41972
0.3945 0.3945
0.37844 0.36927
0.36239 0.34404
0.34633 0.31881
0.33028 0.29358
0.31651 0.26835
0.30046 0.24312
0.2844 0.21789
0.26835 0.19266
0.25229 0.16743
0.25 0.1422
0.24771 0.11697
0.24771 0.091743
0.24541 0.066514
0.23394 0.045872
0.20872 0.027523
0.18349 0.011468
0.15826 0
0.13303 0.011468
0.1078 0.020642
0.082569 0.029817
0.082569 0.050459
0.091743 0.075688
0.094037 0.098624
0.068807 0.10092
0.043578 0.10321
0.018349 0.1078
0.011468 0.12844
0.0045872 0.15367
0 0.1789
0.016055 0.20413
0.041284 0.22936
0.06422 0.24771
0.08945 0.23394
0.11468 0.22248
0.13991 0.20872
0.16055 0.2156
0.17661 0.24083
0.19266 0.26606
0.20872 0.29128
0.22477 0.31651
0.24083 0.34174
0.25688 0.36697
0.27294 0.3922
0.28899 0.41743
0.30505 0.44266
0.32339 0.46789
0.33945 0.49312
0.34174 0.5
# triangles
85 86 87
23 24 25
22 23 25
19 20 21
18 19 21
33 34 35
16 17 18
15 16 18
18 21 26
15 18 26
21 22 26
14 26 27
14 15 26
22 25 26
29 30 31
29 31 32
59 100 101
58 101 102
58 59 101
88 89 90
87 88 90
81 85 87
81 87 90
81 90 91
66 93 94
2 52 53
4 50 51
2 3 52
3 4 51
3 51 52
8 46 47
12 13 42
13 14 27
13 27 42
27 28 40
28 32 40
28 29 32
73 74 75
59 60 100
60 99 100
60 61 99
62 97 98
61 62 98
61 98 99
56 103 104
0 55 104
55 56 104
57 58 102
57 102 103
56 57 103
80 81 91
80 91 92
82 84 85
81 82 85
82 83 84
62 63 97
63 96 97
65 94 95
65 66 94
0 54 55
0 1 54
1 2 54
2 53 54
6 48 49
36 38 39
33 36 39
33 35 36
36 37 38
27 41 42
27 40 41
8 9 46
73 75 79
75 76 79
72 73 79
72 79 80
68 80 92
64 65 95
64 95 96
63 64 96
6 7 48
7 8 47
7 47 48
5 49 50
5 6 49
4 5 50
12 42 43
11 12 43
76 77 78
76 78 79
67 92 93
67 68 92
66 67 93
69 72 80
68 69 80
69 70 71
69 71 72
10 11 44
11 43 44
10 44 45
9 45 46
9 10 45
33 39 40
32 33 40
