# points
0.24541 0.49771
0.25688 0.52752
0.26606 0.55734
0.27523 0.58716
0.2844 0.61697
0.29358 0.64679
0.30275 0.67661
0.31193 0.70642
0.3211 0.73624
0.33028 0.76606
0.33945 0.79587
0.35092 0.82569
0.36468 0.84174
0.3945 0.83716
0.42431 0.83257
0.45413 0.82798
0.48394 0.82569
0.51376 0.8211
0.54358 0.81881
0.53211 0.84862
0.52064 0.87844
0.50917 0.90826
0.51835 0.93807
0.53899 0.96789
0.55963 0.99541
0.58945 0.99541
0.61927 0.99771
0.64908 1
0.66972 0.98165
0.68349 0.95183
0.69495 0.92202
0.72477 0.91743
0.75459 0.91514
0.78211 0.90596
0.79128 0.87615
0.80275 0.84633
0.81193 0.81651
0.79358 0.7867
0.77064 0.75688
0.74541 0.73853
0.7156 0.74771
0.68578 0.75459
0.65596 0.76147
0.62615 0.76835
0.59633 0.76835
0.56651 0.76835
0.5367 0.76606
0.50688 0.76606
0.47706 0.76606
0.44725 0.76376
0.41743 0.76376
0.38761 0.76376
0.37844 0.73394
0.36927 0.70413
0.36009 0.67431
0.35321 0.6445
0.34404 0.61468
0.33716 0.58486
0.32798 0.55505
0.3211 0.52523
0.31193 0.49541
0.30275 0.4656
0.29587 0.43578
0.2867 0.40596
0.27982 0.37615
0.27064 0.34633
0.26147 0.31651
0.25459 0.2867
0.24541 0.25688
0.23853 0.22706
0.22936 0.19725
0.22018 0.16743
0.22477 0.13761
0.23165 0.1078
0.23853 0.077982
0.24312 0.048165
0.2133 0.029817
0.18349 0.0091743
0.15367 0
0.12385 0.011468
0.094037 0.022936
0.080275 0.041284
0.091743 0.071101
0.091743 0.09633
0.061927 0.10092
0.03211 0.10321
0.011468 0.11697
0.0068807 0.14679
0 0.17661
0.020642 0.20642
0.050459 0.23624
0.077982 0.23853
0.1078 0.22248
0.13761 0.20872
0.15826 0.2156
0.16743 0.24541
0.17661 0.27523
0.18578 0.30505
0.19495 0.33486
0.20413 0.36468
0.2133 0.3945
0.22248 0.42431
0.23165 0.45413
0.24312 0.48394
0.24541 0.49771
# triangles
87 88 89
89 91 92
89 90 91
64 65 100
31 34 41
85 86 87
38 39 40
37 38 40
34 40 41
35 36 37
34 35 40
35 37 40
65 99 100
66 98 99
65 66 99
66 97 98
66 67 97
32 33 34
31 32 34
23 24 25
20 25 29
20 23 25
14 15 49
17 46 47
62 63 102
63 101 102
63 64 100
63 100 101
80 81 82
79 80 82
77 78 79
77 79 82
30 31 41
30 41 42
30 42 43
19 20 30
20 29 30
10 11 51
0 60 61
4 5 56
73 82 83
83 92 93
76 77 82
73 76 82
71 93 94
72 73 83
71 72 93
72 83 93
69 95 96
74 75 76
73 74 76
26 28 29
25 26 29
26 27 28
20 21 22
20 22 23
16 17 47
11 12 13
11 13 51
5 55 56
5 6 55
14 49 50
13 50 51
13 14 50
18 19 30
18 30 43
18 43 44
18 44 45
18 45 46
17 18 46
9 10 51
9 51 52
8 9 52
0 1 60
0 61 103
62 102 103
61 62 103
2 3 58
84 85 87
83 84 92
84 89 92
84 87 89
69 70 95
70 94 95
70 71 94
68 69 96
67 68 97
68 96 97
15 48 49
15 16 48
16 47 48
8 52 53
7 8 53
2 58 59
1 2 59
1 59 60
3 57 58
4 56 57
3 4 57
6 54 55
6 7 54
7 53 54
