# points
0.33867 0.50114
0.35469 0.52632
0.36156 0.55149
0.37071 0.57666
0.37986 0.60183
0.38673 0.627
0.39588 0.65217
0.40275 0.67735
0.4119 0.70252
0.41876 0.72769
0.42792 0.75286
0.43707 0.77803
0.44394 0.8032
0.45309 0.82838
0.46682 0.85355
0.47826 0.87872
0.49199 0.90389
0.50572 0.92906
0.52403 0.95423
0.54233 0.97941
0.56064 0.99771
0.58581 0.99771
0.61098 1
0.63616 1
0.66133 0.99771
0.67048 0.97254
0.68192 0.94737
0.69336 0.9222
0.71854 0.91991
0.74371 0.91762
0.76888 0.91533
0.78261 0.89474
0.79176 0.86957
0.79863 0.84439
0.80778 0.81922
0.79405 0.79405
0.77346 0.76888
0.75515 0.74371
0.72998 0.74371
0.70481 0.75057
0.67963 0.75744
0.65446 0.7643
0.62929 0.77117
0.6087 0.74828
0.59268 0.72311
0.57666 0.69794
0.55835 0.67277
0.54233 0.6476
0.52403 0.62243
0.50801 0.59725
0.4897 0.57208
0.47368 0.54691
0.45767 0.52174
0.43936 0.49657
0.42334 0.4714
0.41648 0.44622
0.40961 0.42105
0.40275 0.39588
0.39359 0.37071
0.38673 0.34554
0.37986 0.32037
0.373 0.29519
0.36613 0.27002
0.35927 0.24485
0.3524 0.21968
0.34325 0.19451
0.33638 0.16934
0.32952 0.14416
0.3135 0.11899
0.28833 0.09611
0.26316 0.073227
0.23799 0.052632
0.21281 0.034325
0.18764 0.018307
0.16247 0
0.1373 0.011442
0.11213 0.020595
0.086957 0.029748
0.077803 0.045767
0.086957 0.070938
0.093822 0.09611
0.073227 0.10297
0.048055 0.10526
0.022883 0.10755
0.0091533 0.12357
0.0045767 0.14874
0 0.17391
0.006865 0.19908
0.032037 0.22426
0.057208 0.24943
0.080092 0.24027
0.10526 0.22654
0.13043 0.2151
0.15332 0.21053
0.16934 0.2357
0.18535 0.26087
0.20137 0.28604
0.21739 0.31121
0.23341 0.33638
0.24943 0.36156
0.26545 0.38673
0.28375 0.4119
0.29977 0.43707
0.31579 0.46224
0.33181 0.48741
0.33867 0.50114
# triangles
19 20 21
18 19 21
58 101 102
21 22 26
18 26 27
18 21 26
85 86 87
71 80 93
14 15 42
15 16 42
81 85 88
85 87 88
80 81 92
80 92 93
67 68 94
60 61 99
57 58 102
27 28 40
28 32 40
29 30 31
29 31 32
28 29 32
81 82 85
82 84 85
82 83 84
75 79 80
70 71 93
71 72 80
13 14 43
14 42 43
16 17 42
17 18 27
17 27 42
81 88 91
81 91 92
33 34 35
27 41 42
27 40 41
33 35 36
36 37 38
61 98 99
6 48 49
6 7 48
8 9 47
8 47 48
7 8 48
3 51 52
60 99 100
6 49 50
5 6 50
58 59 101
59 100 101
59 60 100
23 24 25
22 23 25
22 25 26
77 78 79
76 77 79
75 76 79
69 70 93
68 69 94
69 93 94
73 74 75
73 75 80
72 73 80
12 13 43
88 89 90
88 90 91
64 65 96
3 4 51
4 5 50
4 50 51
1 53 54
0 1 54
54 55 104
0 54 104
1 2 53
2 3 52
2 52 53
57 102 103
56 57 103
55 103 104
55 56 103
10 45 46
9 46 47
9 10 46
10 11 45
36 38 39
33 36 39
65 95 96
66 67 94
66 94 95
65 66 95
61 62 98
62 97 98
63 64 96
63 96 97
62 63 97
11 44 45
12 43 44
11 12 44
32 33 39
32 39 40
