# points
0.4221 0.44193
0.44759 0.46742
0.47025 0.49292
0.49292 0.51841
0.51558 0.54391
0.53824 0.56941
0.56091 0.5949
0.58357 0.6204
0.60623 0.64589
0.6289 0.67139
0.65156 0.69688
0.67422 0.72238
0.66006 0.74788
0.64589 0.77337
0.63173 0.79887
0.63173 0.82153
0.65722 0.84703
0.68272 0.87252
0.70822 0.88102
0.73371 0.88102
0.75921 0.88102
0.7847 0.88102
0.8102 0.88385
0.83003 0.86686
0.84419 0.84136
0.85836 0.81586
0.88385 0.81303
0.90935 0.8102
0.93484 0.80737
0.96034 0.80737
0.9745 0.78187
0.98584 0.75637
1 0.73088
0.9915 0.70538
0.96601 0.68272
0.94051 0.66006
0.91501 0.65439
0.88952 0.66006
0.86402 0.66572
0.83853 0.66856
0.81303 0.67422
0.78754 0.67989
0.76204 0.66572
0.73938 0.64023
0.71388 0.61473
0.69122 0.58924
0.66572 0.56374
0.64306 0.53824
0.61756 0.51275
0.5949 0.48725
0.56941 0.46176
0.54674 0.43626
0.52125 0.41076
0.49575 0.38527
0.47309 0.35977
0.44759 0.33428
0.42493 0.30878
0.39943 0.28329
0.37677 0.25779
0.35127 0.23229
0.32861 0.2068
0.30312 0.1813
0.28045 0.15581
0.27762 0.13031
0.28612 0.10482
0.29178 0.07932
0.30028 0.053824
0.28045 0.036827
0.25496 0.025496
0.22946 0.014164
0.20397 0
0.17847 0.0084986
0.15297 0.014164
0.12748 0.022663
0.10198 0.028329
0.10482 0.048159
0.11615 0.073654
0.10765 0.090652
0.082153 0.090652
0.056657 0.093484
0.031161 0.096317
0.014164 0.10765
0.0084986 0.13314
0 0.15864
0.016997 0.17847
0.042493 0.1983
0.067989 0.2153
0.093484 0.2153
0.11898 0.2068
0.14448 0.19547
0.16997 0.18697
0.19547 0.18697
0.21813 0.21246
0.24079 0.23796
0.26346 0.26346
0.28612 0.28895
0.30878 0.31445
0.33144 0.33994
0.35411 0.36544
0.37677 0.39093
0.39943 0.41643
0.4221 0.44193
0.4221 0.44193
# triangles
85 86 87
80 81 82
78 85 87
27 28 34
57 58 97
63 76 91
63 69 76
82 83 84
72 73 76
78 79 85
79 84 85
79 82 84
79 80 82
1 2 52
2 51 52
2 3 51
34 35 36
71 72 76
69 71 76
69 70 71
28 31 34
31 32 33
31 33 34
0 53 54
0 1 53
1 52 53
0 54 100
54 55 100
55 99 100
55 56 99
64 68 69
63 64 69
62 91 92
62 63 91
73 74 75
73 75 76
78 87 88
76 90 91
3 50 51
3 4 50
4 49 50
7 46 47
6 7 47
4 5 49
16 17 18
16 18 19
14 15 16
13 14 16
7 8 46
12 13 16
12 16 19
28 29 30
28 30 31
56 98 99
57 97 98
56 57 98
60 94 95
59 60 95
65 66 67
65 67 68
64 65 68
61 93 94
60 61 94
61 92 93
61 62 92
77 78 88
77 88 89
76 77 90
77 89 90
21 22 23
21 23 24
20 21 24
20 24 25
11 12 20
12 19 20
5 48 49
6 47 48
5 6 48
8 45 46
8 9 45
9 44 45
58 59 96
59 95 96
58 96 97
11 41 42
20 25 41
11 20 41
11 42 43
27 34 37
34 36 37
25 39 40
25 40 41
10 11 43
10 43 44
9 10 44
25 26 38
25 38 39
26 27 38
27 37 38
