# points
0.34568 0.50123
0.36049 0.52346
0.37531 0.54568
0.38765 0.5679
0.40247 0.59012
0.41728 0.61235
0.4321 0.63457
0.44444 0.65679
0.45926 0.67901
0.47407 0.70123
0.48889 0.72346
0.50123 0.74568
0.51605 0.7679
0.53086 0.79012
0.54321 0.81235
0.55802 0.83457
0.57284 0.85679
0.58765 0.87901
0.59259 0.90123
0.6 0.92346
0.60741 0.94568
0.62222 0.96296
0.64444 0.97778
0.66667 0.99259
0.68889 1
0.71111 0.97778
0.72593 0.95556
0.71852 0.9358
0.71358 0.91358
0.7037 0.89136
0.69383 0.86914
0.68395 0.84691
0.67407 0.82469
0.65926 0.80247
0.64444 0.78025
0.62963 0.75802
0.61481 0.7358
0.59753 0.71358
0.58272 0.69136
0.5679 0.66914
0.55309 0.64691
0.53827 0.62469
0.52346 0.60247
0.50864 0.58025
0.49383 0.55802
0.47901 0.5358
0.4642 0.51358
0.44938 0.49136
0.43457 0.46914
0.41975 0.44691
0.40494 0.42469
0.39012 0.40247
0.37284 0.38025
0.35802 0.35802
0.34321 0.3358
0.3284 0.31358
0.31358 0.29136
0.29877 0.26914
0.28395 0.24691
0.26914 0.22469
0.25432 0.20247
0.23951 0.18025
0.23951 0.15802
0.24444 0.1358
0.24938 0.11358
0.25432 0.091358
0.25926 0.069136
0.25679 0.049383
0.23457 0.034568
0.21235 0.019753
0.19012 0.0049383
0.1679 0
0.14568 0.0074074
0.12346 0.017284
0.10123 0.024691
0.083951 0.034568
0.091358 0.05679
0.098765 0.079012
0.10617 0.10123
0.083951 0.10617
0.061728 0.10864
0.039506 0.11111
0.017284 0.11111
0.012346 0.13333
0.0074074 0.15556
0.0024691 0.17778
0 0.2
0.022222 0.22222
0.044444 0.24444
0.064198 0.26667
0.08642 0.25432
0.10864 0.24444
0.13086 0.2321
0.15309 0.22222
0.17037 0.22716
0.18519 0.24938
0.2 0.2716
0.21481 0.29383
0.22716 0.31605
0.24198 0.33827
0.25679 0.36049
0.2716 0.38272
0.28395 0.40494
0.29877 0.42716
0.31358 0.44938
0.32593 0.4716
0.34074 0.49383
0.34568 0.50123
# triangles
23 24 25
22 23 25
65 68 69
18 30 31
69 72 78
69 70 72
70 71 72
81 82 83
81 83 84
80 81 84
72 77 78
72 73 77
84 85 87
80 84 87
85 86 87
21 22 28
66 67 68
65 66 68
56 57 99
9 10 39
10 38 39
10 11 38
17 18 31
16 17 33
9 39 40
7 41 42
6 7 42
4 44 45
74 75 76
73 74 76
73 76 77
22 25 27
22 27 28
25 26 27
17 32 33
17 31 32
51 52 104
50 51 105
51 104 105
55 56 100
56 99 100
21 28 29
20 21 29
13 36 37
13 35 36
13 14 35
14 15 35
7 8 41
8 9 40
8 40 41
6 42 43
4 5 44
5 6 43
5 43 44
1 47 48
0 48 49
0 1 48
2 46 47
1 2 47
60 61 94
63 64 78
64 69 78
64 65 69
58 59 96
54 55 101
55 100 101
53 54 101
12 13 37
19 20 29
19 29 30
18 19 30
16 33 34
15 16 34
15 34 35
50 105 106
49 50 106
0 49 106
2 3 46
3 4 45
3 45 46
88 89 90
61 62 94
62 93 94
62 78 93
62 63 78
57 58 97
58 96 97
78 92 93
78 79 92
59 60 95
59 95 96
60 94 95
52 103 104
52 53 103
57 98 99
57 97 98
88 90 91
87 88 91
79 91 92
80 87 91
79 80 91
53 101 102
53 102 103
12 37 38
11 12 38
