# points
0.33945 0.5
0.3555 0.52523
0.37385 0.55046
0.38991 0.57569
0.40596 0.60092
0.42202 0.62615
0.43807 0.65138
0.45413 0.67661
0.47018 0.70183
0.48624 0.72706
0.50229 0.75229
0.51835 0.77752
0.5344 0.80275
0.53899 0.82798
0.52982 0.85321
0.51835 0.87844
0.50917 0.90367
0.50688 0.9289
0.52523 0.95413
0.54358 0.97936
0.56193 0.99771
0.58716 0.99771
0.61239 1
0.63761 1
0.66284 0.99771
0.67202 0.97248
0.68349 0.94725
0.69495 0.92202
0.72018 0.91972
0.74541 0.91743
0.77064 0.91514
0.7844 0.8945
0.79358 0.86927
0.80046 0.84404
0.80963 0.81881
0.79587 0.79358
0.77523 0.76835
0.75688 0.74312
0.73165 0.74312
0.70642 0.75
0.68119 0.75688
0.65596 0.76376
0.63073 0.77064
0.61009 0.74771
0.59404 0.72248
0.57798 0.69725
0.55963 0.67202
0.54358 0.64679
0.52523 0.62156
0.50917 0.59633
0.49083 0.5711
0.47477 0.54587
0.45872 0.52064
0.44037 0.49541
0.42431 0.47018
0.40596 0.44495
0.38991 0.41972
0.37156 0.3945
0.3555 0.36927
0.33716 0.34404
0.3211 0.31881
0.30505 0.29358
0.2867 0.26835
0.27064 0.24312
0.25229 0.21789
0.23624 0.19266
0.21789 0.16743
0.22248 0.1422
0.22936 0.11697
0.23394 0.091743
0.23853 0.066514
0.23165 0.045872
0.20642 0.027523
0.18119 0.011468
0.15596 0
0.13073 0.011468
0.1055 0.020642
0.080275 0.029817
0.055046 0.041284
0.029817 0.050459
0.020642 0.071101
0.016055 0.09633
0.0091743 0.12156
0.0045872 0.14679
0 0.17202
0.0068807 0.19725
0.03211 0.22248
0.057339 0.24771
0.080275 0.23853
0.1055 0.22477
0.13073 0.2133
0.15367 0.20872
0.16972 0.23394
0.18578 0.25917
0.20183 0.2844
0.21789 0.30963
0.23394 0.33486
0.25 0.36009
0.26606 0.38532
0.2844 0.41055
0.30046 0.43578
0.31651 0.46101
0.33257 0.48624
0.33945 0.5
# triangles
23 24 25
22 23 25
19 20 21
18 19 21
0 54 55
33 34 35
16 17 18
15 16 18
18 21 26
15 18 26
21 22 26
14 26 27
14 15 26
22 25 26
29 30 31
29 31 32
70 71 72
86 87 88
86 88 89
83 86 89
83 84 85
83 85 86
8 46 47
4 50 51
10 11 44
27 28 40
28 32 40
28 29 32
78 79 80
78 80 81
73 74 75
72 73 75
3 4 51
3 51 52
6 48 49
4 5 50
5 49 50
5 6 49
58 99 100
65 92 93
55 56 102
56 101 102
0 55 102
81 82 90
82 83 89
82 89 90
36 38 39
33 36 39
33 35 36
36 37 38
27 41 42
27 40 41
12 13 42
13 14 27
13 27 42
8 9 46
10 44 45
9 45 46
9 10 45
76 77 91
77 90 91
77 81 90
77 78 81
0 1 54
6 7 48
7 8 47
7 47 48
57 58 100
57 100 101
56 57 101
67 76 91
12 42 43
11 12 43
11 43 44
2 3 52
61 62 96
59 60 98
59 98 99
58 59 99
60 97 98
61 96 97
60 61 97
68 75 76
67 68 76
62 95 96
62 63 95
66 67 91
66 91 92
65 66 92
2 52 53
1 53 54
1 2 53
69 70 72
69 72 75
68 69 75
64 65 93
63 94 95
64 93 94
63 64 94
33 39 40
32 33 40
