# points
0.053333 0.47333
0.06 0.49333
0.066667 0.51333
0.066667 0.53333
0.073333 0.55333
0.08 0.57333
0.086667 0.59333
0.093333 0.61333
0.1 0.63333
0.10667 0.65333
0.11333 0.67333
0.12667 0.69333
0.13333 0.71333
0.14 0.73333
0.14667 0.75333
0.15333 0.77333
0.16 0.79333
0.16667 0.81333
0.16667 0.83333
0.17333 0.85333
0.18 0.87333
0.18 0.89333
0.18 0.91333
0.18 0.93333
0.18 0.95333
0.18 0.97333
0.18667 0.99333
0.20667 1
0.22667 1
0.24667 0.99333
0.26667 0.98667
0.28667 0.98
0.29333 0.96
0.29333 0.94
0.29333 0.92
0.29333 0.9
0.29333 0.88
0.28667 0.86
0.28 0.84
0.27333 0.82
0.26667 0.8
0.26667 0.78
0.26667 0.76
0.26667 0.74
0.26667 0.72
0.26667 0.7
0.26667 0.68
0.26667 0.66
0.26667 0.64
0.26667 0.62
0.26667 0.6
0.26667 0.58
0.26667 0.56
0.26667 0.54
0.26667 0.52
0.27333 0.5
0.27333 0.48
0.27333 0.46
0.27333 0.44
0.28 0.42
0.28 0.4
0.28 0.38
0.28 0.36
0.28 0.34
0.28 0.32
0.28 0.3
0.28 0.28
0.28 0.26
0.26667 0.24
0.26667 0.22
0.26 0.2
0.26 0.18
0.26 0.16
0.25333 0.14
0.24667 0.12
0.24 0.1
0.24 0.08
0.24 0.06
0.24 0.04
0.24 0.02
0.22667 0.0066667
0.20667 0
0.18667 0.0066667
0.16667 0.013333
0.14667 0.013333
0.12667 0.013333
0.10667 0.02
0.086667 0.02
0.066667 0.02
0.046667 0.026667
0.026667 0.033333
0.0066667 0.04
0 0.06
0 0.08
0 0.1
0.0066667 0.12
0.0066667 0.14
0.013333 0.16
0.013333 0.18
0.013333 0.2
0.013333 0.22
0.013333 0.24
0.013333 0.26
0.02 0.28
0.02 0.3
0.02 0.32
0.02 0.34
0.02 0.36
0.026667 0.38
0.026667 0.4
0.04 0.42
0.046667 0.44
0.053333 0.46
0.053333 0.47333
# triangles
30 31 32
78 79 80
2 56 57
1 2 57
77 82 83
77 78 82
80 81 82
78 80 82
90 91 92
2 54 56
58 111 112
57 58 112
1 57 112
29 30 33
30 32 33
84 85 86
75 84 86
75 83 84
87 88 89
89 90 93
90 92 93
68 70 103
68 69 70
58 59 60
58 60 111
62 63 108
108 109 110
62 108 110
61 62 110
60 110 111
60 61 110
54 55 56
11 12 46
11 46 47
11 47 48
25 26 27
12 13 45
12 45 46
2 3 4
2 4 54
0 1 112
71 73 98
75 86 97
73 97 98
87 89 95
93 94 95
89 93 95
86 87 95
95 96 97
86 95 97
106 107 108
63 106 108
66 67 68
65 66 68
5 52 53
4 5 53
4 53 54
6 7 51
6 51 52
5 6 52
9 10 48
10 11 48
9 48 49
8 9 49
23 33 34
23 29 33
13 44 45
20 37 38
17 40 41
17 18 40
70 99 100
101 102 103
70 101 103
70 100 101
76 77 83
75 76 83
71 72 73
74 75 97
73 74 97
68 103 104
65 68 104
8 49 50
7 50 51
7 8 50
16 17 41
14 15 43
13 14 44
14 43 44
23 24 29
24 28 29
22 34 35
22 23 34
15 42 43
16 41 42
15 16 42
21 22 35
21 35 36
21 36 37
20 21 37
19 38 39
19 20 38
19 39 40
18 19 40
70 71 99
71 98 99
24 25 27
24 27 28
63 105 106
63 64 105
64 65 105
65 104 105
