# points
0.017964 0.37725
0.011976 0.39521
0.011976 0.41317
0.005988 0.43114
0.005988 0.4491
0 0.46707
0 0.48503
0 0.50299
0 0.52096
0 0.53892
0 0.55689
0 0.57485
0 0.59281
0 0.61078
0.005988 0.62874
0.011976 0.64671
0.017964 0.66467
0.017964 0.68263
0.017964 0.7006
0.017964 0.71856
0.017964 0.73653
0.017964 0.75449
0.017964 0.77246
0.017964 0.79042
0.017964 0.80838
0.017964 0.82635
0.017964 0.84431
0.011976 0.86228
0.011976 0.88024
0.005988 0.8982
0.005988 0.91617
0.005988 0.93413
0.005988 0.9521
0.005988 0.97006
0.017964 0.98802
0.035928 0.99401
0.053892 0.99401
0.071856 0.99401
0.08982 0.99401
0.10778 1
0.12575 0.98802
0.12575 0.97006
0.12575 0.9521
0.12575 0.93413
0.12575 0.91617
0.12575 0.8982
0.12575 0.88024
0.13174 0.86228
0.13772 0.84431
0.1497 0.82635
0.1497 0.80838
0.15569 0.79042
0.16168 0.77246
0.16766 0.75449
0.17964 0.73653
0.18563 0.71856
0.19162 0.7006
0.1976 0.68263
0.20359 0.66467
0.20958 0.64671
0.21557 0.62874
0.21557 0.61078
0.22156 0.59281
0.22156 0.57485
0.22754 0.55689
0.22754 0.53892
0.22754 0.52096
0.23353 0.50299
0.23353 0.48503
0.23952 0.46707
0.24551 0.4491
0.24551 0.43114
0.24551 0.41317
0.24551 0.39521
0.2515 0.37725
0.2515 0.35928
0.25749 0.34132
0.25749 0.32335
0.25749 0.30539
0.26347 0.28743
0.26347 0.26946
0.26347 0.2515
0.26946 0.23353
0.26946 0.21557
0.27545 0.1976
0.27545 0.17964
0.28144 0.16168
0.28144 0.14371
0.28144 0.12575
0.28144 0.10778
0.28144 0.08982
0.28144 0.071856
0.27545 0.053892
0.26347 0.041916
0.24551 0.035928
0.22754 0.02994
0.20958 0.023952
0.19162 0.017964
0.17365 0.011976
0.15569 0.011976
0.13772 0.005988
0.11976 0
0.1018 0
0.083832 0
0.071856 0.017964
0.065868 0.035928
0.05988 0.053892
0.053892 0.071856
0.053892 0.08982
0.053892 0.10778
0.053892 0.12575
0.047904 0.14371
0.047904 0.16168
0.041916 0.17964
0.035928 0.1976
0.02994 0.21557
0.02994 0.23353
0.023952 0.2515
0.023952 0.26946
0.023952 0.28743
0.023952 0.30539
0.023952 0.32335
0.023952 0.34132
0.017964 0.35928
0.017964 0.37725
0.017964 0.37725
# triangles
97 98 99
110 111 112
33 34 35
83 85 112
85 110 112
73 74 75
73 75 122
97 109 110
97 99 109
96 97 110
88 96 110
61 62 63
11 61 63
12 14 61
11 12 61
20 21 52
14 15 61
83 112 113
81 83 113
102 103 104
23 24 50
83 84 85
87 88 110
85 87 110
85 86 87
90 91 94
90 94 95
69 70 71
4 66 68
66 67 68
9 63 65
9 10 63
10 11 63
7 8 66
4 5 6
4 6 66
6 7 66
39 40 41
38 39 41
16 57 58
16 17 56
16 56 57
21 51 52
12 13 14
19 20 53
20 52 53
18 19 53
114 115 116
81 114 116
81 113 114
81 82 83
116 117 118
78 118 119
78 116 118
0 72 73
0 73 122
0 122 123
75 76 77
99 108 109
99 106 108
99 100 106
89 90 95
89 95 96
88 89 96
63 64 65
59 60 61
15 59 61
17 18 55
17 55 56
53 54 55
18 53 55
28 45 46
48 49 50
24 48 50
24 25 48
25 47 48
22 23 50
22 50 51
21 22 51
31 36 37
31 37 43
38 41 42
37 38 42
37 42 43
78 79 80
80 81 116
78 80 116
75 121 122
75 77 121
2 71 72
0 2 72
0 1 2
2 69 71
2 68 69
2 3 4
2 4 68
106 107 108
100 101 105
100 105 106
101 102 105
102 104 105
26 46 47
25 26 47
28 29 30
32 35 36
32 33 35
31 32 36
78 119 120
28 44 45
28 30 44
92 93 94
91 92 94
8 9 65
8 65 66
16 58 59
15 16 59
26 28 46
26 27 28
77 120 121
77 78 120
30 31 44
31 43 44
