# points
0.03012 0.37952
0.03012 0.39759
0.024096 0.41566
0.018072 0.43373
0.018072 0.45181
0.018072 0.46988
0.018072 0.48795
0.018072 0.50602
0.018072 0.5241
0.018072 0.54217
0.024096 0.56024
0.024096 0.57831
0.024096 0.59639
0.03012 0.61446
0.03012 0.63253
0.03012 0.6506
0.036145 0.66867
0.036145 0.68675
0.036145 0.70482
0.036145 0.72289
0.036145 0.74096
0.036145 0.75904
0.03012 0.77711
0.03012 0.79518
0.03012 0.81325
0.024096 0.83133
0.024096 0.8494
0.024096 0.86747
0.024096 0.88554
0.018072 0.90361
0.012048 0.92169
0.0060241 0.93976
0 0.95783
0.0060241 0.9759
0.024096 0.98795
0.042169 0.99398
0.060241 0.99398
0.078313 1
0.096386 1
0.11446 0.99398
0.12651 0.9759
0.12651 0.95783
0.13253 0.93976
0.13855 0.92169
0.13855 0.90361
0.14458 0.88554
0.14458 0.86747
0.1506 0.8494
0.15663 0.83133
0.15663 0.81325
0.16265 0.79518
0.16867 0.77711
0.1747 0.75904
0.1747 0.74096
0.18072 0.72289
0.18675 0.70482
0.19277 0.68675
0.20482 0.66867
0.21084 0.6506
0.21687 0.63253
0.22892 0.61446
0.23494 0.59639
0.24096 0.57831
0.24699 0.56024
0.25904 0.54217
0.26506 0.5241
0.27711 0.50602
0.28313 0.48795
0.28916 0.46988
0.28916 0.45181
0.29518 0.43373
0.3012 0.41566
0.3012 0.39759
0.3012 0.37952
0.30723 0.36145
0.30723 0.34337
0.30723 0.3253
0.30723 0.30723
0.30723 0.28916
0.31325 0.27108
0.31325 0.25301
0.31325 0.23494
0.31928 0.21687
0.3253 0.1988
0.3253 0.18072
0.3253 0.16265
0.33133 0.14458
0.33133 0.12651
0.33735 0.10843
0.34337 0.090361
0.34337 0.072289
0.34337 0.054217
0.33735 0.036145
0.31928 0.024096
0.3012 0.018072
0.28313 0.012048
0.26506 0.0060241
0.24699 0.0060241
0.22892 0
0.21084 0
0.19277 0
0.1747 0
0.15663 0
0.13855 0
0.12048 0
0.10241 0
0.090361 0.018072
0.084337 0.036145
0.084337 0.054217
0.078313 0.072289
0.078313 0.090361
0.072289 0.10843
0.072289 0.12651
0.066265 0.14458
0.066265 0.16265
0.060241 0.18072
0.054217 0.1988
0.054217 0.21687
0.048193 0.23494
0.048193 0.25301
0.048193 0.27108
0.042169 0.28916
0.042169 0.30723
0.042169 0.3253
0.036145 0.34337
0.036145 0.36145
0.03012 0.37952
0.03012 0.37952
# triangles
91 92 93
31 34 35
31 35 36
30 31 36
31 32 33
31 33 34
38 39 40
88 94 95
95 96 97
87 95 97
87 88 95
88 89 90
88 90 94
90 93 94
90 91 93
82 83 84
80 81 117
67 68 69
73 123 125
1 69 125
2 3 4
8 10 63
7 8 63
6 7 63
36 37 41
37 38 41
38 40 41
29 30 41
30 36 41
21 22 23
85 110 112
85 100 110
100 101 110
101 102 110
87 97 99
97 98 99
85 87 99
85 99 100
117 118 119
81 82 114
82 84 114
112 113 114
85 112 114
84 85 114
85 86 87
69 70 125
123 124 125
8 9 10
10 59 61
10 11 59
11 13 59
29 41 42
28 29 42
110 111 112
104 106 107
104 105 106
102 103 108
102 108 110
108 109 110
26 27 46
24 26 46
115 116 117
81 115 117
81 114 115
73 75 123
75 76 123
77 78 120
78 119 120
78 117 119
78 80 117
72 73 125
70 72 125
70 71 72
120 121 122
77 120 122
0 1 125
6 63 65
5 6 65
4 5 65
2 4 65
65 66 67
1 2 65
65 67 69
1 65 69
24 25 26
10 62 63
10 61 62
59 60 61
24 46 47
19 20 53
17 54 55
16 55 56
16 17 55
21 50 51
20 21 51
51 52 53
20 51 53
23 24 49
21 23 49
21 49 50
47 48 49
24 47 49
73 74 75
78 79 80
63 64 65
11 12 13
17 18 54
18 19 53
18 53 54
13 58 59
56 57 58
27 44 46
27 28 44
44 45 46
28 42 44
42 43 44
14 15 16
14 16 56
13 14 58
14 56 58
103 104 108
104 107 108
76 77 122
76 122 123
