# points
0.017647 0.37647
0.011765 0.39412
0.011765 0.41176
0.011765 0.42941
0.011765 0.44706
0.0058824 0.46471
0.0058824 0.48235
0 0.5
0 0.51765
0 0.53529
0 0.55294
0 0.57059
0 0.58824
0.0058824 0.60588
0.0058824 0.62353
0.011765 0.64118
0.011765 0.65882
0.011765 0.67647
0.017647 0.69412
0.017647 0.71176
0.017647 0.72941
0.017647 0.74706
0.017647 0.76471
0.017647 0.78235
0.017647 0.8
0.017647 0.81765
0.017647 0.83529
0.017647 0.85294
0.017647 0.87059
0.017647 0.88824
0.017647 0.90588
0.017647 0.92353
0.017647 0.94118
0.017647 0.95882
0.017647 0.97647
0.029412 0.99412
0.047059 0.99412
0.064706 0.99412
0.082353 1
0.1 0.99412
0.1 0.97647
0.1 0.95882
0.1 0.94118
0.10588 0.92353
0.11176 0.90588
0.12353 0.88824
0.12353 0.87059
0.12941 0.85294
0.14118 0.83529
0.14706 0.81765
0.14706 0.8
0.15294 0.78235
0.15882 0.76471
0.16471 0.74706
0.17059 0.72941
0.17647 0.71176
0.18824 0.69412
0.19412 0.67647
0.20588 0.65882
0.21176 0.64118
0.21765 0.62353
0.21765 0.60588
0.22941 0.58824
0.23529 0.57059
0.24118 0.55294
0.24118 0.53529
0.24706 0.51765
0.25294 0.5
0.25882 0.48235
0.25882 0.46471
0.26471 0.44706
0.26471 0.42941
0.26471 0.41176
0.27059 0.39412
0.27059 0.37647
0.27647 0.35882
0.27647 0.34118
0.28235 0.32353
0.28824 0.30588
0.28824 0.28824
0.28824 0.27059
0.29412 0.25294
0.29412 0.23529
0.29412 0.21765
0.29412 0.2
0.29412 0.18235
0.29412 0.16471
0.3 0.14706
0.3 0.12941
0.3 0.11176
0.3 0.094118
0.3 0.076471
0.30588 0.058824
0.3 0.041176
0.28235 0.035294
0.26471 0.029412
0.24706 0.023529
0.22941 0.023529
0.21176 0.017647
0.19412 0.017647
0.17647 0.011765
0.15882 0.011765
0.14118 0.0058824
0.12353 0.0058824
0.10588 0.0058824
0.088235 0
0.070588 0
0.058824 0.017647
0.058824 0.035294
0.058824 0.052941
0.052941 0.070588
0.047059 0.088235
0.041176 0.10588
0.041176 0.12353
0.041176 0.14118
0.035294 0.15882
0.035294 0.17647
0.035294 0.19412
0.029412 0.21176
0.029412 0.22941
0.029412 0.24706
0.029412 0.26471
0.029412 0.28235
0.029412 0.3
0.023529 0.31765
0.023529 0.33529
0.017647 0.35294
0.017647 0.37059
0.017647 0.37647
# triangles
38 39 40
105 106 107
92 93 94
77 78 79
37 38 40
86 99 114
77 122 123
77 79 122
80 82 117
80 121 122
79 80 122
80 81 82
34 35 36
6 7 8
4 6 66
0 1 2
4 5 6
76 77 123
105 107 108
3 69 71
3 4 69
69 70 71
85 86 114
6 65 66
6 8 65
8 9 65
74 75 76
0 2 72
72 73 74
101 102 103
101 109 110
101 103 109
101 110 111
67 68 69
4 66 67
4 67 69
85 114 116
85 116 117
114 115 116
82 83 117
95 96 97
86 88 99
88 97 99
88 89 97
11 12 13
125 126 127
123 124 125
99 100 101
103 104 109
104 108 109
104 105 108
101 111 113
99 113 114
99 101 113
111 112 113
84 85 117
83 84 117
90 95 97
89 90 97
86 87 88
13 14 15
33 36 37
33 34 36
28 44 46
44 45 46
97 98 99
117 118 119
80 117 119
91 92 94
91 94 95
90 91 95
21 22 51
21 51 52
63 64 65
9 63 65
10 11 61
9 10 61
11 13 61
9 61 63
61 62 63
59 60 61
28 29 44
29 30 44
30 31 43
30 43 44
23 24 50
22 50 51
22 23 50
25 26 47
24 25 47
27 28 46
80 120 121
80 119 120
19 20 53
20 21 52
20 52 53
31 32 42
31 42 43
24 47 48
24 48 50
19 53 54
16 17 18
16 18 55
18 19 54
18 54 55
15 16 57
16 55 57
15 57 59
57 58 59
37 40 41
33 37 41
48 49 50
55 56 57
2 3 72
3 71 72
72 74 125
0 125 127
0 72 125
76 123 125
74 76 125
15 59 61
13 15 61
27 46 47
26 27 47
32 41 42
32 33 41
