# points
0.017857 0.3869
0.017857 0.40476
0.011905 0.42262
0.0059524 0.44048
0.0059524 0.45833
0 0.47619
0 0.49405
0 0.5119
0 0.52976
0 0.54762
0 0.56548
0 0.58333
0 0.60119
0.0059524 0.61905
0.011905 0.6369
0.017857 0.65476
0.02381 0.67262
0.029762 0.69048
0.029762 0.70833
0.029762 0.72619
0.029762 0.74405
0.029762 0.7619
0.029762 0.77976
0.029762 0.79762
0.029762 0.81548
0.029762 0.83333
0.029762 0.85119
0.02381 0.86905
0.02381 0.8869
0.02381 0.90476
0.017857 0.92262
0.017857 0.94048
0.017857 0.95833
0.017857 0.97619
0.029762 0.99405
0.047619 0.99405
0.065476 0.99405
0.083333 0.99405
0.10119 0.99405
0.11905 1
0.1369 0.99405
0.1369 0.97619
0.1369 0.95833
0.1369 0.94048
0.1369 0.92262
0.1369 0.90476
0.1369 0.8869
0.1369 0.86905
0.14286 0.85119
0.14881 0.83333
0.15476 0.81548
0.16071 0.79762
0.16667 0.77976
0.17262 0.7619
0.17857 0.74405
0.17857 0.72619
0.18452 0.70833
0.19048 0.69048
0.19643 0.67262
0.20238 0.65476
0.20833 0.6369
0.22024 0.61905
0.22619 0.60119
0.22619 0.58333
0.2381 0.56548
0.2381 0.54762
0.24405 0.52976
0.24405 0.5119
0.25 0.49405
0.25 0.47619
0.25 0.45833
0.25 0.44048
0.25595 0.42262
0.25595 0.40476
0.2619 0.3869
0.2619 0.36905
0.2619 0.35119
0.2619 0.33333
0.26786 0.31548
0.26786 0.29762
0.26786 0.27976
0.26786 0.2619
0.27381 0.24405
0.27381 0.22619
0.27381 0.20833
0.27381 0.19048
0.27381 0.17262
0.27976 0.15476
0.27976 0.1369
0.27976 0.11905
0.27976 0.10119
0.28571 0.083333
0.28571 0.065476
0.28571 0.047619
0.28571 0.029762
0.26786 0.017857
0.25 0.011905
0.23214 0.011905
0.21429 0.0059524
0.19643 0.0059524
0.17857 0.0059524
0.16071 0
0.14286 0
0.125 0
0.10714 0
0.089286 0
0.077381 0.017857
0.071429 0.035714
0.065476 0.053571
0.065476 0.071429
0.059524 0.089286
0.059524 0.10714
0.059524 0.125
0.053571 0.14286
0.053571 0.16071
0.047619 0.17857
0.047619 0.19643
0.047619 0.21429
0.047619 0.23214
0.047619 0.25
0.041667 0.26786
0.041667 0.28571
0.035714 0.30357
0.035714 0.32143
0.029762 0.33929
0.029762 0.35714
0.02381 0.375
0.017857 0.3869
# triangles
33 34 35
100 109 111
89 111 112
89 100 111
0 1 126
123 124 125
1 71 126
90 99 100
89 90 100
80 119 121
97 98 99
90 97 99
93 94 95
93 95 96
7 8 65
102 103 109
100 101 102
100 102 109
103 107 109
77 121 123
2 3 4
85 114 116
85 86 114
86 112 114
84 85 116
84 116 117
86 87 88
88 89 112
86 88 112
77 78 79
79 80 121
77 79 121
121 122 123
90 91 92
90 92 97
7 65 67
65 66 67
32 33 35
32 35 36
9 10 63
63 64 65
8 9 63
8 63 65
103 104 107
107 108 109
76 77 123
76 123 125
75 76 125
67 68 69
4 67 69
71 72 73
73 125 126
71 73 126
73 75 125
73 74 75
112 113 114
83 84 117
83 117 118
119 120 121
6 7 67
4 6 67
4 5 6
60 61 63
10 11 63
11 60 63
11 12 13
11 13 60
31 32 36
31 36 37
20 52 53
19 20 53
53 54 55
19 53 55
18 19 55
104 105 106
104 106 107
109 110 111
1 70 71
1 2 70
2 4 70
4 69 70
114 115 116
81 82 83
81 83 118
81 118 119
80 81 119
29 30 31
61 62 63
13 14 60
20 21 52
17 56 57
17 55 56
17 18 55
22 50 51
21 51 52
21 22 51
31 37 43
29 31 43
22 23 50
39 40 41
38 39 41
38 41 42
24 25 48
29 43 44
24 48 49
23 49 50
23 24 49
29 44 45
92 93 96
92 96 97
17 57 58
16 17 58
15 16 58
15 58 59
15 59 60
14 15 60
37 42 43
37 38 42
28 46 47
26 27 47
27 28 47
25 47 48
25 26 47
28 45 46
28 29 45
