# points
0.41627 0.3445
0.44019 0.3445
0.46411 0.3445
0.48804 0.34928
0.51196 0.35407
0.53589 0.35407
0.55981 0.35885
0.58373 0.35885
0.60766 0.36364
0.63158 0.36842
0.6555 0.36842
0.67943 0.36842
0.70335 0.35407
0.72727 0.33493
0.7512 0.31579
0.77512 0.29665
0.79904 0.29187
0.82297 0.29665
0.84689 0.29665
0.87081 0.30144
0.89474 0.311
0.91866 0.31579
0.94258 0.32057
0.96651 0.32057
0.98086 0.30144
0.98565 0.27751
0.99522 0.25359
1 0.22967
0.98565 0.20574
0.96172 0.18182
0.94737 0.16268
0.92344 0.14833
0.92344 0.1244
0.93301 0.10048
0.94258 0.076555
0.94258 0.052632
0.92344 0.038278
0.89952 0.033493
0.8756 0.023923
0.85167 0.014354
0.82775 0.0047847
0.80383 0
0.7799 0
0.75598 0.014354
0.73206 0.023923
0.70813 0.038278
0.68421 0.057416
0.66029 0.08134
0.63636 0.090909
0.61244 0.086124
0.58852 0.086124
0.56459 0.086124
0.54067 0.08134
0.51675 0.08134
0.49282 0.076555
0.4689 0.07177
0.44498 0.07177
0.42105 0.066986
0.39713 0.062201
0.37321 0.062201
0.34928 0.062201
0.32536 0.062201
0.30144 0.07177
0.27751 0.08134
0.25359 0.095694
0.22967 0.10526
0.20574 0.11005
0.18182 0.11962
0.15789 0.11962
0.13397 0.11005
0.11005 0.10526
0.086124 0.10526
0.062201 0.10048
0.038278 0.095694
0.023923 0.11483
0.019139 0.13876
0.0095694 0.16268
0 0.1866
0.0047847 0.21053
0.028708 0.22488
0.052632 0.24402
0.076555 0.25837
0.095694 0.27273
0.095694 0.29665
0.090909 0.32057
0.086124 0.3445
0.086124 0.36842
0.10526 0.38278
0.12919 0.38278
0.15311 0.38278
0.17703 0.38278
0.20096 0.38278
0.22488 0.38278
0.2488 0.37799
0.27273 0.36842
0.29665 0.35885
0.32057 0.34928
0.3445 0.33971
0.36842 0.33971
0.39234 0.33971
0.41627 0.3445
0.41627 0.3445
# triangles
26 27 28
33 34 37
25 26 28
77 78 79
76 77 79
34 35 36
34 36 37
85 86 87
22 23 24
22 24 25
21 22 25
10 11 12
83 84 89
56 57 99
71 79 80
70 71 80
67 68 82
84 88 89
84 85 88
85 87 88
7 8 48
5 6 7
3 4 5
68 81 82
68 69 81
69 70 81
70 80 81
64 65 97
67 82 94
82 93 94
82 83 91
41 42 43
31 44 45
31 43 44
72 73 74
8 13 48
13 14 48
10 12 13
9 10 13
8 9 13
18 19 31
1 2 56
0 1 99
1 56 99
2 3 53
3 5 53
60 62 97
60 97 98
65 96 97
66 67 95
67 94 95
65 66 95
65 95 96
83 89 90
83 90 91
82 92 93
82 91 92
40 41 43
39 40 43
16 45 46
16 31 45
16 46 47
32 39 43
31 32 43
32 38 39
32 33 37
32 37 38
71 72 75
75 76 79
71 75 79
72 74 75
29 30 31
19 29 31
19 20 29
25 28 29
21 25 29
20 21 29
2 54 56
2 53 54
5 51 53
5 7 51
63 64 97
62 63 97
60 61 62
59 60 98
59 98 99
57 58 59
57 59 99
17 18 31
16 17 31
15 16 47
14 15 48
15 47 48
54 55 56
7 48 50
7 50 51
51 52 53
48 49 50
