# points
0.45652 0.36522
0.47826 0.36522
0.5 0.36522
0.52174 0.36957
0.54348 0.37826
0.56522 0.37826
0.58696 0.38261
0.6087 0.38696
0.63043 0.3913
0.65217 0.39565
0.67391 0.39565
0.69565 0.3913
0.71739 0.37826
0.73913 0.36087
0.75652 0.33913
0.76957 0.31739
0.7913 0.3087
0.81304 0.3087
0.83478 0.3087
0.85652 0.3087
0.87826 0.3087
0.9 0.31739
0.92174 0.32174
0.94348 0.32609
0.96522 0.33478
0.98696 0.33478
0.9913 0.31304
0.99565 0.2913
1 0.26957
1 0.24783
0.99565 0.22609
0.98696 0.20435
0.96957 0.18261
0.95217 0.16522
0.93043 0.14348
0.91739 0.12174
0.91739 0.1
0.91739 0.078261
0.91739 0.056522
0.91739 0.034783
0.9087 0.013043
0.88696 0.013043
0.86522 0.0043478
0.84348 0.0043478
0.82174 0
0.8 0
0.77826 0
0.75652 0
0.73478 0.0086957
0.71304 0.021739
0.6913 0.034783
0.66957 0.047826
0.64783 0.06087
0.62609 0.073913
0.60435 0.073913
0.58261 0.069565
0.56087 0.065217
0.53913 0.06087
0.51739 0.056522
0.49565 0.052174
0.47391 0.047826
0.45217 0.047826
0.43043 0.043478
0.4087 0.03913
0.38696 0.034783
0.36522 0.030435
0.34348 0.026087
0.32174 0.021739
0.3 0.017391
0.27826 0.026087
0.25652 0.03913
0.23478 0.047826
0.21304 0.065217
0.1913 0.078261
0.16957 0.095652
0.14783 0.091304
0.12609 0.086957
0.10435 0.082609
0.082609 0.078261
0.06087 0.078261
0.03913 0.078261
0.017391 0.069565
0.0043478 0.086957
0.0043478 0.1087
0.0043478 0.13043
0 0.15217
0 0.17391
0 0.19565
0.017391 0.21304
0.034783 0.23043
0.052174 0.24348
0.073913 0.26087
0.091304 0.28261
0.1087 0.29565
0.11304 0.31739
0.1 0.33913
0.095652 0.36087
0.091304 0.38261
0.086957 0.40435
0.095652 0.42174
0.11739 0.42609
0.13913 0.43478
0.16087 0.43478
0.18261 0.43478
0.20435 0.43478
0.22609 0.43478
0.24783 0.42609
0.26957 0.41304
0.2913 0.4
0.31304 0.38261
0.33478 0.36522
0.35652 0.36087
0.37826 0.36087
0.4 0.36087
0.42174 0.36087
0.44348 0.36522
0.45652 0.36522
# triangles
96 100 101
80 81 82
80 82 83
79 80 84
80 83 84
96 97 100
74 93 110
72 110 111
96 101 102
94 95 96
94 96 102
39 40 41
38 39 41
37 38 41
98 99 100
97 98 100
64 65 111
36 44 45
77 89 90
65 70 111
70 72 111
65 66 70
94 107 108
1 2 58
22 28 29
10 11 12
9 10 12
8 12 13
8 9 12
41 42 43
37 41 43
36 43 44
36 37 43
86 87 88
85 86 88
77 85 88
77 88 89
66 67 70
3 54 55
8 13 14
70 71 72
94 108 109
93 109 110
93 94 109
35 49 50
35 46 49
35 45 46
35 36 45
1 58 59
63 64 111
61 62 113
61 113 114
59 61 114
59 60 61
3 55 56
2 3 56
94 106 107
94 104 106
94 102 103
94 103 104
20 21 32
20 32 33
74 75 91
75 90 91
74 91 93
91 92 93
67 68 69
67 69 70
3 5 54
16 35 50
76 77 90
75 76 90
78 79 84
18 34 35
20 33 34
46 47 48
46 48 49
0 1 59
0 59 114
0 114 115
63 111 112
62 112 113
62 63 112
2 57 58
2 56 57
104 105 106
22 29 30
21 22 30
3 4 5
6 53 54
5 6 54
6 7 53
17 18 35
16 17 35
16 50 51
7 15 53
7 8 15
8 14 15
73 74 110
72 73 110
18 19 34
19 20 34
21 31 32
21 30 31
23 26 27
24 25 26
23 24 26
15 52 53
16 51 52
15 16 52
77 78 85
78 84 85
22 23 27
22 27 28
