# points
0.44541 0.37991
0.46725 0.38428
0.48908 0.38865
0.51092 0.39301
0.53275 0.39301
0.55459 0.39738
0.57642 0.39738
0.59825 0.39738
0.62009 0.40611
0.64192 0.41048
0.66376 0.40611
0.68559 0.40175
0.70742 0.39738
0.72926 0.39301
0.75109 0.38428
0.77293 0.37118
0.79476 0.35808
0.81659 0.34498
0.83843 0.34061
0.86026 0.33624
0.8821 0.33624
0.90393 0.34061
0.92576 0.34061
0.9476 0.34498
0.96943 0.34061
0.9738 0.31878
0.98253 0.29694
0.99563 0.27511
1 0.25328
0.98253 0.23144
0.9607 0.20961
0.94323 0.19214
0.92576 0.17031
0.91703 0.14847
0.91703 0.12664
0.91703 0.1048
0.92576 0.082969
0.93013 0.061135
0.93886 0.039301
0.91703 0.030568
0.8952 0.021834
0.87336 0.017467
0.85153 0.0131
0.82969 0.0087336
0.80786 0
0.78603 0.0043668
0.76419 0.017467
0.74236 0.030568
0.72052 0.048035
0.69869 0.061135
0.67686 0.069869
0.65502 0.069869
0.63319 0.069869
0.61135 0.069869
0.58952 0.069869
0.56769 0.065502
0.54585 0.061135
0.52402 0.056769
0.50218 0.052402
0.48035 0.043668
0.45852 0.039301
0.43668 0.034934
0.41485 0.030568
0.39301 0.026201
0.37118 0.021834
0.34934 0.017467
0.32751 0.0131
0.30568 0.026201
0.28384 0.043668
0.26201 0.061135
0.24017 0.069869
0.21834 0.087336
0.19651 0.09607
0.17467 0.09607
0.15284 0.09607
0.131 0.09607
0.10917 0.09607
0.087336 0.09607
0.065502 0.09607
0.043668 0.091703
0.021834 0.09607
0.017467 0.1179
0.0131 0.13974
0.0043668 0.16157
0 0.18341
0.0131 0.20087
0.030568 0.21834
0.048035 0.24017
0.069869 0.26201
0.087336 0.28384
0.10917 0.30131
0.1179 0.32314
0.11354 0.34498
0.11354 0.36681
0.11354 0.38865
0.11354 0.41048
0.131 0.42358
0.15284 0.42358
0.17467 0.42795
0.19651 0.42795
0.21834 0.43231
0.24017 0.43231
0.26201 0.42358
0.28384 0.40611
0.30568 0.38865
0.32751 0.37118
0.34934 0.36245
0.37118 0.36681
0.39301 0.37118
0.41485 0.37555
0.43668 0.37991
0.44541 0.37991
# triangles
63 69 106
72 90 105
69 71 106
71 72 105
71 105 106
82 85 86
76 86 87
35 43 46
17 49 50
35 41 42
35 42 43
37 38 39
35 36 41
94 95 96
90 91 105
17 33 49
69 70 71
83 84 85
82 83 85
79 80 81
78 81 82
78 79 81
65 66 67
33 48 49
62 63 106
43 44 45
43 45 46
0 57 58
58 60 108
36 40 41
36 37 40
37 39 40
94 96 97
75 76 87
75 87 88
76 77 86
77 82 86
77 78 82
4 6 54
7 53 54
6 7 54
61 62 106
58 59 60
0 58 109
58 108 109
4 5 6
7 8 10
8 9 10
12 50 51
12 15 50
91 92 99
99 100 103
91 99 103
93 94 97
91 104 105
91 103 104
100 101 102
100 102 103
23 24 25
12 13 14
12 14 15
22 23 25
22 25 26
16 17 50
15 16 50
63 68 69
63 64 68
64 65 68
65 67 68
72 73 90
73 89 90
4 54 55
2 4 55
2 55 56
7 52 53
7 51 52
33 34 48
34 47 48
34 35 46
34 46 47
1 56 57
1 2 56
0 1 57
60 107 108
60 61 107
61 106 107
2 3 4
11 12 51
7 11 51
7 10 11
93 97 98
0 109 110
26 27 29
26 29 30
27 28 29
19 20 31
20 30 31
74 75 88
74 88 89
73 74 89
19 31 32
18 19 32
17 32 33
17 18 32
20 21 30
21 26 30
21 22 26
92 93 98
92 98 99
