# points
0.53304 0.39207
0.55507 0.39648
0.57709 0.40088
0.59912 0.40529
0.62115 0.40969
0.64317 0.4185
0.6652 0.42731
0.68722 0.43172
0.70925 0.4141
0.73128 0.39648
0.7533 0.38326
0.77093 0.36564
0.79295 0.34361
0.81498 0.33921
0.837 0.34361
0.85903 0.34361
0.88106 0.34802
0.90308 0.35242
0.92511 0.35683
0.94714 0.36123
0.96916 0.36564
0.98238 0.35242
0.98678 0.3304
0.99119 0.30837
0.99559 0.28634
1 0.26432
0.99559 0.24229
0.98678 0.22026
0.97357 0.19824
0.96476 0.17621
0.94273 0.15419
0.9207 0.13216
0.9163 0.11013
0.92511 0.088106
0.93392 0.066079
0.94714 0.044053
0.92952 0.035242
0.90749 0.030837
0.88546 0.022026
0.86344 0.017621
0.84141 0.0088106
0.81938 0.0044053
0.79736 0
0.77533 0.0044053
0.7533 0.013216
0.73128 0.026432
0.70925 0.039648
0.68722 0.052863
0.6652 0.052863
0.64317 0.052863
0.62115 0.048458
0.59912 0.044053
0.57709 0.044053
0.55507 0.039648
0.53304 0.039648
0.51101 0.039648
0.48899 0.039648
0.46696 0.039648
0.44493 0.035242
0.42291 0.030837
0.40088 0.022026
0.37885 0.017621
0.35683 0.026432
0.3348 0.039648
0.31278 0.048458
0.29075 0.057269
0.26872 0.066079
0.2467 0.0837
0.22467 0.092511
0.20264 0.092511
0.18062 0.088106
0.15859 0.0837
0.13656 0.0837
0.11454 0.079295
0.092511 0.079295
0.070485 0.07489
0.048458 0.07489
0.026432 0.070485
0.013216 0.088106
0.013216 0.11013
0.0044053 0.13216
0 0.15419
0.0044053 0.17621
0.017621 0.19824
0.039648 0.21586
0.048458 0.23789
0.061674 0.25991
0.0837 0.28194
0.10573 0.29956
0.10573 0.32159
0.10132 0.34361
0.10132 0.36564
0.096916 0.38767
0.088106 0.40969
0.079295 0.43172
0.092511 0.44493
0.11454 0.44493
0.13656 0.44934
0.15859 0.45374
0.18062 0.45374
0.20264 0.45374
0.22467 0.45374
0.2467 0.44053
0.26872 0.42731
0.28634 0.40969
0.30837 0.40088
0.3304 0.39207
0.35242 0.37445
0.37445 0.36564
0.39648 0.37004
0.4185 0.37445
0.44053 0.37885
0.46256 0.38326
0.48458 0.38326
0.50661 0.38767
0.52863 0.39207
0.53304 0.39207
# triangles
93 94 95
19 21 22
19 20 21
32 39 40
31 32 46
93 95 96
92 93 96
32 38 39
16 17 27
17 23 24
32 40 41
41 42 43
41 43 44
92 97 98
92 96 97
80 81 82
80 82 83
80 83 84
34 35 36
34 36 37
32 33 38
33 37 38
33 34 37
24 25 26
17 26 27
17 24 26
18 22 23
18 19 22
17 18 23
70 85 86
91 92 98
91 98 99
90 91 102
67 68 107
57 109 110
57 58 109
50 51 52
52 53 54
52 54 114
32 45 46
32 41 45
41 44 45
54 55 113
54 113 114
55 56 113
16 27 28
28 29 30
31 46 47
12 31 47
12 47 48
11 48 49
11 12 48
12 13 31
1 2 49
1 49 50
1 50 52
6 7 8
5 6 8
100 101 102
91 99 100
91 100 102
111 112 113
57 110 111
56 57 111
56 111 113
58 59 108
58 108 109
67 107 108
59 60 62
60 61 62
70 71 85
76 77 78
76 78 79
75 76 79
74 79 80
74 75 79
74 80 84
73 74 84
5 8 9
9 10 11
4 11 49
4 9 11
4 5 9
15 30 31
13 15 31
13 14 15
15 16 28
15 28 30
0 1 52
0 114 115
0 52 114
69 70 88
68 69 88
68 88 107
59 62 63
59 63 108
65 66 67
65 67 108
72 73 84
72 84 85
71 72 85
2 3 49
3 4 49
70 86 87
70 87 88
63 64 108
64 65 108
88 89 104
89 102 103
89 90 102
89 103 104
105 106 107
88 105 107
88 104 105
