# points
0.43966 0.37931
0.46121 0.37931
0.48276 0.37931
0.50431 0.38362
0.52586 0.39224
0.54741 0.40086
0.56897 0.40948
0.59052 0.40948
0.61207 0.40948
0.63362 0.41379
0.65517 0.41379
0.67672 0.41379
0.69828 0.41379
0.71983 0.40517
0.74138 0.39224
0.76293 0.37931
0.78448 0.375
0.80603 0.36638
0.82759 0.36207
0.84914 0.36207
0.87069 0.35776
0.89224 0.35776
0.91379 0.35776
0.93534 0.35776
0.9569 0.35776
0.97845 0.35345
0.99138 0.3319
1 0.31034
1 0.28879
1 0.26724
0.99569 0.24569
0.98276 0.22414
0.96552 0.20259
0.94397 0.18103
0.92241 0.1681
0.91379 0.14655
0.91379 0.125
0.91379 0.10345
0.91379 0.081897
0.92241 0.060345
0.93103 0.038793
0.9181 0.021552
0.89655 0.017241
0.875 0.0086207
0.85345 0
0.8319 0
0.81034 0
0.78879 0.0086207
0.76724 0.017241
0.74569 0.030172
0.72414 0.047414
0.70259 0.060345
0.68103 0.068966
0.65948 0.077586
0.63793 0.077586
0.61638 0.077586
0.59483 0.077586
0.57328 0.073276
0.55172 0.073276
0.53017 0.068966
0.50862 0.064655
0.48707 0.056034
0.46552 0.047414
0.44397 0.043103
0.42241 0.043103
0.40086 0.043103
0.37931 0.038793
0.35776 0.038793
0.33621 0.038793
0.31466 0.038793
0.2931 0.043103
0.27155 0.056034
0.25 0.073276
0.23276 0.090517
0.21121 0.10345
0.18966 0.10776
0.1681 0.11207
0.14655 0.11207
0.125 0.11207
0.10345 0.11207
0.081897 0.11207
0.060345 0.10776
0.038793 0.10345
0.017241 0.10345
0 0.12069
0 0.14224
0 0.16379
0 0.18534
0 0.2069
0.0043103 0.22845
0.021552 0.25
0.043103 0.27155
0.064655 0.28879
0.081897 0.30603
0.090517 0.32759
0.090517 0.34914
0.090517 0.37069
0.090517 0.39224
0.090517 0.41379
0.099138 0.43534
0.12069 0.45259
0.14224 0.4569
0.16379 0.46552
0.18534 0.46552
0.2069 0.4569
0.22845 0.4569
0.25 0.44828
0.27155 0.43966
0.2931 0.42672
0.31466 0.4181
0.33621 0.40517
0.35776 0.39655
0.37931 0.38793
0.40086 0.38362
0.42241 0.37931
0.43966 0.37931
# triangles
39 40 41
39 41 42
43 44 45
88 89 90
65 66 67
65 67 113
67 73 113
69 70 71
95 96 104
38 43 45
38 39 42
38 42 43
10 11 14
75 76 93
74 93 94
74 75 93
68 69 71
67 68 73
45 46 47
38 45 47
62 63 64
73 112 113
98 99 100
98 100 101
97 98 101
96 101 104
96 97 101
37 38 47
37 47 48
79 90 91
79 80 90
76 77 93
80 86 87
87 88 90
80 87 90
68 72 73
68 71 72
37 48 49
36 37 49
104 105 106
94 106 107
94 95 106
95 104 106
8 9 10
17 34 35
22 28 29
80 81 86
81 85 86
81 82 85
77 92 93
77 78 92
79 91 92
78 79 92
7 8 56
56 57 58
61 62 64
1 2 60
73 74 111
73 111 112
74 94 110
74 110 111
94 107 108
94 108 110
108 109 110
5 6 7
5 7 56
4 5 56
11 12 13
11 13 14
17 18 34
18 19 20
18 20 34
22 31 32
29 30 31
22 29 31
21 22 32
21 32 33
20 21 34
21 33 34
22 23 28
23 26 27
23 27 28
2 3 58
3 4 56
3 56 58
2 59 60
2 58 59
0 60 61
0 1 60
10 14 53
8 10 53
24 25 26
23 24 26
61 64 114
0 61 114
64 65 114
65 113 114
8 55 56
15 16 17
14 15 53
15 17 52
15 52 53
35 36 50
36 49 50
8 53 54
8 54 55
35 50 51
17 35 51
17 51 52
101 103 104
101 102 103
83 84 85
82 83 85
