# points
0.37313 0.32836
0.39303 0.32836
0.41294 0.32836
0.43284 0.32836
0.45274 0.32836
0.47264 0.32836
0.49254 0.32836
0.51244 0.32836
0.53234 0.32836
0.55224 0.32836
0.57214 0.33333
0.59204 0.33831
0.61194 0.34328
0.63184 0.34826
0.65174 0.35323
0.67164 0.35821
0.69154 0.35821
0.71144 0.35323
0.73134 0.34328
0.75124 0.32836
0.77114 0.31841
0.79104 0.31343
0.81095 0.29851
0.83085 0.28358
0.85075 0.28856
0.87065 0.29353
0.89055 0.30348
0.91045 0.30846
0.93035 0.31343
0.95025 0.31841
0.97015 0.32338
0.98507 0.30846
0.99502 0.28856
1 0.26866
0.99502 0.24876
0.9801 0.22886
0.97512 0.20896
0.96517 0.18905
0.95025 0.16915
0.93532 0.14925
0.9204 0.12935
0.9204 0.10945
0.92537 0.089552
0.92537 0.069652
0.93532 0.049751
0.95522 0.034826
0.9403 0.024876
0.9204 0.024876
0.9005 0.0199
0.8806 0.014925
0.8607 0.0099502
0.8408 0.0049751
0.8209 0.0049751
0.801 0
0.78109 0
0.76119 0.0099502
0.74129 0.024876
0.72139 0.039801
0.70149 0.049751
0.68159 0.064677
0.66169 0.079602
0.64179 0.089552
0.62189 0.084577
0.60199 0.084577
0.58209 0.079602
0.56219 0.074627
0.54229 0.069652
0.52239 0.064677
0.50249 0.064677
0.48259 0.059701
0.46269 0.054726
0.44279 0.054726
0.42289 0.049751
0.40299 0.049751
0.38308 0.044776
0.36318 0.044776
0.34328 0.044776
0.32338 0.059701
0.30348 0.064677
0.28358 0.074627
0.26368 0.084577
0.24378 0.094527
0.22388 0.099502
0.20398 0.10945
0.18408 0.1194
0.16418 0.1194
0.14428 0.11443
0.12438 0.10448
0.10448 0.10448
0.084577 0.099502
0.064677 0.089552
0.044776 0.089552
0.034826 0.10448
0.029851 0.12438
0.0199 0.14428
0.0049751 0.16418
0 0.18408
0.0199 0.20398
0.034826 0.21891
0.049751 0.23383
0.069652 0.24876
0.089552 0.26866
0.10448 0.28856
0.10448 0.30846
0.099502 0.32836
0.089552 0.34826
0.089552 0.36816
0.094527 0.38806
0.10945 0.39801
0.12935 0.39801
0.14925 0.39801
0.16915 0.39801
0.18905 0.39801
0.20896 0.39801
0.22886 0.39801
0.24876 0.39303
0.26866 0.38806
0.28856 0.37811
0.30348 0.36318
0.31343 0.34328
0.33333 0.33333
0.35323 0.32836
0.37313 0.32836
0.37313 0.32836
# triangles
32 33 34
95 96 97
53 54 55
84 101 102
52 53 55
84 85 101
41 52 56
52 55 56
106 107 108
103 104 111
102 115 119
84 102 119
73 74 75
73 75 77
75 76 77
42 43 49
41 50 52
50 51 52
85 100 101
85 86 100
1 2 73
106 108 109
104 105 109
105 106 109
83 84 119
90 91 92
94 97 98
94 95 97
43 44 47
43 48 49
43 47 48
27 28 35
28 32 34
28 34 35
0 73 77
0 1 73
0 77 121
9 10 63
5 6 68
6 7 68
104 110 111
104 109 110
102 103 113
102 113 115
113 114 115
83 119 120
81 83 120
80 120 121
80 81 120
81 82 83
79 80 121
77 79 121
77 78 79
89 92 93
89 90 92
44 45 46
44 46 47
29 30 31
29 31 32
28 29 32
14 17 18
23 40 57
40 41 56
40 56 57
115 116 119
7 8 65
7 66 68
7 65 66
9 63 64
8 9 64
8 64 65
103 111 112
103 112 113
86 87 88
88 98 99
86 88 100
88 99 100
88 94 98
88 93 94
88 89 93
13 14 19
14 18 19
20 21 22
22 23 60
20 22 60
26 27 35
25 26 35
23 39 40
69 70 71
2 3 71
2 71 73
71 72 73
4 5 68
4 68 69
4 69 71
3 4 71
66 67 68
11 12 61
12 13 61
10 61 63
10 11 61
13 19 61
20 60 61
19 20 61
23 24 39
24 25 38
24 38 39
23 59 60
23 57 59
57 58 59
25 37 38
61 62 63
25 35 36
25 36 37
42 49 50
41 42 50
14 15 17
15 16 17
116 117 118
116 118 119
