# points
0.43777 0.37768
0.45923 0.37768
0.48069 0.38197
0.50215 0.38627
0.52361 0.39056
0.54506 0.39485
0.56652 0.39914
0.58798 0.39914
0.60944 0.39914
0.6309 0.39914
0.65236 0.40343
0.67382 0.40343
0.69528 0.39914
0.71674 0.38197
0.7382 0.3691
0.75966 0.35622
0.78112 0.34764
0.80258 0.34764
0.82403 0.34764
0.84549 0.34764
0.86695 0.34764
0.88841 0.34764
0.90987 0.34764
0.93133 0.34764
0.95279 0.34764
0.97425 0.33906
0.97854 0.3176
0.98712 0.29614
0.99142 0.27468
0.99571 0.25322
1 0.23176
0.98283 0.21459
0.96137 0.19742
0.93991 0.17597
0.91845 0.1588
0.897 0.13734
0.87983 0.11588
0.88841 0.094421
0.897 0.072961
0.90558 0.051502
0.91416 0.030043
0.8927 0.021459
0.87124 0.012876
0.84979 0.0042918
0.82833 0
0.80687 0.0085837
0.7897 0.030043
0.76824 0.051502
0.74678 0.06867
0.72532 0.081545
0.70386 0.090129
0.6824 0.098712
0.66094 0.098712
0.63948 0.098712
0.61803 0.098712
0.59657 0.094421
0.57511 0.090129
0.55365 0.085837
0.53219 0.085837
0.51073 0.077253
0.48927 0.072961
0.46781 0.072961
0.44635 0.072961
0.42489 0.072961
0.40343 0.06867
0.38197 0.06867
0.36052 0.06867
0.33906 0.06867
0.3176 0.064378
0.29614 0.064378
0.27468 0.072961
0.25322 0.090129
0.23176 0.11159
0.2103 0.12446
0.18884 0.13305
0.16738 0.14592
0.14592 0.15021
0.12446 0.15021
0.103 0.15021
0.081545 0.14592
0.060086 0.14163
0.038627 0.13305
0.021459 0.14163
0.012876 0.16309
0.0085837 0.18455
0.0042918 0.20601
0 0.22747
0.021459 0.24034
0.038627 0.25751
0.060086 0.27039
0.081545 0.29185
0.103 0.30901
0.12017 0.32618
0.12017 0.34764
0.12017 0.3691
0.12017 0.39056
0.12017 0.41202
0.12876 0.43348
0.15021 0.43777
0.17167 0.44206
0.19313 0.44635
0.21459 0.44635
0.23605 0.44206
0.25751 0.42489
0.27897 0.40773
0.30043 0.39485
0.32189 0.38197
0.34335 0.3691
0.36481 0.3691
0.38627 0.37339
0.40773 0.37768
0.42918 0.37768
0.43777 0.37768
# triangles
80 82 83
80 81 82
39 40 41
80 83 84
43 44 45
67 72 107
72 73 107
73 74 106
73 106 107
67 71 72
85 86 87
84 85 87
92 93 104
74 75 106
75 92 106
92 104 105
92 105 106
24 25 26
10 11 13
63 64 65
7 8 54
94 99 100
95 98 99
94 95 99
75 91 92
75 76 91
76 77 90
76 90 91
79 80 84
79 84 87
77 89 90
77 78 89
22 27 28
11 12 13
9 10 13
9 13 53
9 53 54
8 9 54
66 67 107
66 107 108
65 66 108
63 108 109
63 65 108
63 109 111
1 58 61
4 55 56
59 60 61
58 59 61
1 2 58
3 4 56
3 56 58
2 3 58
67 68 71
96 97 98
95 96 98
79 87 88
78 79 88
78 88 89
23 26 27
22 23 27
23 24 26
28 29 32
22 28 32
21 22 32
21 32 33
16 36 49
16 35 36
0 63 111
109 110 111
4 5 55
5 7 54
5 54 55
56 57 58
93 94 103
93 103 104
94 100 103
100 101 103
101 102 103
68 70 71
68 69 70
29 30 31
29 31 32
36 48 49
36 47 48
36 37 46
36 46 47
43 45 46
16 49 50
16 50 51
20 21 33
17 18 35
16 17 35
15 16 51
20 33 34
19 20 34
18 19 34
18 34 35
0 62 63
1 61 62
0 1 62
5 6 7
13 52 53
14 15 51
14 51 52
13 14 52
38 41 42
38 39 41
42 43 46
38 42 46
37 38 46
