# points
0.02649 0.45475
0.01766 0.49007
0.00883 0.53201
0.024283 0.56954
0.03532 0.60706
0.055188 0.64238
0.083885 0.67108
0.11258 0.69757
0.1479 0.71302
0.18985 0.70199
0.22958 0.67329
0.2649 0.6468
0.28698 0.63797
0.28477 0.6755
0.31788 0.66225
0.30464 0.70199
0.2936 0.73951
0.28918 0.78146
0.30243 0.8234
0.33775 0.8521
0.37307 0.87196
0.4128 0.87417
0.45254 0.88521
0.49448 0.87638
0.52539 0.88521
0.54967 0.85651
0.58057 0.83664
0.61589 0.81015
0.64238 0.77704
0.67329 0.77925
0.71302 0.76821
0.75055 0.75276
0.79029 0.73731
0.82561 0.71744
0.86755 0.70861
0.90949 0.70199
0.95143 0.69536
0.99117 0.6777
1 0.64018
0.98013 0.60486
0.94923 0.57174
0.91611 0.54525
0.88079 0.52318
0.84106 0.5011
0.80353 0.48344
0.7638 0.46578
0.72185 0.45475
0.67991 0.4415
0.63797 0.43709
0.59603 0.43267
0.55408 0.43267
0.51214 0.43929
0.47903 0.43929
0.48786 0.40177
0.52539 0.39073
0.56733 0.39294
0.60927 0.39514
0.65121 0.39956
0.69316 0.39956
0.69757 0.3819
0.65563 0.39073
0.61369 0.38631
0.57395 0.3819
0.53201 0.3819
0.49007 0.38852
0.48786 0.3532
0.45695 0.36203
0.44812 0.32009
0.42826 0.27815
0.40839 0.24062
0.38852 0.20309
0.37086 0.16556
0.37086 0.19868
0.39514 0.234
0.41501 0.27152
0.43488 0.31347
0.44371 0.35099
0.42826 0.3819
0.4128 0.38411
0.40397 0.34658
0.39294 0.31126
0.37528 0.27152
0.35099 0.22958
0.3223 0.19205
0.29139 0.15673
0.25607 0.12362
0.22296 0.092715
0.18985 0.066225
0.15894 0.041943
0.117 0.01766
0.077263 0.004415
0.03532 0
0.004415 0.028698
0 0.068433
0.011038 0.11038
0.022075 0.15232
0.030905 0.18985
0.030905 0.22958
0.030905 0.27152
0.02649 0.31126
0.033113 0.34658
0.059603 0.37748
0.037528 0.4128
0.024283 0.45033
0.02649 0.45475
# triangles
99 100 101
6 7 9
36 37 38
14 28 51
14 51 52
90 92 93
90 91 92
7 8 9
90 93 94
89 90 94
52 77 78
52 53 77
53 66 77
19 20 21
16 19 21
14 26 28
26 27 28
28 29 30
28 50 51
28 49 50
28 47 48
28 48 49
31 32 45
53 54 64
64 65 66
53 64 66
54 63 64
66 76 77
67 75 76
66 67 76
17 18 19
16 17 19
0 101 102
0 102 103
14 15 21
15 16 21
34 35 41
21 22 23
14 21 23
58 59 60
31 45 46
30 31 46
28 30 46
28 46 47
32 33 44
32 44 45
33 43 44
84 97 98
98 99 101
54 55 63
55 62 63
85 96 97
85 86 96
84 85 97
78 79 101
83 98 101
83 84 98
0 1 11
0 11 101
34 41 42
33 42 43
33 34 42
35 40 41
23 24 25
14 25 26
14 23 25
55 56 62
88 89 94
88 94 95
86 87 96
87 95 96
87 88 95
80 81 101
79 80 101
81 82 101
82 83 101
1 3 11
1 2 3
12 78 101
11 12 101
12 14 52
12 52 78
12 13 14
4 5 10
5 6 10
3 4 10
3 10 11
6 9 10
35 36 39
35 39 40
36 38 39
57 58 60
56 61 62
57 60 61
56 57 61
68 74 80
67 68 75
68 69 74
69 70 73
69 73 81
70 71 72
70 72 73
