# points
0.018072 0.49096
0.033133 0.53313
0.054217 0.57229
0.066265 0.60843
0.090361 0.64759
0.12952 0.66566
0.13554 0.70482
0.12048 0.74699
0.13855 0.7741
0.15663 0.81024
0.18675 0.83434
0.20783 0.86747
0.1988 0.90663
0.1988 0.93976
0.23193 0.96084
0.26506 0.96084
0.29518 0.97892
0.33735 0.9759
0.36747 0.94578
0.39458 0.90663
0.41867 0.86446
0.43373 0.82229
0.4488 0.78012
0.46084 0.73795
0.46988 0.69578
0.4759 0.65361
0.4759 0.61145
0.48193 0.56928
0.48795 0.53313
0.52108 0.56024
0.52711 0.60241
0.53012 0.64458
0.53916 0.68675
0.54518 0.72892
0.55723 0.77108
0.58133 0.77711
0.56325 0.73494
0.5512 0.69277
0.54518 0.6506
0.53916 0.60843
0.53313 0.56627
0.56024 0.55723
0.58133 0.53916
0.62349 0.5512
0.66566 0.56627
0.70783 0.57831
0.75 0.5994
0.78916 0.61145
0.76205 0.58434
0.71988 0.56928
0.67771 0.55723
0.63554 0.54518
0.59337 0.53313
0.5512 0.51506
0.5512 0.48494
0.59337 0.49096
0.63554 0.49398
0.67771 0.49398
0.71988 0.49096
0.76205 0.48494
0.80422 0.48193
0.84639 0.46988
0.88855 0.45783
0.93072 0.43976
0.97289 0.41265
0.99398 0.37349
1 0.33133
0.99096 0.29217
0.9759 0.25602
0.94578 0.25
0.90361 0.25301
0.87048 0.22892
0.84337 0.1988
0.81928 0.16265
0.78313 0.15663
0.74096 0.15361
0.70181 0.1506
0.69277 0.11145
0.65964 0.081325
0.62048 0.060241
0.57831 0.042169
0.53614 0.018072
0.50301 0
0.46084 0.012048
0.42771 0.021084
0.38554 0.012048
0.35241 0.036145
0.31325 0.054217
0.29217 0.084337
0.30723 0.12651
0.30422 0.16867
0.30422 0.21084
0.2741 0.20783
0.23494 0.21687
0.23494 0.25602
0.25904 0.29518
0.22892 0.28313
0.18675 0.2741
0.14458 0.26506
0.10241 0.24699
0.075301 0.26506
0.060241 0.30422
0.03012 0.33434
0.042169 0.37651
0.018072 0.41566
0 0.45482
0.018072 0.49096
# triangles
5 28 95
2 5 95
12 13 14
3 4 5
2 3 5
1 2 95
1 95 103
0 1 103
67 68 69
12 14 15
0 104 105
0 103 104
95 96 103
96 97 103
101 102 103
5 6 24
6 23 24
65 66 70
66 67 70
67 69 70
59 60 71
6 22 23
6 10 22
6 7 8
6 8 10
15 18 19
15 16 18
16 17 18
81 82 83
80 81 83
45 46 49
33 36 37
32 37 38
32 33 37
5 25 26
5 24 25
62 63 70
63 64 65
63 65 70
61 62 70
61 70 71
60 61 71
28 53 54
28 54 95
54 91 95
28 29 53
10 21 22
34 35 36
33 34 36
8 9 10
80 83 84
84 89 90
80 84 91
84 90 91
84 86 89
84 85 86
87 88 89
86 87 89
59 71 72
46 48 49
46 47 48
44 45 50
45 49 50
31 38 39
31 32 38
76 78 79
54 76 91
76 80 91
76 79 80
5 27 28
5 26 27
40 41 53
29 40 53
10 11 21
11 12 15
11 15 19
97 98 103
98 101 103
98 100 101
98 99 100
91 92 95
43 51 52
43 44 51
44 50 51
30 31 39
30 39 40
29 30 40
55 56 76
54 55 76
41 42 53
42 52 53
42 43 52
56 57 76
57 58 76
58 59 75
58 75 76
59 72 75
11 19 20
11 20 21
92 94 95
92 93 94
72 73 74
72 74 75
76 77 78
