# points
0.4489 0.50301
0.40882 0.52505
0.36673 0.53908
0.32265 0.54309
0.28858 0.55711
0.33267 0.55511
0.37876 0.54509
0.42485 0.53106
0.45892 0.53908
0.43287 0.58116
0.41483 0.62325
0.3988 0.66934
0.41683 0.6513
0.43086 0.60521
0.45291 0.56112
0.48096 0.52906
0.51503 0.52305
0.51303 0.56914
0.51503 0.61122
0.51503 0.65731
0.51703 0.70341
0.52705 0.74749
0.53707 0.79359
0.55311 0.83968
0.57315 0.88176
0.59319 0.92385
0.62525 0.96393
0.67134 1
0.71343 0.98597
0.73547 0.93988
0.74349 0.89379
0.7515 0.8477
0.76553 0.8016
0.78357 0.75952
0.81162 0.71944
0.83367 0.67936
0.82966 0.63327
0.83567 0.6012
0.87776 0.58918
0.8978 0.55711
0.90982 0.51904
0.91383 0.48096
0.92385 0.43888
0.91784 0.4008
0.96393 0.38076
0.97595 0.35471
0.93186 0.37475
0.8998 0.35671
0.88778 0.31463
0.92986 0.28657
0.97595 0.26854
0.9479 0.25852
0.9018 0.28257
0.85772 0.28257
0.81363 0.26453
0.76754 0.26854
0.72946 0.28858
0.68938 0.31663
0.67335 0.30261
0.70942 0.26052
0.73146 0.21844
0.73547 0.17234
0.72144 0.12625
0.74148 0.08016
0.77154 0.038076
0.74549 0.038076
0.71944 0.082164
0.67535 0.10421
0.63727 0.084168
0.64529 0.04008
0.65331 0
0.62325 0.042084
0.58116 0.064128
0.54709 0.058116
0.50501 0.054108
0.46493 0.068136
0.42285 0.084168
0.40281 0.11222
0.40681 0.13427
0.38277 0.14629
0.33868 0.13427
0.29659 0.1483
0.25651 0.16834
0.21443 0.19038
0.16834 0.2004
0.12224 0.20641
0.076152 0.21042
0.03006 0.22445
0 0.25451
0.006012 0.29659
0.04008 0.33667
0.078156 0.36874
0.11824 0.39479
0.16433 0.41283
0.20842 0.42886
0.25251 0.44289
0.29659 0.4489
0.34269 0.45691
0.38878 0.45892
0.43487 0.46092
0.45892 0.47695
0.4489 0.50301
# triangles
26 27 28
58 72 78
87 88 89
49 50 51
75 76 78
76 77 78
37 40 41
37 39 40
18 36 37
37 38 39
26 28 29
20 21 33
21 32 33
87 89 90
86 87 90
69 70 71
58 68 72
58 67 68
68 71 72
68 69 71
61 62 67
62 66 67
62 63 66
79 96 97
79 97 98
16 57 58
16 37 57
37 41 57
47 56 57
41 43 57
43 47 57
16 17 37
17 18 37
34 35 36
19 20 33
19 33 34
18 19 36
19 34 36
22 23 32
21 22 32
79 80 81
84 92 93
73 74 75
73 75 78
72 73 78
63 64 65
63 65 66
58 59 67
78 79 99
79 98 99
58 78 99
1 2 6
24 25 30
25 26 30
26 29 30
84 85 92
85 86 90
83 93 94
83 84 93
83 94 95
83 95 96
47 55 56
47 53 55
53 54 55
41 42 43
43 46 47
43 44 46
44 45 46
16 58 100
58 99 100
2 3 5
2 5 6
3 4 5
15 16 100
0 15 100
0 1 7
1 6 7
24 30 31
23 31 32
23 24 31
85 91 92
85 90 91
82 83 96
79 82 96
79 81 82
47 48 53
60 61 67
59 60 67
10 12 13
10 11 12
8 14 15
0 8 15
0 7 8
9 13 14
7 9 14
9 10 13
48 49 52
48 52 53
49 51 52
