# points
0.14118 0.47059
0.14118 0.48235
0.097059 0.49706
0.055882 0.52353
0.014706 0.53235
0 0.56765
0.014706 0.60588
0.0058824 0.64118
0.044118 0.67059
0.05 0.71176
0.061765 0.75294
0.094118 0.77353
0.13529 0.79118
0.17647 0.80588
0.20588 0.82941
0.24706 0.84412
0.28824 0.83235
0.32059 0.85588
0.33529 0.9
0.36471 0.90882
0.40294 0.92647
0.44118 0.92647
0.47941 0.93824
0.49412 0.96765
0.50588 1
0.55 0.98529
0.57647 0.97353
0.61176 0.96765
0.64118 0.93529
0.64412 0.90294
0.64118 0.85882
0.63529 0.81471
0.62647 0.77647
0.61176 0.74412
0.59706 0.70588
0.57647 0.66471
0.55588 0.62647
0.52941 0.59118
0.50588 0.55882
0.47941 0.52059
0.49706 0.50294
0.53529 0.52353
0.56765 0.55294
0.60294 0.58824
0.63824 0.61471
0.67647 0.64118
0.70294 0.63824
0.66176 0.61471
0.62353 0.58824
0.58529 0.55588
0.55 0.52353
0.54706 0.49706
0.53529 0.46471
0.57647 0.44412
0.61765 0.42647
0.65882 0.41176
0.70294 0.39706
0.74412 0.38824
0.72941 0.37059
0.68529 0.38824
0.64412 0.40294
0.60588 0.42059
0.56471 0.43529
0.52353 0.45588
0.49118 0.43529
0.52647 0.41471
0.56471 0.38529
0.6 0.35294
0.63235 0.32059
0.66765 0.28529
0.69706 0.25294
0.72353 0.21471
0.74412 0.17353
0.76176 0.12941
0.76176 0.085294
0.73824 0.044118
0.70588 0.023529
0.67353 0
0.64412 0.0088235
0.61176 0.038235
0.56765 0.044118
0.52353 0.038235
0.48235 0.020588
0.44706 0.058824
0.40882 0.085294
0.37353 0.070588
0.33235 0.064706
0.28824 0.064706
0.24412 0.082353
0.20294 0.097059
0.15882 0.088235
0.14118 0.12647
0.12059 0.15882
0.085294 0.17647
0.070588 0.21176
0.05 0.24706
0.041176 0.28824
0.079412 0.31471
0.10882 0.35
0.13824 0.38235
0.11176 0.4
0.091176 0.43824
0.12059 0.45882
0.14118 0.47059
# triangles
73 74 75
73 75 76
76 77 78
1 16 39
88 89 99
84 88 99
56 58 59
56 57 58
64 84 99
3 5 6
6 7 8
3 6 8
16 17 37
22 26 30
26 29 30
71 72 79
76 78 79
73 76 79
72 73 79
39 40 64
65 66 84
64 65 84
66 67 84
67 68 84
68 69 80
84 86 88
86 87 88
89 90 91
95 96 97
14 15 16
1 13 16
13 14 16
26 27 29
27 28 29
16 38 39
16 37 38
17 35 36
17 36 37
69 70 80
70 71 79
70 79 80
0 99 102
0 64 99
0 1 39
0 39 64
1 2 8
2 3 8
94 95 97
1 8 12
1 12 13
8 9 12
17 18 19
17 19 21
17 34 35
17 21 34
22 25 26
22 23 25
23 24 25
44 47 48
42 49 50
41 42 50
41 50 51
40 51 52
40 41 51
52 53 62
55 56 59
43 44 48
43 48 49
42 43 49
22 30 31
22 31 32
40 63 64
40 52 63
52 62 63
84 85 86
92 94 97
92 93 94
89 92 99
89 91 92
99 100 102
100 101 102
3 4 5
9 10 11
9 11 12
19 20 21
21 33 34
21 22 33
22 32 33
44 45 47
45 46 47
81 82 83
68 83 84
68 80 83
80 81 83
92 98 99
92 97 98
53 61 62
53 54 61
54 55 60
54 60 61
55 59 60
