# points
0.053726 0.44194
0.020797 0.4662
0.015598 0.49567
0.0069324 0.52686
0 0.55979
0.012132 0.58752
0 0.62045
0.025997 0.64645
0.043328 0.67418
0.071057 0.69844
0.10745 0.71057
0.14038 0.72444
0.16984 0.72617
0.16638 0.76256
0.18371 0.79896
0.19584 0.82842
0.22184 0.85789
0.24957 0.88735
0.27383 0.91854
0.29116 0.95494
0.31369 0.98267
0.34662 1
0.38128 0.98094
0.40901 0.94801
0.42808 0.91334
0.44367 0.87695
0.45407 0.84055
0.45927 0.80416
0.46101 0.76776
0.46274 0.73137
0.46101 0.69671
0.45581 0.66205
0.45234 0.62565
0.44367 0.58925
0.43501 0.55806
0.42114 0.52513
0.44021 0.5182
0.4714 0.52686
0.48873 0.55806
0.5078 0.59272
0.52166 0.62565
0.51993 0.66205
0.53206 0.65338
0.52686 0.61872
0.513 0.58925
0.49393 0.55806
0.47487 0.52513
0.47314 0.4922
0.49913 0.47314
0.5338 0.45407
0.56672 0.43501
0.59099 0.40555
0.59099 0.38475
0.57192 0.41941
0.53899 0.44367
0.50607 0.46274
0.4714 0.48007
0.43847 0.47314
0.45061 0.45061
0.47834 0.42288
0.50433 0.39515
0.5286 0.36395
0.55286 0.32756
0.57019 0.29636
0.58925 0.26343
0.59965 0.23397
0.61179 0.20104
0.62045 0.16464
0.62738 0.12998
0.62912 0.095321
0.62912 0.060659
0.61698 0.024263
0.58925 0
0.55459 0.0034662
0.5182 0.015598
0.48873 0.039861
0.45407 0.057192
0.41941 0.07279
0.38302 0.088388
0.34835 0.10919
0.32062 0.13692
0.30676 0.16638
0.27556 0.14731
0.2409 0.14211
0.20624 0.14211
0.17158 0.14385
0.14385 0.16638
0.11265 0.17851
0.10225 0.20797
0.086655 0.23917
0.067591 0.27036
0.060659 0.30329
0.067591 0.33795
0.086655 0.36742
0.11958 0.38128
0.15251 0.39688
0.18198 0.40555
0.19411 0.41594
0.17331 0.43674
0.16638 0.44887
0.13692 0.44541
0.10225 0.44194
0.065858 0.43674
0.053726 0.44194
# triangles
69 70 74
3 4 5
71 72 73
70 71 73
70 73 74
20 21 22
35 97 99
12 35 99
40 42 43
39 44 45
39 43 44
39 40 43
5 6 7
10 12 99
5 10 99
5 7 10
83 84 96
84 85 86
84 86 96
18 19 23
19 20 22
19 22 23
38 39 45
37 38 46
38 45 46
35 57 97
50 51 53
12 14 29
14 28 29
66 67 76
65 66 76
8 9 10
7 8 10
10 11 12
12 13 14
89 95 96
88 89 96
86 88 96
86 87 88
14 16 28
14 15 16
12 31 32
12 32 33
12 34 35
12 33 34
51 52 53
63 78 81
81 96 97
81 83 96
81 82 83
37 46 47
49 50 54
50 53 54
12 30 31
12 29 30
40 41 42
17 18 25
17 25 26
17 26 27
16 17 27
16 27 28
65 76 77
64 65 77
63 77 78
63 64 77
67 68 75
67 75 76
69 74 75
68 69 75
92 93 94
89 90 94
89 94 95
90 91 94
91 92 94
97 98 99
2 3 101
0 1 2
0 2 101
0 101 102
61 62 81
62 63 81
78 79 81
36 37 47
35 36 57
36 47 57
49 54 55
57 58 97
58 81 97
58 59 81
60 61 81
59 60 81
18 23 24
18 24 25
5 99 100
3 5 100
3 100 101
79 80 81
47 56 57
48 55 58
47 48 56
48 49 55
