# points
0.01165 0.50097
0.013592 0.53592
0.042718 0.56117
0.07767 0.56505
0.11262 0.56699
0.14757 0.56893
0.16311 0.57476
0.13786 0.59612
0.16893 0.60388
0.14175 0.62718
0.1068 0.64854
0.081553 0.67573
0.066019 0.71068
0.071845 0.74563
0.087379 0.78058
0.11262 0.80777
0.13592 0.84078
0.17087 0.85631
0.20583 0.8699
0.24078 0.87767
0.27573 0.87961
0.31068 0.87379
0.33398 0.88155
0.36699 0.90097
0.40194 0.91456
0.43689 0.92427
0.47184 0.9301
0.5068 0.94951
0.54175 0.96893
0.5767 0.99029
0.61165 1
0.64078 0.97864
0.6466 0.94369
0.64466 0.90874
0.63883 0.87379
0.62718 0.83883
0.61553 0.80388
0.59806 0.76893
0.58058 0.73398
0.55922 0.69903
0.53592 0.66602
0.5068 0.63301
0.47573 0.60194
0.44466 0.57864
0.40971 0.55922
0.4233 0.54369
0.44854 0.53592
0.4835 0.56311
0.51262 0.59223
0.54175 0.6233
0.5767 0.64854
0.57864 0.63301
0.54369 0.61165
0.51262 0.57864
0.48544 0.55146
0.45049 0.52621
0.46019 0.5068
0.43495 0.49515
0.44272 0.46408
0.45631 0.42913
0.46602 0.39417
0.4699 0.35922
0.48155 0.32427
0.47184 0.31262
0.46408 0.34757
0.45825 0.38252
0.45049 0.41748
0.43883 0.45243
0.41942 0.4835
0.38641 0.49126
0.4 0.45825
0.41553 0.4233
0.42524 0.38835
0.43107 0.3534
0.43689 0.31845
0.43689 0.2835
0.43495 0.24854
0.43107 0.21359
0.42718 0.17864
0.4233 0.14369
0.41359 0.10874
0.40194 0.073786
0.38447 0.038835
0.35922 0.007767
0.32427 0
0.29126 0.025243
0.27379 0.060194
0.26214 0.095146
0.24272 0.12816
0.21748 0.15728
0.18835 0.18835
0.16505 0.21942
0.1534 0.25437
0.13786 0.27184
0.1068 0.28738
0.073786 0.3068
0.050485 0.33592
0.029126 0.36311
0.01165 0.39417
0.013592 0.42913
0 0.46408
0.01165 0.49903
0.01165 0.50097
# triangles
28 33 34
28 32 33
49 51 52
49 50 51
28 29 32
29 31 32
29 30 31
78 79 88
6 44 69
44 45 69
97 98 99
5 94 96
5 96 99
96 97 99
59 60 66
59 66 67
10 13 14
0 2 3
77 78 88
6 69 93
5 93 94
5 6 93
8 21 44
6 8 44
6 7 8
48 49 52
83 84 85
82 83 85
90 91 92
58 67 68
58 59 67
45 57 69
57 68 69
57 58 68
0 1 2
11 12 13
10 11 13
10 14 15
4 5 99
76 89 90
76 77 89
77 88 89
21 43 44
21 42 43
94 95 96
75 90 92
75 76 90
61 64 73
61 62 64
62 63 64
60 61 65
60 65 66
71 92 93
15 16 17
9 15 17
9 10 15
0 3 101
3 4 101
4 99 101
99 100 101
80 81 87
79 87 88
79 80 87
82 85 86
81 82 86
81 86 87
8 20 21
8 19 20
73 74 92
74 75 92
72 73 92
71 72 92
69 70 93
70 71 93
8 18 19
8 9 18
9 17 18
45 55 57
45 46 55
55 56 57
23 39 40
26 35 36
26 36 37
26 37 38
42 48 53
48 52 53
46 54 55
46 47 54
47 53 54
22 40 41
22 23 40
21 22 42
22 41 42
26 27 35
27 28 34
27 34 35
24 38 39
23 24 39
25 26 38
24 25 38
