# points
0.010309 0.46134
0.030928 0.50258
0.061856 0.53351
0.056701 0.56959
0.048969 0.6134
0.054124 0.65722
0.064433 0.70103
0.085052 0.73969
0.090206 0.78351
0.095361 0.81959
0.085052 0.85567
0.1134 0.89175
0.13918 0.9201
0.18299 0.90722
0.2268 0.88144
0.26546 0.84794
0.30155 0.80928
0.3299 0.77062
0.36082 0.7268
0.38144 0.68299
0.39948 0.63918
0.41495 0.59536
0.42268 0.55155
0.43814 0.5232
0.46134 0.55928
0.45876 0.60309
0.45361 0.64691
0.44072 0.69072
0.41495 0.7268
0.43557 0.74485
0.45103 0.70103
0.46392 0.65722
0.47165 0.6134
0.47938 0.57474
0.51546 0.57216
0.54381 0.57216
0.58763 0.59794
0.63144 0.61598
0.67526 0.62887
0.71134 0.61856
0.6701 0.61082
0.62629 0.60052
0.58505 0.58247
0.54639 0.5567
0.51804 0.52062
0.51804 0.49227
0.56186 0.51804
0.60567 0.54124
0.64948 0.55928
0.6933 0.57474
0.73711 0.58505
0.78093 0.59278
0.82474 0.59536
0.86856 0.59536
0.91237 0.59278
0.95619 0.58505
1 0.56959
1 0.52577
0.99485 0.48196
0.96907 0.44845
0.93557 0.41753
0.90979 0.37887
0.89433 0.33505
0.87371 0.29639
0.84278 0.26546
0.80412 0.25
0.78093 0.22938
0.78608 0.18557
0.76804 0.14175
0.74742 0.10825
0.71134 0.074742
0.68041 0.041237
0.64175 0.028351
0.60567 0.018041
0.56186 0
0.51804 0.012887
0.47938 0.03866
0.46392 0.082474
0.44845 0.12371
0.43299 0.16237
0.42526 0.20619
0.42784 0.25
0.43557 0.29124
0.42268 0.28351
0.39948 0.24485
0.36598 0.21134
0.33763 0.23196
0.34021 0.27577
0.34021 0.30928
0.30928 0.27577
0.2732 0.24742
0.23454 0.22423
0.1933 0.21392
0.15722 0.18557
0.1134 0.18041
0.074742 0.20361
0.03866 0.2268
0.023196 0.26804
0.007732 0.31186
0.0051546 0.35567
0 0.39948
0.0025773 0.4433
0.010309 0.46134
# triangles
3 5 19
38 39 40
37 38 40
9 13 14
9 14 15
3 4 5
95 96 97
93 94 95
23 82 88
24 25 33
7 16 17
23 45 82
28 29 30
25 32 33
11 12 13
9 11 13
8 9 15
7 8 16
8 15 16
54 57 58
2 88 89
3 19 20
2 3 20
2 20 21
52 53 60
53 54 60
54 58 59
54 59 60
63 64 65
51 52 61
52 60 61
7 17 18
6 7 18
5 18 19
5 6 18
45 66 82
66 81 82
66 67 68
66 69 70
66 68 69
23 24 44
23 44 45
33 34 44
24 33 44
27 28 30
27 30 31
9 10 11
83 87 88
82 83 88
70 78 79
73 74 75
73 77 78
75 76 77
73 75 77
70 72 78
72 73 78
70 71 72
2 89 90
90 99 100
2 90 100
83 84 87
55 56 57
54 55 57
2 21 22
22 23 88
2 22 88
0 2 100
0 1 2
0 100 101
62 63 65
50 51 61
45 46 66
37 40 41
36 37 41
26 27 31
25 26 32
26 31 32
70 79 80
66 80 81
66 70 80
84 86 87
84 85 86
90 92 99
90 91 92
92 98 99
92 97 98
92 93 95
92 95 97
48 49 65
49 62 65
49 61 62
49 50 61
34 43 44
34 35 43
47 48 65
47 65 66
46 47 66
35 36 42
35 42 43
36 41 42
