# points
0.028777 0.53957
0.064748 0.59712
0.11511 0.65468
0.1295 0.71223
0.1223 0.76978
0.1259 0.82734
0.15827 0.88129
0.21223 0.91727
0.26619 0.93885
0.32374 0.93525
0.38129 0.90647
0.41367 0.84892
0.41727 0.79137
0.41007 0.73381
0.41727 0.70504
0.42806 0.76259
0.42806 0.82014
0.44245 0.8777
0.49281 0.89928
0.55036 0.90647
0.60791 0.89209
0.65108 0.84173
0.64748 0.78417
0.64388 0.72662
0.66187 0.7554
0.67986 0.81295
0.68345 0.85971
0.68345 0.91727
0.72302 0.95324
0.77698 0.98201
0.83453 0.97482
0.89209 0.97122
0.94964 0.94245
0.99281 0.89928
1 0.84173
0.96043 0.80216
0.90288 0.77698
0.85971 0.72662
0.85252 0.66906
0.84532 0.61151
0.84173 0.55396
0.83813 0.4964
0.81655 0.43885
0.79496 0.38129
0.7518 0.32374
0.80935 0.28417
0.79137 0.22662
0.78058 0.16906
0.79856 0.11151
0.79496 0.053957
0.7446 0.053957
0.69065 0.10791
0.67626 0.16547
0.71942 0.20144
0.71583 0.2554
0.65827 0.2518
0.6259 0.20504
0.6259 0.14748
0.64748 0.097122
0.70504 0.071942
0.70863 0.017986
0.65108 0.0035971
0.59353 0.0071942
0.53597 0.017986
0.52878 0.064748
0.55755 0.1223
0.55396 0.17986
0.53957 0.23741
0.48921 0.25899
0.43165 0.27338
0.41727 0.23022
0.41007 0.17266
0.39568 0.11511
0.44964 0.061151
0.46043 0.0035971
0.40647 0
0.34892 0.02518
0.29496 0.07554
0.32734 0.1295
0.34892 0.18705
0.31655 0.2446
0.25899 0.2482
0.20144 0.21223
0.17626 0.16547
0.18345 0.10791
0.23381 0.079137
0.29137 0.046763
0.25899 0.0035971
0.20144 0.0035971
0.14388 0.010791
0.10072 0.046763
0.1259 0.10432
0.1295 0.16187
0.1295 0.21942
0.1295 0.27698
0.13309 0.33453
0.10432 0.38849
0.068345 0.33453
0.014388 0.33453
0 0.39209
0.0035971 0.44964
0.017986 0.50719
0.028777 0.53957
# triangles
28 29 30
2 3 14
2 14 96
96 97 99
16 18 19
9 11 12
23 40 41
23 39 40
33 34 35
8 9 12
7 8 12
32 33 35
97 98 99
84 91 92
84 89 91
89 90 91
96 99 100
4 7 12
4 5 6
4 6 7
0 1 96
1 2 96
84 88 89
14 23 68
16 19 22
9 10 11
14 15 23
15 22 23
15 16 22
23 38 39
32 35 36
19 20 22
20 21 22
30 31 36
31 32 36
0 96 101
96 100 101
3 4 13
4 12 13
3 13 14
23 41 42
85 87 88
84 85 88
81 94 95
25 36 37
16 17 18
72 76 78
14 68 69
14 69 96
72 78 79
71 72 79
85 86 87
24 25 37
24 37 38
23 24 38
26 27 28
26 28 30
26 30 36
25 26 36
44 55 68
23 44 68
23 42 44
42 43 44
73 75 76
72 73 76
73 74 75
70 71 79
76 77 78
83 92 93
83 84 92
81 82 94
82 93 94
82 83 93
44 54 55
44 45 54
51 52 53
58 62 65
57 58 65
58 61 62
56 57 66
57 65 66
62 63 64
62 64 65
70 79 80
69 70 80
80 81 95
80 95 96
69 80 96
48 49 50
47 51 53
47 48 51
46 53 54
45 46 54
46 47 53
56 66 67
55 67 68
55 56 67
48 50 59
59 60 61
58 59 61
