# points
0.1 0.536
0.104 0.588
0.116 0.64
0.136 0.692
0.16 0.744
0.128 0.78
0.076 0.796
0.024 0.808
0 0.86
0.016 0.912
0.068 0.952
0.12 0.972
0.172 0.98
0.224 0.98
0.276 0.988
0.328 1
0.372 0.972
0.372 0.92
0.34 0.876
0.332 0.824
0.328 0.772
0.356 0.74
0.376 0.792
0.396 0.844
0.416 0.896
0.464 0.94
0.516 0.948
0.564 0.908
0.584 0.856
0.596 0.804
0.628 0.84
0.648 0.892
0.684 0.936
0.736 0.936
0.788 0.9
0.82 0.848
0.848 0.796
0.868 0.744
0.896 0.692
0.912 0.64
0.92 0.588
0.924 0.536
0.928 0.484
0.932 0.432
0.96 0.38
0.944 0.328
0.9 0.344
0.896 0.396
0.9 0.448
0.896 0.5
0.888 0.552
0.864 0.536
0.848 0.484
0.84 0.432
0.856 0.38
0.872 0.328
0.86 0.276
0.852 0.224
0.856 0.172
0.86 0.12
0.868 0.068
0.824 0.056
0.772 0.052
0.76 0.092
0.776 0.144
0.776 0.196
0.772 0.248
0.76 0.3
0.736 0.352
0.716 0.32
0.724 0.268
0.696 0.216
0.688 0.164
0.688 0.112
0.692 0.06
0.644 0.048
0.592 0.04
0.568 0.068
0.588 0.12
0.6 0.172
0.596 0.224
0.6 0.276
0.596 0.328
0.568 0.368
0.516 0.356
0.464 0.348
0.412 0.332
0.36 0.32
0.344 0.268
0.352 0.216
0.336 0.164
0.328 0.112
0.332 0.06
0.34 0.008
0.296 0
0.244 0.004
0.192 0.004
0.14 0.012
0.156 0.064
0.172 0.116
0.176 0.168
0.164 0.22
0.168 0.272
0.18 0.324
0.16 0.376
0.12 0.424
0.104 0.476
0.1 0.528
0.1 0.536
# triangles
44 45 46
73 74 75
73 75 78
75 76 78
57 58 65
57 65 66
56 57 66
51 52 83
52 68 83
91 95 99
104 105 106
96 97 98
95 96 98
95 98 99
71 79 80
73 78 79
58 59 64
58 64 65
56 66 67
21 83 84
21 84 85
0 1 21
55 56 67
69 70 81
70 71 81
71 80 81
68 82 83
68 69 82
69 81 82
37 38 51
42 43 48
3 4 21
104 106 107
0 21 107
92 94 95
91 92 95
91 99 100
88 101 102
88 102 103
72 73 79
71 72 79
61 62 63
59 61 64
61 63 64
59 60 61
29 51 83
21 29 83
29 37 51
29 36 37
52 53 68
38 39 51
42 48 49
41 42 49
6 9 10
6 8 9
6 7 8
1 2 21
2 3 21
92 93 94
76 77 78
88 89 101
87 103 104
87 88 103
87 104 107
21 87 107
15 16 17
13 14 18
14 15 17
14 17 18
4 20 21
30 35 36
29 30 36
30 34 35
43 47 48
44 46 47
43 44 47
39 50 51
39 40 50
40 41 50
41 49 50
5 12 13
90 91 100
90 100 101
89 90 101
21 85 86
21 86 87
31 33 34
30 31 34
31 32 33
53 54 68
54 67 68
54 55 67
6 10 11
5 6 11
5 11 12
23 28 29
23 24 28
21 22 29
22 23 29
4 19 20
4 5 19
13 18 19
5 13 19
24 27 28
24 25 27
25 26 27
