# points
0.056667 0.50667
0.063333 0.56
0.066667 0.61333
0.073333 0.66667
0.08 0.72
0.063333 0.75333
0.01 0.77333
0 0.82667
0.03 0.86667
0.076667 0.91667
0.1 0.97
0.14 1
0.18667 0.97333
0.23 0.95
0.23667 0.89667
0.22667 0.84333
0.18667 0.79667
0.17333 0.74333
0.18333 0.69
0.22 0.64667
0.26 0.69333
0.26667 0.74667
0.28 0.8
0.32 0.85
0.37333 0.85333
0.42 0.81333
0.42667 0.76
0.43 0.70667
0.45667 0.72333
0.46 0.77667
0.47667 0.83
0.52667 0.84667
0.57667 0.82333
0.59333 0.77
0.59333 0.71667
0.59667 0.66333
0.61667 0.61
0.63 0.55667
0.64 0.50333
0.65667 0.45
0.66333 0.39667
0.69667 0.35
0.72333 0.3
0.70667 0.26
0.65333 0.27
0.63 0.31667
0.63333 0.37
0.63333 0.42333
0.61333 0.46
0.6 0.40667
0.59667 0.35333
0.59333 0.30333
0.59333 0.25
0.56 0.19667
0.53667 0.14333
0.53 0.09
0.51333 0.036667
0.47 0.013333
0.41667 0.0066667
0.41667 0.046667
0.47 0.076667
0.49 0.13
0.50667 0.18333
0.51333 0.23667
0.5 0.29
0.46 0.26333
0.43667 0.21
0.44 0.16
0.47 0.11667
0.42333 0.073333
0.4 0.12
0.37667 0.17
0.39333 0.22333
0.42 0.27667
0.4 0.33
0.35333 0.35333
0.32 0.3
0.3 0.24667
0.29333 0.19333
0.28333 0.14
0.27333 0.086667
0.27667 0.033333
0.24 0
0.18667 0
0.17667 0.043333
0.23 0.073333
0.25 0.12
0.25667 0.17333
0.26 0.22667
0.25667 0.28
0.24 0.33333
0.21 0.35667
0.15667 0.32667
0.10333 0.30333
0.13667 0.25
0.19 0.23333
0.23333 0.22333
0.22333 0.17333
0.17 0.16667
0.12 0.20667
0.08 0.26
0.036667 0.29
0.076667 0.34333
0.10667 0.39667
0.083333 0.44
0.056667 0.48667
0.056667 0.50667
# triangles
82 83 84
66 72 73
19 27 75
19 20 27
5 8 16
5 6 7
5 7 8
8 9 16
64 73 74
49 64 74
76 77 89
75 76 90
76 89 90
64 65 73
65 66 73
80 81 85
82 84 85
81 82 85
41 42 44
42 43 44
54 55 61
54 61 62
27 48 75
27 37 48
48 74 75
48 49 74
49 50 64
29 32 33
22 24 25
29 31 32
29 30 31
9 10 12
10 11 12
20 21 27
22 25 26
21 26 27
21 22 26
9 15 16
77 88 89
77 78 88
56 57 60
55 56 60
2 18 19
66 71 72
66 67 71
80 85 86
52 63 64
37 38 48
51 52 64
50 51 64
41 44 45
27 36 37
27 35 36
4 17 18
4 5 17
5 16 17
22 23 24
9 12 14
9 14 15
12 13 14
55 60 68
57 58 59
57 59 60
75 90 91
19 75 91
94 95 99
95 96 97
1 2 19
3 4 18
2 3 18
67 70 71
67 68 70
68 69 70
79 80 86
52 53 63
53 62 63
53 54 62
40 41 46
41 45 46
40 46 47
27 28 35
28 34 35
28 29 33
28 33 34
93 100 101
93 94 100
94 99 100
93 101 102
92 93 102
95 97 98
95 98 99
79 86 87
78 79 87
78 87 88
38 39 48
39 47 48
39 40 47
92 102 103
91 92 103
19 91 104
91 103 104
1 19 104
0 1 104
0 104 105
