# points
0.075658 0.4375
0.088816 0.48026
0.10526 0.52303
0.13816 0.55921
0.18092 0.58882
0.22368 0.62171
0.19079 0.64474
0.17434 0.6875
0.18092 0.73026
0.21711 0.76316
0.25987 0.77961
0.30263 0.77961
0.33882 0.74671
0.36184 0.71053
0.39145 0.74342
0.38816 0.78618
0.42434 0.81908
0.46711 0.84211
0.50987 0.85855
0.55263 0.84539
0.58224 0.80592
0.60197 0.76316
0.56908 0.73026
0.58882 0.6875
0.63158 0.66118
0.66447 0.69079
0.68092 0.73355
0.69408 0.77632
0.71382 0.81908
0.73355 0.86184
0.74671 0.90461
0.78947 0.9375
0.83224 0.94408
0.875 0.92763
0.91118 0.90132
0.95395 0.90132
0.99342 0.87171
1 0.82895
0.98026 0.78618
0.94079 0.77303
0.9375 0.73026
0.93421 0.6875
0.93092 0.64474
0.92434 0.60197
0.91447 0.55921
0.90461 0.51645
0.88816 0.47368
0.87171 0.43092
0.83882 0.39145
0.79934 0.35197
0.75987 0.31908
0.71711 0.31908
0.67434 0.32566
0.64145 0.3125
0.62829 0.26974
0.60855 0.22697
0.57566 0.19408
0.53618 0.16118
0.52961 0.11842
0.54276 0.075658
0.58553 0.069079
0.61842 0.039474
0.57895 0.016447
0.53618 0.016447
0.49342 0
0.45066 0
0.40789 0.013158
0.39474 0.052632
0.40132 0.095395
0.42105 0.13816
0.42434 0.18092
0.39474 0.22368
0.38487 0.26316
0.38816 0.30592
0.36513 0.33224
0.32237 0.34868
0.28289 0.34539
0.26316 0.30263
0.24342 0.25987
0.22697 0.21711
0.21711 0.17434
0.20724 0.13158
0.22368 0.092105
0.26645 0.092105
0.29934 0.065789
0.27632 0.036184
0.24013 0.013158
0.19737 0.013158
0.15461 0.016447
0.11184 0.019737
0.082237 0.039474
0.095395 0.082237
0.10197 0.125
0.10197 0.16776
0.092105 0.21053
0.069079 0.18092
0.026316 0.1875
0 0.21711
0.0098684 0.25987
0.036184 0.30263
0.049342 0.34539
0.0625 0.38816
0.075658 0.43092
0.075658 0.4375
# triangles
35 36 37
13 23 74
35 37 39
24 53 74
23 24 74
24 52 53
5 9 10
13 74 75
5 13 75
7 8 9
5 7 9
25 42 43
25 43 44
34 35 39
59 65 68
96 97 98
56 57 70
56 70 71
56 71 72
77 78 100
24 48 52
46 47 48
24 46 48
13 14 23
29 34 39
5 75 76
4 5 76
37 38 39
59 62 63
89 90 91
81 91 92
81 82 91
80 81 93
81 92 93
82 86 87
65 67 68
65 66 67
83 84 85
82 85 86
82 83 85
57 69 70
60 61 62
59 60 62
56 72 73
53 73 74
48 49 52
25 44 45
24 25 45
24 45 46
29 33 34
14 22 23
20 21 22
1 3 76
3 4 76
5 6 7
77 100 101
76 77 101
59 64 65
59 63 64
82 88 91
82 87 88
88 89 91
57 58 69
58 59 68
58 68 69
53 54 73
78 94 100
78 79 94
80 93 94
79 80 94
94 96 98
94 95 96
49 51 52
49 50 51
29 30 31
31 32 33
29 31 33
25 26 42
26 41 42
28 39 40
28 29 39
14 16 22
14 15 16
17 20 22
17 18 19
17 19 20
16 17 22
1 2 3
1 76 102
76 101 102
55 56 73
54 55 73
94 98 99
94 99 100
10 11 12
5 12 13
5 10 12
27 28 40
27 40 41
26 27 41
0 1 102
