# points
0.086806 0.44097
0.09375 0.49653
0.11111 0.55208
0.13194 0.60764
0.15278 0.66319
0.17361 0.71875
0.19792 0.77431
0.25347 0.80208
0.30903 0.78819
0.34028 0.73264
0.38542 0.70486
0.40972 0.75694
0.4375 0.8125
0.49306 0.82639
0.54861 0.80556
0.56597 0.75
0.56944 0.69444
0.57639 0.63889
0.60417 0.58681
0.65972 0.57639
0.71528 0.61111
0.75 0.66667
0.75694 0.72222
0.72569 0.77431
0.74306 0.81597
0.77778 0.86111
0.82986 0.88889
0.88542 0.85764
0.92708 0.84028
0.97917 0.81944
1 0.76736
0.95486 0.73264
0.90625 0.70139
0.86806 0.65625
0.86458 0.60069
0.85417 0.54514
0.84028 0.48958
0.82292 0.43403
0.78819 0.37847
0.73958 0.33333
0.71528 0.28819
0.71181 0.23264
0.72222 0.17708
0.72917 0.12153
0.75 0.069444
0.80556 0.059028
0.8125 0.0069444
0.75694 0.0069444
0.70139 0.020833
0.69444 0.076389
0.68056 0.13194
0.67361 0.1875
0.65972 0.24306
0.61111 0.28472
0.58333 0.26042
0.56597 0.20486
0.55208 0.14931
0.53819 0.09375
0.56944 0.065972
0.61111 0.038194
0.57639 0.0034722
0.52083 0
0.47569 0.027778
0.48958 0.083333
0.5 0.13889
0.50347 0.19444
0.51736 0.25
0.52778 0.30556
0.47917 0.31944
0.42361 0.31944
0.36806 0.31944
0.3125 0.33333
0.25694 0.33333
0.22222 0.27778
0.20833 0.22222
0.22222 0.16667
0.24653 0.11111
0.30208 0.11111
0.35764 0.090278
0.35417 0.038194
0.29861 0.041667
0.24306 0.041667
0.21181 0.076389
0.19444 0.13194
0.16667 0.1875
0.13889 0.24306
0.125 0.29861
0.072917 0.27778
0.059028 0.22222
0.052083 0.16667
0.083333 0.11111
0.13889 0.10417
0.15972 0.052083
0.10764 0.045139
0.059028 0.0625
0.034722 0.11806
0 0.17014
0.013889 0.22569
0.027778 0.28125
0.03125 0.33681
0.059028 0.37847
0.086806 0.43056
0.086806 0.44097
# triangles
29 30 31
28 29 31
2 3 71
2 71 72
39 40 53
58 60 61
43 49 50
25 26 27
20 35 36
3 4 10
3 10 71
76 77 80
76 80 81
77 78 80
78 79 80
0 1 72
1 2 72
86 99 100
40 41 52
40 52 53
41 51 52
18 67 68
18 53 67
45 46 47
58 59 60
57 58 61
56 57 64
43 44 49
44 45 47
44 48 49
44 47 48
42 43 50
42 50 51
41 42 51
20 34 35
22 24 27
24 25 27
22 32 33
22 27 32
28 31 32
27 28 32
10 16 17
10 17 18
21 22 33
21 33 34
20 21 34
19 38 39
19 37 38
19 39 53
18 19 53
19 36 37
19 20 36
18 68 69
10 18 69
10 11 16
11 12 13
4 5 9
4 9 10
6 7 9
5 6 9
57 63 64
61 62 63
57 61 63
0 72 101
72 86 101
86 100 101
88 97 98
87 88 98
86 87 99
87 98 99
73 85 86
73 74 85
72 73 86
76 81 82
90 94 95
90 93 94
90 91 93
76 82 83
11 15 16
11 13 15
13 14 15
10 70 71
10 69 70
55 65 66
56 64 65
55 56 65
7 8 9
91 92 93
89 90 95
89 95 96
89 96 97
88 89 97
75 76 83
74 84 85
74 75 84
75 83 84
54 55 66
53 54 67
54 66 67
22 23 24
