# points
0.10714 0.47619
0.09127 0.51587
0.095238 0.55556
0.099206 0.59524
0.095238 0.63492
0.11508 0.6746
0.13492 0.71429
0.13889 0.75397
0.10714 0.78175
0.06746 0.78175
0.027778 0.78571
0 0.8254
0 0.86508
0.031746 0.89286
0.071429 0.90079
0.11111 0.91667
0.15079 0.94444
0.19048 0.95635
0.23016 0.96032
0.26984 0.94841
0.30952 0.92857
0.34127 0.89286
0.34524 0.85317
0.35714 0.81349
0.35714 0.77381
0.35317 0.73413
0.34127 0.69444
0.35317 0.65476
0.39286 0.67063
0.40873 0.71032
0.42063 0.75
0.45238 0.78571
0.49206 0.79365
0.53175 0.78571
0.57143 0.75794
0.60317 0.74206
0.63492 0.77778
0.6746 0.79365
0.71429 0.78968
0.75397 0.7619
0.79365 0.72619
0.80556 0.68651
0.82937 0.64683
0.86905 0.61508
0.90476 0.5754
0.92857 0.53571
0.96429 0.49603
0.99206 0.45635
1 0.41667
0.99603 0.37698
0.99603 0.3373
0.97222 0.30556
0.94444 0.3373
0.93651 0.37698
0.92857 0.41667
0.89683 0.4127
0.87698 0.37302
0.86508 0.33333
0.86111 0.29365
0.86508 0.25397
0.85714 0.21429
0.84524 0.1746
0.83333 0.13492
0.81746 0.095238
0.79762 0.055556
0.75794 0.047619
0.71825 0.051587
0.67857 0.063492
0.63889 0.051587
0.60317 0.063492
0.63095 0.095238
0.65873 0.13492
0.6746 0.1746
0.67857 0.21429
0.67063 0.25397
0.64286 0.29365
0.61508 0.33333
0.5754 0.33333
0.53571 0.32937
0.49603 0.33333
0.45635 0.34524
0.41667 0.35714
0.39286 0.31746
0.38095 0.27778
0.36508 0.2381
0.36111 0.19841
0.35714 0.15873
0.35714 0.11905
0.35714 0.079365
0.35714 0.039683
0.3373 0.0079365
0.29762 0
0.25794 0.019841
0.22222 0.055556
0.21429 0.09127
0.25 0.12302
0.25794 0.1627
0.26587 0.20238
0.25794 0.24206
0.2381 0.28175
0.21825 0.32143
0.19444 0.36111
0.15873 0.40079
0.14286 0.44048
0.10714 0.47619
0.10714 0.47619
# triangles
11 12 13
9 11 13
9 13 14
89 90 91
89 91 92
82 83 99
88 89 92
86 96 97
7 16 17
7 8 16
8 15 16
8 9 14
8 14 15
7 22 23
68 69 70
67 68 70
86 87 96
92 93 95
88 92 95
93 94 95
87 95 96
87 88 95
27 81 101
27 101 103
7 19 22
17 18 19
7 17 19
7 23 24
35 42 76
58 59 74
49 50 52
50 51 52
85 86 97
84 85 97
84 97 98
83 98 99
83 84 98
5 26 27
3 5 27
3 4 5
9 10 11
81 82 100
81 100 101
82 99 100
101 102 103
7 25 26
7 24 25
35 76 77
42 55 76
66 67 71
66 71 72
67 70 71
63 64 65
62 63 72
63 65 66
63 66 72
60 61 73
61 72 73
61 62 72
6 7 26
5 6 26
0 1 2
0 2 103
2 27 103
2 3 27
19 20 22
20 21 22
35 41 42
35 39 41
39 40 41
35 36 39
36 38 39
36 37 38
49 52 53
48 49 53
55 56 76
29 33 34
29 30 33
77 78 79
57 75 76
56 57 76
57 58 74
57 74 75
42 43 55
30 32 33
30 31 32
27 28 81
28 80 81
28 79 80
28 77 79
28 35 77
28 34 35
28 29 34
48 53 54
47 48 54
46 47 54
45 46 55
46 54 55
44 45 55
43 44 55
59 60 73
59 73 74
