# points
0.070707 0.50505
0.080808 0.54882
0.084175 0.58923
0.10438 0.633
0.12795 0.67677
0.11111 0.69697
0.070707 0.67677
0.026936 0.68013
0.006734 0.72391
0 0.76768
0.023569 0.81145
0.060606 0.84848
0.10438 0.87205
0.14141 0.91582
0.17845 0.94613
0.21886 0.9798
0.26263 1
0.3064 0.98316
0.31987 0.93939
0.35017 0.89899
0.367 0.86195
0.37037 0.81818
0.367 0.77441
0.36364 0.73064
0.34343 0.68687
0.3165 0.64646
0.3367 0.61279
0.37037 0.6532
0.39731 0.69697
0.41751 0.74074
0.44781 0.78451
0.49158 0.81481
0.53535 0.81818
0.57912 0.79461
0.59933 0.75084
0.60269 0.70707
0.59933 0.6633
0.63973 0.68687
0.68013 0.72054
0.72391 0.73064
0.75758 0.6936
0.78788 0.64983
0.81145 0.60606
0.83838 0.56229
0.85522 0.51852
0.86532 0.47475
0.86869 0.43098
0.86869 0.38721
0.86532 0.34343
0.86532 0.29966
0.87879 0.25589
0.88889 0.21212
0.88215 0.16835
0.83838 0.16835
0.81818 0.21212
0.82492 0.25589
0.83838 0.29966
0.83165 0.34343
0.81481 0.37374
0.78788 0.32997
0.75084 0.2862
0.71717 0.24242
0.70034 0.19865
0.69697 0.15488
0.70707 0.11111
0.71717 0.06734
0.69697 0.03367
0.6532 0.023569
0.60943 0.023569
0.56566 0.037037
0.52189 0.050505
0.51852 0.090909
0.55892 0.13131
0.58249 0.17508
0.58249 0.21886
0.56902 0.25589
0.52525 0.24916
0.48148 0.25589
0.43771 0.26936
0.39394 0.28956
0.37374 0.24916
0.37037 0.20539
0.37037 0.16162
0.37374 0.11785
0.39057 0.074074
0.39731 0.03367
0.35354 0.010101
0.30976 0
0.26599 0.006734
0.22222 0.026936
0.18182 0.047138
0.19529 0.084175
0.23906 0.10101
0.27946 0.14141
0.27946 0.18519
0.27609 0.22896
0.23906 0.24242
0.19529 0.24916
0.15825 0.27609
0.12458 0.31313
0.090909 0.35354
0.087542 0.39731
0.063973 0.43771
0.06734 0.48148
0.070707 0.50505
# triangles
3 25 26
36 42 58
1 3 26
3 4 25
26 27 36
51 52 53
51 53 54
43 44 58
42 43 58
89 90 91
1 2 3
5 9 10
5 10 11
5 11 12
5 12 22
4 5 22
50 51 54
36 58 59
87 88 92
88 89 92
89 91 92
26 36 79
31 32 34
32 33 34
37 40 41
36 37 42
37 41 42
12 13 22
13 21 22
13 19 21
13 14 19
0 1 26
26 79 101
79 99 101
0 26 101
0 101 103
99 100 101
101 102 103
4 24 25
4 22 24
29 35 36
5 8 9
44 45 58
45 46 58
83 86 87
62 63 73
36 75 77
36 59 75
59 60 75
60 61 75
19 20 21
15 16 18
16 17 18
14 15 18
14 18 19
38 39 40
37 38 40
30 31 34
30 34 35
29 30 35
22 23 24
6 7 8
5 6 8
46 47 58
47 57 58
81 94 95
87 92 93
83 87 93
63 64 72
63 72 73
75 76 77
62 73 74
61 62 74
61 74 75
50 54 55
79 95 96
96 97 98
96 98 99
79 96 99
27 28 36
28 29 36
47 48 57
48 49 56
48 56 57
36 77 78
36 78 79
82 83 93
81 82 94
82 93 94
83 84 86
84 85 86
65 66 67
64 65 67
69 70 71
69 71 72
79 80 95
80 81 95
68 69 72
64 68 72
64 67 68
49 55 56
49 50 55
