# points
0.24281 0.47923
0.1853 0.54633
0.14058 0.59105
0.073482 0.623
0.063898 0.6901
0.019169 0.71565
0 0.77955
0.054313 0.83067
0.095847 0.86901
0.13099 0.92332
0.19808 0.92971
0.26518 0.92971
0.29393 0.8754
0.29712 0.80831
0.3131 0.74121
0.3131 0.67412
0.33546 0.63259
0.40256 0.65815
0.40895 0.72204
0.35144 0.75399
0.38658 0.80511
0.40575 0.8722
0.46965 0.90735
0.53674 0.90415
0.59744 0.84984
0.59744 0.78275
0.60703 0.71565
0.63578 0.68051
0.6262 0.72204
0.65495 0.78594
0.66454 0.84984
0.71565 0.90415
0.78275 0.90415
0.82748 0.84665
0.84984 0.77955
0.86581 0.71246
0.86581 0.64856
0.91374 0.58147
0.96166 0.51438
0.98083 0.44728
1 0.38019
0.97764 0.3131
0.91374 0.30032
0.89776 0.36741
0.9393 0.42812
0.9393 0.49521
0.87859 0.54633
0.84026 0.48882
0.85942 0.42492
0.87859 0.38019
0.87859 0.3131
0.89457 0.24601
0.89457 0.17891
0.91693 0.11182
0.88818 0.051118
0.82109 0.041534
0.78914 0.099042
0.85623 0.14377
0.84665 0.21086
0.84345 0.27796
0.8147 0.32907
0.7476 0.33546
0.70288 0.27796
0.68371 0.21086
0.67412 0.14377
0.66773 0.076677
0.60064 0.057508
0.59744 0.12141
0.64537 0.17252
0.66454 0.23962
0.6869 0.30671
0.65176 0.34824
0.63898 0.38019
0.57188 0.3738
0.54952 0.33227
0.51438 0.28754
0.52716 0.22045
0.53994 0.15335
0.54633 0.086262
0.53355 0.019169
0.46645 0
0.41214 0.051118
0.47284 0.092652
0.5016 0.15335
0.49521 0.22045
0.47923 0.28754
0.41214 0.30032
0.37061 0.2492
0.34185 0.18211
0.3099 0.11502
0.28754 0.054313
0.22045 0.035144
0.15335 0.063898
0.17572 0.1246
0.24281 0.12141
0.27157 0.17891
0.30671 0.24601
0.33866 0.3131
0.29712 0.36741
0.30671 0.42492
0.24281 0.47923
0.24281 0.47923
# triangles
53 54 57
54 55 57
37 38 46
39 40 44
38 45 46
39 44 45
38 39 45
52 53 57
17 18 26
17 26 27
91 92 93
80 81 82
79 80 82
55 56 57
65 66 67
64 65 67
4 8 13
2 3 4
27 47 72
40 43 44
40 41 43
36 37 46
36 46 47
27 36 47
17 27 73
27 72 73
8 9 10
8 10 13
18 25 26
89 90 94
91 93 94
90 91 94
0 1 16
1 2 15
1 15 16
88 89 95
89 94 95
52 57 58
51 52 58
4 7 8
5 6 7
4 5 7
41 42 43
0 16 99
16 17 99
17 73 99
4 13 14
2 14 15
2 4 14
23 24 25
87 96 97
87 88 96
88 95 96
78 82 83
78 79 82
74 75 85
75 84 85
48 49 60
76 83 84
75 76 84
27 35 36
31 32 33
30 31 33
27 28 29
29 30 33
29 33 34
27 29 35
29 34 35
18 19 20
18 20 25
10 11 12
10 12 13
86 87 97
86 97 99
73 86 99
73 74 86
74 85 86
97 98 99
51 58 59
62 63 69
63 68 69
64 67 68
63 64 68
22 23 25
20 22 25
20 21 22
50 59 60
49 50 60
50 51 59
62 69 70
61 62 70
61 70 71
61 71 72
48 60 61
47 61 72
47 48 61
76 77 83
77 78 83
