# points
0.15194 0.51237
0.13428 0.5583
0.12367 0.60424
0.13074 0.65018
0.13781 0.69611
0.12367 0.71378
0.077739 0.69258
0.038869 0.70671
0 0.73852
0.0070671 0.78445
0.031802 0.83039
0.070671 0.85866
0.095406 0.90459
0.12014 0.94346
0.15548 0.98587
0.20141 1
0.24735 0.9894
0.26502 0.947
0.25795 0.90106
0.25088 0.85512
0.25442 0.80919
0.26855 0.76325
0.29329 0.71731
0.33922 0.68551
0.38516 0.67491
0.4311 0.68551
0.4735 0.72792
0.50177 0.77032
0.48057 0.79152
0.45936 0.83039
0.4735 0.87633
0.51237 0.91519
0.5583 0.9364
0.60424 0.93993
0.63958 0.91166
0.66078 0.86572
0.68551 0.87986
0.72792 0.91519
0.77385 0.9258
0.81979 0.92933
0.86219 0.89046
0.87279 0.84452
0.87986 0.79859
0.86572 0.75618
0.81979 0.75265
0.82332 0.70671
0.86219 0.66431
0.89753 0.61837
0.91519 0.57244
0.9364 0.5265
0.947 0.48057
0.947 0.43463
0.93993 0.38869
0.9258 0.34276
0.9258 0.29682
0.91166 0.25088
0.87633 0.27915
0.88339 0.32509
0.90459 0.37102
0.90813 0.41696
0.90813 0.4629
0.89399 0.4841
0.88339 0.43816
0.86926 0.39223
0.85866 0.34629
0.84099 0.30035
0.83746 0.25442
0.83746 0.20848
0.83746 0.16254
0.83746 0.11661
0.83392 0.070671
0.80212 0.031802
0.75618 0.028269
0.71025 0.035336
0.68551 0.070671
0.71731 0.10601
0.71731 0.15194
0.71025 0.19788
0.69258 0.24382
0.67491 0.28975
0.66431 0.33569
0.62191 0.34276
0.57597 0.34276
0.53004 0.34276
0.49117 0.33569
0.47703 0.28975
0.46996 0.24382
0.46643 0.19788
0.46643 0.15194
0.4629 0.10601
0.46643 0.060071
0.45936 0.014134
0.41343 0
0.36749 0.017668
0.36042 0.056537
0.39223 0.10247
0.38869 0.14841
0.38516 0.19435
0.37809 0.24028
0.34629 0.26855
0.30035 0.27208
0.25795 0.30389
0.22615 0.34629
0.20141 0.39223
0.17314 0.42756
0.16254 0.4735
0.15194 0.51237
# triangles
84 102 103
84 99 102
14 15 18
92 93 94
90 92 94
5 10 11
5 11 20
13 14 18
103 104 105
25 81 82
24 25 84
24 84 103
24 103 105
23 24 105
99 101 102
99 100 101
84 85 99
87 97 98
86 87 98
85 98 99
85 86 98
68 69 76
90 91 92
72 73 75
69 75 76
71 72 75
90 94 95
54 55 56
2 3 22
5 9 10
27 31 35
5 20 21
13 18 19
11 19 20
0 23 105
25 26 81
25 83 84
25 82 83
70 71 75
69 70 75
73 74 75
89 90 95
68 76 77
67 68 77
66 67 77
66 77 78
3 4 22
4 21 22
4 5 21
35 36 44
36 37 44
37 38 44
38 39 40
41 42 44
38 40 41
38 41 44
50 51 60
61 62 80
49 50 61
50 60 61
42 43 44
32 34 35
31 32 35
15 17 18
15 16 17
11 12 19
12 13 19
0 1 23
1 2 22
1 22 23
87 88 97
65 78 79
65 66 78
65 79 80
64 65 80
62 63 80
63 64 80
54 56 57
53 54 57
7 8 9
5 7 9
5 6 7
48 49 61
47 48 61
46 61 80
46 47 61
32 33 34
28 29 30
27 28 31
28 30 31
89 95 96
88 89 96
88 96 97
51 52 59
51 59 60
53 57 58
52 53 58
52 58 59
45 80 81
45 46 80
26 45 81
26 27 45
27 35 45
35 44 45
