# points
0.057554 0.5036
0.057554 0.55755
0.061151 0.61151
0.068345 0.66547
0.089928 0.71942
0.10791 0.77338
0.053957 0.77338
0 0.78777
0.0071942 0.84173
0.061151 0.8705
0.064748 0.92446
0.097122 0.97842
0.15108 1
0.20504 1
0.25899 0.97122
0.31295 0.94245
0.32014 0.89209
0.32014 0.83813
0.31295 0.78417
0.31295 0.73022
0.30216 0.67626
0.29496 0.6223
0.30576 0.58993
0.35252 0.6295
0.3777 0.67986
0.40647 0.73381
0.46043 0.7518
0.50719 0.71942
0.52878 0.66547
0.56115 0.66187
0.57194 0.71583
0.60072 0.76978
0.65468 0.77338
0.69424 0.72662
0.71583 0.67266
0.7482 0.6259
0.79856 0.57914
0.82734 0.52518
0.86331 0.47122
0.88129 0.41727
0.86331 0.36331
0.85971 0.40647
0.84173 0.46043
0.82014 0.42806
0.80935 0.3741
0.78777 0.32014
0.75899 0.26619
0.7482 0.21223
0.73381 0.15827
0.7446 0.10432
0.76978 0.057554
0.71942 0.039568
0.66547 0.035971
0.61151 0.028777
0.60432 0.068345
0.65827 0.093525
0.70144 0.1259
0.70504 0.17986
0.67986 0.23381
0.6259 0.22302
0.60791 0.16906
0.60072 0.11511
0.57914 0.064748
0.53237 0.028777
0.47842 0.028777
0.43885 0.057554
0.49281 0.086331
0.54676 0.11511
0.57554 0.15827
0.58993 0.21223
0.55755 0.2518
0.53237 0.29856
0.49281 0.32374
0.43885 0.32014
0.41727 0.28417
0.38489 0.24101
0.3741 0.18705
0.38129 0.13309
0.39568 0.079137
0.41727 0.028777
0.36331 0.0071942
0.30935 0
0.26619 0.021583
0.31295 0.068345
0.34892 0.10432
0.33094 0.15827
0.28058 0.19065
0.26259 0.14029
0.26619 0.086331
0.23381 0.032374
0.17986 0.010791
0.1259 0.028777
0.14388 0.07554
0.19784 0.10432
0.23741 0.15468
0.2482 0.20863
0.22662 0.23741
0.19065 0.26259
0.14388 0.29137
0.10791 0.34173
0.071942 0.3777
0.068345 0.43165
0.057554 0.48561
0.057554 0.5036
# triangles
6 7 8
39 40 41
5 6 9
6 8 9
39 41 42
9 10 12
10 11 12
90 91 92
0 1 22
99 100 101
22 97 99
22 99 101
5 14 17
5 9 14
5 17 18
5 18 19
5 19 20
22 73 97
38 39 42
78 79 80
22 101 102
0 22 102
97 98 99
29 34 35
28 29 72
14 16 17
14 15 16
9 12 13
9 13 14
30 31 32
25 26 27
4 5 20
2 3 21
3 4 21
4 20 21
1 21 22
1 2 21
74 75 96
73 74 97
74 96 97
35 43 71
29 35 71
29 71 72
37 42 43
37 38 42
75 86 95
75 95 96
75 76 86
76 85 86
76 77 85
80 81 83
78 80 83
30 32 33
29 33 34
29 30 33
24 27 28
24 25 27
59 70 71
35 36 43
36 37 43
86 94 95
81 82 83
77 84 85
77 78 84
78 83 84
23 24 28
23 28 72
22 23 73
23 72 73
64 65 66
63 64 66
49 50 51
49 51 56
43 44 71
44 45 71
58 59 71
45 58 71
45 46 58
46 47 58
47 57 58
63 66 67
62 63 67
86 87 94
88 89 93
87 88 93
87 93 94
90 92 93
89 90 93
47 48 57
48 49 56
48 56 57
59 69 70
59 60 69
60 68 69
51 55 56
51 52 55
60 61 68
61 67 68
61 62 67
52 54 55
52 53 54
