# points
0.060606 0.27273
0.078788 0.28485
0.09697 0.29697
0.12121 0.29697
0.14545 0.29697
0.1697 0.29697
0.19394 0.29697
0.21818 0.29697
0.24242 0.30303
0.26667 0.30303
0.29091 0.30909
0.31515 0.32727
0.33939 0.33939
0.36364 0.35152
0.38788 0.35758
0.41212 0.35152
0.43636 0.34545
0.45455 0.35758
0.46061 0.38182
0.47879 0.40606
0.49697 0.4303
0.52121 0.44242
0.54545 0.44242
0.5697 0.44848
0.59394 0.44848
0.61818 0.44848
0.64242 0.44848
0.66667 0.44848
0.69091 0.44848
0.71515 0.44848
0.73939 0.44848
0.76364 0.4303
0.77576 0.40606
0.78182 0.38182
0.78182 0.35758
0.8 0.33333
0.82424 0.32121
0.84848 0.31515
0.87273 0.31515
0.89697 0.30909
0.92121 0.30303
0.94545 0.29697
0.9697 0.29091
0.99394 0.28485
1 0.26061
1 0.23636
1 0.21212
1 0.18788
0.98788 0.16364
0.9697 0.13939
0.95152 0.12121
0.92727 0.11515
0.91515 0.090909
0.91515 0.066667
0.89697 0.048485
0.87273 0.036364
0.84848 0.036364
0.82424 0.036364
0.8 0.048485
0.78788 0.072727
0.76364 0.078788
0.73939 0.078788
0.71515 0.078788
0.69091 0.078788
0.66667 0.078788
0.64242 0.078788
0.61818 0.078788
0.59394 0.078788
0.5697 0.078788
0.54545 0.060606
0.52727 0.036364
0.50909 0.012121
0.48485 0
0.46061 0
0.43636 0.012121
0.41818 0.024242
0.41212 0.048485
0.39394 0.060606
0.3697 0.066667
0.34545 0.066667
0.32121 0.066667
0.29697 0.066667
0.27273 0.066667
0.24848 0.066667
0.22424 0.066667
0.2 0.066667
0.17576 0.066667
0.15152 0.066667
0.12727 0.066667
0.10303 0.066667
0.078788 0.060606
0.054545 0.054545
0.036364 0.072727
0.030303 0.09697
0.030303 0.12121
0.030303 0.14545
0.012121 0.1697
0 0.19394
0 0.21818
0.0060606 0.24242
0.024242 0.26061
0.048485 0.26667
0.060606 0.27273
# triangles
40 46 48
46 47 48
16 77 78
17 24 25
12 16 78
20 21 22
22 23 24
17 22 24
40 48 49
41 45 46
40 41 46
29 30 31
25 26 34
9 82 83
7 9 83
10 78 79
10 79 80
69 76 77
9 81 82
10 80 81
9 10 81
12 15 16
12 13 15
13 14 15
10 11 78
11 12 78
1 2 3
0 1 3
42 44 45
41 42 45
42 43 44
57 58 59
56 57 59
17 25 66
25 34 66
34 65 66
29 31 32
26 27 34
27 28 34
6 7 85
6 85 86
7 84 85
7 83 84
69 70 76
7 8 9
52 54 55
52 55 56
52 53 54
52 56 59
16 17 68
16 68 77
68 69 77
35 62 63
35 61 62
37 38 39
0 3 95
88 89 95
87 88 95
0 95 101
17 66 67
17 67 68
74 75 76
70 74 76
70 71 74
19 20 22
17 19 22
17 18 19
35 63 64
34 64 65
34 35 64
35 36 60
35 60 61
37 51 59
51 52 59
37 39 51
39 40 51
49 50 51
40 49 51
29 32 33
90 91 92
5 6 86
5 86 87
3 4 95
4 87 95
4 5 87
95 96 101
96 98 101
96 97 98
89 94 95
89 90 94
90 92 93
90 93 94
98 99 101
99 100 101
71 72 74
72 73 74
36 37 60
37 59 60
28 29 33
28 33 34
