# points
0 0.23958
0.0052083 0.26562
0.03125 0.28125
0.057292 0.29167
0.083333 0.30208
0.10938 0.31771
0.13542 0.32812
0.16146 0.33854
0.1875 0.34375
0.21354 0.34375
0.23958 0.34375
0.26042 0.35417
0.28125 0.36979
0.30729 0.36979
0.32812 0.39062
0.35417 0.40104
0.38021 0.40104
0.40104 0.38542
0.42188 0.375
0.42708 0.40104
0.42708 0.42708
0.43229 0.45312
0.45312 0.47917
0.47396 0.5
0.5 0.51562
0.52604 0.51562
0.55208 0.51562
0.57812 0.51562
0.60417 0.51562
0.63021 0.51562
0.65625 0.51562
0.68229 0.51562
0.70833 0.51562
0.73438 0.51042
0.75 0.48438
0.77083 0.45833
0.77604 0.43229
0.77604 0.40625
0.78646 0.38021
0.8125 0.35938
0.83854 0.34375
0.86458 0.33333
0.89062 0.33333
0.91667 0.33333
0.94271 0.33333
0.96875 0.33333
0.99479 0.32812
1 0.30208
0.99479 0.27604
0.98958 0.25
0.98958 0.22396
0.98438 0.19792
0.97396 0.17188
0.95312 0.15625
0.9375 0.13542
0.93229 0.10938
0.92188 0.083333
0.90104 0.0625
0.875 0.0625
0.84896 0.0625
0.82292 0.067708
0.79688 0.078125
0.77083 0.078125
0.74479 0.078125
0.71875 0.078125
0.69271 0.078125
0.66667 0.078125
0.64062 0.078125
0.61458 0.078125
0.59896 0.057292
0.58333 0.03125
0.55729 0.010417
0.53125 0
0.50521 0
0.47917 0.0052083
0.46354 0.026042
0.45833 0.052083
0.44792 0.078125
0.43229 0.052083
0.40625 0.046875
0.38021 0.046875
0.35417 0.046875
0.32812 0.046875
0.30208 0.046875
0.27604 0.046875
0.25 0.046875
0.22396 0.046875
0.19792 0.052083
0.18229 0.036458
0.16146 0.015625
0.13542 0.015625
0.10938 0.015625
0.083333 0.020833
0.057292 0.041667
0.03125 0.0625
0.015625 0.088542
0.0052083 0.11458
0.010417 0.14062
0.010417 0.16667
0.010417 0.19271
0 0.21875
0 0.23958
# triangles
18 38 68
18 68 77
13 18 77
0 2 100
0 1 2
10 82 83
10 85 87
6 9 87
9 10 87
2 99 100
91 92 93
93 94 95
90 91 93
68 69 77
11 12 13
11 13 82
10 11 82
23 24 25
32 33 34
45 46 47
45 47 48
39 63 64
18 37 38
18 28 37
34 36 37
18 27 28
54 60 61
41 54 61
54 59 60
70 71 76
69 70 76
69 76 77
71 72 76
72 73 76
77 80 81
13 77 81
13 81 82
10 83 84
10 84 85
85 86 87
6 7 9
4 87 99
93 95 97
87 93 97
95 96 97
77 79 80
77 78 79
22 23 25
34 35 36
40 41 61
39 40 63
20 21 22
55 58 59
54 55 59
73 74 75
73 75 76
88 89 90
87 88 93
88 90 93
7 8 9
5 6 87
4 5 87
2 3 99
3 4 99
87 98 99
87 97 98
38 65 66
38 39 65
39 64 65
38 67 68
38 66 67
44 45 48
40 61 62
40 62 63
15 16 17
14 15 17
13 17 18
13 14 17
19 22 25
19 20 22
19 25 26
19 26 27
18 19 27
28 29 37
29 30 37
31 32 34
31 34 37
30 31 37
56 57 58
55 56 58
44 48 49
43 44 49
41 53 54
42 43 49
42 49 50
41 42 53
42 50 53
50 51 53
51 52 53
