# points
0.010526 0.24211
0.026316 0.26316
0.042105 0.27895
0.063158 0.28421
0.084211 0.28947
0.10526 0.3
0.12632 0.31053
0.14737 0.32105
0.16842 0.32632
0.18947 0.32632
0.21053 0.32632
0.23158 0.32105
0.25263 0.32632
0.25789 0.34211
0.26842 0.35789
0.28947 0.35789
0.31053 0.36316
0.32105 0.38421
0.33684 0.39474
0.35789 0.39474
0.37895 0.39474
0.39474 0.37895
0.41053 0.36316
0.43158 0.36842
0.43684 0.38947
0.43684 0.41053
0.43684 0.43158
0.44211 0.45263
0.45263 0.47368
0.46842 0.48947
0.48947 0.49474
0.51053 0.49474
0.53158 0.49474
0.55263 0.49474
0.57368 0.49474
0.59474 0.48947
0.61579 0.48421
0.63684 0.48421
0.65789 0.47895
0.67895 0.47368
0.7 0.46842
0.72105 0.46316
0.74211 0.45789
0.76316 0.45263
0.77895 0.43684
0.77895 0.41579
0.77895 0.39474
0.78421 0.37368
0.78947 0.35263
0.81053 0.34737
0.83158 0.34737
0.85263 0.34737
0.87368 0.34737
0.89474 0.34737
0.91579 0.34737
0.93684 0.34737
0.95789 0.34211
0.97368 0.32632
0.98947 0.30526
1 0.28947
0.99474 0.26842
0.97895 0.24737
0.96316 0.22632
0.95263 0.20526
0.95263 0.18421
0.94211 0.16316
0.92632 0.14737
0.91053 0.13684
0.91053 0.11579
0.9 0.094737
0.88421 0.073684
0.86316 0.063158
0.84211 0.057895
0.82105 0.063158
0.8 0.073684
0.8 0.094737
0.77895 0.094737
0.75789 0.094737
0.73684 0.094737
0.71579 0.089474
0.69474 0.084211
0.67368 0.078947
0.65263 0.073684
0.63158 0.063158
0.61053 0.057895
0.58947 0.057895
0.56842 0.057895
0.55789 0.036842
0.54737 0.015789
0.52632 0
0.50526 0
0.48421 0.0052632
0.46316 0.021053
0.45789 0.042105
0.44211 0.057895
0.42105 0.047368
0.4 0.047368
0.37895 0.047368
0.35789 0.052632
0.33684 0.052632
0.31579 0.052632
0.29474 0.052632
0.27368 0.052632
0.25263 0.052632
0.23158 0.052632
0.21053 0.052632
0.18947 0.052632
0.16842 0.052632
0.14737 0.047368
0.13158 0.031579
0.11053 0.031579
0.089474 0.031579
0.068421 0.036842
0.052632 0.057895
0.031579 0.073684
0.021053 0.094737
0.021053 0.11579
0.021053 0.13684
0.021053 0.15789
0.021053 0.17895
0.010526 0.19474
0 0.21579
0.010526 0.23684
0.010526 0.24211
# triangles
0 1 122
107 118 119
1 119 122
111 112 113
114 115 116
113 114 116
108 113 116
107 108 118
120 121 122
119 120 122
22 94 98
12 22 98
57 58 61
108 117 118
108 116 117
12 101 102
94 96 98
86 93 94
90 91 93
4 107 119
4 5 107
5 6 107
12 16 22
58 59 60
58 60 61
67 69 75
55 56 57
63 64 65
49 67 75
108 109 110
110 111 113
108 110 113
96 97 98
91 92 93
94 95 96
67 68 69
71 72 75
72 73 75
88 89 90
63 66 67
63 65 66
50 63 67
49 50 67
6 106 107
11 103 104
11 12 102
11 102 103
11 104 105
11 105 106
12 100 101
1 2 3
1 3 119
3 4 119
12 15 16
49 75 76
73 74 75
48 80 81
48 49 76
48 76 77
48 81 82
52 62 63
16 21 22
6 9 106
9 11 106
9 10 11
6 7 9
7 8 9
12 98 99
12 99 100
12 13 15
13 14 15
27 28 30
28 29 30
19 20 21
16 19 21
16 17 19
17 18 19
48 79 80
39 47 48
36 38 48
38 39 48
36 37 38
86 87 93
87 90 93
87 88 90
83 84 85
82 83 85
82 85 86
23 48 82
23 36 48
23 82 86
22 23 94
23 86 94
50 51 63
51 52 63
52 53 62
25 26 31
25 31 32
27 30 31
26 27 31
41 42 46
40 41 46
40 46 47
39 40 47
48 77 78
48 78 79
24 35 36
23 24 36
24 33 35
24 32 33
24 25 32
54 61 62
53 54 62
54 57 61
54 55 57
33 34 35
42 45 46
42 43 45
43 44 45
69 71 75
69 70 71
