# points
0 0.23786
0.019417 0.26214
0.043689 0.2767
0.067961 0.28641
0.092233 0.29126
0.1165 0.29126
0.14078 0.29612
0.16505 0.29612
0.18932 0.30097
0.21359 0.30097
0.23786 0.31068
0.25243 0.32524
0.26699 0.34466
0.29126 0.34951
0.31553 0.35437
0.32524 0.37864
0.34951 0.3932
0.37379 0.3932
0.39806 0.3835
0.41262 0.35922
0.43689 0.35437
0.4466 0.37864
0.46117 0.40291
0.47087 0.42718
0.48544 0.45146
0.50971 0.46117
0.53398 0.46602
0.55825 0.46602
0.58252 0.46602
0.6068 0.46602
0.63107 0.46117
0.65534 0.46117
0.67961 0.45631
0.70388 0.45146
0.72816 0.4466
0.75243 0.44175
0.76699 0.41748
0.77184 0.3932
0.7767 0.36893
0.79612 0.34951
0.82039 0.32524
0.84466 0.31068
0.86893 0.31068
0.8932 0.30583
0.91748 0.30583
0.94175 0.30583
0.96602 0.30583
0.99029 0.29612
1 0.2767
1 0.25243
1 0.22816
0.99029 0.20388
0.98058 0.17961
0.96602 0.15534
0.9466 0.13592
0.92233 0.1165
0.91262 0.092233
0.90291 0.067961
0.87864 0.053398
0.85437 0.038835
0.8301 0.043689
0.81068 0.063107
0.79126 0.07767
0.76699 0.07767
0.74272 0.07767
0.71845 0.07767
0.69417 0.07767
0.6699 0.07767
0.64563 0.07767
0.62136 0.07767
0.59709 0.072816
0.58252 0.053398
0.57282 0.029126
0.5534 0.0048544
0.52913 0
0.50485 0
0.48058 0
0.45631 0.0048544
0.4466 0.024272
0.44175 0.048544
0.43204 0.067961
0.41262 0.048544
0.38835 0.033981
0.36408 0.029126
0.33981 0.029126
0.31553 0.029126
0.29126 0.029126
0.26699 0.029126
0.24272 0.029126
0.21845 0.033981
0.19417 0.038835
0.1699 0.038835
0.14563 0.029126
0.12621 0.0097087
0.10194 0.0048544
0.07767 0.0048544
0.053398 0.014563
0.033981 0.038835
0.029126 0.063107
0.029126 0.087379
0.024272 0.11165
0.024272 0.13592
0.024272 0.16019
0.014563 0.18447
0 0.20874
0 0.23301
0 0.23786
# triangles
0 1 105
46 47 48
10 85 86
95 96 97
58 59 60
45 50 51
44 45 51
20 30 69
72 73 74
20 69 70
20 70 80
10 14 80
28 29 30
20 28 30
45 49 50
46 48 49
45 46 49
56 57 58
30 38 69
44 51 52
7 91 102
80 81 83
80 83 84
10 84 85
10 80 84
70 71 80
10 86 87
43 54 55
43 53 54
43 44 52
43 52 53
55 56 62
41 55 62
30 31 32
30 32 38
2 3 103
1 2 103
1 103 105
103 104 105
9 10 87
5 7 102
81 82 83
76 77 78
23 25 26
23 24 25
20 21 28
14 16 17
10 11 14
14 15 16
41 42 55
42 43 55
41 62 63
40 41 63
40 63 64
38 68 69
38 67 68
40 64 65
38 39 67
91 101 102
91 92 101
92 93 94
95 97 98
94 95 98
92 94 98
92 98 99
87 88 89
9 87 89
7 90 91
7 9 90
9 89 90
7 8 9
4 5 102
3 4 103
4 102 103
5 6 7
71 75 79
71 79 80
76 78 79
75 76 79
22 26 27
22 23 26
22 27 28
21 22 28
14 17 19
17 18 19
19 20 80
14 19 80
11 13 14
11 12 13
58 60 61
56 58 61
56 61 62
34 35 36
32 33 38
40 65 66
39 40 66
39 66 67
92 99 100
92 100 101
33 34 37
33 37 38
34 36 37
71 72 75
72 74 75
