# points
0.01676 0.26257
0.039106 0.27933
0.061453 0.2905
0.083799 0.29609
0.10615 0.30168
0.12849 0.30168
0.15084 0.30168
0.17318 0.30168
0.19553 0.30168
0.21788 0.30168
0.24022 0.30168
0.26257 0.31285
0.27374 0.3352
0.29609 0.32961
0.31844 0.34078
0.34078 0.35196
0.36313 0.35196
0.38547 0.34637
0.40782 0.34078
0.43017 0.34637
0.43575 0.36872
0.43575 0.39106
0.44134 0.41341
0.46369 0.43575
0.48603 0.44693
0.50838 0.44693
0.53073 0.44693
0.55307 0.44693
0.57542 0.44693
0.59777 0.44693
0.62011 0.44693
0.64246 0.44693
0.6648 0.44693
0.68715 0.44134
0.7095 0.44134
0.73184 0.43017
0.75419 0.42458
0.76536 0.40782
0.76536 0.38547
0.76536 0.36313
0.77654 0.34078
0.78212 0.31844
0.80447 0.30726
0.82682 0.30726
0.84916 0.30726
0.87151 0.31285
0.89385 0.31285
0.9162 0.31844
0.93855 0.31844
0.96089 0.31844
0.98324 0.30726
1 0.28492
1 0.26257
0.99441 0.24022
0.98324 0.21788
0.97207 0.19553
0.96648 0.17318
0.96648 0.15084
0.96648 0.12849
0.96648 0.10615
0.95531 0.083799
0.94413 0.061453
0.93296 0.039106
0.9162 0.01676
0.89385 0.0055866
0.87151 0.0055866
0.84916 0.0055866
0.82682 0.011173
0.80447 0.01676
0.78212 0.027933
0.77095 0.050279
0.7486 0.055866
0.72626 0.055866
0.70391 0.055866
0.68156 0.050279
0.65922 0.044693
0.63687 0.044693
0.61453 0.044693
0.59218 0.044693
0.56983 0.044693
0.54749 0.022346
0.53073 0.0055866
0.50838 0
0.48603 0
0.46369 0
0.44134 0
0.41899 0
0.39665 0.011173
0.38547 0.03352
0.36872 0.044693
0.34637 0.044693
0.32402 0.044693
0.30168 0.044693
0.27933 0.044693
0.25698 0.044693
0.23464 0.044693
0.21229 0.044693
0.18994 0.044693
0.1676 0.044693
0.15084 0.027933
0.13408 0.0055866
0.11173 0
0.089385 0
0.067039 0.011173
0.055866 0.027933
0.050279 0.050279
0.027933 0.067039
0.022346 0.089385
0.022346 0.11173
0.022346 0.13408
0.022346 0.15642
0.011173 0.17877
0.0055866 0.20112
0 0.22346
0.0055866 0.24581
0.01676 0.26257
# triangles
19 79 89
19 29 41
102 103 104
79 83 84
79 84 88
79 88 89
30 39 41
29 30 41
19 28 29
41 73 74
50 51 52
58 59 60
43 56 70
56 57 70
57 58 70
58 60 70
43 44 56
44 55 56
42 70 71
42 43 70
35 36 37
35 37 38
33 35 39
33 34 35
35 38 39
39 40 41
105 106 107
11 12 13
11 13 90
13 89 90
18 19 89
13 18 89
2 3 111
3 110 111
86 87 88
84 85 88
85 86 88
30 31 39
31 32 33
31 33 39
19 27 28
41 74 76
41 76 77
19 41 78
41 77 78
19 78 79
41 72 73
41 42 72
42 71 72
48 52 53
62 63 65
63 64 65
48 53 54
47 48 54
46 54 55
46 47 54
61 62 65
61 67 70
60 61 70
5 6 110
3 4 5
3 5 110
11 90 91
10 11 91
23 24 25
20 25 26
20 26 27
19 20 27
105 107 108
1 2 112
2 111 112
0 1 112
112 113 114
0 112 114
74 75 76
80 81 82
80 82 83
79 80 83
49 50 52
48 49 52
61 66 67
61 65 66
7 8 97
14 15 16
14 16 17
13 14 17
13 17 18
98 105 108
98 108 109
98 109 110
6 98 110
6 7 98
7 97 98
67 68 70
68 69 70
8 96 97
10 91 92
101 102 104
101 104 105
21 22 23
21 23 25
20 21 25
98 99 105
99 101 105
99 100 101
8 9 96
10 94 95
9 10 95
9 95 96
10 93 94
10 92 93
44 46 55
44 45 46
