# points
0.010929 0.25137
0.032787 0.26776
0.054645 0.27869
0.076503 0.28962
0.098361 0.30601
0.12022 0.30601
0.14208 0.31148
0.16393 0.31694
0.18579 0.3224
0.20765 0.3224
0.22951 0.32787
0.25137 0.32787
0.2623 0.34973
0.27869 0.36612
0.30055 0.35519
0.31694 0.37158
0.3388 0.38251
0.36066 0.38798
0.38251 0.38798
0.40437 0.37158
0.42077 0.36066
0.44262 0.36066
0.45902 0.37705
0.45902 0.39891
0.45902 0.42077
0.45902 0.44262
0.46448 0.46448
0.48634 0.48634
0.5082 0.4918
0.53005 0.4918
0.55191 0.4918
0.57377 0.4918
0.59563 0.4918
0.61749 0.48634
0.63934 0.48634
0.6612 0.48087
0.68306 0.47541
0.70492 0.46995
0.72678 0.46448
0.74863 0.45355
0.76503 0.43716
0.76503 0.4153
0.76503 0.39344
0.76503 0.37158
0.78142 0.36066
0.80328 0.34973
0.82514 0.3388
0.84699 0.33333
0.86885 0.33333
0.89071 0.33333
0.91257 0.33333
0.93443 0.33333
0.95628 0.33333
0.97814 0.33333
0.99454 0.31694
0.99454 0.29508
1 0.27322
0.98907 0.25137
0.97268 0.23497
0.96721 0.21311
0.96175 0.19126
0.96175 0.1694
0.95082 0.14754
0.92896 0.14208
0.91803 0.12022
0.9071 0.098361
0.89617 0.076503
0.87432 0.060109
0.85246 0.04918
0.8306 0.043716
0.81421 0.060109
0.79235 0.071038
0.77049 0.071038
0.74863 0.065574
0.72678 0.065574
0.70492 0.060109
0.68306 0.060109
0.6612 0.060109
0.63934 0.060109
0.61749 0.060109
0.59563 0.060109
0.57377 0.060109
0.55738 0.038251
0.54098 0.016393
0.52459 0
0.50273 0
0.48087 0.0054645
0.45902 0.010929
0.43716 0.021858
0.42077 0.043716
0.40437 0.054645
0.38251 0.054645
0.36066 0.054645
0.3388 0.054645
0.31694 0.054645
0.29508 0.054645
0.27322 0.054645
0.25137 0.054645
0.22951 0.04918
0.20765 0.04918
0.18579 0.04918
0.1694 0.038251
0.15301 0.021858
0.13115 0.016393
0.10929 0.021858
0.087432 0.021858
0.065574 0.027322
0.04918 0.038251
0.043716 0.060109
0.032787 0.081967
0.027322 0.10383
0.027322 0.12568
0.027322 0.14754
0.027322 0.1694
0.021858 0.19126
0.0054645 0.21311
0 0.23497
0.010929 0.25137
# triangles
55 56 57
67 68 70
68 69 70
11 12 14
12 13 14
87 88 89
11 93 94
11 94 95
83 84 85
101 102 103
61 62 63
65 70 71
65 66 67
65 67 70
20 21 90
20 90 91
14 20 92
20 91 92
31 32 33
22 31 33
22 33 43
22 43 79
82 86 89
86 87 89
82 83 86
83 85 86
9 10 11
9 11 97
97 98 99
9 97 99
101 103 104
101 104 109
63 64 71
64 65 71
21 22 81
21 81 90
81 82 89
81 89 90
17 18 19
16 17 19
14 19 20
46 71 72
72 73 74
51 52 55
60 61 63
49 58 59
55 57 58
51 55 58
47 63 71
46 47 71
39 40 41
11 95 96
11 96 97
7 99 100
7 9 99
5 100 113
104 105 108
104 108 109
105 106 108
106 107 108
33 35 43
33 34 35
43 77 78
43 78 79
22 79 80
22 80 81
44 45 74
45 72 74
45 46 72
49 50 58
50 51 58
48 60 63
47 48 63
48 59 60
48 49 59
5 6 100
6 7 100
7 8 9
100 112 113
0 115 116
3 5 113
3 4 5
74 75 76
44 74 76
43 44 76
43 76 77
35 36 43
100 111 112
100 101 111
109 110 111
101 109 111
3 113 114
37 42 43
36 37 43
1 2 114
2 3 114
38 41 42
37 38 42
38 39 41
14 92 93
11 14 93
26 27 28
25 26 28
23 30 31
22 23 31
24 28 29
24 25 28
24 29 30
23 24 30
14 15 19
15 16 19
52 54 55
52 53 54
0 1 114
0 114 115
