# points
0.0093023 0.26047
0.032558 0.27442
0.055814 0.28372
0.07907 0.28837
0.10233 0.29767
0.12558 0.30698
0.14884 0.30698
0.17209 0.30698
0.19535 0.30698
0.2186 0.30698
0.24186 0.30698
0.26512 0.31628
0.27442 0.33953
0.29302 0.35349
0.31628 0.35349
0.33953 0.36744
0.35814 0.3814
0.3814 0.38605
0.40465 0.38605
0.42326 0.36279
0.44651 0.36744
0.45116 0.3907
0.45116 0.41395
0.45581 0.43721
0.46977 0.46047
0.49302 0.47442
0.51628 0.47907
0.53953 0.47907
0.56279 0.47442
0.58605 0.46977
0.6093 0.46512
0.63256 0.45581
0.65581 0.45116
0.67907 0.44651
0.70233 0.44186
0.72558 0.44186
0.74884 0.44186
0.76279 0.42326
0.76279 0.4
0.76279 0.37674
0.76744 0.35349
0.7907 0.33953
0.81395 0.33023
0.83721 0.32093
0.86047 0.32093
0.88372 0.31628
0.90698 0.31628
0.93023 0.31628
0.95349 0.31628
0.97674 0.31163
0.9814 0.28837
1 0.26977
1 0.24651
0.9814 0.23256
0.96744 0.2093
0.96744 0.18605
0.95814 0.16279
0.93488 0.14884
0.91163 0.13953
0.89302 0.11628
0.89302 0.093023
0.89302 0.069767
0.87442 0.055814
0.85116 0.046512
0.82791 0.046512
0.80465 0.046512
0.7814 0.055814
0.76744 0.07907
0.75349 0.093023
0.73023 0.093023
0.70698 0.093023
0.68372 0.093023
0.66047 0.093023
0.63721 0.093023
0.61395 0.093023
0.5907 0.088372
0.57209 0.07907
0.56279 0.055814
0.53953 0.032558
0.51628 0.013953
0.49302 0
0.46977 0
0.45116 0.018605
0.43721 0.04186
0.42791 0.065116
0.42791 0.088372
0.40465 0.093023
0.3814 0.074419
0.35814 0.065116
0.33488 0.055814
0.31163 0.055814
0.28837 0.051163
0.26512 0.051163
0.24186 0.051163
0.2186 0.051163
0.19535 0.051163
0.17209 0.051163
0.14884 0.051163
0.12558 0.04186
0.10233 0.027907
0.07907 0.023256
0.055814 0.023256
0.037209 0.037209
0.027907 0.060465
0.023256 0.083721
0.018605 0.10698
0.018605 0.13023
0.018605 0.15349
0.018605 0.17674
0.013953 0.2
0.0046512 0.22326
0 0.24651
0.0093023 0.26047
# triangles
100 102 103
100 101 102
50 51 53
51 52 53
19 20 85
11 12 14
12 13 14
10 11 90
10 90 92
90 91 92
0 110 111
0 1 110
47 50 53
16 17 19
17 18 19
23 24 25
15 16 19
14 15 19
19 85 86
14 19 86
11 14 86
2 3 109
1 109 110
1 2 109
47 53 54
46 47 54
48 49 50
47 48 50
21 27 28
20 30 31
20 31 40
31 32 40
20 74 75
20 40 74
40 73 74
20 76 85
20 75 76
80 81 82
83 84 85
86 87 88
88 89 90
11 88 90
11 86 88
10 92 93
99 100 103
97 107 108
3 108 109
45 46 54
35 36 37
43 59 68
21 28 29
20 29 30
20 21 29
78 83 85
76 78 85
98 104 105
99 103 104
98 99 104
97 98 106
98 105 106
97 106 107
4 6 97
4 97 108
3 4 108
4 5 6
40 72 73
40 71 72
41 68 69
42 43 68
41 42 68
60 62 63
60 61 62
79 82 83
78 79 83
79 80 82
76 77 78
32 33 40
33 39 40
33 34 39
35 37 38
34 35 38
34 38 39
60 63 64
59 60 64
59 67 68
59 64 67
65 66 67
64 65 67
40 70 71
40 41 70
41 69 70
55 56 57
54 55 57
43 44 58
43 58 59
44 45 58
45 54 58
54 57 58
21 22 26
21 26 27
22 25 26
22 23 25
9 93 94
9 10 93
6 96 97
6 7 96
7 95 96
7 8 95
9 94 95
8 9 95
