# points
0.032787 0.25683
0.054645 0.26776
0.076503 0.28415
0.098361 0.29508
0.12022 0.30055
0.14208 0.31148
0.16393 0.31694
0.18579 0.3224
0.20765 0.3224
0.22951 0.3224
0.25137 0.32787
0.27322 0.33333
0.29508 0.32787
0.31694 0.33333
0.3388 0.35519
0.36066 0.37158
0.38251 0.38251
0.40437 0.37705
0.42077 0.35519
0.44262 0.36066
0.45902 0.37705
0.45902 0.39891
0.46448 0.42077
0.46995 0.44262
0.48087 0.46448
0.50273 0.46995
0.52459 0.46995
0.54645 0.46995
0.56831 0.46995
0.59016 0.46995
0.61202 0.46448
0.63388 0.45902
0.65574 0.45902
0.6776 0.45355
0.69945 0.45355
0.72131 0.45355
0.74317 0.45355
0.76503 0.44809
0.75956 0.42623
0.76503 0.40437
0.77049 0.38251
0.78689 0.36066
0.80874 0.3388
0.8306 0.32787
0.85246 0.32787
0.87432 0.32787
0.89617 0.32787
0.91803 0.3224
0.93989 0.3224
0.96175 0.31694
0.98361 0.31148
1 0.28962
1 0.26776
0.98361 0.2459
0.97814 0.22404
0.97268 0.20219
0.96175 0.18033
0.95628 0.15847
0.93443 0.14208
0.9235 0.12568
0.91803 0.10383
0.91257 0.081967
0.89617 0.060109
0.87432 0.043716
0.85246 0.032787
0.8306 0.038251
0.80874 0.043716
0.78689 0.060109
0.76503 0.060109
0.74317 0.054645
0.72131 0.054645
0.69945 0.054645
0.6776 0.054645
0.65574 0.054645
0.63388 0.054645
0.61202 0.054645
0.59016 0.054645
0.56831 0.04918
0.54645 0.027322
0.53005 0.0054645
0.5082 0
0.48634 0
0.46448 0.0054645
0.44262 0.010929
0.43169 0.032787
0.42623 0.054645
0.40437 0.060109
0.38251 0.054645
0.36066 0.054645
0.3388 0.054645
0.31694 0.054645
0.29508 0.04918
0.27322 0.04918
0.25137 0.04918
0.22951 0.04918
0.20765 0.04918
0.18579 0.04918
0.16393 0.04918
0.14208 0.043716
0.12022 0.032787
0.098361 0.038251
0.076503 0.043716
0.054645 0.054645
0.04918 0.076503
0.027322 0.092896
0.021858 0.11475
0.016393 0.13661
0.016393 0.15847
0.016393 0.18033
0.010929 0.20219
0 0.22404
0.016393 0.2459
0.032787 0.25683
# triangles
49 50 51
49 51 52
12 89 90
18 19 85
78 79 80
78 80 81
78 81 85
101 102 103
21 22 27
22 26 27
18 85 86
86 87 88
77 78 85
19 77 85
81 82 85
90 91 92
9 92 93
12 90 92
9 12 92
100 101 103
23 24 25
23 25 26
22 23 26
49 52 53
48 49 53
47 48 53
47 53 54
47 54 55
36 37 38
35 36 38
44 45 56
45 55 56
45 46 47
45 47 55
20 30 31
20 21 27
13 14 18
13 18 86
13 86 88
12 13 89
13 88 89
14 15 18
15 16 17
15 17 18
19 76 77
19 20 76
20 75 76
82 84 85
82 83 84
97 98 103
98 100 103
98 99 100
103 104 105
97 103 107
103 105 107
105 106 107
59 60 67
60 61 62
56 57 58
44 56 58
68 69 70
63 64 65
62 63 65
65 66 67
41 72 73
41 73 74
41 74 75
9 93 94
4 96 97
20 27 28
20 28 30
4 97 108
97 107 108
2 4 108
1 2 108
42 71 72
41 42 72
42 70 71
42 68 70
20 40 75
40 41 75
20 31 40
31 33 40
33 34 40
6 95 96
4 5 6
4 6 96
28 29 30
9 10 12
10 11 12
2 3 4
1 108 109
109 110 111
31 32 33
43 67 68
42 43 68
43 59 67
43 44 58
43 58 59
34 39 40
35 38 39
34 35 39
6 7 8
6 8 95
0 109 111
0 1 109
60 65 67
60 62 65
8 94 95
8 9 94
