# points
0.34146 0.30244
0.37561 0.29268
0.4 0.26829
0.40488 0.23415
0.43415 0.21951
0.46829 0.21951
0.49756 0.23902
0.50244 0.27317
0.5122 0.30732
0.53171 0.33659
0.5561 0.3561
0.5561 0.39024
0.5561 0.42439
0.57561 0.42927
0.6 0.39512
0.61463 0.36098
0.61463 0.32683
0.63902 0.3122
0.64878 0.27805
0.64878 0.2439
0.66829 0.21463
0.70244 0.21463
0.73171 0.22927
0.73171 0.26341
0.75122 0.29268
0.78049 0.30732
0.79024 0.34146
0.79024 0.37561
0.82439 0.38537
0.85854 0.38049
0.8878 0.34634
0.92195 0.33659
0.9561 0.32683
0.98049 0.29268
0.97561 0.25854
0.96585 0.22439
0.98049 0.19024
0.99512 0.1561
1 0.12195
1 0.087805
1 0.053659
0.97561 0.019512
0.94634 0
0.9122 0
0.87805 0
0.8439 0.0097561
0.81951 0.043902
0.79024 0.068293
0.7561 0.068293
0.72195 0.068293
0.6878 0.073171
0.66341 0.10244
0.6439 0.13659
0.63902 0.17073
0.60976 0.19024
0.59512 0.1561
0.60976 0.12195
0.61463 0.087805
0.60488 0.053659
0.57073 0.029268
0.53659 0.019512
0.50244 0.019512
0.46829 0.019512
0.44878 0.04878
0.4439 0.082927
0.4439 0.11707
0.42927 0.15122
0.39512 0.15122
0.36098 0.1561
0.3561 0.12195
0.3561 0.087805
0.34634 0.058537
0.3122 0.043902
0.29268 0.078049
0.29268 0.1122
0.29756 0.14634
0.2878 0.17561
0.25366 0.18537
0.21951 0.18537
0.18537 0.18537
0.16098 0.1561
0.1561 0.12195
0.1561 0.087805
0.13171 0.058537
0.1122 0.082927
0.10244 0.11707
0.10732 0.15122
0.10732 0.18537
0.10732 0.21951
0.092683 0.25366
0.087805 0.2878
0.068293 0.31707
0.034146 0.29756
0.0097561 0.29756
0 0.33171
0.029268 0.3561
0.053659 0.38537
0.082927 0.38049
0.1122 0.34634
0.14146 0.31707
0.17561 0.3122
0.20976 0.30732
0.2439 0.30244
0.27805 0.29756
0.3122 0.29756
0.34146 0.30244
# triangles
39 40 41
25 30 35
32 33 34
0 3 104
0 1 3
88 89 100
36 37 46
37 38 46
44 45 46
38 39 46
30 31 35
31 34 35
31 32 34
21 49 51
11 13 14
11 12 13
79 87 88
79 88 100
79 100 101
95 96 97
91 95 97
89 99 100
91 92 95
92 93 94
92 94 95
41 42 43
39 41 43
39 43 46
43 44 46
57 58 59
35 36 47
36 46 47
3 4 67
82 83 84
70 71 73
71 72 73
76 103 104
3 76 104
89 90 99
91 97 98
90 91 98
90 98 99
49 50 51
22 35 47
22 25 35
22 24 25
22 23 24
26 27 28
25 26 30
26 29 30
26 28 29
21 51 52
10 14 15
10 11 14
1 2 3
81 85 86
81 84 85
81 82 84
77 102 103
76 77 103
3 67 68
3 68 76
56 57 59
56 59 60
6 54 55
5 6 55
5 55 65
56 60 65
55 56 65
22 47 48
21 48 49
21 22 48
21 52 53
7 18 19
6 7 54
7 19 54
80 81 86
79 80 87
80 86 87
77 78 102
78 101 102
78 79 101
60 61 64
60 64 65
4 5 66
5 65 66
4 66 67
20 53 54
19 20 54
20 21 53
7 16 18
16 17 18
9 10 16
10 15 16
70 73 74
69 70 74
61 62 63
61 63 64
8 9 16
7 8 16
68 69 75
69 74 75
68 75 76
