# points
0.27317 0.33171
0.30732 0.33171
0.34146 0.32195
0.36098 0.29268
0.37561 0.25854
0.39024 0.22439
0.42439 0.2
0.45854 0.2
0.48293 0.22439
0.48293 0.25854
0.4878 0.29268
0.51707 0.30732
0.55122 0.31707
0.55122 0.35122
0.55122 0.38537
0.56098 0.41463
0.59512 0.40488
0.61951 0.37561
0.62439 0.34146
0.62439 0.30732
0.62439 0.27317
0.6439 0.23902
0.67317 0.21463
0.70732 0.21951
0.70732 0.25366
0.73171 0.28293
0.76585 0.29268
0.76098 0.32683
0.76585 0.36098
0.79512 0.37561
0.82927 0.37073
0.85854 0.34634
0.89268 0.3122
0.92683 0.3122
0.9561 0.29268
0.9561 0.25854
0.9561 0.22439
0.96585 0.19512
0.99512 0.16585
1 0.13171
1 0.097561
0.99512 0.063415
0.98537 0.029268
0.9561 0
0.92195 0
0.8878 0.004878
0.85366 0.019512
0.82927 0.04878
0.81463 0.082927
0.78537 0.1122
0.75122 0.11707
0.71707 0.11707
0.68293 0.11707
0.64878 0.11707
0.61463 0.1122
0.60976 0.078049
0.60488 0.043902
0.58537 0.019512
0.55122 0.02439
0.51707 0.034146
0.48293 0.053659
0.46829 0.078049
0.46829 0.1122
0.46341 0.14634
0.42927 0.14634
0.39512 0.14634
0.38049 0.12195
0.39024 0.087805
0.39024 0.053659
0.36098 0.043902
0.32683 0.04878
0.30732 0.073171
0.3122 0.10732
0.3122 0.14146
0.29756 0.17073
0.26341 0.17561
0.22927 0.17561
0.19512 0.17073
0.16585 0.15122
0.16585 0.11707
0.16585 0.082927
0.18537 0.053659
0.16098 0.034146
0.12683 0.034146
0.092683 0.034146
0.068293 0.053659
0.078049 0.087805
0.092683 0.12195
0.097561 0.1561
0.10244 0.19024
0.10244 0.22439
0.10244 0.25854
0.087805 0.29268
0.053659 0.30244
0.029268 0.27317
0 0.28293
0.014634 0.31707
0.034146 0.35122
0.063415 0.36098
0.097561 0.3561
0.13171 0.35122
0.16585 0.33171
0.2 0.33171
0.23415 0.33171
0.26829 0.33171
0.27317 0.33171
# triangles
93 96 97
39 40 48
93 97 98
93 98 99
40 41 45
8 54 63
37 39 48
37 38 39
27 29 30
27 28 29
27 30 31
37 48 49
36 37 49
1 2 3
75 76 103
0 1 75
1 3 75
94 95 96
93 94 96
23 51 52
45 46 47
40 47 48
40 45 47
42 43 44
41 42 44
41 44 45
56 57 58
54 62 63
32 35 36
32 33 35
33 34 35
23 24 25
8 21 54
26 32 36
26 36 49
23 26 49
23 25 26
26 27 31
26 31 32
23 50 51
23 49 50
3 4 74
3 74 75
65 73 74
0 75 104
75 103 104
65 66 73
84 85 86
83 84 86
79 87 88
76 102 103
91 101 102
9 10 11
13 17 18
13 14 17
55 58 59
54 55 62
55 59 62
55 56 58
59 60 62
8 20 21
8 9 20
22 53 54
21 22 54
22 52 53
22 23 52
4 5 74
5 65 74
7 8 63
7 63 64
67 68 69
67 69 70
80 81 82
80 82 83
80 83 86
80 86 87
79 80 87
78 79 88
78 88 89
92 93 99
92 99 100
92 100 101
91 92 101
14 15 16
14 16 17
9 11 12
9 12 20
12 13 18
6 7 64
6 64 65
5 6 65
60 61 62
66 67 72
66 72 73
70 71 72
67 70 72
77 78 89
76 77 102
77 91 102
12 18 19
12 19 20
77 89 90
77 90 91
