# points
0.36585 0.26829
0.37073 0.23415
0.39512 0.21951
0.42927 0.21951
0.46341 0.22439
0.49268 0.23902
0.49268 0.27317
0.4878 0.30732
0.5122 0.33171
0.54634 0.34634
0.54634 0.38049
0.53659 0.41463
0.5561 0.4439
0.58049 0.41951
0.58537 0.38537
0.58537 0.35122
0.6 0.31707
0.60976 0.28293
0.61951 0.24878
0.64878 0.22927
0.68293 0.22927
0.70732 0.2439
0.7122 0.27805
0.73659 0.29756
0.77073 0.31707
0.76098 0.35122
0.77561 0.38537
0.80976 0.39024
0.83902 0.36585
0.86829 0.33659
0.89268 0.30732
0.92683 0.2878
0.92683 0.25366
0.92683 0.21951
0.94146 0.18537
0.97561 0.1561
1 0.12195
1 0.087805
0.99024 0.053659
0.97073 0.019512
0.93659 0
0.90244 0
0.86829 0.004878
0.83415 0.019512
0.80976 0.04878
0.78049 0.068293
0.74634 0.068293
0.7122 0.073171
0.68293 0.092683
0.66829 0.12683
0.65366 0.16098
0.63415 0.19512
0.6 0.20488
0.56585 0.2
0.58049 0.16585
0.58049 0.13171
0.58049 0.097561
0.57073 0.063415
0.55122 0.029268
0.51707 0.014634
0.48293 0.019512
0.45366 0.043902
0.43415 0.073171
0.42927 0.10732
0.42927 0.14146
0.42927 0.17561
0.39512 0.17561
0.36098 0.17073
0.3561 0.13659
0.3561 0.10244
0.3561 0.068293
0.34146 0.043902
0.33171 0.073171
0.33171 0.10732
0.32195 0.14146
0.29756 0.17561
0.26829 0.19024
0.23415 0.18537
0.2 0.18049
0.16585 0.17561
0.13171 0.16585
0.10244 0.13659
0.10244 0.10244
0.10244 0.068293
0.073171 0.053659
0.058537 0.087805
0.058537 0.12195
0.063415 0.1561
0.078049 0.19024
0.082927 0.22439
0.082927 0.25854
0.068293 0.2878
0.043902 0.30732
0.0097561 0.29268
0 0.31707
0.014634 0.35122
0.04878 0.36585
0.082927 0.35122
0.11707 0.33659
0.15122 0.31707
0.18537 0.30244
0.21951 0.29756
0.25366 0.29756
0.2878 0.29756
0.32195 0.29268
0.3561 0.27317
0.36585 0.26829
# triangles
35 36 37
35 37 38
76 103 104
92 94 95
92 95 96
92 96 97
25 26 27
75 76 104
76 102 103
92 93 94
90 91 98
91 97 98
91 92 97
24 28 29
25 27 28
24 25 28
21 24 33
24 29 30
24 30 33
79 80 89
79 89 90
76 77 102
79 90 100
78 79 100
35 38 41
39 40 41
38 39 41
1 104 105
1 75 104
30 31 32
30 32 33
80 88 89
70 71 72
90 98 99
90 99 100
33 34 45
21 33 45
34 35 42
35 41 42
0 1 105
11 12 13
21 23 24
21 22 23
8 9 16
6 16 17
6 8 16
81 82 86
80 81 88
82 85 86
83 84 85
82 83 85
77 101 102
77 78 101
78 100 101
47 48 49
46 47 49
21 46 49
21 45 46
34 44 45
42 43 44
34 42 44
55 63 64
19 51 52
6 7 8
10 11 13
10 13 14
20 21 49
20 49 50
20 50 51
19 20 51
9 15 16
10 14 15
9 10 15
81 86 87
81 87 88
69 70 72
69 72 73
55 56 63
18 19 52
54 55 64
68 73 74
68 69 73
3 4 65
57 62 63
56 57 63
57 61 62
57 60 61
57 58 59
57 59 60
4 53 65
6 17 53
53 64 65
53 54 64
17 18 53
18 52 53
1 67 75
67 74 75
67 68 74
4 5 53
5 6 53
1 2 67
2 66 67
2 65 66
2 3 65
