# points
0.51887 0.33962
0.53774 0.37264
0.52358 0.40566
0.53774 0.43396
0.57075 0.42925
0.59434 0.40094
0.60849 0.36792
0.61792 0.33491
0.62736 0.30189
0.62736 0.26887
0.64151 0.24057
0.67453 0.23585
0.70283 0.25
0.7217 0.2783
0.75472 0.30189
0.75472 0.33491
0.7783 0.36321
0.81132 0.36792
0.83491 0.34906
0.83962 0.31604
0.87264 0.30189
0.90566 0.30189
0.91981 0.27358
0.91981 0.24057
0.92925 0.20755
0.96226 0.19811
0.98585 0.16509
0.99528 0.13208
1 0.099057
0.99528 0.066038
0.98113 0.033019
0.94811 0.004717
0.91509 0
0.88208 0
0.84906 0.004717
0.81604 0.018868
0.79245 0.04717
0.76887 0.075472
0.73585 0.075472
0.70283 0.084906
0.67925 0.10377
0.66981 0.13679
0.64151 0.16981
0.60849 0.19811
0.58491 0.18396
0.58962 0.15094
0.58962 0.11792
0.58962 0.084906
0.58962 0.051887
0.57075 0.023585
0.53774 0.018868
0.50472 0.023585
0.4717 0.033019
0.4434 0.051887
0.42925 0.084906
0.42453 0.11792
0.40094 0.13679
0.37736 0.11321
0.37736 0.080189
0.36792 0.051887
0.33491 0.056604
0.33491 0.089623
0.33491 0.12264
0.32547 0.15566
0.3066 0.18868
0.27358 0.18868
0.24057 0.18868
0.20755 0.18868
0.17453 0.17925
0.15566 0.14623
0.15094 0.11321
0.15094 0.080189
0.13679 0.04717
0.10377 0.051887
0.10377 0.084906
0.11321 0.11792
0.11321 0.15094
0.11321 0.18396
0.11321 0.21698
0.099057 0.25
0.089623 0.28302
0.061321 0.29717
0.028302 0.27358
0 0.28774
0.018868 0.32075
0.042453 0.34906
0.070755 0.37736
0.10377 0.35849
0.13679 0.34434
0.16981 0.31604
0.19811 0.29245
0.23113 0.29245
0.26415 0.29245
0.29717 0.29245
0.33019 0.29245
0.36321 0.29245
0.38679 0.26887
0.41509 0.24057
0.44811 0.24057
0.47642 0.25
0.47642 0.28302
0.49057 0.31604
0.51887 0.33962
# triangles
28 29 32
29 30 32
24 26 27
30 31 32
24 25 26
65 66 92
65 92 93
64 65 93
81 84 85
16 17 18
64 93 94
69 70 75
70 71 75
71 74 75
72 73 74
71 72 74
85 86 87
81 85 87
24 36 37
66 91 92
66 67 91
67 90 91
58 59 60
58 60 61
69 75 76
67 68 90
68 78 90
79 89 90
78 79 90
12 14 23
12 24 37
12 23 24
14 15 19
16 18 19
15 16 19
82 83 84
81 82 84
68 77 78
69 76 77
68 69 77
80 88 89
79 80 89
80 87 88
80 81 87
12 13 14
14 20 23
14 19 20
20 22 23
20 21 22
34 35 36
28 32 33
27 28 33
24 27 33
24 33 36
33 34 36
47 50 51
12 37 41
63 64 97
56 63 97
11 41 42
11 12 41
9 44 99
0 7 8
0 8 9
37 38 41
38 39 41
48 49 50
47 48 50
39 40 41
1 6 7
0 1 7
1 5 6
1 4 5
9 99 100
57 58 61
57 61 62
57 62 63
56 57 63
10 11 42
46 52 54
46 51 52
46 47 51
2 3 4
1 2 4
0 9 101
9 100 101
64 96 97
94 95 96
64 94 96
56 97 98
52 53 54
44 55 99
46 54 55
55 98 99
55 56 98
9 43 44
9 10 43
10 42 43
44 45 55
45 46 55
