# points
0.31863 0.28922
0.35294 0.26961
0.38235 0.25
0.38235 0.21569
0.40686 0.19608
0.44118 0.19608
0.47549 0.20098
0.5049 0.23529
0.5049 0.26961
0.51471 0.30392
0.54902 0.32843
0.54902 0.36275
0.53922 0.39706
0.55392 0.43137
0.58333 0.42647
0.58824 0.39216
0.60294 0.35784
0.60784 0.32353
0.62255 0.28922
0.63725 0.2549
0.64706 0.22059
0.67647 0.21078
0.70098 0.2451
0.71569 0.27941
0.73529 0.31373
0.76961 0.32353
0.78431 0.34804
0.81373 0.36275
0.84804 0.34314
0.87745 0.31373
0.91176 0.31373
0.94608 0.30392
0.95098 0.26961
0.95588 0.23529
0.95588 0.20098
0.98039 0.16667
1 0.13235
1 0.098039
0.9902 0.063725
0.97549 0.029412
0.94608 0
0.91176 0
0.87745 0
0.84314 0.004902
0.81373 0.029412
0.78922 0.063725
0.7549 0.093137
0.72059 0.093137
0.68627 0.093137
0.65686 0.11275
0.63725 0.14706
0.60294 0.16176
0.57353 0.14216
0.57353 0.10784
0.56863 0.073529
0.55392 0.039216
0.53431 0.004902
0.5 0.004902
0.46569 0.029412
0.45098 0.063725
0.44118 0.098039
0.44118 0.13235
0.41667 0.16176
0.38235 0.16176
0.36765 0.13725
0.36765 0.10294
0.36765 0.068627
0.35294 0.034314
0.31863 0.034314
0.29412 0.053922
0.29412 0.088235
0.29412 0.12255
0.29412 0.15686
0.2598 0.17157
0.22549 0.17157
0.19118 0.17647
0.15686 0.17647
0.14216 0.14706
0.14216 0.11275
0.14216 0.078431
0.13725 0.044118
0.10784 0.034314
0.093137 0.058824
0.10294 0.093137
0.10294 0.12745
0.10294 0.16176
0.10294 0.19608
0.083333 0.23039
0.078431 0.26471
0.063725 0.29412
0.029412 0.28922
0 0.28431
0.014706 0.31863
0.029412 0.35294
0.058824 0.37255
0.093137 0.35784
0.12255 0.33333
0.15196 0.30392
0.18627 0.29412
0.22059 0.29412
0.2549 0.28922
0.28922 0.28922
0.31863 0.28922
# triangles
93 94 95
89 93 95
66 67 68
35 36 37
35 37 38
55 56 57
55 57 58
55 58 59
73 100 101
73 74 100
89 92 93
76 97 98
77 84 85
76 77 85
68 69 70
66 68 70
77 78 84
80 81 82
79 80 82
30 31 32
29 30 32
25 28 29
25 26 28
26 27 28
12 13 14
12 14 15
7 18 19
7 19 51
54 55 59
7 51 52
74 99 100
75 76 98
75 98 99
74 75 99
90 91 92
89 90 92
89 95 96
87 88 97
88 89 96
88 96 97
86 87 97
76 86 97
76 85 86
1 3 72
72 73 101
1 72 101
1 2 3
53 54 60
54 59 60
79 82 83
78 83 84
78 79 83
65 66 70
35 38 42
35 42 44
42 43 44
29 32 33
0 1 101
19 20 51
3 63 72
63 64 72
64 71 72
64 65 71
65 70 71
7 8 18
8 9 10
8 10 18
38 39 41
38 41 42
39 40 41
47 48 49
23 24 25
29 33 34
29 34 46
10 17 18
11 12 15
20 50 51
52 53 61
53 60 61
34 45 46
35 44 45
34 35 45
21 46 47
20 21 50
21 47 49
21 49 50
11 15 16
10 16 17
10 11 16
21 22 46
22 29 46
22 25 29
22 23 25
3 4 63
4 62 63
6 7 52
6 52 61
4 5 62
5 61 62
5 6 61
