# points
0.11186 0.50783
0.12304 0.54139
0.10515 0.57942
0.10067 0.61298
0.10738 0.64877
0.11857 0.68233
0.13199 0.71588
0.13199 0.75615
0.13647 0.79418
0.13423 0.83445
0.10067 0.85906
0.064877 0.87696
0.042506 0.91051
0.069351 0.93512
0.10515 0.9396
0.1387 0.96197
0.13423 0.99776
0.16779 1
0.18792 1
0.21029 0.99329
0.24832 0.97315
0.28188 0.94855
0.26622 0.91275
0.29978 0.89262
0.30872 0.85459
0.33781 0.82998
0.37584 0.80313
0.41163 0.77405
0.44519 0.74273
0.48098 0.70917
0.51678 0.68009
0.54362 0.65101
0.57718 0.61969
0.61298 0.59955
0.64877 0.57494
0.6868 0.55705
0.72036 0.53915
0.75391 0.5123
0.78971 0.48322
0.81208 0.44519
0.81879 0.40492
0.80537 0.3736
0.78523 0.34004
0.75839 0.30872
0.73154 0.27517
0.7047 0.24385
0.68233 0.21029
0.65996 0.17226
0.64206 0.13647
0.61074 0.10515
0.58389 0.076063
0.55257 0.049217
0.53468 0.013423
0.50112 0
0.46532 0.024609
0.48993 0.044743
0.52125 0.071588
0.54586 0.10962
0.56376 0.14541
0.57271 0.17897
0.56823 0.21924
0.55481 0.18345
0.52573 0.1566
0.49441 0.14094
0.46085 0.12081
0.42729 0.098434
0.39374 0.080537
0.35347 0.080537
0.3311 0.10515
0.36689 0.11633
0.40268 0.12975
0.43848 0.15436
0.46756 0.18121
0.48546 0.21477
0.47875 0.24161
0.46309 0.27069
0.43624 0.27293
0.43848 0.31096
0.42058 0.34228
0.38479 0.35794
0.35123 0.38702
0.32438 0.42058
0.29083 0.4519
0.2528 0.48098
0.21477 0.48546
0.18568 0.44966
0.16107 0.41834
0.14094 0.38702
0.12304 0.35123
0.096197 0.3311
0.058166 0.34676
0.073826 0.37584
0.10738 0.40045
0.12752 0.434
0.12975 0.46756
0.10067 0.43848
0.069351 0.4094
0.033557 0.3915
0 0.41611
0.026846 0.43848
0.058166 0.4519
0.089485 0.47875
0.11186 0.50783
# triangles
0 94 101
29 30 82
15 17 18
15 18 19
15 16 17
0 84 94
39 40 41
38 39 41
37 38 41
37 41 42
11 12 13
2 3 4
6 7 25
11 13 14
10 11 14
9 14 15
9 10 14
0 1 84
1 2 4
1 4 84
37 42 43
36 37 43
45 46 60
44 45 60
46 47 60
47 59 60
67 68 69
66 67 69
97 98 99
84 85 94
85 93 94
85 86 93
33 34 78
35 36 43
35 43 44
35 44 60
4 5 84
6 26 27
6 25 26
20 21 22
9 15 22
19 20 22
15 19 22
7 24 25
9 22 24
47 48 59
48 49 58
48 58 59
66 69 70
78 79 80
96 99 100
96 97 99
86 87 93
32 80 81
32 78 80
32 33 78
5 83 84
5 6 83
6 27 83
27 28 83
29 82 83
28 29 83
7 8 24
8 9 24
22 23 24
50 51 57
49 50 57
49 57 58
60 61 73
62 72 73
61 62 73
64 65 71
65 70 71
65 66 70
60 75 77
35 60 77
34 77 78
34 35 77
75 76 77
95 96 100
95 100 101
94 95 101
89 90 91
31 32 81
30 31 82
31 81 82
62 63 72
63 71 72
63 64 71
51 56 57
51 52 56
60 74 75
60 73 74
87 92 93
53 54 55
52 53 55
52 55 56
88 89 91
88 91 92
87 88 92
