# points
0.13793 0.48736
0.12414 0.51954
0.10805 0.55402
0.094253 0.58851
0.098851 0.62299
0.098851 0.65517
0.087356 0.68736
0.085057 0.72184
0.064368 0.75632
0.048276 0.7908
0.02069 0.8092
0 0.83448
0.0068966 0.86437
0.03908 0.88046
0.073563 0.90115
0.094253 0.93103
0.11954 0.94713
0.15172 0.96322
0.15862 1
0.18391 0.98161
0.21379 0.96782
0.24138 0.93793
0.25287 0.90115
0.28276 0.91034
0.26897 0.87586
0.29655 0.84828
0.33103 0.82299
0.36322 0.8023
0.3977 0.78851
0.42759 0.77011
0.44828 0.73793
0.45977 0.70805
0.47816 0.67356
0.50575 0.64368
0.53793 0.61609
0.57011 0.58621
0.6023 0.56092
0.63448 0.54483
0.67126 0.52874
0.70575 0.51034
0.74253 0.48506
0.77471 0.45517
0.8069 0.42989
0.82759 0.4046
0.82529 0.37011
0.8023 0.33563
0.77241 0.30345
0.74483 0.27816
0.71264 0.25747
0.68046 0.23218
0.65517 0.2069
0.62989 0.17011
0.61149 0.13563
0.5954 0.10115
0.56782 0.071264
0.54023 0.041379
0.51264 0.0091954
0.51724 0.041379
0.52184 0.062069
0.49885 0.029885
0.47126 0.0022989
0.44598 0.0022989
0.41379 0
0.38161 0.027586
0.4 0.043678
0.43678 0.052874
0.46667 0.068966
0.49425 0.094253
0.51034 0.12874
0.48046 0.12874
0.44828 0.10575
0.42069 0.082759
0.3908 0.078161
0.35632 0.089655
0.33563 0.12414
0.37011 0.13103
0.4046 0.14023
0.44138 0.15402
0.47356 0.17471
0.48966 0.2069
0.49425 0.23448
0.48736 0.26667
0.45057 0.27816
0.41379 0.28736
0.37701 0.29425
0.34483 0.28966
0.31034 0.28506
0.31494 0.30345
0.34943 0.32644
0.32184 0.35632
0.29885 0.38621
0.27356 0.41609
0.23908 0.43908
0.2092 0.41379
0.18161 0.37931
0.16092 0.34713
0.13793 0.31724
0.11494 0.30115
0.085057 0.30345
0.048276 0.31264
0.02069 0.33793
0.045977 0.36322
0.08046 0.36782
0.10805 0.38851
0.12644 0.42529
0.14943 0.45977
0.13793 0.48736
# triangles
42 43 44
8 9 14
99 100 101
0 1 92
32 91 92
0 92 105
92 93 105
8 14 24
7 8 24
7 24 25
34 35 90
42 44 45
9 13 14
9 10 13
10 11 12
10 12 13
93 104 105
99 101 102
4 5 27
5 6 7
5 26 27
5 7 26
7 25 26
28 29 30
14 22 24
22 23 24
32 33 91
33 90 91
33 34 90
35 36 82
41 42 45
60 65 66
35 82 83
96 97 102
95 96 103
96 102 103
94 95 103
94 103 104
93 94 104
97 98 102
98 99 102
2 3 4
1 2 92
2 4 92
14 15 16
14 16 22
28 30 31
27 28 31
31 32 92
4 31 92
4 27 31
38 39 48
58 59 66
59 60 66
58 66 67
61 62 65
60 61 65
62 64 65
16 17 22
17 19 20
17 18 19
50 51 80
39 40 48
41 45 46
58 67 68
68 69 78
62 63 64
73 74 75
35 83 88
17 20 21
17 21 22
55 57 58
55 56 57
52 53 68
40 47 48
40 41 47
41 46 47
50 80 81
49 50 81
37 38 81
38 48 81
48 49 81
36 81 82
36 37 81
54 58 68
53 54 68
54 55 58
51 79 80
68 78 79
51 52 79
52 68 79
69 70 77
70 76 77
69 77 78
70 71 76
85 86 87
85 87 88
35 89 90
35 88 89
72 73 75
72 75 76
71 72 76
83 84 88
84 85 88
