# points
0.076923 0.48643
0.090498 0.52715
0.063348 0.56335
0.061086 0.60633
0.070136 0.64706
0.09276 0.68326
0.1267 0.71719
0.15385 0.75566
0.1629 0.79186
0.13575 0.82353
0.10407 0.86425
0.070136 0.8914
0.074661 0.92534
0.11765 0.93665
0.14932 0.96154
0.17421 0.9819
0.14932 0.99774
0.19231 1
0.23303 0.98643
0.26697 0.95475
0.27828 0.91629
0.31448 0.89367
0.33937 0.85973
0.36878 0.82805
0.4095 0.79864
0.45023 0.76471
0.48869 0.73303
0.51584 0.6991
0.55204 0.66742
0.58597 0.63575
0.6267 0.60407
0.66516 0.57692
0.70588 0.55204
0.74208 0.52489
0.77602 0.49548
0.81222 0.46606
0.84842 0.42986
0.88009 0.39819
0.87783 0.35747
0.86652 0.31448
0.84163 0.28281
0.80543 0.26244
0.76923 0.23756
0.73756 0.20814
0.71041 0.17195
0.69005 0.13122
0.6629 0.097285
0.62896 0.063348
0.60181 0.029412
0.57014 0.0045249
0.58824 0.042986
0.60633 0.081448
0.62896 0.11538
0.6629 0.14253
0.69231 0.17421
0.66516 0.17647
0.63122 0.16063
0.61312 0.11765
0.58145 0.085973
0.55204 0.061086
0.52715 0.020362
0.49774 0.0022624
0.45928 0
0.44344 0.033937
0.47964 0.045249
0.51131 0.072398
0.5362 0.10407
0.55204 0.14253
0.56335 0.18552
0.54977 0.19231
0.52036 0.15837
0.48416 0.13575
0.45023 0.10633
0.41629 0.085973
0.37783 0.10407
0.38688 0.13122
0.42986 0.14253
0.4638 0.16516
0.48869 0.20362
0.50452 0.24434
0.48869 0.28281
0.4457 0.29638
0.40271 0.31222
0.36199 0.33937
0.32805 0.3733
0.29638 0.41176
0.25792 0.44344
0.22172 0.46154
0.19005 0.43213
0.15837 0.40271
0.13122 0.36878
0.09276 0.34842
0.054299 0.36652
0.061086 0.39593
0.10407 0.39819
0.13348 0.42534
0.1448 0.46606
0.15611 0.50226
0.1267 0.4819
0.09276 0.45928
0.067873 0.42081
0.027149 0.41855
0 0.45023
0.040724 0.46154
0.076923 0.48643
0.076923 0.48643
# triangles
36 37 38
36 38 39
36 39 40
15 16 17
15 17 18
15 18 19
14 15 19
8 9 20
14 19 20
9 14 20
27 28 85
32 33 80
33 34 80
8 21 22
8 20 21
8 22 23
26 27 86
27 85 86
25 26 86
91 92 93
91 93 94
30 80 81
34 42 80
34 35 42
7 8 23
72 73 76
73 75 76
61 62 64
11 12 13
10 11 13
9 13 14
9 10 13
89 94 95
88 89 95
89 90 94
90 91 94
31 32 80
30 31 80
28 29 85
29 84 85
29 83 84
29 30 81
35 41 42
35 36 41
36 40 41
7 23 24
25 86 87
24 25 87
7 24 87
62 63 64
100 101 103
101 102 103
0 99 103
99 100 103
29 81 82
29 82 83
42 43 80
43 55 80
60 61 64
60 64 65
73 74 75
45 46 53
57 58 67
58 66 67
6 7 87
6 87 97
0 98 99
56 57 67
56 67 68
55 56 68
71 72 76
71 76 77
46 47 52
46 52 53
43 54 55
43 44 54
44 45 54
45 53 54
47 51 52
59 65 66
58 59 66
59 60 65
4 5 97
5 6 97
88 95 96
87 88 96
87 96 97
68 69 79
55 79 80
55 68 79
69 78 79
70 77 78
70 71 77
69 70 78
47 48 50
47 50 51
48 49 50
3 4 97
1 3 97
1 2 3
1 97 98
0 1 98
