# points
0.1678 0.30385
0.17007 0.34694
0.16553 0.39002
0.12925 0.42177
0.086168 0.42177
0.043084 0.43084
0 0.43537
0.0068027 0.47619
0.036281 0.51927
0.040816 0.56236
0.0068027 0.55556
0.043084 0.5941
0.086168 0.60998
0.12925 0.60544
0.16553 0.5873
0.20408 0.5805
0.24717 0.57823
0.29025 0.5737
0.33333 0.57596
0.37642 0.57596
0.4195 0.57596
0.46259 0.57143
0.50567 0.56689
0.54875 0.56463
0.59184 0.56463
0.63492 0.56689
0.678 0.57143
0.72109 0.57823
0.76417 0.5805
0.80726 0.5805
0.85034 0.5805
0.89342 0.57823
0.93651 0.57596
0.97959 0.55329
0.99546 0.51247
1 0.46939
0.98639 0.4263
0.97506 0.38322
0.96825 0.34014
0.96825 0.29705
0.97732 0.25397
0.98186 0.21088
0.97732 0.1678
0.97959 0.12472
0.97506 0.0839
0.96372 0.092971
0.95011 0.13605
0.94331 0.17914
0.94785 0.22222
0.95465 0.26531
0.94104 0.27664
0.91383 0.23356
0.92971 0.19048
0.92517 0.14739
0.92063 0.10431
0.92517 0.061224
0.91837 0.024943
0.88889 0
0.85261 0.0045351
0.87528 0.045351
0.88209 0.086168
0.87982 0.12925
0.86395 0.17234
0.839 0.21542
0.83673 0.18821
0.82993 0.14512
0.81633 0.10204
0.81179 0.058957
0.78458 0.027211
0.7415 0.024943
0.75964 0.068027
0.78005 0.10884
0.78685 0.15193
0.77324 0.19501
0.74376 0.22222
0.70295 0.22449
0.65986 0.20408
0.61678 0.19501
0.5737 0.19501
0.53061 0.20181
0.48753 0.20862
0.44444 0.20635
0.4059 0.19501
0.40136 0.15193
0.39683 0.10884
0.39909 0.06576
0.38095 0.022676
0.33787 0.015873
0.33107 0.045351
0.35828 0.079365
0.36054 0.12245
0.34467 0.16553
0.31973 0.17914
0.31746 0.14059
0.31293 0.099773
0.31293 0.056689
0.27211 0.036281
0.24717 0.056689
0.27664 0.097506
0.27891 0.14059
0.24717 0.161
0.20635 0.18821
0.17687 0.23129
0.16553 0.27438
0.1678 0.30385
# triangles
5 6 7
56 57 59
55 56 59
57 58 59
55 59 60
63 73 74
9 11 12
9 10 11
32 33 34
21 22 80
24 25 75
82 91 92
84 85 89
85 86 89
38 50 63
38 63 74
37 38 74
54 60 61
54 55 60
40 48 49
67 70 71
66 67 71
66 71 72
65 66 72
27 74 75
27 28 74
30 36 37
24 76 77
24 75 76
92 101 102
0 1 92
1 82 92
82 83 91
86 87 88
86 88 89
84 89 90
83 84 90
83 90 91
42 43 46
42 46 47
39 40 49
38 39 50
39 49 50
53 61 62
53 54 61
64 65 72
63 64 73
64 72 73
51 62 63
50 51 63
41 47 48
41 42 47
40 41 48
68 69 70
67 68 70
5 7 8
21 80 81
20 21 81
25 26 75
26 27 75
9 12 13
8 9 13
29 30 37
29 37 74
28 29 74
30 31 36
31 35 36
31 34 35
31 32 34
24 77 78
24 78 79
23 24 79
22 23 80
23 79 80
92 100 101
92 99 100
92 93 99
0 92 103
92 102 103
43 44 45
43 45 46
52 53 62
51 52 62
4 5 8
3 4 8
2 3 15
2 15 16
1 2 18
93 94 99
3 14 15
3 8 14
8 13 14
2 16 17
2 17 18
1 19 82
1 18 19
19 81 82
19 20 81
94 98 99
94 95 98
96 97 98
95 96 98
