# points
0.125 0.17857
0.125 0.20153
0.12755 0.22449
0.125 0.24745
0.10204 0.25
0.079082 0.25
0.056122 0.25255
0.033163 0.25255
0.010204 0.2551
0 0.27551
0.0076531 0.29847
0.028061 0.30357
0.05102 0.30102
0.07398 0.30102
0.096939 0.29847
0.1199 0.29847
0.14286 0.30612
0.16582 0.30612
0.18878 0.30612
0.21173 0.30357
0.23469 0.30612
0.25765 0.31122
0.28061 0.31122
0.30357 0.31378
0.32653 0.31378
0.34949 0.31378
0.37245 0.31378
0.39541 0.31378
0.41837 0.31378
0.44133 0.31378
0.46429 0.31378
0.48724 0.31122
0.5102 0.31122
0.53316 0.31122
0.55612 0.31122
0.57908 0.31122
0.60204 0.31122
0.625 0.31122
0.64796 0.30867
0.67092 0.30867
0.69388 0.30867
0.71684 0.30867
0.7398 0.30867
0.76276 0.30867
0.78571 0.31122
0.80867 0.31122
0.83163 0.30867
0.85459 0.30867
0.87755 0.30867
0.90051 0.30612
0.92347 0.30612
0.94643 0.30612
0.96939 0.29847
0.99235 0.28571
1 0.26276
1 0.2398
1 0.21684
1 0.19388
1 0.17092
1 0.14796
0.99745 0.125
0.9949 0.10204
0.9949 0.079082
0.99235 0.056122
0.97449 0.038265
0.95153 0.035714
0.92857 0.033163
0.90561 0.030612
0.88265 0.030612
0.85969 0.028061
0.83673 0.028061
0.81378 0.02551
0.79082 0.022959
0.76786 0.022959
0.7449 0.022959
0.72194 0.022959
0.69898 0.022959
0.67602 0.020408
0.65306 0.020408
0.6301 0.017857
0.60714 0.017857
0.58418 0.017857
0.56122 0.017857
0.53827 0.015306
0.51531 0.012755
0.49235 0.010204
0.46939 0.0076531
0.44643 0.0076531
0.42347 0.002551
0.40051 0.002551
0.37755 0.002551
0.35459 0.002551
0.33163 0
0.30867 0
0.28571 0.002551
0.26276 0.005102
0.2398 0.0076531
0.21684 0.010204
0.19388 0.012755
0.17092 0.015306
0.14796 0.030612
0.1352 0.053571
0.12755 0.076531
0.125 0.09949
0.1199 0.12245
0.12245 0.14541
0.12245 0.16837
0.125 0.17857
# triangles
52 53 54
9 10 11
0 105 106
7 9 11
7 8 9
51 52 55
52 54 55
50 51 55
50 55 56
49 50 56
49 56 57
103 104 105
96 103 105
98 99 100
98 100 101
22 23 94
23 93 94
24 92 93
23 24 93
27 89 90
24 25 91
24 91 92
26 27 90
25 26 91
26 90 91
36 37 80
0 20 22
7 11 12
58 59 68
47 58 68
41 75 76
38 78 79
37 38 79
37 79 80
61 62 65
61 65 66
98 102 103
98 101 102
96 97 103
97 98 103
22 94 95
0 22 95
0 95 105
95 96 105
32 33 83
33 82 83
33 34 82
34 35 82
44 45 71
43 44 71
41 42 75
45 46 71
47 48 58
48 57 58
48 49 57
20 21 22
1 2 19
0 1 20
1 19 20
2 18 19
40 41 76
38 39 78
39 40 76
59 60 68
35 81 82
36 80 81
35 36 81
43 71 72
43 72 73
39 77 78
39 76 77
42 43 74
43 73 74
42 74 75
46 47 70
46 70 71
3 17 18
2 3 18
3 16 17
6 7 12
32 83 84
31 32 84
31 84 85
30 31 86
31 85 86
61 66 67
60 61 67
60 67 68
47 68 69
47 69 70
3 15 16
3 4 15
4 14 15
6 12 13
5 6 13
4 5 14
5 13 14
29 30 87
30 86 87
28 29 87
87 88 89
27 28 87
27 87 89
62 63 65
63 64 65
