# points
0.13678 0.17021
0.13678 0.19453
0.13982 0.21884
0.14286 0.24316
0.11854 0.25532
0.094225 0.25836
0.069909 0.25836
0.045593 0.25836
0.021277 0.25836
0 0.27356
0 0.29787
0.021277 0.30699
0.045593 0.30699
0.069909 0.30699
0.094225 0.30699
0.11854 0.31003
0.14286 0.31003
0.16717 0.31003
0.19149 0.31307
0.21581 0.32219
0.24012 0.32523
0.26444 0.32523
0.28875 0.32523
0.31307 0.32827
0.33739 0.32827
0.3617 0.32827
0.38602 0.32827
0.41033 0.32827
0.43465 0.32523
0.45897 0.32523
0.48328 0.32523
0.5076 0.32219
0.53191 0.32219
0.55623 0.32219
0.58055 0.32219
0.60486 0.32219
0.62918 0.32219
0.6535 0.32219
0.67781 0.32523
0.70213 0.32523
0.72644 0.32523
0.75076 0.32523
0.77508 0.32523
0.79939 0.32523
0.82371 0.32523
0.84802 0.32523
0.87234 0.32219
0.89666 0.32219
0.92097 0.31915
0.94529 0.31611
0.9696 0.31003
0.98784 0.28875
0.99392 0.26444
0.99392 0.24012
0.99696 0.21581
0.99696 0.19149
1 0.16717
0.99696 0.14286
0.99696 0.11854
0.99696 0.094225
0.99392 0.069909
0.99088 0.045593
0.97568 0.021277
0.95137 0.015198
0.92705 0.012158
0.90274 0.0091185
0.87842 0.012158
0.8541 0.0091185
0.82979 0.0091185
0.80547 0.0091185
0.78116 0.006079
0.75684 0.006079
0.73252 0.0030395
0.70821 0.0030395
0.68389 0.0091185
0.65957 0.0091185
0.63526 0.012158
0.61094 0.006079
0.58663 0.012158
0.56231 0.015198
0.53799 0.015198
0.51368 0.015198
0.48936 0.015198
0.46505 0.012158
0.44073 0.012158
0.41641 0.012158
0.3921 0.0091185
0.36778 0.006079
0.34347 0
0.31915 0.0030395
0.29483 0.0091185
0.27052 0.006079
0.2462 0.0091185
0.22188 0.018237
0.19757 0.021277
0.17325 0.033435
0.15502 0.051672
0.13982 0.075988
0.13678 0.1003
0.13678 0.12462
0.13678 0.14894
0.13678 0.17021
# triangles
8 9 11
9 10 11
49 50 51
59 64 65
87 88 89
2 20 21
3 17 18
2 3 20
47 53 54
47 48 53
48 49 53
49 51 52
49 52 53
93 94 95
27 28 85
45 46 55
46 54 55
46 47 54
45 55 57
55 56 57
37 74 75
37 38 74
57 58 66
59 65 66
58 59 66
59 60 64
36 37 76
37 75 76
76 77 78
28 29 84
28 84 85
29 30 82
32 80 81
3 19 20
3 18 19
1 2 21
1 21 22
0 1 22
93 99 100
93 98 99
93 95 96
93 96 98
96 97 98
90 91 92
90 92 93
90 93 100
0 90 100
0 22 90
22 23 90
23 24 90
24 87 90
87 89 90
26 85 86
26 27 85
72 73 74
60 61 63
60 63 64
61 62 63
35 36 76
35 76 78
35 78 79
34 35 79
29 82 83
29 83 84
33 34 79
32 33 80
33 79 80
31 32 81
31 81 82
30 31 82
4 15 16
3 16 17
3 4 16
25 26 86
24 25 87
25 86 87
38 39 74
39 40 74
57 66 67
71 72 74
40 71 74
42 70 71
42 43 69
42 69 70
43 44 69
41 42 71
40 41 71
44 68 69
44 45 68
45 57 68
57 67 68
4 14 15
4 5 14
7 8 12
8 11 12
5 13 14
5 6 13
7 12 13
6 7 13
