# points
0.13687 0.15363
0.13687 0.17598
0.13687 0.19832
0.13966 0.22067
0.13687 0.24302
0.11453 0.2486
0.092179 0.2486
0.069832 0.2486
0.047486 0.2486
0.02514 0.2514
0.0055866 0.25698
0 0.27933
0.011173 0.29609
0.03352 0.30168
0.055866 0.30447
0.078212 0.30447
0.10056 0.30447
0.12291 0.30447
0.14525 0.30726
0.1676 0.30447
0.18994 0.30726
0.21229 0.31564
0.23464 0.31844
0.25698 0.31844
0.27933 0.31844
0.30168 0.32123
0.32402 0.32123
0.34637 0.32123
0.36872 0.32123
0.39106 0.32123
0.41341 0.32123
0.43575 0.32123
0.4581 0.32123
0.48045 0.32123
0.50279 0.31844
0.52514 0.31844
0.54749 0.31844
0.56983 0.31844
0.59218 0.31844
0.61453 0.32123
0.63687 0.31844
0.65922 0.32123
0.68156 0.32123
0.70391 0.32123
0.72626 0.32123
0.7486 0.32402
0.77095 0.32402
0.7933 0.32402
0.81564 0.32123
0.83799 0.32123
0.86034 0.32123
0.88268 0.31844
0.90503 0.31844
0.92737 0.31564
0.94972 0.31285
0.97207 0.30726
0.98883 0.28492
0.99441 0.26257
0.99721 0.24022
0.99721 0.21788
1 0.19553
1 0.17318
1 0.15084
1 0.12849
0.99721 0.10615
0.99721 0.083799
0.99721 0.061453
0.99162 0.039106
0.97207 0.022346
0.94972 0.01676
0.92737 0.013966
0.90503 0.011173
0.88268 0.011173
0.86034 0.0083799
0.83799 0.0083799
0.81564 0.0083799
0.7933 0.0083799
0.77095 0.0083799
0.7486 0.011173
0.72626 0.011173
0.70391 0.011173
0.68156 0.011173
0.65922 0.013966
0.63687 0.011173
0.61453 0.0055866
0.59218 0.011173
0.56983 0.013966
0.54749 0.013966
0.52514 0.011173
0.50279 0.011173
0.48045 0.011173
0.4581 0.0083799
0.43575 0.0083799
0.41341 0.0083799
0.39106 0.0083799
0.36872 0.0083799
0.34637 0.0027933
0.32402 0
0.30168 0.0083799
0.27933 0.0027933
0.25698 0.0027933
0.23464 0.013966
0.21229 0.019553
0.18994 0.02514
0.1676 0.044693
0.15084 0.064246
0.14525 0.086592
0.13966 0.10894
0.13687 0.13128
0.13687 0.15363
0.13687 0.15363
# triangles
2 3 23
3 4 20
9 11 12
9 12 13
32 90 91
37 38 86
66 67 68
24 25 98
25 26 98
9 10 11
8 9 13
51 59 60
51 52 59
52 53 59
53 58 59
27 28 95
3 22 23
4 19 20
44 45 78
47 48 76
48 75 76
38 39 40
102 103 104
104 105 106
102 104 106
99 100 101
98 99 101
53 57 58
54 55 56
54 56 57
53 54 57
95 96 98
96 97 98
3 20 21
3 21 22
44 78 79
46 77 78
45 46 78
49 61 74
61 62 74
49 50 61
50 51 61
51 60 61
64 65 70
64 70 71
62 63 72
64 71 72
63 64 72
40 41 82
42 81 82
41 42 82
0 98 101
0 1 24
0 24 98
5 6 16
65 66 69
65 69 70
66 68 69
62 73 74
62 72 73
38 85 86
35 87 88
34 89 90
4 18 19
6 7 15
6 15 16
40 82 83
83 84 85
35 36 87
32 33 90
33 34 90
101 107 108
0 101 108
5 16 17
4 5 17
4 17 18
7 8 14
7 14 15
8 13 14
1 2 23
1 23 24
26 95 98
26 27 95
29 94 95
28 29 95
31 32 91
31 91 92
29 93 94
29 30 93
31 92 93
30 31 93
49 74 75
48 49 75
43 44 79
43 79 80
46 76 77
46 47 76
43 80 81
42 43 81
34 35 89
35 88 89
102 106 107
101 102 107
38 83 85
38 40 83
36 86 87
36 37 86
