# points
0.16265 0.17169
0.16265 0.19578
0.16566 0.21988
0.16566 0.24398
0.16867 0.26807
0.17169 0.29217
0.14759 0.3012
0.12349 0.3012
0.099398 0.30422
0.075301 0.30422
0.051205 0.30422
0.027108 0.30422
0.003012 0.31325
0 0.33735
0.01506 0.35241
0.039157 0.35542
0.063253 0.35542
0.087349 0.35843
0.11145 0.35843
0.13554 0.36145
0.15964 0.36145
0.18373 0.36446
0.20783 0.36446
0.23193 0.36446
0.25602 0.36747
0.28012 0.36747
0.30422 0.37048
0.32831 0.37048
0.35241 0.37048
0.37651 0.36747
0.4006 0.36747
0.4247 0.36747
0.4488 0.36446
0.47289 0.36446
0.49699 0.36446
0.52108 0.36446
0.54518 0.36446
0.56928 0.36446
0.59337 0.36446
0.61747 0.36446
0.64157 0.36446
0.66566 0.36446
0.68976 0.36446
0.71386 0.36747
0.73795 0.37048
0.76205 0.37048
0.78614 0.36747
0.81024 0.36747
0.83434 0.36446
0.85843 0.36446
0.88253 0.36145
0.90663 0.35843
0.93072 0.35542
0.95482 0.35542
0.97892 0.35241
0.99096 0.32831
0.99398 0.30422
0.99398 0.28012
0.99398 0.25602
0.99699 0.23193
0.99699 0.20783
1 0.18373
1 0.15964
1 0.13554
0.99398 0.11145
0.99398 0.087349
0.99398 0.063253
0.99398 0.039157
0.97892 0.018072
0.95482 0.01506
0.93072 0.012048
0.90663 0.012048
0.88253 0.0090361
0.85843 0.003012
0.83434 0.003012
0.81024 0.003012
0.78614 0.003012
0.76205 0.003012
0.73795 0.003012
0.71386 0.003012
0.68976 0.0060241
0.66566 0.0060241
0.64157 0.0090361
0.61747 0.0090361
0.59337 0.0090361
0.56928 0.0090361
0.54518 0.0060241
0.52108 0.0060241
0.49699 0.0090361
0.47289 0.0090361
0.4488 0.003012
0.4247 0.0060241
0.4006 0.0060241
0.37651 0
0.35241 0.0060241
0.32831 0.0060241
0.30422 0.0060241
0.28012 0.0090361
0.25602 0.0090361
0.23193 0.012048
0.20783 0.018072
0.18373 0.033133
0.17169 0.057229
0.16867 0.081325
0.16566 0.10542
0.16566 0.12952
0.16265 0.15361
0.16265 0.17169
# triangles
53 54 55
50 58 59
50 59 60
0 95 106
95 105 106
95 96 105
99 100 103
98 99 103
98 103 104
62 63 64
62 64 72
53 55 56
46 76 77
60 61 74
72 73 74
61 62 74
62 72 74
64 71 72
51 57 58
50 51 58
97 98 104
97 104 105
96 97 105
100 101 102
100 102 103
60 74 75
48 60 75
64 65 71
67 68 69
66 67 69
89 90 91
5 22 23
3 4 25
4 5 25
2 25 26
2 3 25
5 6 20
6 19 20
52 56 57
51 52 57
52 53 56
47 48 75
2 26 27
2 27 28
35 87 88
1 2 94
92 93 94
8 9 17
65 70 71
65 66 70
66 69 70
32 89 91
5 20 21
5 21 22
8 17 18
49 50 60
48 49 60
43 44 78
43 78 79
45 46 77
31 32 91
11 14 15
11 13 14
11 12 13
9 16 17
34 35 88
5 23 24
5 24 25
6 7 19
7 18 19
7 8 18
40 41 82
41 81 82
36 37 85
36 85 86
29 92 94
2 28 29
2 29 94
10 11 15
10 15 16
9 10 16
32 33 89
29 30 92
47 75 76
46 47 76
0 1 94
0 94 95
43 79 80
42 43 80
44 45 78
45 77 78
41 42 80
41 80 81
36 86 87
35 36 87
33 34 88
33 88 89
39 40 83
40 82 83
30 31 91
30 91 92
37 38 84
37 84 85
39 83 84
38 39 84
