# points
0.17183 0.17465
0.17183 0.19718
0.17465 0.21972
0.17465 0.24225
0.15493 0.2507
0.13239 0.2507
0.10986 0.2507
0.087324 0.25352
0.064789 0.25352
0.042254 0.25352
0.019718 0.25634
0 0.26479
0 0.28732
0.022535 0.29577
0.04507 0.29577
0.067606 0.29577
0.090141 0.29859
0.11268 0.29859
0.13521 0.29859
0.15775 0.29859
0.18028 0.30423
0.20282 0.30423
0.22535 0.30704
0.24789 0.30986
0.27042 0.30986
0.29296 0.30986
0.31549 0.30986
0.33803 0.30986
0.36056 0.30704
0.3831 0.30704
0.40563 0.30704
0.42817 0.30704
0.4507 0.30704
0.47324 0.30704
0.49577 0.30704
0.51831 0.30704
0.54085 0.30423
0.56338 0.30423
0.58592 0.30423
0.60845 0.30704
0.63099 0.30986
0.65352 0.30986
0.67606 0.30986
0.69859 0.30986
0.72113 0.30986
0.74366 0.30986
0.7662 0.30986
0.78873 0.30986
0.81127 0.30986
0.8338 0.30986
0.85634 0.30986
0.87887 0.30704
0.90141 0.30423
0.92394 0.30141
0.94648 0.30141
0.96901 0.30141
0.98873 0.29296
0.99155 0.27042
0.99437 0.24789
0.99437 0.22535
0.99437 0.20282
0.99718 0.18028
0.99718 0.15775
1 0.13521
1 0.11268
0.99718 0.090141
0.99718 0.067606
0.99718 0.04507
0.99718 0.022535
0.9831 0.0056338
0.96056 0.0056338
0.93803 0.0056338
0.91549 0.0056338
0.89296 0.0028169
0.87042 0.0028169
0.84789 0.0028169
0.82535 0.0028169
0.80282 0.0028169
0.78028 0.0028169
0.75775 0.0028169
0.73521 0.0028169
0.71268 0.0028169
0.69014 0.0028169
0.66761 0.0028169
0.64507 0.0028169
0.62254 0.0056338
0.6 0.0084507
0.57746 0.0084507
0.55493 0.0084507
0.53239 0.0084507
0.50986 0.0028169
0.48732 0
0.46479 0.0028169
0.44225 0.0084507
0.41972 0.0028169
0.39718 0.0028169
0.37465 0.011268
0.35211 0.011268
0.32958 0.0084507
0.30704 0.0056338
0.28451 0.0056338
0.26197 0.011268
0.23944 0.014085
0.2169 0.014085
0.19437 0.028169
0.18028 0.050704
0.17183 0.073239
0.16901 0.095775
0.16901 0.11831
0.16901 0.14085
0.16901 0.16338
0.17183 0.17465
# triangles
64 65 73
55 56 57
53 58 59
53 59 60
9 13 14
8 9 14
65 66 72
65 72 73
0 109 110
51 60 61
50 51 62
51 61 62
3 20 21
9 10 13
10 11 12
10 12 13
5 17 18
7 16 17
8 14 15
7 8 15
7 15 16
62 63 74
63 64 74
64 73 74
66 67 71
66 71 72
35 36 89
2 3 23
52 53 60
51 52 60
3 22 23
3 21 22
5 6 17
6 7 17
45 79 80
62 74 75
67 70 71
68 69 70
67 68 70
40 41 85
41 42 83
44 45 80
38 39 86
39 40 85
39 85 86
90 91 92
93 94 96
94 95 96
29 30 96
30 31 93
30 93 96
27 28 97
28 96 97
28 29 96
4 5 18
4 18 19
3 4 20
4 19 20
1 2 25
0 1 25
54 55 57
54 57 58
53 54 58
48 76 77
41 83 84
41 84 85
42 82 83
34 35 89
34 89 93
33 34 93
31 32 93
32 33 93
38 86 87
37 38 87
0 98 109
98 99 109
102 106 107
102 105 106
102 103 104
102 104 105
101 108 109
99 101 109
101 107 108
101 102 107
99 100 101
2 23 24
2 24 25
0 25 26
26 27 97
0 26 98
26 97 98
48 49 76
49 75 76
49 50 62
49 62 75
45 46 79
46 78 79
44 80 81
42 43 82
43 44 81
43 81 82
37 87 88
36 88 89
36 37 88
46 47 78
47 77 78
47 48 77
89 90 93
90 92 93
