# points
0.0098039 0.41176
0 0.45098
0 0.4902
0 0.52941
0.029412 0.56863
0.058824 0.60784
0.098039 0.61765
0.13725 0.64706
0.17647 0.66667
0.21569 0.68627
0.2549 0.69608
0.29412 0.69608
0.33333 0.67647
0.37255 0.66667
0.40196 0.62745
0.42157 0.58824
0.45098 0.54902
0.4902 0.54902
0.5098 0.58824
0.54902 0.62745
0.58824 0.65686
0.61765 0.68627
0.63725 0.72549
0.64706 0.76471
0.67647 0.80392
0.69608 0.84314
0.70588 0.88235
0.72549 0.92157
0.71569 0.96078
0.73529 0.9902
0.77451 1
0.81373 1
0.85294 0.9902
0.89216 0.98039
0.91176 0.94118
0.93137 0.91176
0.95098 0.88235
0.93137 0.85294
0.90196 0.83333
0.90196 0.79412
0.91176 0.7549
0.93137 0.72549
0.95098 0.68627
0.96078 0.64706
0.98039 0.60784
0.98039 0.56863
0.97059 0.52941
0.97059 0.4902
0.95098 0.45098
0.94118 0.41176
0.92157 0.37255
0.92157 0.33333
0.90196 0.29412
0.87255 0.2549
0.84314 0.21569
0.81373 0.18627
0.80392 0.14706
0.79412 0.10784
0.82353 0.068627
0.86275 0.04902
0.90196 0.019608
0.88235 0.0098039
0.84314 0.029412
0.80392 0.039216
0.76471 0.058824
0.72549 0.058824
0.72549 0.088235
0.7549 0.12745
0.72549 0.16667
0.68627 0.16667
0.64706 0.16667
0.60784 0.15686
0.58824 0.11765
0.58824 0.078431
0.61765 0.04902
0.65686 0.029412
0.63725 0
0.59804 0.029412
0.55882 0.039216
0.51961 0.039216
0.5 0.039216
0.53922 0.058824
0.55882 0.088235
0.53922 0.12745
0.5098 0.15686
0.47059 0.15686
0.43137 0.15686
0.39216 0.16667
0.37255 0.18627
0.34314 0.21569
0.32353 0.23529
0.30392 0.27451
0.26471 0.26471
0.22549 0.26471
0.18627 0.2549
0.14706 0.2549
0.10784 0.26471
0.068627 0.30392
0.039216 0.34314
0.019608 0.38235
0.0098039 0.41176
# triangles
17 69 70
17 50 69
50 53 69
27 29 30
27 30 31
32 33 34
27 31 32
17 85 91
59 60 61
2 3 4
17 19 50
19 20 50
17 18 19
7 8 91
8 15 91
6 7 91
0 6 99
4 5 6
2 4 6
1 2 6
0 1 6
34 35 38
32 34 38
27 32 38
95 96 97
93 97 98
6 91 93
93 98 99
6 93 99
58 63 64
53 68 69
55 56 68
74 75 76
46 47 48
20 48 50
20 21 48
21 46 48
21 42 43
21 43 46
43 44 45
43 45 46
50 52 53
50 51 52
27 28 29
16 17 91
15 16 91
35 36 37
35 37 38
94 95 97
93 94 97
59 61 62
58 59 62
58 62 63
17 84 85
78 79 81
79 80 81
53 54 68
54 55 68
57 58 64
74 76 77
73 77 78
73 74 77
48 49 50
12 13 14
10 11 12
9 10 12
12 14 15
8 9 12
8 12 15
26 27 38
25 26 38
91 92 93
86 87 88
85 86 88
85 88 89
85 89 91
89 90 91
56 67 68
56 57 67
57 64 67
72 82 83
72 73 82
78 81 82
73 78 82
22 40 41
25 38 39
24 25 39
24 39 40
22 23 24
22 24 40
64 65 66
64 66 67
71 72 83
71 83 84
17 70 71
17 71 84
21 41 42
21 22 41
