# points
0.0072993 0.50365
0 0.53285
0.0072993 0.55474
0.036496 0.56204
0.058394 0.54745
0.072993 0.51825
0.10219 0.51095
0.13139 0.51095
0.16058 0.52555
0.18978 0.53285
0.21168 0.54745
0.22628 0.57664
0.24818 0.59854
0.27737 0.62044
0.29927 0.64964
0.31387 0.67883
0.33577 0.70803
0.35766 0.73723
0.34307 0.75912
0.36496 0.76642
0.37226 0.79562
0.40146 0.81022
0.42336 0.82482
0.45255 0.82482
0.48175 0.83212
0.51095 0.83942
0.54015 0.83942
0.56934 0.83942
0.59854 0.83942
0.62774 0.83942
0.65693 0.83942
0.68613 0.83212
0.71533 0.83212
0.74453 0.82482
0.77372 0.81752
0.80292 0.82482
0.83212 0.82482
0.83942 0.85401
0.85401 0.86861
0.85401 0.89781
0.86131 0.92701
0.89051 0.91971
0.91241 0.89051
0.94161 0.87591
0.9708 0.87591
0.9854 0.84672
1 0.83212
1 0.80292
1 0.77372
0.9708 0.76642
0.94891 0.74453
0.92701 0.71533
0.89781 0.69343
0.86861 0.67153
0.83942 0.66423
0.81022 0.64964
0.78102 0.62774
0.75182 0.61314
0.72993 0.58394
0.70803 0.55474
0.70073 0.52555
0.67883 0.50365
0.66423 0.47445
0.65693 0.44526
0.63504 0.41606
0.62774 0.38686
0.60584 0.36496
0.57664 0.35036
0.54745 0.33577
0.51825 0.31387
0.49635 0.28467
0.51825 0.25547
0.54745 0.26277
0.56204 0.24088
0.58394 0.21898
0.61314 0.18978
0.62044 0.16058
0.62774 0.13139
0.64964 0.10949
0.66423 0.080292
0.65693 0.051095
0.62774 0.036496
0.59854 0.029197
0.56934 0.021898
0.55474 0
0.52555 0.0072993
0.49635 0.021898
0.47445 0.0072993
0.45255 0
0.43066 0.021898
0.40146 0.029197
0.37956 0.051095
0.36496 0.080292
0.33577 0.094891
0.31387 0.11679
0.30657 0.14599
0.29927 0.17518
0.29197 0.20438
0.27007 0.22628
0.27007 0.25547
0.24818 0.28467
0.21898 0.29197
0.21168 0.31387
0.21898 0.34307
0.20438 0.37226
0.18978 0.39416
0.16058 0.37956
0.13139 0.37226
0.10219 0.35766
0.087591 0.33577
0.065693 0.31387
0.051095 0.32847
0.051095 0.35766
0.029197 0.37226
0.021898 0.40146
0.021898 0.43066
0.029197 0.45255
0.021898 0.48175
0.0072993 0.50365
# triangles
19 20 21
43 44 45
79 80 81
78 79 81
36 43 50
36 50 51
43 45 49
43 49 50
38 42 43
36 37 38
36 38 43
38 39 42
21 22 23
19 21 23
100 102 103
9 10 105
36 51 52
36 52 53
70 100 103
69 70 103
13 68 69
13 14 68
10 12 13
10 13 69
47 48 49
45 46 47
45 47 49
39 40 41
39 41 42
28 29 58
28 58 59
27 28 59
26 27 59
24 25 26
24 26 59
29 30 31
36 53 54
93 94 95
92 93 95
100 101 102
77 78 81
7 8 105
8 9 105
112 113 114
70 99 100
14 64 68
14 62 64
17 18 19
17 24 59
17 19 23
17 23 24
29 57 58
29 31 57
32 33 57
31 32 57
33 34 55
34 54 55
97 98 99
70 97 99
71 92 95
71 86 92
71 72 73
71 74 86
71 73 74
109 111 112
109 110 111
7 105 106
7 106 107
89 90 91
86 87 89
86 89 92
89 91 92
87 88 89
74 75 76
74 76 86
76 77 86
83 84 85
83 85 86
77 83 86
10 11 12
5 116 117
5 6 116
6 7 107
6 107 116
62 63 64
14 16 62
33 55 56
33 56 57
35 36 54
34 35 54
70 96 97
70 71 96
71 95 96
108 109 112
108 112 114
108 114 115
107 108 116
108 115 116
10 104 105
10 69 104
69 103 104
77 81 82
77 82 83
0 5 117
0 1 4
0 4 5
64 67 68
64 66 67
64 65 66
16 61 62
16 17 61
17 59 61
59 60 61
14 15 16
1 2 3
1 3 4
