# points
0.15655 0.26518
0.15016 0.30351
0.13738 0.34185
0.13419 0.38019
0.1278 0.41853
0.1246 0.46006
0.13099 0.5016
0.14377 0.53994
0.15655 0.57827
0.1853 0.61342
0.22045 0.64217
0.2524 0.67093
0.28754 0.69649
0.32268 0.71885
0.33546 0.75719
0.36741 0.78594
0.33866 0.8147
0.36741 0.83067
0.40256 0.84984
0.44409 0.85942
0.48243 0.85304
0.51438 0.82109
0.52077 0.79233
0.48562 0.77316
0.47284 0.74441
0.48243 0.70288
0.48882 0.66134
0.47923 0.623
0.46645 0.58147
0.44409 0.53994
0.42492 0.5016
0.41853 0.46645
0.42173 0.42812
0.45687 0.39297
0.4984 0.39617
0.52396 0.4345
0.55591 0.46645
0.59105 0.49201
0.62939 0.50799
0.67093 0.52396
0.70927 0.52396
0.7508 0.51757
0.79233 0.50479
0.83387 0.48243
0.86581 0.45048
0.89137 0.41534
0.91054 0.38019
0.92971 0.34824
0.95527 0.31629
0.97764 0.28115
0.99361 0.24281
1 0.20447
0.96805 0.22045
0.94249 0.2524
0.92332 0.2492
0.92332 0.20767
0.92652 0.16613
0.89457 0.18211
0.88179 0.22045
0.8754 0.26198
0.8722 0.30351
0.84984 0.32588
0.82109 0.30032
0.80511 0.27157
0.78275 0.23962
0.75399 0.21086
0.73163 0.18211
0.70288 0.15016
0.67093 0.1278
0.62939 0.12141
0.58786 0.1278
0.55911 0.11182
0.53355 0.12141
0.4984 0.099042
0.46006 0.099042
0.41853 0.095847
0.39617 0.11182
0.35783 0.13099
0.31949 0.1278
0.28115 0.13738
0.24281 0.16294
0.21086 0.14058
0.17891 0.10863
0.16933 0.073482
0.15016 0.060703
0.1246 0.031949
0.13099 0
0.095847 0.022364
0.054313 0.035144
0.01278 0.041534
0.0095847 0.067093
0 0.083067
0 0.10863
0.041534 0.10863
0.076677 0.079872
0.11821 0.079872
0.14058 0.11182
0.16613 0.14696
0.15974 0.17891
0.14696 0.20767
0.11821 0.17572
0.095847 0.16294
0.086262 0.19808
0.11182 0.23003
0.14696 0.24281
0.15655 0.26518
# triangles
33 34 72
70 71 72
34 70 72
33 77 80
77 79 80
41 42 62
42 43 62
43 61 62
35 36 65
34 35 65
10 11 30
11 29 30
9 10 30
34 65 66
34 66 70
18 19 23
15 18 23
15 23 24
40 41 62
91 92 93
88 89 90
90 91 93
88 90 94
90 93 94
33 72 76
33 76 77
80 81 98
36 64 65
36 63 64
43 44 61
46 47 61
0 1 32
0 32 80
32 33 80
36 37 63
67 69 70
66 67 70
15 16 17
15 17 18
13 27 28
13 26 27
38 40 62
38 39 40
38 62 63
37 38 63
72 74 76
77 78 79
0 80 104
54 58 59
45 46 61
44 45 61
47 60 61
47 48 60
48 54 60
54 59 60
99 103 104
80 98 99
80 99 104
2 3 32
1 2 32
6 7 31
7 8 9
7 9 30
7 30 31
3 4 32
4 31 32
67 68 69
14 15 24
13 14 24
12 28 29
12 13 28
11 12 29
13 25 26
13 24 25
19 20 23
20 21 23
72 73 74
48 49 53
48 53 54
49 50 53
55 57 58
54 55 58
55 56 57
100 101 102
100 102 103
99 100 103
5 6 31
4 5 31
21 22 23
74 75 76
87 94 95
87 88 94
85 87 95
85 86 87
81 97 98
81 82 97
50 51 52
50 52 53
84 85 95
82 96 97
82 83 96
84 95 96
83 84 96
