# points
0.024221 0.49827
0.010381 0.54325
0.010381 0.58824
0.017301 0.63322
0.024221 0.6782
0.031142 0.72318
0.044983 0.76817
0.031142 0.80969
0.041522 0.85467
0 0.86505
0.0069204 0.89965
0.024221 0.94118
0.058824 0.97578
0.10035 1
0.14187 0.99308
0.16263 0.96886
0.13841 0.92734
0.17301 0.88927
0.21107 0.85813
0.24221 0.81315
0.25952 0.76817
0.2699 0.72318
0.28028 0.6782
0.30104 0.63322
0.34256 0.60208
0.38754 0.59862
0.41869 0.63668
0.41522 0.68166
0.41522 0.72664
0.42907 0.77163
0.44983 0.81661
0.47751 0.85813
0.52249 0.89273
0.56747 0.91696
0.61246 0.92734
0.65744 0.93426
0.70242 0.92734
0.7474 0.91349
0.79239 0.89273
0.83737 0.88581
0.88235 0.87543
0.92734 0.85467
0.96886 0.82353
0.93772 0.80969
0.89273 0.81661
0.86505 0.80969
0.90311 0.76817
0.93426 0.72664
0.88927 0.73356
0.84429 0.76125
0.80277 0.80277
0.75779 0.82699
0.75433 0.78201
0.75779 0.74394
0.76125 0.69896
0.76125 0.65398
0.76125 0.61592
0.75779 0.57093
0.75087 0.52595
0.71626 0.49481
0.67128 0.46367
0.65398 0.43945
0.64014 0.40484
0.61592 0.37024
0.58824 0.34602
0.56055 0.33218
0.52595 0.3218
0.48789 0.3045
0.44291 0.27336
0.40138 0.25952
0.3564 0.25606
0.35986 0.21107
0.35294 0.16609
0.36332 0.12803
0.3737 0.11073
0.3564 0.076125
0.39446 0.051903
0.3564 0.038062
0.31142 0.020761
0.2699 0
0.23875 0.0069204
0.24221 0.031142
0.20069 0.031142
0.22145 0.048443
0.2526 0.076125
0.29758 0.072664
0.3218 0.10727
0.3218 0.15225
0.31488 0.19723
0.2872 0.21453
0.25952 0.22837
0.25952 0.18339
0.24913 0.15571
0.21107 0.18339
0.21799 0.22837
0.24567 0.26644
0.20415 0.3045
0.15917 0.33564
0.11765 0.37024
0.079585 0.40484
0.048443 0.44983
0.024221 0.49481
0.024221 0.49827
# triangles
8 9 10
8 10 11
78 79 81
79 80 81
81 82 83
35 36 51
24 25 70
6 7 8
6 18 19
25 67 68
34 35 51
36 37 51
12 13 16
8 11 16
11 12 16
25 26 61
26 60 61
5 6 21
63 64 65
25 66 67
25 65 66
75 76 77
78 81 85
77 78 85
75 77 85
13 14 16
14 15 16
34 51 52
33 34 52
30 52 53
37 38 51
38 50 51
38 39 50
8 16 17
6 8 17
6 17 18
24 70 96
24 96 97
24 97 98
57 59 60
57 58 59
26 27 55
45 49 50
39 45 50
41 42 43
41 43 44
29 30 53
81 83 84
81 84 85
91 92 93
32 33 52
70 89 95
70 95 96
62 63 65
25 62 65
25 61 62
27 54 55
27 29 54
29 53 54
26 55 56
56 57 60
26 56 60
40 41 44
39 40 45
40 44 45
46 47 48
46 48 49
45 46 49
27 28 29
6 19 20
6 20 21
23 99 100
23 24 98
23 98 99
3 22 23
4 5 21
4 21 22
3 4 22
75 85 86
74 75 86
73 74 86
73 86 87
72 73 87
72 87 88
70 88 89
30 31 52
31 32 52
91 93 94
0 1 23
0 100 101
0 23 100
1 2 23
2 3 23
70 71 88
71 72 88
90 91 94
89 90 95
90 94 95
25 69 70
25 68 69
