# points
0.011236 0.53933
0.011236 0.57303
0.011236 0.60674
0.033708 0.62921
0.044944 0.60674
0.067416 0.57303
0.10112 0.57303
0.13483 0.59551
0.16854 0.60674
0.17978 0.64045
0.20225 0.67416
0.21348 0.70787
0.23596 0.74157
0.24719 0.77528
0.26966 0.80899
0.30337 0.8427
0.33708 0.86517
0.37079 0.86517
0.40449 0.86517
0.4382 0.86517
0.47191 0.86517
0.50562 0.8764
0.53933 0.88764
0.57303 0.92135
0.60674 0.94382
0.64045 0.96629
0.66292 1
0.69663 1
0.73034 0.96629
0.76404 0.96629
0.79775 0.94382
0.83146 0.92135
0.85393 0.88764
0.8427 0.85393
0.86517 0.82022
0.8764 0.78652
0.88764 0.75281
0.88764 0.7191
0.86517 0.69663
0.8427 0.66292
0.80899 0.64045
0.77528 0.61798
0.74157 0.61798
0.70787 0.61798
0.67416 0.61798
0.64045 0.58427
0.61798 0.55056
0.61798 0.51685
0.61798 0.48315
0.61798 0.44944
0.62921 0.41573
0.62921 0.38202
0.62921 0.34831
0.61798 0.31461
0.65169 0.30337
0.68539 0.29213
0.7191 0.2809
0.75281 0.26966
0.78652 0.26966
0.82022 0.26966
0.85393 0.25843
0.88764 0.23596
0.91011 0.21348
0.92135 0.17978
0.92135 0.14607
0.92135 0.11236
0.92135 0.078652
0.91011 0.044944
0.8764 0.05618
0.8427 0.044944
0.80899 0.022472
0.79775 0.033708
0.76404 0.067416
0.73034 0.067416
0.69663 0.05618
0.66292 0.033708
0.62921 0.022472
0.59551 0.011236
0.5618 0.011236
0.52809 0.011236
0.49438 0
0.46067 0
0.42697 0.011236
0.39326 0.033708
0.35955 0.044944
0.32584 0.078652
0.29213 0.10112
0.25843 0.13483
0.22472 0.16854
0.20225 0.19101
0.19101 0.22472
0.17978 0.25843
0.17978 0.29213
0.17978 0.32584
0.17978 0.35955
0.17978 0.39326
0.1573 0.41573
0.1236 0.42697
0.089888 0.40449
0.089888 0.37079
0.089888 0.33708
0.078652 0.31461
0.044944 0.31461
0.022472 0.32584
0.033708 0.35955
0.05618 0.38202
0.033708 0.40449
0.044944 0.42697
0.078652 0.4382
0.10112 0.47191
0.1236 0.50562
0.089888 0.53933
0.05618 0.52809
0.044944 0.49438
0.022472 0.47191
0.011236 0.49438
0 0.52809
0.011236 0.53933
# triangles
31 32 33
49 53 95
8 47 95
7 8 110
25 26 27
25 27 28
6 7 110
66 67 68
64 68 69
64 69 72
47 48 95
48 49 95
8 46 47
8 10 46
21 22 44
53 79 83
53 83 85
83 84 85
15 16 17
14 15 17
24 28 33
24 25 28
96 97 110
8 95 96
8 96 110
97 108 109
97 109 110
0 115 116
2 3 4
1 4 5
1 2 4
5 111 112
5 6 111
6 110 111
65 66 68
64 65 68
30 31 33
28 30 33
28 29 30
49 51 53
53 54 76
61 63 64
61 64 72
8 9 10
20 45 46
21 44 45
20 21 45
10 12 46
53 94 95
53 93 94
53 87 92
53 92 93
53 86 87
53 85 86
69 71 72
69 70 71
22 23 44
23 33 44
23 24 33
0 112 113
0 113 115
33 43 44
33 42 43
33 34 40
33 40 42
51 52 53
49 50 51
54 74 76
56 73 74
53 78 79
53 76 78
61 62 63
19 20 46
12 19 46
12 13 14
10 11 12
79 82 83
36 37 38
40 41 42
59 60 72
60 61 72
57 72 73
56 57 73
54 55 74
55 56 74
74 75 76
76 77 78
12 18 19
14 17 18
12 14 18
34 35 40
35 38 40
35 36 38
38 39 40
58 59 72
57 58 72
100 101 102
113 114 115
88 89 90
87 88 92
88 90 92
97 98 108
98 107 108
102 103 104
100 102 104
90 91 92
99 100 105
100 104 105
98 99 105
98 105 107
105 106 107
0 5 112
0 1 5
80 81 82
79 80 82
