# points
0.015873 0.47884
0.010582 0.51587
0.021164 0.55291
0.055556 0.5291
0.087302 0.52381
0.12698 0.54497
0.16667 0.57143
0.20635 0.57672
0.23545 0.60582
0.2672 0.64286
0.27778 0.67725
0.28836 0.71693
0.31217 0.75661
0.35185 0.78836
0.39153 0.80952
0.43122 0.81481
0.46825 0.83598
0.50794 0.84127
0.54762 0.83862
0.57143 0.85185
0.58995 0.89153
0.62698 0.91005
0.59524 0.93386
0.6164 0.96561
0.6455 0.98942
0.68519 0.99471
0.72222 1
0.7619 0.99735
0.79894 0.98413
0.83862 0.96032
0.87831 0.92593
0.90212 0.88889
0.92857 0.84921
0.93651 0.80952
0.94709 0.76984
0.94709 0.73016
0.92063 0.69577
0.88095 0.66931
0.84127 0.66138
0.80688 0.64286
0.7672 0.63492
0.72751 0.62434
0.68783 0.59259
0.69312 0.55291
0.70635 0.51323
0.72487 0.47354
0.73016 0.43386
0.73016 0.39418
0.73545 0.3545
0.7328 0.31481
0.73016 0.27513
0.72222 0.23545
0.74074 0.20899
0.78042 0.19841
0.82011 0.18783
0.85979 0.16931
0.89947 0.15079
0.93122 0.12169
0.94709 0.084656
0.93651 0.044974
0.89947 0.031746
0.87566 0
0.85979 0.029101
0.82275 0.037037
0.78307 0.034392
0.74339 0.02381
0.7037 0.015873
0.66402 0.015873
0.62434 0.015873
0.58466 0.018519
0.54497 0.02381
0.50529 0.044974
0.46561 0.068783
0.42593 0.089947
0.38624 0.10582
0.35185 0.14286
0.33069 0.17989
0.31481 0.21958
0.30688 0.25926
0.30159 0.29894
0.29894 0.33862
0.2619 0.36772
0.2328 0.40476
0.20106 0.43651
0.16402 0.45503
0.12434 0.44974
0.087302 0.41799
0.074074 0.37831
0.060847 0.33862
0.037037 0.30159
0.010582 0.30952
0.0026455 0.34921
0.021164 0.38889
0.034392 0.42063
0.074074 0.44444
0.10582 0.4709
0.14286 0.48413
0.18254 0.5
0.20635 0.51323
0.18519 0.5291
0.1455 0.52381
0.10582 0.50529
0.066138 0.47884
0.039683 0.4418
0 0.43386
0.013228 0.4709
0.015873 0.47884
# triangles
44 47 80
33 34 37
56 57 62
43 44 80
9 43 80
9 42 43
18 41 42
15 18 42
44 46 47
34 36 37
34 35 36
33 37 38
38 39 40
57 58 60
57 60 62
58 59 60
60 61 62
103 104 105
88 90 91
88 91 92
87 88 92
9 10 42
10 15 42
18 19 41
44 45 46
47 49 80
49 79 80
51 52 68
31 32 33
31 33 38
51 71 72
51 72 73
88 89 90
87 92 93
9 80 81
9 81 98
86 87 93
83 97 98
4 101 102
6 99 100
13 14 15
10 13 15
11 12 13
10 11 13
54 63 64
54 55 63
56 62 63
55 56 63
47 48 49
52 65 66
50 51 78
50 78 79
49 50 79
52 67 68
52 66 67
21 38 40
21 31 38
19 20 21
21 40 41
19 21 41
21 28 29
21 29 30
21 30 31
21 26 27
21 27 28
21 25 26
21 22 23
21 23 24
21 24 25
51 68 69
51 69 71
51 77 78
51 73 77
0 103 105
0 102 103
8 9 98
82 83 98
81 82 98
83 84 97
86 93 94
3 4 102
0 1 3
0 3 102
1 2 3
5 6 100
4 5 101
5 100 101
15 17 18
15 16 17
53 54 64
53 64 65
52 53 65
69 70 71
73 76 77
6 7 99
7 98 99
7 8 98
85 86 94
85 94 95
84 96 97
84 85 96
85 95 96
73 74 75
73 75 76
