# points
0.012048 0.48594
0.0080321 0.5261
0 0.56225
0 0.59839
0.012048 0.63855
0.016064 0.67871
0.032129 0.71486
0.036145 0.75502
0.052209 0.79116
0.072289 0.83133
0.040161 0.85141
0.056225 0.88755
0.052209 0.92369
0.080321 0.95984
0.10843 0.98795
0.14859 1
0.18876 1
0.22088 0.98795
0.25301 0.95984
0.27711 0.93173
0.25703 0.8996
0.21687 0.88353
0.22088 0.84739
0.24096 0.80723
0.24498 0.76707
0.24096 0.72691
0.249 0.68675
0.249 0.64659
0.25703 0.60643
0.29719 0.59438
0.33735 0.61044
0.34538 0.64659
0.37751 0.66667
0.40964 0.70683
0.43775 0.74297
0.47791 0.76707
0.51807 0.76707
0.5502 0.78313
0.59036 0.77912
0.62651 0.78313
0.66667 0.76305
0.70281 0.73494
0.73092 0.6988
0.76305 0.6747
0.79518 0.63855
0.80321 0.59839
0.79116 0.57028
0.77108 0.61044
0.76305 0.57831
0.74699 0.54217
0.72691 0.54618
0.72691 0.58635
0.71486 0.62651
0.70281 0.60241
0.69076 0.56627
0.66265 0.59438
0.64659 0.63454
0.61044 0.64257
0.61847 0.60241
0.62651 0.56627
0.62249 0.5261
0.61044 0.48594
0.59839 0.44578
0.56627 0.4257
0.53815 0.38956
0.51004 0.3494
0.48193 0.31727
0.46988 0.27711
0.45783 0.24096
0.43775 0.20482
0.42169 0.16466
0.40964 0.1245
0.43373 0.088353
0.45382 0.052209
0.41365 0.044177
0.37751 0.016064
0.33735 0.0080321
0.29719 0
0.27309 0.02008
0.28916 0.044177
0.32932 0.060241
0.36948 0.084337
0.37751 0.1245
0.37751 0.16466
0.35743 0.20482
0.33333 0.23293
0.30522 0.20884
0.28112 0.17269
0.27309 0.13253
0.31325 0.12851
0.34538 0.12048
0.31325 0.10442
0.28112 0.068273
0.24498 0.052209
0.20482 0.036145
0.16466 0.036145
0.13655 0.068273
0.17671 0.088353
0.21687 0.10442
0.249 0.13655
0.24498 0.17671
0.24096 0.21687
0.21687 0.25703
0.18876 0.29719
0.15663 0.3253
0.12048 0.3494
0.084337 0.37349
0.048193 0.40161
0.032129 0.44177
0.016064 0.48193
0.012048 0.48594
# triangles
106 107 108
5 6 27
4 5 27
29 30 65
11 12 13
28 106 108
1 2 28
2 3 28
4 27 28
3 4 28
9 10 11
95 96 97
28 105 106
29 65 66
29 85 103
29 66 85
30 32 60
1 28 109
28 108 109
0 1 109
11 13 21
9 11 21
17 18 21
14 15 21
13 14 21
15 16 21
16 17 21
77 78 79
86 87 101
85 86 101
69 70 83
70 71 83
71 82 83
92 93 98
94 95 97
93 94 98
94 97 98
28 29 104
28 104 105
29 103 104
69 83 84
68 69 84
68 84 85
67 68 85
66 67 85
34 35 36
61 62 63
30 60 61
30 61 63
34 36 57
36 38 57
40 56 57
39 40 57
38 39 57
6 26 27
30 64 65
30 63 64
48 49 51
42 43 52
42 52 56
43 47 52
47 51 52
47 48 51
45 46 47
18 19 20
18 20 21
9 22 23
9 21 22
88 98 99
88 92 98
87 88 99
89 90 91
88 91 92
88 89 91
76 77 79
87 99 100
87 100 101
85 102 103
85 101 102
71 72 81
71 81 82
36 37 38
49 50 51
33 34 57
32 33 57
32 57 58
58 59 60
32 58 60
30 31 32
53 54 55
52 53 56
53 55 56
40 41 56
41 42 56
44 45 47
43 44 47
76 79 80
75 76 80
75 80 81
74 75 81
72 74 81
72 73 74
9 23 24
8 9 24
6 25 26
6 7 25
7 8 25
8 24 25
