# points
0.18667 0.41067
0.17067 0.448
0.16 0.488
0.16 0.528
0.16267 0.568
0.12533 0.576
0.10133 0.61067
0.08 0.60533
0.042667 0.59733
0.024 0.62933
0.0053333 0.66667
0.008 0.70667
0 0.744
0.013333 0.78133
0.026667 0.82133
0.058667 0.86133
0.096 0.89333
0.136 0.91733
0.176 0.93067
0.216 0.944
0.256 0.94667
0.296 0.936
0.32533 0.896
0.34133 0.856
0.34667 0.81867
0.368 0.78133
0.38133 0.74133
0.39467 0.70133
0.43467 0.68533
0.47467 0.696
0.51467 0.712
0.55467 0.728
0.59467 0.728
0.63467 0.73067
0.67467 0.73333
0.71467 0.73067
0.75467 0.72533
0.78933 0.72267
0.80267 0.76267
0.81333 0.80267
0.82933 0.84267
0.848 0.88267
0.87467 0.91733
0.90667 0.94667
0.94667 0.944
0.968 0.912
1 0.89067
0.99467 0.86667
0.96533 0.83733
0.97333 0.79733
0.97867 0.75733
0.992 0.71733
0.992 0.67733
0.99467 0.63733
0.98933 0.59733
0.984 0.55733
0.97067 0.51733
0.952 0.47733
0.928 0.43733
0.90933 0.39733
0.87733 0.35733
0.84 0.33333
0.80267 0.31467
0.76267 0.304
0.72267 0.29867
0.68267 0.296
0.65067 0.272
0.616 0.23733
0.58133 0.208
0.55467 0.17333
0.54933 0.13333
0.57333 0.093333
0.61067 0.066667
0.65067 0.061333
0.688 0.037333
0.712 0.008
0.672 0.0026667
0.632 0.008
0.592 0.010667
0.57333 0.050667
0.53867 0.082667
0.51733 0.12
0.512 0.16
0.50133 0.2
0.48 0.19467
0.48 0.15467
0.496 0.11467
0.51467 0.074667
0.54667 0.045333
0.576 0.008
0.54933 0
0.512 0.008
0.472 0.0026667
0.45867 0.029333
0.49067 0.056
0.46667 0.096
0.44533 0.136
0.42933 0.176
0.42133 0.216
0.38133 0.23733
0.34933 0.26933
0.30933 0.27467
0.26933 0.29333
0.232 0.32267
0.20533 0.36267
0.18933 0.40267
0.18667 0.41067
# triangles
13 14 15
6 13 15
20 21 22
17 18 24
16 17 24
6 16 24
6 15 16
45 46 47
45 47 48
86 95 96
85 86 96
86 87 95
3 4 27
1 2 3
4 26 27
6 24 25
4 6 25
4 25 26
19 20 22
18 23 24
19 22 23
18 19 23
43 44 45
40 41 48
72 77 78
88 90 91
88 89 90
87 94 95
92 93 94
91 92 94
87 88 94
88 91 94
85 96 97
4 5 6
0 100 105
100 104 105
100 102 104
102 103 104
100 101 102
69 82 83
42 43 45
42 45 48
41 42 48
74 75 76
72 73 77
73 76 77
73 74 76
72 78 79
70 80 81
70 81 82
69 70 82
28 66 100
0 28 100
0 1 28
3 27 28
1 3 28
7 8 9
6 7 9
6 9 10
6 10 11
11 12 13
6 11 13
66 98 100
66 83 98
98 99 100
68 69 83
84 85 97
84 97 98
83 84 98
30 31 32
30 32 65
71 72 79
71 79 80
70 71 80
29 65 66
28 29 66
29 30 65
66 67 83
67 68 83
33 34 65
32 33 65
34 35 65
37 57 58
36 37 58
38 39 50
37 38 50
36 58 61
36 61 63
58 59 61
59 60 61
35 36 64
36 63 64
35 64 65
39 49 50
40 48 49
39 40 49
37 51 52
37 50 51
37 56 57
37 52 53
37 53 54
61 62 63
37 54 55
37 55 56
