# points
0.10687 0.50382
0.091603 0.54962
0.076336 0.59542
0.072519 0.64122
0.068702 0.68702
0.072519 0.72901
0.072519 0.77481
0.026718 0.80534
0 0.82061
0.019084 0.8626
0.026718 0.90458
0.053435 0.93893
0.053435 0.98092
0.09542 0.99618
0.11832 1
0.1374 0.98855
0.17557 0.99618
0.21756 1
0.21374 0.97328
0.25191 0.9542
0.27481 0.92366
0.28626 0.88168
0.27481 0.83969
0.25191 0.82824
0.28244 0.79389
0.32061 0.75954
0.35496 0.71374
0.40076 0.71756
0.44656 0.71374
0.49237 0.71374
0.53817 0.70229
0.58015 0.68321
0.62595 0.66794
0.67176 0.69466
0.70611 0.73664
0.72137 0.78244
0.73664 0.82824
0.77481 0.86641
0.80916 0.9084
0.85496 0.91985
0.8855 0.90458
0.91985 0.89695
0.96565 0.8855
0.96565 0.85496
0.9771 0.82824
0.98855 0.79771
0.99237 0.76336
0.99618 0.72137
0.98855 0.67939
0.97328 0.6374
0.98092 0.5916
0.96183 0.54962
0.91985 0.51908
0.88168 0.48092
0.83969 0.45038
0.80916 0.41221
0.79008 0.36641
0.75954 0.32824
0.72137 0.29771
0.67557 0.28626
0.62977 0.27481
0.62595 0.22901
0.61832 0.18321
0.6145 0.14122
0.62977 0.09542
0.62595 0.072519
0.65649 0.030534
0.62977 0.026718
0.58397 0.034351
0.54198 0.01145
0.49618 0
0.45802 0.0038168
0.45038 0.034351
0.49618 0.057252
0.54198 0.068702
0.56489 0.10687
0.5687 0.15267
0.57252 0.19847
0.54962 0.24427
0.50763 0.26718
0.46183 0.27481
0.43893 0.25191
0.40458 0.22137
0.3855 0.17557
0.38168 0.14122
0.40076 0.09542
0.42748 0.068702
0.38168 0.076336
0.33588 0.072519
0.29008 0.061069
0.24427 0.053435
0.20992 0.057252
0.21374 0.09542
0.25954 0.12214
0.30534 0.12977
0.34351 0.16031
0.35115 0.20611
0.35115 0.25191
0.33969 0.29389
0.29389 0.32061
0.25191 0.34351
0.21374 0.37786
0.18321 0.42366
0.1374 0.45802
0.10687 0.5
0.10687 0.50382
# triangles
5 23 24
5 6 23
33 53 54
32 33 54
20 21 23
31 32 79
7 8 9
6 7 9
6 9 11
6 11 23
11 15 23
15 18 23
35 47 48
35 46 47
32 54 55
28 29 30
37 44 45
37 45 46
35 36 37
35 37 46
21 22 23
89 93 94
88 89 94
90 91 92
90 92 93
89 90 93
32 60 79
30 31 80
31 79 80
28 30 80
28 80 98
9 10 11
13 14 15
11 13 15
11 12 13
28 98 99
27 28 99
41 42 43
15 16 18
16 17 18
19 20 23
18 19 23
49 51 52
33 52 53
49 50 51
33 34 52
34 49 52
34 48 49
34 35 48
37 40 44
40 43 44
40 41 43
38 39 40
37 38 40
62 76 77
32 55 59
32 59 60
56 57 59
55 56 59
60 78 79
61 62 77
61 77 78
60 61 78
80 81 98
84 88 94
84 87 88
26 27 99
65 66 67
62 63 76
57 58 59
81 97 98
82 83 96
82 96 97
81 82 97
85 86 87
84 85 87
83 95 96
83 84 95
84 94 95
26 101 102
0 102 103
0 26 102
64 65 75
63 64 75
63 75 76
70 71 72
70 72 73
69 70 73
26 99 100
26 100 101
3 25 26
3 24 25
0 103 104
69 73 74
0 1 26
4 5 24
3 4 24
65 68 75
68 74 75
65 67 68
68 69 74
2 3 26
1 2 26
