# points
0.085714 0.50476
0.085714 0.53333
0.07619 0.5619
0.07619 0.59048
0.07619 0.61905
0.085714 0.64762
0.085714 0.67619
0.085714 0.70476
0.085714 0.73333
0.085714 0.7619
0.085714 0.79048
0.085714 0.81905
0.057143 0.82857
0.038095 0.84762
0.0095238 0.84762
0 0.86667
0.0095238 0.89524
0.038095 0.92381
0.057143 0.94286
0.066667 0.97143
0.085714 1
0.11429 1
0.14286 1
0.1619 0.98095
0.18095 0.95238
0.20952 0.93333
0.22857 0.90476
0.24762 0.87619
0.26667 0.84762
0.27619 0.81905
0.28571 0.79048
0.31429 0.7619
0.33333 0.73333
0.3619 0.71429
0.39048 0.69524
0.41905 0.68571
0.4381 0.66667
0.46667 0.65714
0.49524 0.6381
0.52381 0.62857
0.55238 0.6
0.5619 0.57143
0.58095 0.54286
0.6 0.52381
0.62857 0.49524
0.65714 0.50476
0.65714 0.53333
0.66667 0.5619
0.69524 0.57143
0.71429 0.59048
0.74286 0.6
0.77143 0.6
0.8 0.62857
0.82857 0.64762
0.85714 0.64762
0.87619 0.61905
0.88571 0.59048
0.88571 0.5619
0.91429 0.55238
0.91429 0.52381
0.90476 0.49524
0.88571 0.46667
0.90476 0.44762
0.89524 0.41905
0.88571 0.39048
0.87619 0.3619
0.84762 0.35238
0.81905 0.33333
0.80952 0.30476
0.78095 0.29524
0.75238 0.29524
0.72381 0.29524
0.69524 0.28571
0.68571 0.25714
0.65714 0.25714
0.6381 0.2381
0.62857 0.20952
0.6 0.20952
0.57143 0.20952
0.54286 0.19048
0.54286 0.1619
0.55238 0.13333
0.5619 0.10476
0.59048 0.085714
0.6 0.066667
0.59048 0.047619
0.5619 0.047619
0.55238 0.019048
0.52381 0.0095238
0.49524 0.019048
0.46667 0.028571
0.4381 0.019048
0.40952 0.019048
0.38095 0
0.35238 0
0.33333 0.0095238
0.31429 0.028571
0.30476 0.047619
0.31429 0.07619
0.34286 0.07619
0.37143 0.07619
0.4 0.07619
0.4 0.10476
0.38095 0.13333
0.37143 0.1619
0.37143 0.19048
0.35238 0.21905
0.32381 0.2381
0.30476 0.26667
0.27619 0.28571
0.25714 0.30476
0.22857 0.32381
0.2 0.34286
0.17143 0.34286
0.14286 0.35238
0.11429 0.38095
0.10476 0.40952
0.095238 0.4381
0.095238 0.46667
0.085714 0.49524
0.085714 0.50476
# triangles
44 45 71
93 94 100
94 95 100
53 54 55
18 19 23
11 12 13
13 15 16
13 14 15
45 67 71
44 72 74
44 71 72
36 38 110
38 41 110
108 109 110
92 93 100
95 96 99
95 99 100
96 97 99
97 98 99
18 23 24
11 24 25
11 18 24
11 27 28
5 6 32
45 61 67
51 57 61
36 37 38
45 48 61
48 51 61
44 74 78
43 44 78
21 22 23
19 21 23
19 20 21
13 16 17
11 17 18
11 13 17
86 87 88
36 111 112
36 110 111
112 116 118
11 25 26
11 26 27
10 11 28
6 31 32
34 35 36
1 34 118
34 36 112
34 112 118
57 60 61
61 66 67
52 53 55
52 55 56
52 56 57
51 52 57
45 46 48
74 75 78
75 76 77
75 77 78
112 113 116
0 1 118
0 118 119
116 117 118
92 100 101
80 103 104
80 102 103
79 105 106
78 79 106
106 107 108
43 106 108
43 78 106
1 2 3
3 4 5
1 3 32
3 5 32
6 30 31
8 9 30
1 32 33
1 33 34
57 58 59
57 59 60
64 65 66
61 64 66
48 49 50
48 50 51
46 47 48
67 70 71
67 69 70
67 68 69
90 101 102
6 7 30
7 8 30
9 10 29
9 29 30
10 28 29
61 62 63
61 63 64
42 43 108
41 42 110
42 108 110
72 73 74
91 92 101
90 91 101
80 81 102
81 90 102
86 88 89
81 82 90
82 89 90
82 86 89
82 83 86
38 39 40
38 40 41
79 80 104
79 104 105
83 84 85
83 85 86
113 115 116
113 114 115
