# points
0.13483 0.40449
0.13483 0.4382
0.13483 0.47191
0.1236 0.50562
0.11236 0.53933
0.078652 0.57303
0.05618 0.60674
0.033708 0.64045
0 0.66292
0 0.69663
0.033708 0.73034
0.033708 0.76404
0.05618 0.79775
0.078652 0.83146
0.11236 0.85393
0.14607 0.8427
0.17978 0.86517
0.21348 0.8764
0.24719 0.88764
0.2809 0.88764
0.30337 0.86517
0.33708 0.8427
0.35955 0.80899
0.38202 0.77528
0.38202 0.74157
0.38202 0.70787
0.38202 0.67416
0.41573 0.64045
0.44944 0.61798
0.48315 0.61798
0.51685 0.61798
0.55056 0.61798
0.58427 0.62921
0.61798 0.62921
0.65169 0.62921
0.68539 0.61798
0.69663 0.65169
0.70787 0.68539
0.7191 0.7191
0.73034 0.75281
0.73034 0.78652
0.73034 0.82022
0.74157 0.85393
0.76404 0.88764
0.78652 0.91011
0.82022 0.92135
0.85393 0.92135
0.88764 0.92135
0.92135 0.92135
0.95506 0.91011
0.94382 0.8764
0.95506 0.8427
0.97753 0.80899
0.96629 0.79775
0.93258 0.76404
0.93258 0.73034
0.94382 0.69663
0.96629 0.66292
0.97753 0.62921
0.98876 0.59551
0.98876 0.5618
0.98876 0.52809
1 0.49438
1 0.46067
0.98876 0.42697
0.96629 0.39326
0.95506 0.35955
0.92135 0.32584
0.89888 0.29213
0.86517 0.25843
0.83146 0.22472
0.80899 0.20225
0.77528 0.19101
0.74157 0.17978
0.70787 0.17978
0.67416 0.17978
0.64045 0.17978
0.60674 0.17978
0.58427 0.1573
0.57303 0.1236
0.59551 0.089888
0.62921 0.089888
0.66292 0.089888
0.68539 0.078652
0.68539 0.044944
0.67416 0.022472
0.64045 0.033708
0.61798 0.05618
0.59551 0.033708
0.57303 0.044944
0.5618 0.078652
0.52809 0.10112
0.49438 0.1236
0.46067 0.089888
0.47191 0.05618
0.50562 0.044944
0.52809 0.022472
0.50562 0.011236
0.47191 0
0.4382 0.011236
0.40449 0.011236
0.37079 0.022472
0.38202 0.044944
0.41573 0.05618
0.42697 0.089888
0.41573 0.1236
0.40449 0.1573
0.37079 0.16854
0.33708 0.19101
0.30337 0.20225
0.26966 0.22472
0.23596 0.23596
0.20225 0.25843
0.16854 0.29213
0.14607 0.32584
0.13483 0.35955
0.13483 0.39326
0.13483 0.40449
# triangles
35 65 67
100 102 103
100 101 102
29 106 108
29 77 106
35 75 76
35 76 77
48 49 50
35 74 75
35 69 74
29 30 77
35 60 61
35 61 65
61 64 65
35 58 60
0 1 110
99 100 103
94 98 99
94 99 103
106 107 108
80 81 87
81 82 87
3 4 26
46 51 54
46 50 51
51 53 54
51 52 53
37 38 56
38 55 56
39 54 55
39 40 54
38 39 55
35 67 68
35 68 69
69 70 74
36 37 56
36 56 58
35 36 58
33 34 35
30 31 77
31 32 33
31 35 77
31 33 35
56 57 58
58 59 60
3 26 27
2 3 27
70 71 72
70 72 74
82 83 84
82 84 86
82 86 87
84 85 86
95 96 97
108 109 110
112 113 116
47 48 50
46 47 50
40 41 54
41 42 54
43 46 54
42 43 54
43 45 46
43 44 45
22 23 24
65 66 67
28 29 108
28 108 110
1 28 110
1 2 28
2 27 28
13 14 15
15 25 26
15 24 25
15 22 24
72 73 74
77 78 106
78 92 106
92 105 106
80 89 90
80 87 89
87 88 89
110 111 112
113 114 116
114 115 116
20 21 22
17 20 22
17 18 20
18 19 20
12 13 15
16 17 22
15 16 22
92 93 105
79 90 91
79 80 90
78 79 92
79 91 92
6 10 15
10 11 12
10 12 15
5 15 26
5 6 15
4 5 26
93 104 105
6 7 10
7 8 9
7 9 10
61 63 64
61 62 63
94 95 97
94 97 98
110 112 116
0 110 116
93 94 104
94 103 104
