# points
0.012121 0.6
0.0060606 0.61818
0 0.63636
0 0.65455
0 0.67273
0 0.69091
0.0060606 0.70909
0.018182 0.72727
0.030303 0.74545
0.048485 0.75152
0.066667 0.7697
0.072727 0.78788
0.072727 0.80606
0.054545 0.82424
0.042424 0.84242
0.030303 0.86061
0.018182 0.87879
0.018182 0.89697
0.018182 0.91515
0.018182 0.93333
0.030303 0.95152
0.042424 0.9697
0.060606 0.98182
0.078788 0.99394
0.09697 1
0.11515 1
0.13333 1
0.15152 1
0.1697 0.99394
0.18788 0.99394
0.20606 0.98788
0.22424 0.97576
0.24242 0.95758
0.25455 0.93939
0.26061 0.92121
0.26061 0.90303
0.26061 0.88485
0.26061 0.86667
0.26061 0.84848
0.26667 0.8303
0.25455 0.81212
0.24848 0.79394
0.24242 0.77576
0.24848 0.75758
0.26667 0.73939
0.27879 0.72121
0.27879 0.70303
0.28485 0.68485
0.29091 0.66667
0.29091 0.64848
0.28485 0.6303
0.28485 0.61212
0.29091 0.59394
0.30303 0.57576
0.30303 0.55758
0.30909 0.53939
0.31515 0.52121
0.32121 0.50303
0.32727 0.48485
0.32727 0.46667
0.33939 0.44848
0.33939 0.4303
0.33939 0.41212
0.32727 0.4
0.31515 0.38182
0.30909 0.36364
0.30909 0.34545
0.29091 0.32727
0.28485 0.30909
0.29091 0.29091
0.29091 0.27273
0.28485 0.25455
0.27273 0.23636
0.26667 0.21818
0.26667 0.2
0.26061 0.18182
0.25455 0.16364
0.24848 0.14545
0.23636 0.12727
0.23636 0.10909
0.25455 0.090909
0.27273 0.078788
0.29091 0.072727
0.30909 0.072727
0.32727 0.060606
0.33333 0.042424
0.32121 0.024242
0.30303 0.024242
0.28485 0.018182
0.26667 0.0060606
0.24848 0
0.2303 0
0.21212 0
0.19394 0
0.17576 0
0.15758 0.0060606
0.13939 0.012121
0.12121 0.012121
0.10303 0.024242
0.09697 0.042424
0.10303 0.060606
0.10909 0.078788
0.10909 0.09697
0.10303 0.11515
0.090909 0.13333
0.090909 0.15152
0.084848 0.1697
0.084848 0.18788
0.090909 0.20606
0.09697 0.22424
0.10303 0.24242
0.10303 0.26061
0.10303 0.27879
0.090909 0.29697
0.072727 0.30909
0.060606 0.32727
0.054545 0.34545
0.048485 0.36364
0.042424 0.38182
0.042424 0.4
0.036364 0.41818
0.036364 0.43636
0.036364 0.45455
0.030303 0.47273
0.024242 0.49091
0.018182 0.50909
0.012121 0.52727
0.012121 0.54545
0.0060606 0.56364
0.012121 0.58182
0.012121 0.6
0.012121 0.6
# triangles
85 86 87
59 60 61
59 121 122
59 64 121
64 119 121
14 26 28
12 13 28
13 14 28
4 5 6
11 12 42
10 11 42
1 2 3
4 6 7
81 89 90
81 88 89
79 93 95
79 92 93
55 56 122
67 117 119
117 118 119
65 67 119
64 65 119
65 66 67
59 61 63
59 63 64
61 62 63
28 30 31
28 29 30
12 28 36
32 33 35
33 34 35
28 35 36
127 128 129
1 3 9
3 4 9
4 7 9
7 8 9
52 125 127
52 124 125
52 54 124
52 53 54
54 55 122
93 94 95
97 98 100
98 99 100
14 25 26
23 24 25
12 38 40
10 42 43
84 85 87
83 84 87
82 83 87
82 87 88
81 82 88
81 90 91
79 101 102
79 95 101
57 59 122
56 57 122
113 114 115
113 115 116
67 113 117
113 116 117
26 27 28
12 37 38
12 36 37
51 52 127
51 127 129
0 1 9
0 9 50
0 50 51
0 51 129
46 47 50
9 46 50
9 10 46
10 43 46
43 44 46
44 45 46
125 126 127
119 120 121
54 122 123
54 123 124
103 104 105
15 16 17
18 19 20
12 41 42
12 40 41
38 39 40
80 81 91
80 91 92
79 80 92
96 100 101
95 96 101
96 97 100
57 58 59
76 108 109
75 76 109
75 109 110
73 74 75
73 75 110
67 68 113
68 71 72
78 102 103
78 79 102
78 103 105
78 105 108
76 77 78
76 78 108
22 23 25
20 21 22
14 22 25
14 15 22
68 112 113
68 72 112
72 111 112
73 110 111
72 73 111
28 31 35
31 32 35
47 49 50
47 48 49
105 107 108
105 106 107
68 69 70
68 70 71
15 17 22
17 18 22
18 20 22
