# points
0.018182 0.6
0.012121 0.61818
0.0060606 0.63636
0.0060606 0.65455
0 0.67273
0 0.69091
0.012121 0.70909
0.024242 0.72727
0.036364 0.74545
0.054545 0.75758
0.072727 0.77576
0.078788 0.79394
0.072727 0.81212
0.060606 0.8303
0.042424 0.84848
0.030303 0.86667
0.024242 0.88485
0.024242 0.90303
0.024242 0.92121
0.030303 0.93939
0.042424 0.95758
0.060606 0.97576
0.078788 0.98788
0.09697 1
0.11515 1
0.13333 1
0.15152 1
0.1697 1
0.18788 0.99394
0.20606 0.98788
0.22424 0.98182
0.24242 0.9697
0.26061 0.95152
0.26667 0.93333
0.27273 0.91515
0.27273 0.89697
0.27273 0.87879
0.26667 0.86061
0.27273 0.84242
0.26667 0.82424
0.26061 0.80606
0.25455 0.78788
0.24848 0.7697
0.26061 0.75152
0.27273 0.73333
0.28485 0.71515
0.28485 0.69697
0.29091 0.67879
0.29697 0.66061
0.29697 0.64242
0.29091 0.62424
0.29091 0.60606
0.30303 0.58788
0.30909 0.5697
0.31515 0.55152
0.32121 0.53333
0.32121 0.51515
0.33333 0.49697
0.33333 0.47879
0.33939 0.46061
0.35152 0.44242
0.35152 0.42424
0.34545 0.40606
0.33333 0.39394
0.31515 0.37576
0.32121 0.35758
0.30909 0.33939
0.29091 0.32727
0.28485 0.30909
0.29091 0.29091
0.29697 0.27273
0.29091 0.25455
0.27879 0.23636
0.27273 0.21818
0.27273 0.2
0.26667 0.18182
0.26061 0.16364
0.26061 0.14545
0.24848 0.12727
0.24848 0.10909
0.25455 0.090909
0.27273 0.078788
0.29091 0.066667
0.30909 0.060606
0.32727 0.054545
0.33939 0.042424
0.33333 0.024242
0.31515 0.018182
0.29697 0.018182
0.27879 0.0060606
0.26061 0
0.24242 0
0.22424 0
0.20606 0
0.18788 0
0.1697 0.0060606
0.15152 0.0060606
0.13333 0.012121
0.11515 0.018182
0.10303 0.036364
0.10303 0.054545
0.10909 0.072727
0.11515 0.090909
0.10909 0.10909
0.10303 0.12727
0.09697 0.14545
0.090909 0.16364
0.084848 0.18182
0.090909 0.2
0.09697 0.21818
0.10303 0.23636
0.10909 0.25455
0.10909 0.27273
0.10303 0.29091
0.084848 0.30909
0.072727 0.32121
0.060606 0.33939
0.060606 0.35758
0.054545 0.37576
0.048485 0.39394
0.042424 0.41212
0.042424 0.4303
0.042424 0.44848
0.036364 0.46667
0.030303 0.48485
0.024242 0.50303
0.024242 0.52121
0.018182 0.53939
0.018182 0.55758
0.018182 0.57576
0.018182 0.59394
0.018182 0.6
# triangles
0 50 51
51 126 128
51 128 129
126 127 128
0 51 130
51 129 130
3 4 6
4 5 6
0 1 9
1 3 9
1 2 3
64 66 67
64 65 66
84 85 86
56 64 122
56 58 64
56 122 123
54 56 123
56 57 58
7 8 9
3 7 9
3 6 7
17 18 19
17 19 20
14 15 17
84 86 87
76 77 78
68 72 112
82 88 89
78 79 102
79 80 102
80 95 102
67 68 113
68 112 113
69 70 71
68 69 72
69 71 72
58 59 64
59 60 61
59 63 64
61 62 63
59 61 63
64 118 119
67 117 118
64 67 118
26 27 28
13 25 26
13 26 28
10 42 43
9 10 43
11 41 42
10 11 42
11 12 40
11 40 41
119 120 121
64 121 122
64 119 121
124 125 126
51 124 126
31 32 33
44 45 46
43 44 46
9 43 46
0 9 46
0 46 50
46 47 50
51 52 53
53 54 123
51 53 124
53 123 124
54 55 56
15 16 17
82 83 88
83 87 88
83 84 87
80 81 91
81 90 91
81 89 90
81 82 89
96 97 101
97 100 101
95 101 102
95 96 101
67 114 117
67 113 114
13 21 22
13 22 25
22 24 25
22 23 24
33 34 35
73 110 111
72 73 111
72 111 112
73 75 110
73 74 75
78 103 104
78 102 103
97 98 99
97 99 100
76 78 105
78 104 105
80 93 95
93 94 95
115 116 117
114 115 117
35 36 37
13 28 37
12 13 37
12 37 40
37 39 40
37 38 39
80 91 92
80 92 93
28 29 37
29 35 37
29 33 35
29 30 31
29 31 33
106 107 108
13 17 20
13 20 21
13 14 17
47 49 50
47 48 49
75 109 110
75 76 109
76 108 109
76 105 108
105 106 108
