# points
0.018182 0.6
0.012121 0.61818
0.0060606 0.63636
0.0060606 0.65455
0 0.67273
0 0.69091
0.012121 0.70909
0.018182 0.72727
0.036364 0.74545
0.054545 0.75758
0.066667 0.77576
0.072727 0.79394
0.066667 0.81212
0.054545 0.8303
0.036364 0.84848
0.030303 0.86667
0.024242 0.88485
0.024242 0.90303
0.024242 0.92121
0.024242 0.93939
0.036364 0.95758
0.054545 0.97576
0.072727 0.98788
0.090909 1
0.10909 1
0.12727 1
0.14545 1
0.16364 1
0.18182 0.99394
0.2 0.98788
0.21818 0.98182
0.23636 0.9697
0.25455 0.95152
0.26667 0.93333
0.27273 0.91515
0.26667 0.89697
0.26667 0.87879
0.26667 0.86061
0.26667 0.84242
0.26667 0.82424
0.25455 0.80606
0.25455 0.78788
0.24848 0.7697
0.25455 0.75152
0.27273 0.73333
0.27879 0.71515
0.27879 0.69697
0.28485 0.67879
0.29091 0.66061
0.29091 0.64242
0.28485 0.62424
0.29091 0.60606
0.29697 0.58788
0.30909 0.5697
0.30909 0.55152
0.31515 0.53333
0.32121 0.51515
0.33333 0.49697
0.33333 0.47879
0.33939 0.46061
0.34545 0.44242
0.35152 0.42424
0.34545 0.40606
0.32727 0.39394
0.31515 0.37576
0.32121 0.35758
0.30909 0.33939
0.29091 0.32727
0.28485 0.30909
0.28485 0.29091
0.28485 0.27273
0.28485 0.25455
0.27273 0.23636
0.26667 0.21818
0.26667 0.2
0.26061 0.18182
0.26061 0.16364
0.25455 0.14545
0.24848 0.12727
0.24242 0.10909
0.25455 0.090909
0.27273 0.078788
0.29091 0.060606
0.30909 0.054545
0.32727 0.048485
0.33333 0.030303
0.31515 0.018182
0.29697 0.012121
0.27879 0.0060606
0.26061 0
0.24242 0
0.22424 0
0.20606 0
0.18788 0
0.1697 0
0.15152 0.0060606
0.13333 0.012121
0.11515 0.012121
0.09697 0.030303
0.09697 0.048485
0.10303 0.066667
0.10909 0.084848
0.10303 0.10303
0.10303 0.12121
0.090909 0.13939
0.084848 0.15758
0.084848 0.17576
0.084848 0.19394
0.090909 0.21212
0.09697 0.2303
0.10303 0.24848
0.10909 0.26667
0.10303 0.28485
0.090909 0.30303
0.072727 0.31515
0.060606 0.33333
0.054545 0.35152
0.054545 0.3697
0.048485 0.38788
0.042424 0.40606
0.036364 0.42424
0.036364 0.44242
0.036364 0.46061
0.036364 0.47879
0.030303 0.49697
0.024242 0.51515
0.018182 0.53333
0.018182 0.55152
0.018182 0.5697
0.018182 0.58788
0.018182 0.6
# triangles
84 85 86
83 84 86
13 17 25
11 12 40
6 7 8
3 4 6
4 5 6
1 2 3
52 123 124
0 50 129
82 88 89
83 86 87
82 83 87
82 87 88
18 19 20
18 20 21
17 18 21
115 116 117
31 32 35
13 25 26
9 10 43
1 3 9
6 8 9
3 6 9
11 40 42
10 42 43
10 11 42
9 43 46
0 46 50
0 1 46
1 9 46
59 60 63
60 61 62
60 62 63
52 54 123
54 55 123
56 122 123
55 56 123
51 125 127
52 124 125
51 52 125
51 127 128
50 128 129
50 51 128
75 76 77
79 80 93
80 92 93
13 15 17
13 14 15
26 27 28
13 26 28
12 37 40
22 24 25
17 22 25
17 21 22
22 23 24
40 41 42
46 47 50
52 53 54
56 121 122
56 57 58
58 59 63
75 77 106
79 95 101
79 93 95
81 82 89
81 89 90
80 81 90
15 16 17
64 118 119
64 117 118
64 67 117
58 63 64
64 119 121
56 64 121
56 58 64
67 113 117
113 115 117
113 114 115
64 65 66
64 66 67
75 108 109
75 106 108
106 107 108
75 109 110
72 73 111
73 110 111
73 74 75
73 75 110
69 72 111
29 30 31
29 31 35
13 28 36
12 13 36
28 29 36
29 35 36
12 36 37
38 39 40
37 38 40
32 33 35
33 34 35
43 44 45
43 45 46
119 120 121
79 101 103
101 102 103
78 79 103
77 78 103
77 103 106
103 104 106
104 105 106
96 100 101
95 96 101
96 99 100
93 94 95
80 91 92
80 90 91
67 112 113
70 71 72
69 70 72
67 68 112
68 69 111
68 111 112
125 126 127
47 48 49
47 49 50
96 98 99
96 97 98
