# points
0.0060606 0.6
0.0060606 0.61818
0 0.63636
0 0.65455
0 0.67273
0 0.69091
0.0060606 0.70909
0.018182 0.72727
0.030303 0.74545
0.048485 0.75758
0.066667 0.77576
0.072727 0.79394
0.066667 0.81212
0.048485 0.8303
0.036364 0.84848
0.024242 0.86667
0.018182 0.88485
0.018182 0.90303
0.018182 0.92121
0.018182 0.93939
0.030303 0.95758
0.048485 0.97576
0.066667 0.98788
0.084848 0.99394
0.10303 1
0.12121 1
0.13939 1
0.15758 1
0.17576 0.99394
0.19394 0.98788
0.21212 0.98182
0.2303 0.9697
0.24848 0.95152
0.26061 0.93333
0.26061 0.91515
0.26061 0.89697
0.26061 0.87879
0.26061 0.86061
0.26667 0.84242
0.26061 0.82424
0.25455 0.80606
0.24848 0.78788
0.24848 0.7697
0.25455 0.75152
0.27273 0.73333
0.27879 0.71515
0.27879 0.69697
0.28485 0.67879
0.29091 0.66061
0.29091 0.64242
0.28485 0.62424
0.28485 0.60606
0.29697 0.58788
0.30303 0.5697
0.30303 0.55152
0.30909 0.53333
0.31515 0.51515
0.32121 0.49697
0.32727 0.47879
0.32727 0.46061
0.33333 0.44242
0.33939 0.42424
0.33333 0.40606
0.31515 0.38788
0.30909 0.3697
0.30909 0.35152
0.29697 0.33939
0.28485 0.32121
0.28485 0.30303
0.29091 0.28485
0.29091 0.26667
0.27879 0.24848
0.27273 0.2303
0.26667 0.21212
0.26061 0.19394
0.25455 0.17576
0.24848 0.15758
0.24242 0.13939
0.23636 0.12121
0.23636 0.10303
0.25455 0.084848
0.27273 0.072727
0.29091 0.072727
0.30909 0.066667
0.32727 0.054545
0.32727 0.036364
0.30909 0.024242
0.29091 0.018182
0.27273 0.0060606
0.25455 0
0.23636 0
0.21818 0
0.2 0
0.18182 0
0.16364 0.0060606
0.14545 0.0060606
0.12727 0.012121
0.10909 0.018182
0.09697 0.036364
0.09697 0.054545
0.10303 0.072727
0.10909 0.090909
0.10303 0.10909
0.09697 0.12727
0.090909 0.14545
0.084848 0.16364
0.084848 0.18182
0.084848 0.2
0.090909 0.21818
0.09697 0.23636
0.10303 0.25455
0.10303 0.27273
0.09697 0.29091
0.078788 0.30909
0.060606 0.32121
0.048485 0.33939
0.042424 0.35758
0.042424 0.37576
0.036364 0.39394
0.036364 0.41212
0.036364 0.4303
0.030303 0.44848
0.024242 0.46667
0.018182 0.48485
0.012121 0.50303
0.012121 0.52121
0.0060606 0.53939
0.0060606 0.55758
0.0060606 0.57576
0.0060606 0.59394
0.0060606 0.6
# triangles
21 22 23
1 2 3
17 21 23
51 128 129
0 51 129
0 1 51
1 50 51
12 37 40
23 24 25
113 114 115
67 68 112
68 111 112
67 112 113
4 5 6
4 6 7
17 18 21
67 113 117
115 116 117
113 115 117
59 63 120
51 125 127
51 127 128
31 32 34
32 33 34
81 82 87
81 87 88
81 88 89
68 71 111
68 69 71
69 70 71
3 4 9
4 7 9
1 3 9
43 44 45
9 10 43
11 12 40
12 36 37
12 28 36
26 27 28
12 26 28
15 16 17
18 19 20
18 20 21
117 118 119
64 67 117
64 117 119
63 64 120
64 119 120
54 122 123
51 52 54
52 53 54
51 54 125
54 123 125
54 121 122
57 58 59
56 57 120
57 59 120
60 61 62
59 60 63
60 62 63
123 124 125
76 106 108
73 74 110
74 109 110
76 104 106
78 79 101
76 77 104
80 90 91
81 89 90
80 81 90
13 25 26
12 13 26
1 9 46
1 46 50
46 47 50
9 43 46
43 45 46
10 42 43
10 11 42
37 39 40
37 38 39
28 29 36
29 30 31
54 55 121
55 56 120
55 120 121
106 107 108
71 72 111
72 110 111
72 73 110
74 75 109
75 76 108
75 108 109
104 105 106
77 78 103
77 103 104
125 126 127
79 94 101
94 100 101
94 95 100
80 91 92
79 80 92
92 93 94
79 92 94
64 66 67
64 65 66
7 8 9
11 40 41
11 41 42
29 35 36
31 34 35
29 31 35
96 99 100
95 96 100
96 97 98
96 98 99
78 101 102
78 102 103
14 15 17
14 17 23
14 23 25
13 14 25
82 86 87
82 83 86
83 84 86
84 85 86
47 49 50
47 48 49
