# points
0.018072 0.59639
0.012048 0.61446
0.0060241 0.63253
0.0060241 0.6506
0 0.66867
0 0.68675
0.012048 0.70482
0.018072 0.72289
0.03012 0.74096
0.048193 0.75301
0.066265 0.77108
0.072289 0.78916
0.066265 0.80723
0.054217 0.8253
0.036145 0.84337
0.03012 0.86145
0.024096 0.87952
0.018072 0.89759
0.018072 0.91566
0.024096 0.93373
0.036145 0.95181
0.054217 0.96988
0.072289 0.98193
0.090361 0.99398
0.10843 1
0.12651 1
0.14458 0.99398
0.16265 0.99398
0.18072 0.98795
0.1988 0.98795
0.21687 0.9759
0.23494 0.96386
0.25301 0.94578
0.26506 0.92771
0.26506 0.90964
0.26506 0.89157
0.26506 0.87349
0.25904 0.85542
0.26506 0.83735
0.25904 0.81928
0.25301 0.8012
0.25301 0.78313
0.24699 0.76506
0.25301 0.74699
0.27108 0.72892
0.27711 0.71084
0.27711 0.69277
0.28313 0.6747
0.28916 0.65663
0.28916 0.63855
0.28313 0.62048
0.28313 0.60241
0.29518 0.58434
0.3012 0.56627
0.30723 0.54819
0.31325 0.53012
0.31928 0.51205
0.3253 0.49398
0.33133 0.4759
0.33735 0.45783
0.3494 0.43976
0.3494 0.42169
0.34337 0.40361
0.3253 0.39157
0.31325 0.37952
0.31325 0.36145
0.30723 0.34337
0.28916 0.33133
0.27108 0.31325
0.27108 0.29518
0.27711 0.27711
0.27108 0.25904
0.26506 0.24096
0.25904 0.22289
0.25301 0.20482
0.25301 0.18675
0.24699 0.16867
0.24699 0.1506
0.24096 0.13253
0.23494 0.11446
0.24096 0.096386
0.25301 0.084337
0.27108 0.072289
0.28916 0.060241
0.30723 0.060241
0.31928 0.048193
0.3253 0.03012
0.30723 0.018072
0.28916 0.018072
0.27108 0.0060241
0.25301 0
0.23494 0
0.21687 0
0.1988 0
0.18072 0
0.16265 0
0.14458 0.0060241
0.12651 0.012048
0.10843 0.018072
0.090361 0.03012
0.090361 0.048193
0.096386 0.066265
0.10241 0.084337
0.096386 0.10241
0.096386 0.12048
0.084337 0.13855
0.078313 0.15663
0.078313 0.1747
0.078313 0.19277
0.084337 0.21084
0.090361 0.22892
0.10241 0.24699
0.10241 0.26506
0.10241 0.28313
0.084337 0.3012
0.066265 0.31928
0.060241 0.33735
0.054217 0.35542
0.048193 0.37349
0.042169 0.39157
0.042169 0.40964
0.036145 0.42771
0.036145 0.44578
0.036145 0.46386
0.042169 0.48193
0.03012 0.5
0.03012 0.51807
0.024096 0.53614
0.018072 0.55422
0.018072 0.57229
0.018072 0.59036
0.018072 0.59639
# triangles
64 120 124
64 68 120
51 124 126
85 86 87
0 50 51
59 60 61
59 63 64
61 62 63
59 61 63
120 122 124
82 89 90
68 118 120
68 117 118
73 74 111
43 44 45
1 2 3
43 45 46
0 46 50
0 1 46
31 34 35
51 53 124
57 64 124
0 51 130
51 129 130
51 126 127
51 127 129
124 125 126
120 121 122
10 42 43
16 21 22
16 20 21
16 19 20
107 108 109
109 110 111
64 67 68
64 65 67
65 66 67
73 111 112
72 73 112
71 72 113
72 112 113
68 69 113
69 71 113
69 70 71
46 47 50
32 33 34
31 32 34
51 52 53
54 55 124
53 54 124
55 56 124
56 57 124
58 59 64
57 58 64
122 123 124
118 119 120
127 128 129
10 11 42
11 40 42
11 12 40
9 43 46
9 10 43
1 3 9
1 9 46
7 8 9
30 31 35
28 30 35
3 4 6
4 5 6
3 6 9
6 7 9
82 90 91
114 115 116
68 113 114
68 114 117
114 116 117
12 37 40
12 13 37
13 28 37
35 36 37
28 35 37
40 41 42
15 16 22
13 15 22
13 26 28
13 22 26
22 23 26
28 29 30
81 91 92
81 82 91
76 107 109
76 109 111
74 75 76
74 76 111
37 38 39
37 39 40
13 14 15
26 27 28
94 95 96
79 80 102
80 94 96
80 96 102
80 93 94
80 92 93
80 81 92
98 99 100
79 102 104
76 104 107
96 97 102
78 79 104
76 78 104
102 103 104
105 106 107
104 105 107
97 98 101
98 100 101
97 101 102
76 77 78
16 17 18
16 18 19
83 84 85
83 85 87
83 87 88
82 83 89
83 88 89
47 49 50
47 48 49
23 24 26
24 25 26
