# points
0.012121 0.6
0.0060606 0.61818
0 0.63636
0 0.65455
0 0.67273
0 0.69091
0.0060606 0.70909
0.018182 0.72727
0.030303 0.74545
0.048485 0.75758
0.066667 0.77576
0.072727 0.79394
0.066667 0.81212
0.054545 0.8303
0.042424 0.84848
0.030303 0.86667
0.024242 0.88485
0.024242 0.90303
0.024242 0.92121
0.030303 0.93939
0.036364 0.95758
0.054545 0.97576
0.072727 0.98788
0.090909 1
0.10909 1
0.12727 1
0.14545 1
0.16364 1
0.18182 0.99394
0.2 0.98788
0.21818 0.98182
0.23636 0.97576
0.24848 0.95758
0.26061 0.93939
0.27273 0.92121
0.27273 0.90303
0.27273 0.88485
0.26667 0.86667
0.26667 0.84848
0.26667 0.8303
0.26061 0.81212
0.25455 0.79394
0.24848 0.77576
0.25455 0.75758
0.26667 0.73939
0.27879 0.72121
0.27879 0.70303
0.28485 0.68485
0.29091 0.66667
0.29091 0.64848
0.29091 0.6303
0.28485 0.61212
0.29697 0.59394
0.30303 0.57576
0.30909 0.55758
0.31515 0.53939
0.32121 0.52121
0.32727 0.50303
0.33333 0.48485
0.33333 0.46667
0.33939 0.44848
0.34545 0.4303
0.34545 0.41212
0.33333 0.4
0.32121 0.38182
0.32121 0.36364
0.31515 0.34545
0.29697 0.32727
0.29091 0.30909
0.29091 0.29091
0.29697 0.27273
0.29091 0.25455
0.27879 0.23636
0.27273 0.21818
0.27273 0.2
0.26667 0.18182
0.26061 0.16364
0.25455 0.14545
0.24848 0.12727
0.24242 0.10909
0.26061 0.090909
0.27879 0.078788
0.29697 0.072727
0.31515 0.066667
0.33333 0.054545
0.33333 0.036364
0.31515 0.024242
0.29697 0.018182
0.27879 0.0060606
0.26061 0
0.24242 0
0.22424 0
0.20606 0
0.18788 0
0.1697 0.0060606
0.15152 0.0060606
0.13333 0.012121
0.11515 0.018182
0.10303 0.036364
0.10303 0.054545
0.10303 0.072727
0.10909 0.090909
0.10909 0.10909
0.10303 0.12727
0.09697 0.14545
0.090909 0.16364
0.084848 0.18182
0.090909 0.2
0.09697 0.21818
0.10303 0.23636
0.10909 0.25455
0.10909 0.27273
0.10303 0.29091
0.084848 0.30909
0.066667 0.32121
0.060606 0.33939
0.054545 0.35758
0.042424 0.37576
0.036364 0.39394
0.036364 0.41212
0.036364 0.4303
0.030303 0.44848
0.030303 0.46667
0.024242 0.48485
0.018182 0.50303
0.012121 0.52121
0.012121 0.53939
0.012121 0.55758
0.012121 0.57576
0.012121 0.59394
0.012121 0.6
# triangles
61 62 63
1 2 3
19 20 21
1 3 9
56 120 122
0 1 9
19 21 22
10 11 42
10 42 43
7 8 9
55 56 122
54 55 122
51 123 124
51 53 123
51 52 53
53 54 122
53 122 123
120 121 122
51 127 128
124 125 126
51 126 127
51 124 126
64 116 120
59 64 120
64 67 116
65 66 67
64 65 67
116 119 120
116 117 119
56 57 120
57 59 120
26 27 28
22 23 24
22 24 25
17 18 19
17 19 22
17 22 25
14 17 25
13 25 26
13 14 25
13 26 28
29 33 37
12 37 38
28 29 37
12 38 40
4 5 6
4 6 7
3 4 9
4 7 9
0 51 129
51 128 129
80 90 91
105 106 107
81 88 89
81 82 87
81 87 88
81 89 90
80 81 90
79 92 94
80 91 92
79 80 92
117 118 119
57 58 59
30 31 32
29 30 32
29 32 33
11 41 42
38 39 40
69 70 71
69 71 72
72 73 110
73 74 75
73 75 109
73 109 110
68 69 111
69 72 111
72 110 111
96 97 98
92 93 94
60 61 63
33 34 35
33 35 37
35 36 37
14 15 17
15 16 17
67 68 112
68 111 112
96 98 99
49 50 51
9 10 46
44 45 46
0 9 46
43 44 46
10 43 46
113 115 116
67 113 116
67 112 113
113 114 115
79 101 102
79 94 101
47 48 49
47 49 51
0 47 51
0 46 47
82 86 87
82 83 86
13 28 37
12 13 37
83 84 86
84 85 86
75 76 109
76 108 109
12 40 41
11 12 41
77 107 108
77 104 105
77 105 107
76 77 108
59 60 64
60 63 64
96 99 101
94 95 101
95 96 101
99 100 101
77 103 104
77 78 103
78 79 103
79 102 103
