# points
0.070539 0.3112
0.099585 0.33195
0.12863 0.34855
0.15768 0.36515
0.18672 0.38174
0.21577 0.39834
0.24481 0.40664
0.27386 0.41079
0.3029 0.41079
0.33195 0.41079
0.3527 0.42739
0.34025 0.45228
0.3278 0.47718
0.30705 0.49378
0.3361 0.51037
0.36515 0.52282
0.39419 0.51867
0.39004 0.49378
0.38174 0.46473
0.38589 0.43568
0.39834 0.41079
0.42739 0.41494
0.45643 0.42739
0.48548 0.43154
0.51452 0.43154
0.54357 0.41909
0.57261 0.40664
0.60166 0.40664
0.63071 0.40249
0.63485 0.37344
0.60581 0.36515
0.57676 0.361
0.55187 0.34855
0.56846 0.33195
0.59751 0.33195
0.62656 0.33195
0.6556 0.3361
0.68465 0.34025
0.71369 0.3527
0.74274 0.361
0.77178 0.36515
0.80083 0.36929
0.82988 0.37344
0.85892 0.38174
0.88797 0.38589
0.91701 0.38589
0.94606 0.38589
0.9751 0.38589
1 0.36929
0.9917 0.34025
0.96266 0.32365
0.93361 0.3112
0.90456 0.29876
0.87552 0.29046
0.84647 0.28216
0.81743 0.27801
0.78838 0.26971
0.75934 0.25726
0.73029 0.24481
0.70124 0.23237
0.6722 0.22407
0.64315 0.21577
0.61411 0.21162
0.60581 0.18257
0.62241 0.16183
0.62241 0.13278
0.59336 0.12033
0.56432 0.11618
0.53527 0.11618
0.50622 0.11618
0.47718 0.11203
0.46058 0.095436
0.46058 0.06639
0.43983 0.045643
0.41079 0.041494
0.38174 0.033195
0.3527 0.029046
0.32365 0.020747
0.29461 0.016598
0.26556 0.0082988
0.23651 0.0041494
0.20747 0
0.17842 0
0.14938 0
0.12033 0
0.091286 0
0.062241 0
0.037344 0.012448
0.049793 0.037344
0.078838 0.029046
0.10788 0.029046
0.13693 0.029046
0.16598 0.033195
0.19502 0.041494
0.20747 0.06639
0.19087 0.082988
0.16183 0.082988
0.13278 0.082988
0.10373 0.082988
0.074689 0.082988
0.045643 0.091286
0.016598 0.10788
0 0.13278
0 0.16183
0.0041494 0.19087
0.016598 0.21992
0.024896 0.24896
0.045643 0.27801
0.06639 0.30705
0.070539 0.3112
# triangles
86 87 88
47 48 49
27 28 30
64 65 66
100 103 104
99 100 104
84 90 91
86 88 89
44 45 52
98 99 104
98 104 105
9 70 71
9 71 95
71 76 95
71 72 73
12 13 14
101 102 103
100 101 103
85 86 89
84 85 90
85 89 90
45 46 51
45 51 52
83 84 91
83 91 92
97 98 105
1 2 95
71 73 74
9 20 70
20 32 70
4 5 6
4 7 95
4 6 7
62 63 69
63 64 66
63 66 67
33 62 69
33 34 62
32 33 70
33 69 70
43 44 52
37 58 59
46 50 51
47 49 50
46 47 50
80 81 93
78 79 94
76 94 95
79 80 94
80 93 94
76 77 94
77 78 94
82 83 92
81 82 93
82 92 93
1 95 96
3 4 95
2 3 95
71 75 76
71 74 75
9 10 20
10 19 20
8 9 95
7 8 95
63 67 68
63 68 69
26 31 32
27 30 31
26 27 31
28 29 30
37 38 58
38 57 58
35 60 61
34 35 62
35 61 62
1 96 107
96 97 107
105 106 107
97 105 107
11 12 18
10 18 19
10 11 18
40 55 56
40 41 55
38 39 57
39 40 56
39 56 57
35 36 60
36 59 60
36 37 59
15 16 17
14 15 17
12 14 17
12 17 18
43 52 53
41 42 55
42 54 55
42 43 53
42 53 54
22 23 32
23 24 32
20 21 32
21 22 32
25 26 32
24 25 32
0 1 108
1 107 108
