# points
0.052632 0.36842
0.063158 0.4
0.084211 0.43158
0.10526 0.46316
0.13684 0.48947
0.16842 0.51053
0.2 0.52105
0.23158 0.53158
0.26316 0.54211
0.29474 0.54737
0.32632 0.55263
0.35789 0.56316
0.38947 0.57368
0.37368 0.59474
0.36316 0.61579
0.36316 0.64737
0.33158 0.64737
0.32105 0.66842
0.34211 0.68947
0.37368 0.68947
0.40526 0.68947
0.43684 0.68947
0.46316 0.67895
0.43158 0.66842
0.41579 0.64211
0.44737 0.63158
0.43684 0.6
0.44737 0.57368
0.47895 0.56842
0.51053 0.55789
0.54211 0.55789
0.57368 0.55789
0.60526 0.55263
0.63158 0.53158
0.66316 0.53158
0.68947 0.51579
0.68947 0.48421
0.66316 0.46316
0.63158 0.44737
0.65263 0.42105
0.68421 0.41053
0.71579 0.41053
0.74737 0.41053
0.77895 0.41579
0.81053 0.41579
0.84211 0.42105
0.87368 0.43684
0.90526 0.44737
0.93684 0.46316
0.96842 0.46316
1 0.45263
0.98947 0.42105
0.95789 0.4
0.92632 0.39474
0.89474 0.37368
0.86316 0.35789
0.83158 0.34211
0.8 0.32632
0.76842 0.31053
0.73684 0.3
0.70526 0.28947
0.69474 0.25789
0.70526 0.23158
0.73684 0.23158
0.74737 0.2
0.76842 0.17368
0.75263 0.14737
0.72105 0.14737
0.68947 0.14737
0.65789 0.14737
0.62632 0.14737
0.59474 0.14737
0.56316 0.14737
0.53158 0.14211
0.5 0.14211
0.46842 0.13684
0.44211 0.11579
0.44737 0.084211
0.44211 0.052632
0.41053 0.047368
0.37895 0.047368
0.34737 0.042105
0.31579 0.042105
0.28421 0.042105
0.25263 0.036842
0.22105 0.031579
0.18947 0.021053
0.15789 0.015789
0.12632 0
0.094737 0
0.063158 0.0052632
0.031579 0.010526
0 0.026316
0.0052632 0.057895
0.031579 0.068421
0.047368 0.042105
0.068421 0.026316
0.1 0.026316
0.13158 0.031579
0.16316 0.036842
0.18947 0.057895
0.18947 0.089474
0.17368 0.11053
0.14211 0.11053
0.11053 0.11053
0.078947 0.12105
0.047368 0.12632
0.026316 0.14737
0.021053 0.17895
0.021053 0.21053
0.026316 0.24211
0.031579 0.27368
0.036842 0.30526
0.047368 0.33684
0.052632 0.36842
0.052632 0.36842
# triangles
61 71 72
91 92 95
15 16 18
61 70 71
31 33 38
0 1 2
92 93 95
88 89 97
88 97 98
16 17 18
2 3 4
31 32 33
49 50 51
49 51 52
48 49 52
62 68 69
62 69 70
61 62 70
42 43 57
39 61 72
29 30 38
30 31 38
2 4 6
0 2 113
102 111 112
102 112 113
6 7 102
2 6 102
2 102 113
87 88 98
62 67 68
93 94 95
105 109 110
105 108 109
91 95 96
90 91 96
89 90 96
89 96 97
7 8 9
15 18 19
15 19 20
11 27 29
48 52 53
47 48 53
45 54 55
62 63 64
62 64 67
64 65 66
64 66 67
42 57 58
42 58 59
4 5 6
7 9 75
9 10 75
10 11 75
11 29 75
29 38 75
87 98 99
15 20 24
24 25 26
13 24 26
27 28 29
12 26 27
12 13 26
11 12 27
45 46 54
46 53 54
46 47 53
44 55 56
44 45 55
44 56 57
43 44 57
41 42 59
39 60 61
39 40 60
41 59 60
40 41 60
7 76 102
7 75 76
38 74 75
38 39 74
103 110 111
102 103 111
103 105 110
103 104 105
83 101 102
20 21 23
20 23 24
21 22 23
14 15 24
13 14 24
33 37 38
33 34 37
34 36 37
34 35 36
82 83 102
76 82 102
76 77 79
86 87 99
83 84 101
84 85 101
76 79 80
39 72 73
39 73 74
77 78 79
85 100 101
85 86 100
86 99 100
76 81 82
76 80 81
106 107 108
105 106 108
