# points
0.044248 0.30973
0.070796 0.34071
0.097345 0.36726
0.12832 0.38938
0.15929 0.40708
0.19027 0.42035
0.22124 0.42478
0.25221 0.42478
0.28319 0.42478
0.31416 0.42478
0.34513 0.42478
0.37611 0.4292
0.38496 0.45575
0.35841 0.46903
0.35841 0.49558
0.33628 0.50885
0.36283 0.53097
0.39381 0.5354
0.40265 0.51327
0.41593 0.48673
0.42035 0.45575
0.44248 0.43363
0.47345 0.43363
0.50442 0.43363
0.5354 0.43363
0.56637 0.4292
0.59735 0.4115
0.62832 0.4115
0.65929 0.40708
0.65044 0.38053
0.61947 0.36726
0.5885 0.35398
0.59292 0.32743
0.62389 0.30973
0.65487 0.31416
0.68584 0.32301
0.71681 0.32301
0.74779 0.32743
0.77876 0.32743
0.80973 0.33186
0.84071 0.33186
0.87168 0.33628
0.90265 0.34956
0.93363 0.35841
0.9646 0.36726
0.99558 0.36726
1 0.33628
0.97345 0.31416
0.94248 0.30088
0.9115 0.29646
0.88053 0.27876
0.84956 0.26991
0.81858 0.26549
0.78761 0.26106
0.75664 0.24779
0.72566 0.23451
0.69469 0.22124
0.66372 0.21239
0.63274 0.20796
0.61062 0.19027
0.61504 0.15929
0.64602 0.16372
0.67699 0.15929
0.69469 0.12832
0.67257 0.11504
0.64159 0.11062
0.61062 0.10619
0.57965 0.10177
0.54867 0.10177
0.5177 0.10177
0.48673 0.10177
0.45575 0.09292
0.45133 0.061947
0.43805 0.030973
0.40708 0.022124
0.37611 0.022124
0.34513 0.017699
0.31416 0.017699
0.28319 0.017699
0.25221 0.013274
0.22124 0.0088496
0.19027 0
0.15929 0
0.12832 0
0.097345 0
0.066372 0
0.035398 0.0044248
0.026549 0.030973
0.053097 0.039823
0.084071 0.022124
0.11504 0.022124
0.14602 0.022124
0.17699 0.030973
0.20796 0.039823
0.20354 0.066372
0.17257 0.061947
0.14159 0.061947
0.11062 0.066372
0.079646 0.075221
0.048673 0.09292
0.017699 0.10177
0 0.12832
0 0.15929
0.0044248 0.19027
0.0088496 0.22124
0.022124 0.25221
0.030973 0.28319
0.044248 0.30973
# triangles
44 45 46
85 86 88
60 66 67
44 46 47
98 104 105
86 87 88
85 88 89
21 70 71
81 82 92
79 93 94
81 92 93
9 71 94
60 67 68
98 103 104
84 85 89
83 84 90
84 89 90
97 98 105
96 97 105
61 64 65
60 65 66
60 61 65
35 55 56
61 62 64
62 63 64
36 54 55
35 36 55
43 44 47
43 47 48
40 51 52
16 17 18
59 69 70
59 60 68
59 68 69
24 25 31
12 19 20
0 1 106
1 94 105
1 105 106
3 4 94
80 81 93
79 80 93
4 7 94
4 6 7
11 21 71
11 12 20
11 20 21
40 50 51
99 102 103
98 99 103
99 101 102
99 100 101
94 95 105
95 96 105
82 91 92
82 83 91
83 90 91
38 52 53
36 37 54
37 53 54
37 38 53
42 48 49
42 43 48
38 39 52
39 40 52
33 58 59
25 26 31
26 30 31
32 33 59
32 59 70
21 32 70
21 22 32
22 31 32
2 3 94
1 2 94
4 5 6
71 72 75
71 75 76
78 79 94
71 77 94
71 76 77
77 78 94
8 9 94
7 8 94
14 15 16
14 16 18
14 18 19
12 14 19
12 13 14
9 10 71
10 11 71
40 41 50
41 49 50
41 42 49
33 57 58
26 27 30
27 29 30
27 28 29
34 35 56
34 56 57
33 34 57
23 24 31
22 23 31
72 73 74
72 74 75
