# points
0.06383 0.31064
0.089362 0.34043
0.11915 0.36596
0.14894 0.38298
0.17872 0.39574
0.20851 0.4
0.2383 0.4
0.26809 0.4
0.29787 0.4
0.32766 0.4
0.35745 0.4
0.37021 0.42128
0.35745 0.44681
0.3617 0.47234
0.33191 0.4766
0.31489 0.50213
0.32766 0.52766
0.35745 0.52766
0.38723 0.52766
0.41702 0.52766
0.42553 0.50638
0.39574 0.49362
0.4 0.46383
0.41277 0.43404
0.44255 0.43404
0.47234 0.43404
0.50213 0.42979
0.53191 0.41702
0.5617 0.40851
0.59149 0.40851
0.62128 0.40426
0.65106 0.39574
0.65106 0.37447
0.62128 0.36596
0.59149 0.3617
0.58298 0.33617
0.60851 0.32766
0.6383 0.33191
0.66809 0.33617
0.69787 0.34043
0.72766 0.34468
0.75745 0.34894
0.78723 0.34894
0.81702 0.35319
0.84681 0.35319
0.8766 0.35319
0.90638 0.35745
0.93617 0.36596
0.96596 0.37021
0.99574 0.37021
1 0.34043
0.97021 0.33191
0.94043 0.31915
0.91064 0.30638
0.88085 0.29362
0.85106 0.2766
0.82128 0.25957
0.79149 0.24681
0.7617 0.23404
0.73191 0.22553
0.70213 0.22128
0.67234 0.21702
0.64255 0.21277
0.61277 0.2
0.6 0.17872
0.61702 0.17021
0.64255 0.15745
0.64255 0.12766
0.61702 0.11489
0.58723 0.11064
0.55745 0.10638
0.52766 0.10213
0.49787 0.097872
0.46809 0.097872
0.45532 0.07234
0.44681 0.042553
0.41702 0.034043
0.38723 0.029787
0.35745 0.021277
0.32766 0.017021
0.29787 0.017021
0.26809 0.012766
0.2383 0.0085106
0.20851 0.0042553
0.17872 0.0042553
0.14894 0
0.11915 0
0.089362 0
0.059574 0
0.046809 0.021277
0.07234 0.029787
0.093617 0
0.11915 0.012766
0.14894 0.017021
0.17872 0.025532
0.20851 0.038298
0.21702 0.06383
0.2 0.080851
0.17021 0.080851
0.14043 0.085106
0.11064 0.089362
0.080851 0.089362
0.051064 0.093617
0.021277 0.097872
0 0.11915
0 0.14894
0 0.17872
0.0085106 0.20851
0.017021 0.2383
0.038298 0.26809
0.055319 0.29787
0.06383 0.31064
# triangles
48 49 50
88 89 90
35 64 73
64 69 70
64 70 71
48 50 51
87 88 90
87 90 91
64 65 69
65 68 69
12 13 22
35 63 64
28 34 35
73 96 97
73 77 96
77 78 96
64 72 73
64 71 72
15 16 17
27 28 35
85 92 93
101 102 106
101 106 107
14 15 17
13 14 17
5 6 97
6 7 97
10 35 73
107 108 109
3 5 97
3 4 5
80 81 96
74 75 76
73 74 77
74 76 77
43 55 56
47 48 51
45 46 53
39 59 60
39 40 59
37 38 61
38 60 61
38 39 60
35 36 63
13 21 22
17 18 21
13 17 21
18 19 21
19 20 21
10 23 24
24 25 35
10 24 35
25 26 35
26 27 35
28 29 34
85 86 92
86 91 92
99 100 109
100 101 107
100 107 109
102 105 106
103 104 105
102 103 105
7 8 97
10 11 23
11 12 22
11 22 23
98 99 110
99 109 110
1 2 97
2 3 97
78 79 96
79 80 96
81 82 96
42 43 56
41 42 57
42 56 57
43 44 55
46 47 52
46 52 53
47 51 52
45 53 54
44 54 55
44 45 54
40 58 59
41 57 58
40 41 58
36 62 63
37 61 62
36 37 62
83 94 95
82 95 96
82 83 95
84 85 93
84 93 94
83 84 94
9 73 97
8 9 97
9 10 73
0 1 97
0 97 98
0 98 110
66 67 68
65 66 68
29 30 33
29 33 34
30 31 33
31 32 33
