# points
0.03125 0.36458
0.046875 0.39583
0.072917 0.42708
0.10417 0.45833
0.13542 0.48438
0.16667 0.5
0.19792 0.51562
0.22917 0.52604
0.26042 0.52604
0.29167 0.52604
0.32292 0.53125
0.35417 0.53646
0.38542 0.54167
0.39583 0.56771
0.36979 0.58854
0.38021 0.61979
0.35417 0.63542
0.32292 0.64062
0.33333 0.66667
0.36458 0.67188
0.39583 0.68229
0.42708 0.6875
0.45833 0.67708
0.43229 0.65625
0.40625 0.64062
0.41146 0.60938
0.42708 0.58854
0.4375 0.55729
0.46875 0.5625
0.5 0.55729
0.53125 0.55208
0.5625 0.54688
0.59375 0.54688
0.61979 0.52604
0.65104 0.52604
0.68229 0.51562
0.69271 0.48958
0.68229 0.46354
0.65104 0.45312
0.61979 0.44271
0.625 0.41146
0.65625 0.40625
0.6875 0.41146
0.71875 0.41146
0.75 0.41667
0.78125 0.42708
0.8125 0.4375
0.84375 0.4375
0.875 0.4375
0.90625 0.4375
0.9375 0.4375
0.96875 0.4375
1 0.43229
0.98958 0.40104
0.95833 0.38542
0.92708 0.375
0.89583 0.36458
0.86458 0.34896
0.83333 0.32812
0.80208 0.30729
0.77083 0.29167
0.73958 0.27604
0.70833 0.27083
0.6875 0.25521
0.70312 0.23438
0.73438 0.22917
0.74479 0.19792
0.75521 0.16667
0.72917 0.15625
0.69792 0.15104
0.66667 0.14062
0.63542 0.13021
0.60417 0.125
0.57292 0.125
0.54167 0.125
0.51042 0.125
0.47917 0.125
0.44792 0.11979
0.4375 0.088542
0.43229 0.057292
0.40104 0.041667
0.36979 0.03125
0.33854 0.026042
0.30729 0.020833
0.27604 0.010417
0.24479 0.0052083
0.21354 0
0.18229 0
0.15104 0
0.11979 0
0.088542 0
0.057292 0
0.026042 0
0 0.020833
0.0052083 0.052083
0.036458 0.041667
0.067708 0.03125
0.098958 0.036458
0.13021 0.036458
0.16146 0.046875
0.19271 0.057292
0.20833 0.083333
0.19792 0.10938
0.16667 0.11458
0.13542 0.125
0.10417 0.13021
0.072917 0.13542
0.041667 0.13542
0.010417 0.14062
0 0.17188
0 0.20312
0.0052083 0.23438
0.010417 0.26562
0.015625 0.29688
0.020833 0.32812
0.03125 0.35938
0.03125 0.36458
# triangles
92 93 95
91 92 95
0 1 115
1 2 115
93 94 95
63 71 72
3 4 5
3 5 102
2 3 102
85 86 100
21 22 23
20 21 23
20 23 24
91 95 96
89 90 97
90 96 97
90 91 96
106 107 110
106 110 111
105 111 112
105 106 111
46 57 58
46 47 57
63 72 73
9 77 102
2 104 115
104 114 115
104 113 114
104 112 113
104 105 112
85 100 101
6 7 8
5 6 8
5 8 102
8 9 102
10 11 77
9 10 77
15 24 25
14 15 25
27 28 29
13 14 25
27 39 40
27 29 39
107 109 110
107 108 109
44 59 60
50 54 55
41 42 62
40 41 63
41 62 63
64 65 66
64 66 69
66 68 69
66 67 68
63 73 74
40 63 74
40 74 75
40 75 76
40 76 77
77 82 102
82 83 101
82 101 102
2 102 103
2 103 104
89 97 98
88 89 98
88 98 99
83 84 101
84 85 101
16 17 18
15 16 24
87 88 99
86 87 100
87 99 100
13 25 26
13 26 27
12 13 27
12 27 40
11 12 77
12 40 77
31 33 39
34 35 36
34 36 38
33 38 39
33 34 38
47 48 57
48 56 57
45 46 58
45 58 59
44 45 59
43 44 60
43 60 61
42 43 62
43 61 62
51 52 53
51 53 54
50 51 54
64 69 70
63 64 70
63 70 71
78 79 80
19 20 24
16 19 24
16 18 19
29 30 39
30 31 39
31 32 33
36 37 38
49 55 56
48 49 56
49 50 55
78 80 81
77 81 82
77 78 81
