# points
0.052885 0.34615
0.086538 0.375
0.11538 0.40865
0.14423 0.4375
0.17788 0.45673
0.21154 0.46635
0.24519 0.47115
0.27885 0.47115
0.3125 0.47115
0.34615 0.48077
0.375 0.49038
0.37981 0.52404
0.35577 0.54327
0.36538 0.57212
0.33173 0.58173
0.32692 0.60096
0.36058 0.62019
0.39423 0.62981
0.42788 0.64423
0.46154 0.64423
0.44231 0.61538
0.40865 0.59615
0.41346 0.57212
0.40385 0.53846
0.42308 0.50962
0.45673 0.50962
0.49038 0.51442
0.52404 0.51442
0.55769 0.50962
0.59135 0.48558
0.625 0.48558
0.65865 0.48558
0.67308 0.45673
0.66827 0.42308
0.64423 0.39423
0.61058 0.39423
0.625 0.37981
0.65865 0.38462
0.69231 0.38462
0.72596 0.38462
0.75962 0.38462
0.79327 0.38462
0.82692 0.38942
0.86058 0.39423
0.89423 0.39423
0.92788 0.39904
0.96154 0.40385
0.99519 0.40385
1 0.375
0.96635 0.35096
0.93269 0.33173
0.89904 0.32212
0.86538 0.30769
0.83173 0.28846
0.79808 0.27885
0.76442 0.26923
0.73077 0.25962
0.69712 0.25
0.66346 0.24038
0.66827 0.21154
0.69712 0.20192
0.70192 0.16827
0.71154 0.13942
0.67788 0.13462
0.64423 0.13462
0.61058 0.12981
0.57692 0.12981
0.54327 0.125
0.50962 0.11538
0.47596 0.10577
0.44712 0.096154
0.44712 0.0625
0.42788 0.038462
0.39423 0.038462
0.36058 0.038462
0.32692 0.033654
0.29327 0.028846
0.25962 0.024038
0.22596 0.014423
0.19231 0.0096154
0.15865 0
0.125 0
0.091346 0
0.057692 0
0.024038 0.0048077
0 0.028846
0.019231 0.057692
0.048077 0.033654
0.076923 0.014423
0.11058 0.028846
0.14423 0.043269
0.17788 0.052885
0.20192 0.067308
0.1875 0.086538
0.15385 0.086538
0.12019 0.096154
0.086538 0.10096
0.052885 0.10096
0.019231 0.12019
0.0096154 0.15385
0.0096154 0.1875
0.014423 0.22115
0.019231 0.25481
0.028846 0.28846
0.038462 0.32212
0.052885 0.34615
# triangles
80 81 90
30 33 35
46 47 48
81 89 90
70 74 75
8 9 70
70 75 93
8 70 93
7 8 93
1 2 93
58 66 67
9 69 70
30 32 33
30 31 32
42 43 52
43 51 52
81 82 89
70 73 74
70 71 73
71 72 73
83 84 87
84 85 87
85 86 87
11 12 23
75 76 93
93 94 95
1 93 103
1 103 104
95 102 103
93 95 103
2 3 4
2 4 5
2 5 6
2 6 93
6 7 93
36 58 67
35 36 67
36 37 58
9 10 69
10 35 69
35 67 68
35 68 69
16 17 21
18 19 20
17 18 20
17 20 21
29 30 35
43 44 51
44 50 51
44 45 50
42 52 53
59 64 65
58 59 66
59 65 66
59 63 64
46 48 49
45 46 49
45 49 50
38 56 57
37 57 58
37 38 57
40 54 55
40 41 54
41 53 54
41 42 53
38 39 56
39 55 56
39 40 55
33 34 35
96 100 101
95 101 102
95 96 101
0 1 104
82 88 89
82 83 88
83 87 88
97 98 99
96 97 99
96 99 100
13 16 21
12 13 23
76 77 92
76 92 93
77 78 92
25 26 35
10 25 35
26 27 35
27 29 35
61 62 63
59 60 61
59 61 63
13 22 23
13 21 22
80 90 91
13 14 16
14 15 16
10 24 25
11 23 24
10 11 24
27 28 29
79 80 91
78 79 92
79 91 92
