# points
0.042895 0.17694
0.042895 0.20107
0.045576 0.2252
0.067024 0.24129
0.091153 0.24129
0.10724 0.25201
0.10724 0.27614
0.11528 0.30027
0.12601 0.3244
0.14745 0.34048
0.17158 0.35121
0.19571 0.35657
0.21984 0.35925
0.24397 0.36193
0.2681 0.36193
0.29223 0.36461
0.31635 0.36461
0.34048 0.36461
0.36461 0.36193
0.38874 0.36193
0.41287 0.35925
0.437 0.35925
0.46113 0.35657
0.48525 0.35657
0.50938 0.35389
0.53351 0.35121
0.55764 0.34853
0.58177 0.34316
0.6059 0.3378
0.6193 0.31635
0.6193 0.29223
0.63271 0.27614
0.65684 0.27614
0.68097 0.27614
0.70509 0.27346
0.72922 0.27614
0.75335 0.27614
0.77748 0.27346
0.80161 0.27346
0.82574 0.27346
0.84987 0.27078
0.86863 0.24933
0.87668 0.2252
0.9008 0.23324
0.91689 0.2252
0.92493 0.20107
0.94906 0.18499
0.96783 0.16354
0.97319 0.13941
0.96515 0.12601
0.98928 0.13405
1 0.11528
0.98391 0.10188
0.96783 0.08311
0.96247 0.058981
0.94906 0.034853
0.92493 0.024129
0.9008 0.016086
0.87668 0.016086
0.85255 0.024129
0.8311 0.048257
0.81233 0.037534
0.79088 0.016086
0.76676 0.0080429
0.74263 0.002681
0.7185 0.0053619
0.69437 0.016086
0.67024 0.037534
0.65684 0.061662
0.63271 0.061662
0.60858 0.061662
0.58445 0.061662
0.56032 0.061662
0.53619 0.061662
0.51206 0.061662
0.48794 0.064343
0.46381 0.067024
0.43968 0.067024
0.41555 0.067024
0.39678 0.0563
0.37802 0.032172
0.35389 0.021448
0.32976 0.018767
0.30563 0.024129
0.28418 0.037534
0.26542 0.0563
0.24129 0.053619
0.23056 0.032172
0.20643 0.010724
0.18231 0.002681
0.15818 0
0.13405 0.010724
0.1126 0.032172
0.10188 0.0563
0.093834 0.080429
0.069705 0.080429
0.045576 0.077748
0.021448 0.075067
0 0.085791
0.002681 0.10724
0.02681 0.10992
0.032172 0.13405
0.029491 0.15818
0.042895 0.17426
0.042895 0.17694
# triangles
79 84 85
14 15 85
79 83 84
5 10 11
78 79 85
27 28 29
54 55 56
46 47 49
47 48 49
5 85 86
5 86 94
5 11 12
1 2 3
7 9 10
5 7 10
7 8 9
20 21 78
21 77 78
17 78 85
17 18 78
79 82 83
79 81 82
21 22 77
22 76 77
53 54 56
38 39 42
32 33 68
89 90 91
87 88 89
5 12 13
13 14 85
5 13 85
5 6 7
94 101 103
94 95 101
101 102 103
18 19 78
19 20 78
79 80 81
15 16 85
16 17 85
27 29 30
23 24 76
22 23 76
49 52 53
50 51 52
49 50 52
45 46 49
39 40 41
39 41 42
42 45 60
45 49 60
49 53 60
53 56 60
56 57 60
57 58 60
58 59 60
86 87 93
87 89 93
86 93 94
0 4 103
4 5 94
4 94 103
0 1 4
1 3 4
95 96 100
95 100 101
96 97 100
98 99 100
97 98 100
30 74 75
24 75 76
24 30 75
24 25 30
31 71 72
30 31 74
61 62 63
63 64 65
63 65 66
61 63 68
63 66 67
63 67 68
33 34 68
34 35 68
36 61 68
35 36 68
89 91 92
89 92 93
26 27 30
25 26 30
31 73 74
31 72 73
37 60 61
36 37 61
37 38 42
37 42 60
31 69 70
31 70 71
42 43 45
43 44 45
31 32 69
32 68 69
