# points
0.056437 0.22046
0.082892 0.23104
0.10582 0.24162
0.11993 0.26455
0.14638 0.26455
0.15697 0.28571
0.1746 0.30511
0.18695 0.32275
0.19753 0.30335
0.21869 0.29806
0.24515 0.29806
0.2716 0.29806
0.29806 0.29806
0.32451 0.29982
0.34744 0.30688
0.37213 0.30159
0.37743 0.32804
0.38801 0.3545
0.37743 0.37037
0.38624 0.38801
0.4127 0.39153
0.43915 0.3933
0.46561 0.39859
0.49206 0.40035
0.51852 0.40388
0.54497 0.40741
0.57143 0.41093
0.59788 0.4127
0.62434 0.41446
0.65079 0.41623
0.67725 0.41799
0.7037 0.41799
0.73016 0.41799
0.75661 0.41975
0.78307 0.41975
0.80952 0.41799
0.83598 0.41799
0.86243 0.41446
0.88889 0.4127
0.91534 0.40741
0.93651 0.39506
0.93298 0.36861
0.93122 0.34215
0.92769 0.3157
0.9224 0.28924
0.93298 0.27337
0.95944 0.27337
0.96649 0.25926
0.96649 0.2328
0.96473 0.20635
0.96473 0.17989
0.97707 0.16402
1 0.1552
1 0.12875
0.98236 0.1164
0.95767 0.12346
0.94885 0.10582
0.92416 0.093474
0.91182 0.07231
0.89771 0.047619
0.87831 0.028219
0.85185 0.015873
0.8254 0.012346
0.79894 0.0194
0.77601 0.03351
0.75838 0.058201
0.74427 0.079365
0.72487 0.063492
0.70018 0.042328
0.67372 0.03351
0.64903 0.035273
0.62257 0.045855
0.60141 0.067019
0.5873 0.091711
0.56085 0.089947
0.53439 0.089947
0.50794 0.089947
0.48148 0.088183
0.45503 0.08642
0.42857 0.08642
0.40212 0.082892
0.37566 0.077601
0.35097 0.074074
0.33862 0.047619
0.31922 0.021164
0.29277 0.005291
0.26631 0
0.23986 0.0017637
0.2134 0.012346
0.19224 0.035273
0.17284 0.044092
0.14638 0.028219
0.11993 0.022928
0.093474 0.026455
0.068783 0.040564
0.049383 0.063492
0.038801 0.089947
0.022928 0.10582
0 0.11287
0.005291 0.13404
0.0070547 0.15168
0.03351 0.14462
0.045855 0.16578
0.058201 0.18519
0.040564 0.19224
0.05291 0.21869
0.056437 0.22046
# triangles
35 36 44
4 8 9
33 44 66
30 66 73
33 34 44
34 35 44
36 43 44
51 52 53
55 56 57
4 5 8
32 33 66
57 58 66
66 67 73
38 41 42
36 37 43
37 42 43
37 38 42
51 53 54
51 54 55
103 104 105
99 100 101
2 4 90
2 90 103
2 3 4
6 7 8
5 6 8
86 87 89
15 80 81
26 27 73
27 28 73
29 30 73
28 29 73
25 26 73
30 31 66
31 32 66
58 65 66
58 59 65
60 61 65
59 60 65
15 77 78
23 24 75
67 68 70
39 40 41
38 39 41
50 51 55
50 55 57
97 98 99
97 99 101
96 97 101
1 2 103
87 88 89
82 83 89
83 85 86
83 86 89
12 13 82
13 15 81
13 81 82
11 12 82
83 84 85
67 72 73
67 70 72
70 71 72
15 76 77
15 23 76
23 75 76
68 69 70
15 22 23
17 18 19
45 49 50
45 48 49
45 50 57
45 47 48
44 45 66
45 57 66
45 46 47
92 93 94
91 92 94
96 101 102
90 102 103
90 96 102
0 103 105
0 1 103
10 89 90
10 82 89
10 11 82
4 9 10
4 10 90
15 79 80
15 78 79
25 73 74
24 25 74
24 74 75
61 62 63
61 63 65
63 64 65
13 14 15
17 19 20
17 20 21
90 95 96
90 91 95
91 94 95
16 17 21
15 16 22
16 21 22
