# points
0.088435 0.28231
0.10204 0.28571
0.11565 0.29592
0.13605 0.29592
0.15306 0.31293
0.16667 0.32993
0.17687 0.34354
0.19728 0.34694
0.21769 0.34354
0.2381 0.35374
0.2585 0.36054
0.27891 0.36735
0.29932 0.37415
0.31973 0.38095
0.34014 0.38776
0.35714 0.40476
0.36395 0.42517
0.37075 0.44558
0.38095 0.46599
0.40136 0.48299
0.42177 0.4932
0.44218 0.5
0.46259 0.5068
0.48299 0.51361
0.5034 0.52041
0.52381 0.52381
0.54422 0.52721
0.56463 0.53061
0.58503 0.53401
0.60544 0.53741
0.62585 0.54082
0.64626 0.54422
0.66667 0.54422
0.68707 0.54422
0.70748 0.54422
0.72789 0.54422
0.7483 0.54422
0.76871 0.54082
0.78912 0.53741
0.80952 0.53061
0.82993 0.52381
0.85034 0.5102
0.86735 0.4932
0.88435 0.47619
0.89456 0.45578
0.90476 0.43537
0.91497 0.41497
0.92517 0.39456
0.94558 0.39456
0.95918 0.38435
0.96939 0.36735
0.97619 0.34694
0.9966 0.33333
1 0.31293
0.97959 0.30952
0.96259 0.29252
0.95578 0.27211
0.94898 0.2517
0.93537 0.23129
0.91497 0.21769
0.89456 0.20748
0.87415 0.21088
0.85374 0.21088
0.83333 0.21429
0.81293 0.21429
0.79252 0.21088
0.77211 0.20068
0.7517 0.19388
0.73129 0.18707
0.71088 0.18367
0.69048 0.17347
0.67007 0.16327
0.64966 0.14966
0.62925 0.13946
0.60884 0.12925
0.58844 0.12245
0.56803 0.11565
0.54762 0.10884
0.52721 0.10204
0.5068 0.091837
0.48639 0.085034
0.46599 0.078231
0.44558 0.064626
0.43537 0.044218
0.42517 0.027211
0.41497 0.010204
0.39456 0.0034014
0.37415 0
0.35374 0.0034014
0.33333 0.010204
0.32313 0.030612
0.30272 0.040816
0.28231 0.040816
0.2619 0.040816
0.2415 0.040816
0.22109 0.040816
0.20068 0.040816
0.18027 0.044218
0.15986 0.05102
0.13946 0.054422
0.11905 0.054422
0.098639 0.061224
0.078231 0.071429
0.057823 0.081633
0.037415 0.088435
0.017007 0.098639
0 0.10884
0 0.12925
0.020408 0.13605
0.013605 0.15646
0.013605 0.17687
0.017007 0.19728
0.027211 0.21769
0.040816 0.2381
0.054422 0.2551
0.07483 0.26531
0.088435 0.28231
0.088435 0.28231
# triangles
104 105 108
105 106 108
106 107 108
57 58 59
84 85 86
47 55 56
47 51 55
47 50 51
47 62 63
47 56 62
86 87 90
84 86 90
8 9 10
14 80 81
14 15 78
14 78 80
78 79 80
12 13 81
13 14 81
102 112 113
102 108 112
108 109 110
110 111 112
108 110 112
45 46 65
34 65 67
65 66 67
29 30 69
30 31 32
30 32 69
51 52 54
51 54 55
52 53 54
47 49 50
47 48 49
42 43 44
44 45 65
59 60 61
56 61 62
57 59 61
56 57 61
12 81 82
4 5 8
5 7 8
5 6 7
10 11 91
82 90 91
11 12 91
12 82 91
8 10 91
83 84 90
82 83 90
15 76 77
15 77 78
15 16 21
103 104 108
102 103 108
99 101 102
102 113 115
99 102 115
113 114 115
0 1 115
47 63 64
46 47 64
46 64 65
37 44 65
15 23 73
71 72 73
23 71 73
15 75 76
15 73 75
73 74 75
33 34 67
33 67 69
32 33 69
3 95 98
3 98 99
3 94 95
3 99 115
1 3 115
3 8 94
3 4 8
1 2 3
8 93 94
16 17 20
16 20 21
15 22 23
15 21 22
99 100 101
34 35 65
35 37 65
39 42 44
37 39 44
37 38 39
39 40 41
39 41 42
67 68 69
23 25 71
25 26 71
28 29 69
28 69 70
8 91 92
8 92 93
17 18 19
17 19 20
87 88 90
88 89 90
95 97 98
35 36 37
23 24 25
27 28 70
27 70 71
26 27 71
95 96 97
