# points
0.0090416 0.22604
0.0090416 0.25316
0.014467 0.27848
0.041591 0.28029
0.05425 0.29476
0.048825 0.32188
0.047016 0.34901
0.0434 0.37613
0.039783 0.40325
0.059675 0.41772
0.086799 0.42315
0.11392 0.42495
0.14105 0.42857
0.16817 0.42857
0.1953 0.43038
0.22242 0.43038
0.24955 0.42857
0.27667 0.42857
0.3038 0.42857
0.33092 0.42676
0.35805 0.42495
0.38517 0.42315
0.4123 0.42134
0.43942 0.41772
0.46655 0.41591
0.49367 0.4123
0.5208 0.40868
0.54792 0.40506
0.57505 0.40145
0.60217 0.39783
0.61483 0.38156
0.60217 0.36528
0.61121 0.33816
0.61664 0.31103
0.64376 0.30561
0.67089 0.30741
0.69801 0.30561
0.72514 0.30561
0.75226 0.30561
0.77939 0.30561
0.80108 0.31103
0.82821 0.31103
0.84268 0.28571
0.85714 0.27306
0.88427 0.26763
0.89512 0.24231
0.92224 0.23508
0.94937 0.21881
0.94756 0.19349
0.94756 0.17722
0.95841 0.1519
0.98553 0.14828
1 0.12658
0.98734 0.10669
0.96203 0.10307
0.95479 0.075949
0.93852 0.050633
0.91501 0.03255
0.88788 0.023508
0.86076 0.025316
0.83363 0.037975
0.81013 0.047016
0.79024 0.0217
0.76492 0.005425
0.73779 0
0.71067 0.0018083
0.68354 0.012658
0.65823 0.037975
0.64376 0.065099
0.62568 0.079566
0.59855 0.083183
0.57143 0.086799
0.5443 0.088608
0.51718 0.090416
0.49005 0.092224
0.46293 0.092224
0.4358 0.092224
0.40868 0.094033
0.3906 0.079566
0.37071 0.05425
0.34539 0.039783
0.32007 0.034358
0.29295 0.037975
0.26582 0.056058
0.24774 0.079566
0.22785 0.070524
0.21157 0.0434
0.19168 0.023508
0.16456 0.014467
0.13743 0.012658
0.11031 0.0217
0.086799 0.039783
0.070524 0.063291
0.061483 0.090416
0.036166 0.10127
0.028933 0.12477
0.0036166 0.12658
0 0.15371
0.01085 0.17179
0.01085 0.19892
0.0090416 0.22604
0.0090416 0.22604
# triangles
95 96 97
4 13 14
7 8 9
5 6 11
88 90 91
6 10 11
6 7 10
7 9 10
5 11 12
4 12 13
4 5 12
46 47 48
50 51 54
51 52 53
51 53 54
50 54 60
56 57 60
88 89 90
77 78 84
17 18 84
19 77 84
18 19 84
1 2 3
95 97 98
95 98 99
40 41 42
39 40 42
39 42 43
54 55 60
55 56 60
39 43 61
38 39 61
20 21 77
19 20 77
4 14 15
25 33 75
24 25 75
35 36 69
36 37 69
4 84 85
0 1 3
0 3 99
43 45 61
43 44 45
45 46 48
57 58 59
57 59 60
4 16 84
4 15 16
16 17 84
21 22 77
22 23 77
23 24 76
24 75 76
23 76 77
34 35 69
61 64 67
64 65 67
65 66 67
37 68 69
37 38 68
38 61 68
61 67 68
25 26 33
27 28 31
28 29 31
29 30 31
86 91 92
85 86 92
86 88 91
85 92 93
93 94 95
93 95 99
3 93 99
3 4 93
4 85 93
81 82 83
80 81 83
78 83 84
45 49 61
49 50 60
49 60 61
45 48 49
61 62 64
62 63 64
78 79 83
79 80 83
33 74 75
33 71 72
27 31 32
26 27 32
26 32 33
86 87 88
33 72 73
33 73 74
33 34 70
33 70 71
34 69 70
