# points
0.012262 0.2248
0.03951 0.24251
0.06267 0.25749
0.072207 0.2861
0.099455 0.28747
0.11853 0.28338
0.12943 0.30926
0.14578 0.33243
0.1703 0.33243
0.1921 0.32698
0.22071 0.32834
0.24932 0.32834
0.27793 0.32834
0.30654 0.32834
0.33515 0.32834
0.3624 0.33243
0.36649 0.33106
0.37738 0.34877
0.37738 0.37738
0.3624 0.39782
0.33379 0.39782
0.34332 0.41281
0.37193 0.42098
0.40054 0.42779
0.42916 0.43324
0.45777 0.43733
0.48638 0.44005
0.51499 0.44278
0.5436 0.4455
0.57221 0.4455
0.60082 0.44687
0.62943 0.44823
0.65804 0.44823
0.68665 0.44959
0.71526 0.44959
0.74387 0.44959
0.77248 0.44959
0.80109 0.44823
0.8297 0.44823
0.85831 0.44687
0.88692 0.44687
0.91553 0.4455
0.94414 0.44414
0.97275 0.43733
0.98229 0.41008
0.97956 0.38147
0.97956 0.35286
0.9782 0.32425
0.9782 0.29564
0.97956 0.26703
0.98638 0.23842
0.98501 0.20981
0.99046 0.1812
0.99728 0.15259
1 0.12398
0.97956 0.11035
0.95777 0.09673
0.9455 0.06812
0.92234 0.043597
0.89373 0.031335
0.86512 0.032698
0.8406 0.042234
0.81744 0.065395
0.80381 0.094005
0.77929 0.098093
0.76022 0.084469
0.73433 0.06267
0.70572 0.054496
0.67711 0.057221
0.65123 0.072207
0.63215 0.095368
0.60627 0.099455
0.57766 0.099455
0.54905 0.098093
0.52452 0.09673
0.49591 0.09673
0.4673 0.094005
0.43869 0.095368
0.41008 0.09673
0.38283 0.10218
0.36649 0.095368
0.33924 0.089918
0.32698 0.06267
0.31063 0.036785
0.28474 0.013624
0.25613 0.0027248
0.22752 0
0.19891 0.010899
0.17302 0.02861
0.15668 0.057221
0.13079 0.038147
0.10218 0.02861
0.073569 0.027248
0.047684 0.038147
0.021798 0.059946
0.006812 0.088556
0.0013624 0.11717
0.0054496 0.14578
0.016349 0.17439
0.0040872 0.17847
0 0.203
0.012262 0.2248
# triangles
93 94 95
0 98 100
17 27 73
40 46 47
58 59 60
57 58 60
2 5 89
2 89 98
89 97 98
95 96 97
89 95 97
85 86 87
84 85 87
84 87 89
83 84 89
13 14 81
37 48 49
37 38 48
39 40 47
39 47 48
38 39 48
40 41 46
53 54 55
52 53 56
53 55 56
91 92 93
91 93 95
37 49 64
36 37 64
35 36 64
32 33 70
0 1 98
1 2 98
98 99 100
17 18 24
17 26 27
27 28 73
67 68 69
5 9 10
5 10 89
10 11 81
10 81 89
11 12 81
12 13 81
6 7 8
5 6 9
6 8 9
41 45 46
42 43 44
42 44 45
41 42 45
87 88 89
89 90 95
90 91 95
51 52 56
51 56 63
49 63 64
49 51 63
33 34 70
34 64 70
34 35 64
28 72 73
28 29 72
19 20 21
19 21 22
18 19 22
17 24 25
17 25 26
17 73 74
17 74 75
81 82 89
82 83 89
14 79 81
79 80 81
16 17 75
14 15 16
14 16 79
2 4 5
2 3 4
49 50 51
57 60 62
56 57 62
56 62 63
30 31 71
29 30 71
29 71 72
32 70 71
31 32 71
18 23 24
18 22 23
16 76 77
16 75 76
16 77 78
16 78 79
66 67 69
64 65 70
65 69 70
65 66 69
60 61 62
