# points
0.040816 0.28231
0.030612 0.29932
0.010204 0.31293
0 0.32313
0.013605 0.34014
0.030612 0.35714
0.037415 0.37415
0.044218 0.39456
0.064626 0.39456
0.081633 0.40476
0.091837 0.42517
0.098639 0.44558
0.11224 0.46599
0.12585 0.48639
0.13946 0.5034
0.15986 0.51701
0.18027 0.52721
0.20068 0.53741
0.22109 0.54082
0.2415 0.54422
0.2619 0.54422
0.28231 0.54422
0.30272 0.54422
0.32313 0.54422
0.34354 0.54422
0.36395 0.54082
0.38435 0.54082
0.40476 0.53741
0.42517 0.53401
0.44558 0.53061
0.46599 0.52721
0.48639 0.52041
0.5068 0.51701
0.52721 0.5102
0.54762 0.5034
0.56803 0.4966
0.58844 0.48639
0.60884 0.47279
0.62585 0.45578
0.63265 0.43537
0.63946 0.41497
0.64966 0.39456
0.67007 0.38435
0.69048 0.37755
0.71088 0.37075
0.73129 0.36395
0.7517 0.35714
0.77211 0.34694
0.79252 0.34694
0.81293 0.34694
0.82993 0.34014
0.84014 0.31973
0.85714 0.30272
0.87415 0.29592
0.89116 0.29252
0.90816 0.28912
0.91497 0.27211
0.93537 0.2619
0.95238 0.2483
0.96599 0.22789
0.97959 0.20748
0.98639 0.18707
0.98639 0.16667
0.98299 0.14626
0.9898 0.13265
1 0.11905
0.9932 0.10204
0.97279 0.095238
0.95238 0.085034
0.93197 0.078231
0.91156 0.068027
0.89116 0.057823
0.87075 0.054422
0.85034 0.05102
0.82993 0.047619
0.80952 0.040816
0.78912 0.040816
0.76871 0.040816
0.7483 0.040816
0.72789 0.040816
0.70748 0.040816
0.68707 0.037415
0.67007 0.020408
0.65646 0.0034014
0.63605 0
0.61565 0
0.59524 0.0068027
0.57483 0.017007
0.56803 0.034014
0.56122 0.054422
0.54422 0.071429
0.52381 0.081633
0.5034 0.085034
0.48299 0.095238
0.46259 0.10544
0.44218 0.11224
0.42177 0.11905
0.40136 0.12585
0.38095 0.13605
0.36054 0.14626
0.34014 0.15986
0.31973 0.17007
0.29932 0.17687
0.27891 0.18367
0.2585 0.19048
0.2381 0.19728
0.21769 0.20408
0.19728 0.21429
0.17687 0.21429
0.15646 0.21088
0.13605 0.21088
0.11565 0.20408
0.095238 0.21088
0.07483 0.22449
0.054422 0.2415
0.05102 0.2619
0.040816 0.28231
0.040816 0.28231
# triangles
12 13 16
60 61 62
28 29 101
29 100 101
29 31 100
64 65 66
59 60 62
59 62 63
16 17 18
18 19 20
12 16 18
13 14 15
13 15 16
64 66 67
63 64 67
45 47 80
41 42 91
27 28 101
86 87 88
29 30 31
54 55 56
56 59 70
47 48 51
47 51 52
45 46 47
31 33 100
41 94 95
22 104 105
1 4 5
5 6 8
6 7 8
41 95 96
82 83 84
82 85 86
82 84 85
82 86 88
57 58 59
56 57 59
53 56 73
53 73 74
52 53 74
53 54 56
59 63 69
59 69 70
56 72 73
56 70 72
47 52 78
52 77 78
52 76 77
52 74 76
74 75 76
82 88 89
45 80 81
44 45 81
81 82 89
34 35 40
33 34 40
31 32 33
91 92 93
41 91 93
41 93 94
22 23 104
23 25 103
23 103 104
21 22 105
9 108 109
10 11 12
9 107 108
9 10 107
10 12 107
12 18 107
18 20 107
20 21 107
105 106 107
21 105 107
2 3 4
1 2 4
41 96 98
96 97 98
40 41 98
33 40 98
33 98 100
98 99 100
25 102 103
27 101 102
25 27 102
37 38 39
63 67 68
63 68 69
70 71 72
47 79 80
47 78 79
48 49 51
49 50 51
36 37 39
36 39 40
35 36 40
43 44 90
44 81 90
81 89 90
42 43 90
42 90 91
23 24 25
110 111 112
9 109 110
25 26 27
110 112 113
9 110 115
110 113 115
113 114 115
0 8 9
0 9 115
0 1 5
0 5 8
