# points
0.20814 0.5
0.18552 0.52715
0.16516 0.5543
0.1448 0.58145
0.1267 0.6086
0.11086 0.63575
0.097285 0.6629
0.088235 0.69005
0.081448 0.71719
0.076923 0.74434
0.08371 0.76471
0.11086 0.77828
0.13801 0.78959
0.16516 0.8009
0.19231 0.81222
0.21946 0.82353
0.24661 0.83484
0.27376 0.84842
0.3009 0.85973
0.32805 0.87104
0.3552 0.88235
0.38235 0.89367
0.4095 0.90498
0.43665 0.91855
0.4638 0.92986
0.49095 0.94118
0.5181 0.95249
0.54525 0.9638
0.5724 0.97738
0.59955 0.98869
0.6267 1
0.62896 0.97511
0.62896 0.94796
0.62896 0.92081
0.62896 0.89367
0.6267 0.86652
0.6267 0.83937
0.6267 0.81222
0.62443 0.78507
0.62443 0.75792
0.62443 0.73077
0.62217 0.70362
0.62217 0.67647
0.62217 0.64932
0.61991 0.62217
0.61991 0.59502
0.61991 0.56787
0.61991 0.54072
0.61765 0.51357
0.61765 0.48643
0.61765 0.45928
0.61538 0.43213
0.61538 0.40498
0.61538 0.37783
0.61312 0.35068
0.6086 0.32353
0.59955 0.29638
0.5905 0.26923
0.57692 0.24208
0.55882 0.21493
0.53846 0.18778
0.51584 0.1629
0.48869 0.14027
0.46154 0.11991
0.43439 0.10407
0.40724 0.090498
0.38009 0.079186
0.35294 0.070136
0.32579 0.061086
0.29864 0.047511
0.27149 0.038462
0.24434 0.031674
0.21719 0.024887
0.19005 0.020362
0.1629 0.015837
0.13575 0.013575
0.1086 0.0090498
0.081448 0.0067873
0.054299 0.0045249
0.027149 0.0022624
0 0
0.013575 0.0090498
0.040724 0.022624
0.067873 0.036199
0.095023 0.047511
0.12217 0.058824
0.14932 0.070136
0.17647 0.08371
0.20362 0.097285
0.23077 0.11538
0.25792 0.13575
0.28507 0.1629
0.30317 0.19005
0.31448 0.21719
0.32127 0.24434
0.32127 0.27149
0.319 0.29864
0.31222 0.32579
0.3009 0.35294
0.28959 0.38009
0.27376 0.40724
0.25566 0.43439
0.23529 0.46154
0.21719 0.48869
0.20814 0.5
# triangles
29 30 31
29 31 32
28 29 32
75 76 85
44 45 103
2 15 16
1 2 16
56 57 96
57 58 96
58 59 96
72 73 87
73 86 87
75 85 86
76 84 85
20 41 42
19 20 42
18 43 44
19 42 43
18 19 43
8 11 12
7 8 12
20 21 41
21 40 41
9 10 11
8 9 11
4 5 14
5 13 14
2 3 15
3 4 14
3 14 15
0 44 103
0 18 44
63 64 93
48 49 100
74 75 86
73 74 86
5 6 13
6 12 13
6 7 12
24 36 37
24 37 38
28 32 33
23 24 38
22 23 38
22 38 39
21 39 40
21 22 39
0 17 18
1 16 17
0 1 17
78 82 83
62 63 94
63 93 94
61 62 94
60 61 94
64 65 92
64 92 93
47 48 101
48 100 101
46 47 101
51 52 98
24 25 36
26 34 35
25 35 36
25 26 35
27 33 34
26 27 34
27 28 33
79 81 82
78 79 82
79 80 81
77 78 83
77 83 84
76 77 84
60 94 95
59 95 96
59 60 95
70 71 89
45 46 102
46 101 102
45 102 103
52 97 98
54 55 97
56 96 97
55 56 97
69 70 89
71 88 89
72 87 88
71 72 88
68 69 90
69 89 90
52 53 97
53 54 97
65 66 92
51 98 99
50 51 99
49 99 100
49 50 99
67 68 91
68 90 91
66 91 92
66 67 91
