# points
0.07906 0.50214
0.07906 0.52564
0.07906 0.54915
0.076923 0.57265
0.076923 0.59615
0.076923 0.61966
0.076923 0.64316
0.074786 0.66667
0.074786 0.69017
0.074786 0.71368
0.074786 0.73718
0.074786 0.76068
0.07265 0.78419
0.07265 0.80769
0.07265 0.8312
0.07265 0.8547
0.070513 0.87821
0.094017 0.88675
0.11752 0.89316
0.14103 0.89957
0.16453 0.90812
0.18803 0.91453
0.21154 0.92094
0.23504 0.92949
0.25855 0.9359
0.28205 0.94231
0.30556 0.95085
0.32906 0.95726
0.35256 0.96368
0.37607 0.97222
0.39957 0.97863
0.42308 0.98504
0.44658 0.99359
0.47009 1
0.48291 0.98932
0.48077 0.96581
0.48077 0.94231
0.48077 0.9188
0.47863 0.8953
0.47863 0.87179
0.47863 0.84829
0.47863 0.82479
0.4765 0.80128
0.4765 0.77778
0.4765 0.75427
0.47436 0.73077
0.47436 0.70726
0.47436 0.68376
0.47436 0.66026
0.47222 0.63675
0.47222 0.61325
0.47222 0.58974
0.47009 0.56624
0.47009 0.54274
0.47009 0.51923
0.47009 0.49573
0.46795 0.47222
0.46795 0.44872
0.46795 0.42521
0.46581 0.40171
0.46368 0.37821
0.4594 0.3547
0.45085 0.3312
0.44231 0.30769
0.42949 0.28419
0.41453 0.26068
0.39744 0.23718
0.37607 0.21368
0.35256 0.19231
0.32906 0.17521
0.30556 0.16026
0.28205 0.14744
0.25855 0.13675
0.23504 0.12821
0.21154 0.12179
0.18803 0.11111
0.16453 0.096154
0.14103 0.076923
0.11752 0.057692
0.094017 0.036325
0.070513 0.021368
0.047009 0.010684
0.023504 0.0042735
0 0
0.010684 0.010684
0.034188 0.032051
0.049145 0.055556
0.059829 0.07906
0.066239 0.10256
0.07265 0.12607
0.074786 0.14957
0.076923 0.17308
0.07906 0.19658
0.07906 0.22009
0.07906 0.24359
0.081197 0.26709
0.081197 0.2906
0.083333 0.3141
0.083333 0.33761
0.081197 0.36111
0.081197 0.38462
0.081197 0.40812
0.081197 0.43162
0.081197 0.45513
0.07906 0.47863
0.07906 0.50214
0.07906 0.50214
# triangles
33 34 35
32 33 35
60 61 62
62 63 64
64 65 99
7 8 47
2 52 53
59 60 101
60 62 101
23 24 45
24 44 45
22 23 45
31 36 37
31 32 35
31 35 36
15 16 17
1 2 53
6 7 47
3 4 52
2 3 52
70 71 96
64 99 100
62 64 100
62 100 101
56 103 104
73 94 95
72 73 95
71 72 95
71 95 96
68 69 97
70 96 97
69 70 97
24 43 44
10 22 45
8 46 47
56 57 103
1 53 54
6 47 48
6 48 49
26 41 42
30 31 37
12 19 20
4 5 50
5 6 49
5 49 50
82 83 84
77 88 89
75 91 92
73 74 94
74 93 94
74 75 92
74 92 93
59 101 102
58 59 102
57 58 102
57 102 103
65 66 98
65 98 99
66 67 98
67 68 98
68 97 98
11 21 22
10 11 22
11 12 20
11 20 21
8 9 46
9 10 45
9 45 46
0 1 54
0 56 104
0 55 56
0 54 55
26 27 41
25 26 42
24 25 43
25 42 43
27 40 41
28 39 40
27 28 40
15 17 18
82 84 85
78 87 88
77 78 88
76 89 90
76 77 89
75 76 91
76 90 91
4 51 52
4 50 51
28 38 39
28 29 38
30 37 38
29 30 38
14 15 18
14 18 19
80 85 86
81 82 85
80 81 85
12 13 19
13 14 19
79 80 86
78 79 87
79 86 87
