# points
0.30682 0.50227
0.30227 0.52955
0.29318 0.55682
0.28636 0.58409
0.27727 0.61136
0.26818 0.63864
0.25909 0.66591
0.25 0.69318
0.24091 0.72045
0.23182 0.74773
0.22273 0.775
0.21364 0.80227
0.20682 0.82955
0.20227 0.85682
0.21136 0.87727
0.23864 0.88409
0.26591 0.89318
0.29318 0.90227
0.32045 0.90909
0.34773 0.91818
0.375 0.925
0.40227 0.93409
0.42955 0.94318
0.45682 0.95
0.48409 0.95909
0.51136 0.96818
0.53864 0.975
0.56591 0.98409
0.59318 0.99091
0.62045 1
0.63636 0.99545
0.62273 0.96818
0.61136 0.94091
0.59773 0.91364
0.58636 0.88636
0.575 0.85909
0.56136 0.83182
0.55 0.80455
0.53864 0.77727
0.525 0.75
0.51364 0.72273
0.50227 0.69545
0.48864 0.66818
0.48864 0.64091
0.50227 0.61364
0.51591 0.58636
0.52955 0.55909
0.54318 0.53182
0.55682 0.50455
0.56818 0.47727
0.58182 0.45
0.59545 0.42273
0.60909 0.39545
0.62273 0.36818
0.62045 0.34091
0.61364 0.31364
0.60455 0.28636
0.59318 0.25909
0.57955 0.23182
0.55909 0.20455
0.53636 0.17727
0.51364 0.15455
0.48636 0.13182
0.45909 0.11364
0.43182 0.097727
0.40455 0.086364
0.37727 0.075
0.35 0.065909
0.32273 0.054545
0.29545 0.045455
0.26818 0.036364
0.24091 0.029545
0.21364 0.022727
0.18636 0.018182
0.15909 0.015909
0.13182 0.011364
0.10455 0.0090909
0.077273 0.0068182
0.05 0.0045455
0.022727 0
0 0
0.027273 0.015909
0.054545 0.034091
0.081818 0.052273
0.10909 0.072727
0.13636 0.097727
0.15909 0.125
0.17727 0.15227
0.19091 0.17955
0.2 0.20682
0.20682 0.23409
0.21136 0.26136
0.21364 0.28864
0.21591 0.31591
0.22727 0.34318
0.25227 0.37045
0.27955 0.39545
0.3 0.42273
0.30909 0.45
0.30909 0.47727
0.30682 0.50227
# triangles
63 64 91
62 63 96
63 91 96
13 14 15
12 13 15
11 12 15
52 53 54
52 54 55
59 60 96
71 72 86
68 69 88
65 66 90
64 65 91
65 90 91
11 15 16
10 11 16
59 96 97
73 74 85
72 73 86
73 85 86
61 62 96
60 61 96
91 92 96
92 95 96
92 93 94
92 94 95
47 98 99
67 68 88
69 87 88
71 86 87
7 8 41
8 9 18
10 16 17
9 10 17
9 17 18
20 21 38
27 28 32
27 32 33
2 3 43
3 4 43
76 83 84
75 76 84
74 75 84
74 84 85
78 79 81
79 80 81
76 77 83
47 48 98
48 49 98
51 52 55
67 88 89
66 89 90
66 67 89
69 70 87
70 71 87
24 25 34
18 19 40
8 18 40
8 40 41
28 29 31
28 31 32
29 30 31
26 27 33
25 26 34
26 33 34
58 59 97
57 58 97
4 5 42
4 42 43
5 6 42
7 41 42
6 7 42
0 1 45
1 2 44
2 43 44
1 44 45
77 82 83
77 78 82
78 81 82
24 34 35
56 57 97
51 56 97
51 55 56
0 45 46
46 47 99
0 46 99
22 23 37
21 22 37
21 37 38
50 51 97
50 97 98
49 50 98
20 38 39
19 20 39
19 39 40
23 36 37
23 24 36
24 35 36
