# points
0.20362 0.5
0.20136 0.52489
0.20136 0.54977
0.20136 0.57466
0.20136 0.59955
0.1991 0.62443
0.1991 0.64932
0.1991 0.67421
0.1991 0.6991
0.19683 0.72398
0.19683 0.74887
0.19683 0.77376
0.19683 0.79864
0.19683 0.82353
0.19457 0.84842
0.1991 0.87104
0.22398 0.87783
0.24887 0.88688
0.27376 0.89367
0.29864 0.90045
0.32353 0.9095
0.34842 0.91629
0.3733 0.92308
0.39819 0.93213
0.42308 0.93891
0.44796 0.9457
0.47285 0.95475
0.49774 0.96154
0.52262 0.96833
0.54751 0.97738
0.5724 0.98416
0.59729 0.99095
0.62217 1
0.6267 0.9819
0.62217 0.95701
0.61538 0.93213
0.61086 0.90724
0.60633 0.88235
0.59955 0.85747
0.59502 0.83258
0.5905 0.80769
0.58597 0.78281
0.57919 0.75792
0.57466 0.73303
0.57014 0.70814
0.56335 0.68326
0.55882 0.65837
0.5543 0.63348
0.54977 0.6086
0.54299 0.58371
0.53846 0.55882
0.53394 0.53394
0.52715 0.50905
0.52262 0.48416
0.5181 0.45928
0.51357 0.43439
0.50679 0.4095
0.50226 0.38462
0.49774 0.35973
0.49321 0.33484
0.49321 0.30995
0.49095 0.28507
0.48869 0.26018
0.48643 0.23529
0.4819 0.21041
0.47511 0.18552
0.46606 0.16063
0.45249 0.13575
0.43213 0.11312
0.4095 0.095023
0.38462 0.081448
0.35973 0.072398
0.33484 0.063348
0.30995 0.052036
0.28507 0.042986
0.26018 0.036199
0.23529 0.029412
0.21041 0.024887
0.18552 0.020362
0.16063 0.015837
0.13575 0.013575
0.11086 0.0090498
0.085973 0.0067873
0.061086 0.0045249
0.036199 0.0022624
0.011312 0
0 0.0022624
0.024887 0.0181
0.049774 0.033937
0.074661 0.049774
0.099548 0.070136
0.12443 0.090498
0.14706 0.11538
0.16516 0.14027
0.17873 0.16516
0.19005 0.19005
0.19683 0.21493
0.20362 0.23982
0.20588 0.26471
0.20588 0.28959
0.20588 0.31448
0.20588 0.33937
0.20588 0.36425
0.20588 0.38914
0.20362 0.41403
0.20362 0.43891
0.20362 0.4638
0.20362 0.48869
0.20362 0.5
# triangles
31 32 33
31 33 34
69 70 97
65 66 97
64 65 97
68 69 97
66 67 68
66 68 97
63 64 98
64 97 98
22 23 42
9 10 20
0 1 52
56 105 106
1 2 52
5 6 49
72 73 95
72 95 96
58 102 103
58 59 102
59 101 102
62 63 98
62 98 99
6 7 47
7 46 47
7 8 46
21 44 45
20 21 45
9 20 45
8 9 45
8 45 46
56 104 105
4 5 49
4 49 50
6 47 48
6 48 49
71 72 96
70 71 97
71 96 97
77 92 93
22 42 43
21 43 44
21 22 43
25 39 40
24 40 41
24 25 40
23 24 42
24 41 42
79 80 91
59 100 101
59 60 100
11 18 19
10 11 19
10 19 20
54 106 107
0 54 107
57 103 104
56 57 104
57 58 103
2 3 52
3 51 52
3 50 51
3 4 50
73 74 94
73 94 95
74 75 94
75 93 94
77 78 92
78 79 91
78 91 92
28 36 37
30 31 34
30 34 35
26 38 39
25 26 39
27 37 38
27 28 37
26 27 38
82 83 88
85 86 87
80 90 91
80 81 90
76 77 93
75 76 93
13 14 16
14 15 16
11 12 18
55 56 106
54 55 106
0 52 53
0 53 54
29 35 36
28 29 36
29 30 35
83 84 88
84 87 88
84 85 87
82 88 89
81 82 89
81 89 90
13 16 17
12 17 18
12 13 17
61 62 99
60 61 100
61 99 100
