# points
0.20979 0.50117
0.20979 0.52681
0.20979 0.55245
0.20746 0.57809
0.20746 0.60373
0.20746 0.62937
0.20513 0.65501
0.2028 0.68065
0.19814 0.70629
0.1958 0.73193
0.19114 0.75758
0.18881 0.78322
0.18881 0.80886
0.19114 0.8345
0.1958 0.86014
0.2028 0.88578
0.21911 0.91142
0.24476 0.92774
0.2704 0.93706
0.29604 0.94172
0.32168 0.94406
0.34732 0.94639
0.37296 0.95105
0.3986 0.95571
0.42424 0.9627
0.44988 0.97203
0.47552 0.97902
0.50117 0.98601
0.52681 0.99301
0.55245 0.99767
0.57809 1
0.60373 0.99767
0.62937 0.99068
0.64569 0.96737
0.65501 0.94172
0.65967 0.91608
0.66434 0.89044
0.66434 0.8648
0.662 0.83916
0.65734 0.81352
0.65501 0.78788
0.65035 0.76224
0.64802 0.7366
0.64569 0.71096
0.64569 0.68531
0.64569 0.65967
0.64336 0.63403
0.64336 0.60839
0.64336 0.58275
0.64103 0.55711
0.64103 0.53147
0.64103 0.50583
0.64103 0.48019
0.63869 0.45455
0.63869 0.4289
0.63869 0.40326
0.63636 0.37762
0.63403 0.35198
0.62937 0.32634
0.62005 0.3007
0.61072 0.27506
0.59674 0.24942
0.58042 0.22378
0.56177 0.19814
0.53846 0.17249
0.51282 0.14918
0.48718 0.13054
0.46154 0.11422
0.4359 0.10023
0.41026 0.088578
0.38462 0.079254
0.35897 0.06993
0.33333 0.060606
0.30769 0.051282
0.28205 0.041958
0.25641 0.034965
0.23077 0.027972
0.20513 0.02331
0.17949 0.020979
0.15385 0.016317
0.12821 0.013986
0.10256 0.011655
0.076923 0.009324
0.051282 0.006993
0.025641 0.002331
0 0
0.020979 0.013986
0.04662 0.030303
0.072261 0.04662
0.097902 0.065268
0.12354 0.086247
0.14685 0.11189
0.16783 0.13753
0.18415 0.16317
0.1958 0.18881
0.20513 0.21445
0.21212 0.24009
0.21678 0.26573
0.21911 0.29138
0.21678 0.31702
0.21678 0.34266
0.21678 0.3683
0.21445 0.39394
0.21445 0.41958
0.21212 0.44522
0.21212 0.47086
0.21212 0.4965
0.20979 0.50117
# triangles
14 15 17
15 16 17
10 11 21
64 65 98
67 68 97
72 94 95
70 95 96
63 64 98
29 30 35
13 14 19
65 66 98
55 56 103
54 55 103
59 61 101
30 34 35
53 104 105
53 103 104
53 54 103
22 23 43
71 72 95
70 71 95
80 89 90
31 32 33
31 33 34
30 31 34
14 17 18
14 18 19
12 13 20
13 19 20
11 20 21
11 12 20
8 9 22
9 21 22
9 10 21
62 63 99
63 98 99
56 57 101
57 59 101
57 58 59
56 102 103
56 101 102
61 62 100
61 100 101
62 99 100
59 60 61
0 1 106
51 52 106
52 53 106
53 105 106
1 50 106
50 51 106
7 8 22
7 22 43
79 80 90
78 79 90
76 77 92
78 90 91
77 91 92
77 78 91
75 76 92
72 73 94
73 74 93
73 93 94
75 92 93
74 75 93
69 70 96
68 69 97
69 96 97
80 81 89
81 88 89
28 36 37
28 35 36
28 29 35
24 25 40
84 85 86
83 86 87
83 84 86
1 2 50
2 3 49
2 49 50
7 43 44
25 26 39
25 39 40
23 24 41
24 40 41
82 87 88
82 83 87
81 82 88
27 38 39
26 27 39
27 37 38
27 28 37
3 4 48
3 48 49
6 7 44
5 6 46
23 42 43
23 41 42
4 47 48
5 46 47
4 5 47
6 45 46
6 44 45
66 67 97
66 97 98
