# points
0.20348 0.4313
0.18087 0.47652
0.17391 0.52174
0.18087 0.56522
0.22087 0.5913
0.26435 0.56174
0.30957 0.54957
0.33217 0.50435
0.31826 0.45913
0.36174 0.44696
0.38087 0.48348
0.40348 0.52174
0.4487 0.51826
0.4713 0.55478
0.4313 0.53913
0.38609 0.56174
0.34957 0.58783
0.35478 0.63304
0.34957 0.67826
0.34783 0.72348
0.34957 0.7687
0.36348 0.81391
0.4087 0.82957
0.45217 0.8
0.49565 0.77913
0.5287 0.7513
0.56 0.7113
0.58435 0.66609
0.57043 0.62087
0.54435 0.58087
0.58609 0.58261
0.61217 0.62261
0.65739 0.59478
0.67652 0.63304
0.63478 0.64
0.59478 0.67652
0.59826 0.72174
0.61565 0.76
0.61913 0.80522
0.66261 0.82261
0.70435 0.79652
0.73391 0.76348
0.7687 0.72522
0.75478 0.68
0.73913 0.63478
0.78261 0.62783
0.81565 0.66609
0.82783 0.70783
0.85391 0.74609
0.88174 0.78435
0.91478 0.82087
0.96 0.8313
0.9913 0.79478
1 0.74957
0.95652 0.73739
0.9513 0.70435
0.95826 0.65913
0.93913 0.61391
0.92348 0.5687
0.93043 0.52348
0.95304 0.47826
0.94435 0.43304
0.9513 0.38783
0.96 0.34261
0.97391 0.29739
0.96174 0.25217
0.91826 0.21217
0.87304 0.17739
0.82783 0.1513
0.78261 0.12522
0.73739 0.09913
0.69217 0.073043
0.64696 0.050435
0.60174 0.033043
0.55652 0.017391
0.5113 0.0052174
0.46609 0
0.42087 0.015652
0.39304 0.057391
0.35826 0.086957
0.34087 0.12696
0.29913 0.13913
0.26957 0.18087
0.22957 0.21565
0.18435 0.23304
0.13913 0.24522
0.10261 0.28174
0.066087 0.26435
0.02087 0.25565
0 0.29913
0.0086957 0.34261
0.026087 0.38435
0.071304 0.38957
0.11652 0.40174
0.16 0.39826
0.18087 0.35478
0.22087 0.31826
0.22087 0.34783
0.24696 0.38087
0.29217 0.37913
0.2713 0.41739
0.22609 0.41913
0.20348 0.4313
# triangles
86 92 93
86 93 95
85 95 96
85 86 95
32 62 68
63 65 66
86 90 92
90 91 92
50 51 52
96 97 99
93 94 95
87 88 89
87 89 90
86 87 90
32 61 62
59 60 61
62 67 68
63 66 67
62 63 67
30 32 69
32 68 69
30 69 70
63 64 65
17 25 26
13 17 26
13 26 28
17 18 25
18 24 25
18 19 24
20 21 22
52 53 54
50 52 54
49 50 54
97 98 99
0 1 101
8 9 99
9 80 99
9 72 80
9 71 72
8 99 100
1 100 101
1 8 100
1 5 8
1 2 5
5 6 7
5 7 8
2 3 5
3 4 5
84 85 96
83 84 96
72 73 80
73 74 80
78 79 80
74 78 80
76 77 78
13 28 29
20 22 23
19 23 24
19 20 23
80 81 82
80 82 99
82 96 99
82 83 96
47 48 55
48 49 54
48 54 55
45 59 61
32 45 61
75 76 78
74 75 78
26 27 28
9 10 12
12 29 30
12 13 29
12 30 70
12 70 71
9 12 71
15 16 17
13 15 17
13 14 15
47 55 56
46 47 56
46 56 57
45 58 59
46 57 58
45 46 58
30 31 32
37 38 39
37 39 40
37 40 41
33 37 41
10 11 12
41 42 43
33 41 43
33 34 36
33 36 37
33 43 44
32 44 45
32 33 44
34 35 36
