# points
0.073826 0.2953
0.04698 0.32215
0.013423 0.34899
0 0.37584
0.026846 0.39597
0.060403 0.4094
0.09396 0.42282
0.12752 0.41611
0.15436 0.40268
0.18121 0.38255
0.20134 0.41611
0.20134 0.44966
0.20134 0.48322
0.22148 0.51007
0.25503 0.51678
0.28859 0.51007
0.30872 0.47651
0.33557 0.46309
0.36242 0.44295
0.36913 0.4094
0.36242 0.37584
0.33557 0.3557
0.36242 0.32215
0.39597 0.30201
0.42953 0.31544
0.44966 0.34899
0.44966 0.38255
0.41611 0.38926
0.38926 0.4094
0.38255 0.44295
0.39597 0.47651
0.4094 0.51007
0.41611 0.54362
0.42953 0.57047
0.46309 0.58389
0.49664 0.58389
0.52349 0.56376
0.53691 0.5302
0.53691 0.49664
0.56376 0.4698
0.57718 0.43624
0.56376 0.40268
0.53691 0.38255
0.5302 0.3557
0.55034 0.32215
0.57718 0.30201
0.61074 0.32215
0.63758 0.3557
0.61074 0.37584
0.59732 0.40268
0.59732 0.43624
0.62416 0.46309
0.65772 0.4698
0.67114 0.50336
0.7047 0.52349
0.73826 0.51678
0.7651 0.49664
0.77181 0.46309
0.75839 0.42953
0.77852 0.39597
0.79866 0.40268
0.8255 0.41611
0.83893 0.38255
0.85235 0.40268
0.87248 0.42282
0.90604 0.41611
0.9396 0.4094
0.97315 0.39597
1 0.38255
0.98658 0.3557
0.95302 0.32886
0.92617 0.30201
0.89933 0.27517
0.87248 0.25503
0.83893 0.2349
0.80537 0.21477
0.80537 0.18121
0.77852 0.15436
0.77181 0.12081
0.77852 0.087248
0.77181 0.053691
0.73826 0.040268
0.7047 0.026846
0.67114 0.020134
0.63758 0.013423
0.60403 0.013423
0.57047 0.0067114
0.53691 0.0067114
0.50336 0
0.4698 0
0.43624 0
0.40268 0
0.36913 0
0.33557 0.0067114
0.30201 0.0067114
0.26846 0.013423
0.2349 0.026846
0.20805 0.040268
0.20134 0.073826
0.19463 0.10738
0.18792 0.14094
0.16107 0.16779
0.16779 0.20134
0.16779 0.22148
0.13423 0.24161
0.10067 0.26846
0.073826 0.28859
0.073826 0.2953
# triangles
45 84 85
21 22 103
9 21 103
22 102 103
22 100 102
93 99 100
12 13 14
24 87 88
24 45 87
24 88 89
23 24 89
23 89 90
22 23 100
23 93 100
59 74 75
9 103 104
1 4 5
1 5 7
0 1 7
0 8 9
0 7 8
45 83 84
93 94 99
94 95 99
95 96 98
95 98 99
96 97 98
9 10 21
5 6 7
45 85 86
45 86 87
23 90 91
24 44 45
24 25 44
52 53 55
53 54 55
65 70 71
52 55 58
59 62 74
62 65 71
19 20 21
0 9 105
9 104 105
100 101 102
2 3 4
1 2 4
45 46 77
46 75 77
75 76 77
32 33 34
14 15 16
10 16 21
23 92 93
23 91 92
47 52 58
47 58 59
46 47 75
47 59 75
34 35 36
65 66 70
62 73 74
26 27 30
0 105 106
78 82 83
78 81 82
45 78 83
45 77 78
10 11 16
11 12 14
11 14 16
17 19 21
16 17 21
17 18 19
66 67 70
55 57 58
55 56 57
62 71 72
62 72 73
59 60 62
60 61 62
62 63 65
63 64 65
27 28 29
27 29 30
79 80 81
78 79 81
25 26 43
26 42 43
25 43 44
30 31 38
26 30 38
26 38 42
38 39 42
49 51 52
49 50 51
67 68 69
67 69 70
39 40 41
39 41 42
31 32 37
31 37 38
34 36 37
32 34 37
47 48 52
48 49 52
