# points
0 0.28571
0 0.31429
0 0.34286
0 0.37143
0.014286 0.4
0.028571 0.41429
0.057143 0.41429
0.085714 0.4
0.11429 0.38571
0.14286 0.38571
0.15714 0.35714
0.15714 0.32857
0.15714 0.3
0.17143 0.27143
0.18571 0.24286
0.2 0.27143
0.22857 0.27143
0.25714 0.28571
0.24286 0.31429
0.24286 0.34286
0.25714 0.37143
0.25714 0.4
0.28571 0.4
0.31429 0.4
0.34286 0.38571
0.35714 0.35714
0.35714 0.32857
0.37143 0.3
0.38571 0.32857
0.41429 0.32857
0.44286 0.31429
0.45714 0.34286
0.44286 0.37143
0.42857 0.4
0.42857 0.42857
0.42857 0.45714
0.42857 0.48571
0.44286 0.51429
0.47143 0.52857
0.48571 0.55714
0.51429 0.55714
0.54286 0.54286
0.55714 0.51429
0.58571 0.5
0.58571 0.47143
0.6 0.44286
0.6 0.41429
0.57143 0.38571
0.55714 0.35714
0.55714 0.32857
0.57143 0.3
0.6 0.31429
0.61429 0.32857
0.64286 0.32857
0.65714 0.3
0.67143 0.32857
0.67143 0.35714
0.67143 0.38571
0.7 0.4
0.71429 0.41429
0.74286 0.41429
0.75714 0.4
0.77143 0.37143
0.77143 0.34286
0.77143 0.31429
0.78571 0.28571
0.81429 0.28571
0.82857 0.25714
0.85714 0.28571
0.85714 0.31429
0.85714 0.34286
0.87143 0.37143
0.9 0.38571
0.92857 0.38571
0.95714 0.4
0.98571 0.4
1 0.38571
1 0.35714
0.98571 0.32857
1 0.3
1 0.27143
1 0.24286
0.97143 0.22857
0.94286 0.22857
0.92857 0.2
0.9 0.17143
0.87143 0.15714
0.84286 0.14286
0.84286 0.11429
0.82857 0.085714
0.81429 0.057143
0.81429 0.028571
0.8 0.014286
0.77143 0.014286
0.74286 0.014286
0.71429 0.014286
0.68571 0.014286
0.65714 0
0.62857 0
0.6 0
0.57143 0
0.54286 0
0.51429 0
0.48571 0
0.45714 0
0.42857 0
0.4 0
0.37143 0
0.34286 0
0.31429 0
0.28571 0.014286
0.25714 0.014286
0.22857 0.014286
0.2 0.028571
0.18571 0.042857
0.18571 0.071429
0.18571 0.1
0.17143 0.12857
0.15714 0.15714
0.12857 0.17143
0.1 0.18571
0.085714 0.21429
0.057143 0.22857
0.028571 0.24286
0.014286 0.27143
0 0.28571
# triangles
4 5 6
17 27 110
112 113 115
89 90 94
90 93 94
17 26 27
27 106 107
96 97 98
17 110 116
113 114 115
30 49 50
30 103 104
30 50 103
36 37 38
20 21 22
67 68 84
68 83 84
68 69 78
68 78 83
89 94 95
87 89 95
87 95 96
87 88 89
67 86 87
65 66 67
65 67 87
20 25 26
27 105 106
27 30 105
30 104 105
50 100 101
50 99 100
54 96 98
54 87 96
54 65 87
54 64 65
16 17 116
14 15 16
38 39 40
38 40 41
31 32 48
31 48 49
30 31 49
35 36 38
20 22 23
23 24 25
20 23 25
8 9 10
69 73 78
80 82 83
80 81 82
67 84 85
67 85 86
32 33 34
27 29 30
111 112 115
111 115 116
110 111 116
108 109 110
27 108 110
27 107 108
50 102 103
50 101 102
55 63 64
54 55 64
14 16 117
16 116 117
14 117 118
19 20 26
34 35 44
12 122 124
122 123 124
2 7 8
2 3 7
70 71 72
78 79 83
79 80 83
27 28 29
58 62 63
58 61 62
14 118 119
17 18 26
18 19 26
35 38 42
35 42 44
38 41 42
42 43 44
13 14 121
14 119 121
119 120 121
12 121 122
12 13 121
1 2 8
1 8 124
0 1 124
55 56 63
56 58 63
8 10 11
11 12 124
8 11 124
56 57 58
34 44 47
44 45 47
45 46 47
32 47 48
32 34 47
52 53 54
50 51 54
51 52 54
90 91 92
90 92 93
54 98 99
50 54 99
74 75 77
75 76 77
73 74 77
73 77 78
4 6 7
3 4 7
70 72 73
69 70 73
58 59 61
59 60 61
