# points
0 0.27397
0 0.30137
0 0.32877
0 0.35616
0.027397 0.36986
0.054795 0.36986
0.082192 0.36986
0.10959 0.35616
0.12329 0.32877
0.13699 0.35616
0.13699 0.38356
0.15068 0.41096
0.15068 0.43836
0.16438 0.45205
0.19178 0.45205
0.21918 0.43836
0.24658 0.42466
0.27397 0.42466
0.27397 0.45205
0.30137 0.47945
0.31507 0.50685
0.34247 0.50685
0.36986 0.50685
0.38356 0.47945
0.39726 0.45205
0.39726 0.42466
0.39726 0.39726
0.39726 0.36986
0.39726 0.34247
0.42466 0.31507
0.45205 0.31507
0.46575 0.34247
0.46575 0.36986
0.45205 0.39726
0.43836 0.42466
0.43836 0.45205
0.43836 0.47945
0.46575 0.50685
0.46575 0.53425
0.49315 0.53425
0.52055 0.53425
0.53425 0.50685
0.56164 0.47945
0.56164 0.45205
0.56164 0.42466
0.56164 0.39726
0.53425 0.36986
0.54795 0.34247
0.56164 0.31507
0.58904 0.32877
0.60274 0.35616
0.60274 0.38356
0.60274 0.41096
0.60274 0.43836
0.60274 0.46575
0.61644 0.47945
0.63014 0.50685
0.65753 0.52055
0.68493 0.52055
0.69863 0.49315
0.71233 0.46575
0.71233 0.43836
0.71233 0.41096
0.71233 0.38356
0.68493 0.36986
0.67123 0.34247
0.67123 0.31507
0.69863 0.30137
0.72603 0.31507
0.73973 0.34247
0.75342 0.36986
0.75342 0.39726
0.75342 0.42466
0.78082 0.43836
0.80822 0.45205
0.83562 0.45205
0.86301 0.45205
0.87671 0.43836
0.87671 0.41096
0.87671 0.38356
0.90411 0.38356
0.93151 0.38356
0.9589 0.38356
0.9863 0.38356
1 0.36986
1 0.34247
1 0.31507
0.9863 0.28767
0.9726 0.26027
0.94521 0.26027
0.91781 0.24658
0.89041 0.21918
0.86301 0.20548
0.83562 0.19178
0.82192 0.16438
0.82192 0.13699
0.82192 0.10959
0.80822 0.09589
0.79452 0.068493
0.79452 0.041096
0.78082 0.013699
0.75342 0.013699
0.72603 0.013699
0.69863 0.013699
0.67123 0.013699
0.64384 0
0.61644 0
0.58904 0
0.56164 0
0.53425 0
0.50685 0
0.47945 0
0.45205 0
0.42466 0
0.39726 0
0.36986 0
0.34247 0
0.31507 0
0.28767 0
0.26027 0
0.23288 0.013699
0.20548 0.013699
0.20548 0.041096
0.19178 0.068493
0.17808 0.09589
0.17808 0.12329
0.15068 0.15068
0.15068 0.17808
0.12329 0.20548
0.09589 0.21918
0.068493 0.23288
0.041096 0.24658
0.013699 0.26027
0 0.27397
0 0.27397
# triangles
29 116 125
29 113 114
116 117 125
117 123 125
50 65 66
30 111 112
49 50 66
48 49 66
8 127 128
8 128 129
8 129 130
9 16 17
11 15 16
9 11 16
125 126 127
9 10 11
29 115 116
29 114 115
123 124 125
67 94 104
48 66 67
48 67 104
48 108 109
48 107 108
39 40 41
6 7 8
8 130 131
11 14 15
17 27 28
17 28 127
120 121 122
118 119 120
118 120 122
117 118 123
118 122 123
99 100 101
98 99 101
53 55 61
55 60 61
51 52 64
51 64 65
50 51 65
30 48 110
30 110 111
48 109 110
104 105 106
48 104 106
48 106 107
44 45 46
33 44 46
57 58 59
56 57 59
55 59 60
55 56 59
52 62 64
62 63 64
5 6 8
21 22 23
19 20 21
19 21 23
17 18 19
19 23 24
19 24 25
17 19 25
32 33 46
17 26 27
17 25 26
37 38 39
37 39 41
35 36 37
67 93 94
67 68 93
98 101 102
94 97 104
94 95 97
95 96 97
53 54 55
80 81 89
1 8 131
1 5 8
1 131 132
0 1 132
31 46 47
31 32 46
68 69 92
68 92 93
69 79 92
79 91 92
98 102 103
97 103 104
97 98 103
41 42 43
71 72 73
73 74 79
71 73 79
69 70 79
70 71 79
81 86 87
81 87 89
87 88 89
79 90 91
79 80 90
80 89 90
2 4 5
1 2 5
2 3 4
30 112 113
29 30 113
8 17 127
8 9 17
11 12 14
12 13 14
28 29 125
28 125 127
53 61 62
52 53 62
34 35 43
34 43 44
33 34 44
35 37 43
37 41 43
82 84 85
82 83 84
82 85 86
81 82 86
31 47 48
30 31 48
74 78 79
74 75 78
75 76 78
76 77 78
