# points
0.11111 0.30159
0.084656 0.32275
0.063492 0.35979
0.031746 0.3545
0 0.36508
0.005291 0.40212
0.037037 0.41799
0.068783 0.43386
0.10053 0.42328
0.13228 0.4127
0.16931 0.39683
0.16931 0.35979
0.17989 0.32275
0.20635 0.34921
0.2381 0.35979
0.20106 0.37566
0.19577 0.40741
0.20635 0.44444
0.20635 0.48148
0.22222 0.51323
0.24868 0.53968
0.28571 0.53439
0.31746 0.51852
0.33333 0.48677
0.36508 0.4709
0.39153 0.44444
0.37037 0.40741
0.34921 0.38095
0.36508 0.36508
0.39683 0.38624
0.42857 0.39683
0.46561 0.37566
0.46032 0.39683
0.43386 0.41799
0.40212 0.44974
0.42328 0.47619
0.42857 0.51323
0.44974 0.53968
0.46032 0.57143
0.49206 0.58201
0.5291 0.59259
0.55556 0.57143
0.57672 0.55026
0.5873 0.51852
0.60317 0.48677
0.60847 0.44974
0.58201 0.42328
0.56614 0.39683
0.54497 0.38095
0.58201 0.37037
0.61905 0.39153
0.63492 0.4127
0.61905 0.44974
0.6455 0.4709
0.67196 0.50265
0.69841 0.5291
0.73016 0.53968
0.7672 0.54497
0.79365 0.51852
0.81481 0.49206
0.80423 0.45503
0.82011 0.42328
0.83069 0.38624
0.86772 0.39153
0.90476 0.40741
0.9418 0.42328
0.96825 0.4127
1 0.39153
1 0.3545
0.96825 0.34392
0.9418 0.35979
0.91534 0.32275
0.89947 0.2963
0.86772 0.26984
0.83598 0.24339
0.8254 0.20635
0.80952 0.1746
0.79894 0.14286
0.77778 0.11111
0.7672 0.079365
0.7619 0.042328
0.72487 0.026455
0.68783 0.015873
0.65079 0.010582
0.61376 0.005291
0.57672 0.005291
0.53968 0
0.50265 0
0.46561 0
0.42857 0
0.39153 0
0.3545 0.005291
0.31746 0.010582
0.28042 0.015873
0.24339 0.026455
0.21164 0.05291
0.20635 0.089947
0.19577 0.12169
0.17989 0.14815
0.1746 0.18519
0.16931 0.22222
0.15344 0.25926
0.1164 0.29101
0.11111 0.30159
# triangles
49 86 87
31 49 87
28 89 90
28 31 89
28 90 91
94 95 96
50 62 74
49 76 78
49 50 76
31 87 88
31 88 89
78 79 82
79 81 82
79 80 81
49 85 86
49 84 85
78 82 83
49 78 83
49 83 84
93 94 96
92 93 96
28 99 100
92 96 97
91 92 97
28 91 97
28 97 99
14 28 100
28 29 31
29 30 31
31 48 49
31 32 48
50 51 62
50 74 75
50 75 76
76 77 78
97 98 99
54 55 60
55 56 60
53 54 60
51 53 60
67 68 69
14 15 16
14 16 17
21 22 23
2 7 8
2 6 7
32 46 47
32 47 48
43 44 46
51 61 62
51 60 61
56 57 58
56 58 60
58 59 60
2 8 9
17 18 23
23 24 26
12 100 101
12 14 100
12 13 14
3 5 6
2 3 6
3 4 5
33 34 35
32 33 35
35 36 37
32 35 46
35 43 46
35 37 43
37 41 43
44 45 46
64 65 70
65 66 70
63 64 70
63 70 71
66 67 70
67 69 70
62 73 74
9 10 11
19 21 23
18 19 23
19 20 21
14 27 28
23 26 27
17 23 27
14 17 27
24 25 26
0 11 12
41 42 43
37 38 39
37 39 41
39 40 41
51 52 53
62 72 73
62 63 72
63 71 72
12 101 102
0 12 102
0 1 11
1 9 11
1 2 9
