# points
0.074324 0.2973
0.040541 0.33108
0 0.35811
0.013514 0.39189
0.054054 0.41216
0.094595 0.42568
0.12162 0.41216
0.12838 0.37162
0.14189 0.33108
0.15541 0.29054
0.19595 0.26351
0.23649 0.27027
0.27027 0.2973
0.27027 0.33784
0.22973 0.32432
0.19595 0.33784
0.18243 0.37838
0.2027 0.41892
0.2027 0.45946
0.20946 0.5
0.24324 0.52027
0.28378 0.51351
0.31081 0.47973
0.34459 0.46622
0.37162 0.43243
0.37162 0.39189
0.33784 0.36486
0.36486 0.32432
0.40541 0.30405
0.43919 0.33108
0.4527 0.37162
0.42568 0.39189
0.39189 0.41216
0.38514 0.4527
0.41216 0.49324
0.41216 0.53378
0.42568 0.57432
0.46622 0.58784
0.50676 0.58784
0.54054 0.55405
0.54054 0.51351
0.56757 0.47973
0.58108 0.43919
0.56757 0.39865
0.52703 0.37838
0.54054 0.33784
0.57432 0.31081
0.61486 0.32432
0.64189 0.36486
0.60811 0.39189
0.60135 0.42568
0.62162 0.46622
0.66216 0.47297
0.68243 0.51351
0.72297 0.52703
0.76351 0.51351
0.77703 0.47297
0.76351 0.43243
0.78378 0.39189
0.77027 0.35135
0.73649 0.33784
0.7027 0.33108
0.71622 0.29054
0.75676 0.26351
0.7973 0.28378
0.83784 0.31757
0.85135 0.35811
0.85811 0.39865
0.87838 0.42568
0.91892 0.41892
0.95946 0.40541
1 0.39865
1 0.36486
0.95946 0.33108
0.92568 0.30405
0.89865 0.26351
0.85811 0.24324
0.81757 0.22297
0.81081 0.18243
0.78378 0.14865
0.77027 0.10811
0.78378 0.067568
0.75 0.040541
0.70946 0.027027
0.66892 0.02027
0.62838 0.013514
0.58784 0.0067568
0.5473 0.0067568
0.50676 0
0.46622 0
0.42568 0
0.38514 0
0.34459 0.0067568
0.30405 0.0067568
0.26351 0.02027
0.22297 0.027027
0.2027 0.060811
0.2027 0.10135
0.18919 0.14189
0.16216 0.17568
0.18243 0.20946
0.14865 0.23649
0.10811 0.27027
0.074324 0.29054
0.074324 0.2973
# triangles
11 28 92
28 46 88
11 92 97
28 88 89
28 89 90
28 91 92
28 90 91
80 82 83
70 71 72
94 95 96
94 96 97
12 13 27
12 27 28
11 12 28
31 32 33
28 29 46
46 87 88
46 86 87
80 81 82
46 85 86
10 100 101
10 11 100
98 99 100
11 97 98
11 98 100
92 93 97
93 94 97
13 17 22
47 48 61
48 52 57
48 57 61
54 55 56
63 64 77
64 65 76
64 76 77
47 61 62
46 47 62
62 79 80
62 63 79
57 60 61
63 78 79
63 77 78
17 18 22
18 20 21
18 21 22
13 22 26
22 23 26
23 24 26
13 26 27
29 45 46
42 43 44
48 49 52
31 33 34
69 70 73
70 72 73
65 75 76
65 74 75
65 66 74
66 67 69
66 69 73
66 73 74
67 68 69
62 80 84
80 83 84
46 84 85
46 62 84
18 19 20
13 16 17
24 25 26
1 2 3
1 3 4
30 31 44
29 30 45
30 44 45
41 42 44
50 51 52
49 50 52
35 36 37
58 59 60
57 58 60
1 4 7
5 6 7
4 5 7
13 14 16
14 15 16
34 35 40
40 41 44
35 37 40
31 40 44
31 34 40
0 1 7
0 102 103
0 8 102
0 7 8
8 9 102
9 10 101
9 101 102
53 54 56
52 53 56
52 56 57
38 39 40
37 38 40
