# points
0.030534 0.31298
0.01145 0.35115
0.015267 0.38931
0 0.41985
0.022901 0.43893
0.057252 0.42748
0.09542 0.43511
0.13359 0.41603
0.15267 0.38168
0.14885 0.34351
0.16031 0.30916
0.19847 0.29389
0.23664 0.29389
0.26718 0.33206
0.25573 0.3626
0.22519 0.38931
0.22519 0.42748
0.22901 0.46565
0.26336 0.46947
0.29008 0.4542
0.31679 0.41985
0.30916 0.38168
0.32061 0.34351
0.35496 0.32061
0.39313 0.31298
0.4313 0.32443
0.46565 0.35878
0.48473 0.39695
0.48092 0.42748
0.44656 0.45802
0.43893 0.49618
0.44275 0.53435
0.47328 0.57252
0.48473 0.60305
0.51908 0.6145
0.53053 0.58397
0.5687 0.56107
0.58779 0.5229
0.5916 0.48473
0.5687 0.44656
0.53435 0.41985
0.54198 0.38168
0.56489 0.34351
0.60305 0.32061
0.64122 0.31679
0.67939 0.33206
0.70992 0.36641
0.70229 0.40458
0.71374 0.44275
0.74427 0.46947
0.77863 0.46565
0.79389 0.42748
0.79008 0.38931
0.76336 0.3626
0.74427 0.33588
0.76336 0.30153
0.80153 0.28626
0.83969 0.29771
0.8626 0.32824
0.85878 0.36641
0.87405 0.40458
0.91221 0.42366
0.95038 0.42366
0.98092 0.44275
1 0.41221
0.99618 0.37786
0.99618 0.33969
0.96947 0.31679
0.95038 0.28626
0.91221 0.28626
0.87405 0.27863
0.83588 0.24046
0.83206 0.20229
0.79389 0.18702
0.80916 0.15267
0.80534 0.12595
0.79389 0.10305
0.81679 0.072519
0.80153 0.038168
0.76336 0.026718
0.72519 0.019084
0.68702 0.01145
0.64885 0.0076336
0.61069 0.0038168
0.57252 0.0038168
0.53435 0.0038168
0.49618 0
0.45802 0.0038168
0.41985 0.0038168
0.38168 0.0038168
0.34351 0.0038168
0.30534 0.0076336
0.26718 0.01145
0.22901 0.022901
0.19847 0.049618
0.20611 0.087786
0.22901 0.1145
0.20611 0.14122
0.21756 0.17939
0.17939 0.18702
0.17557 0.22519
0.15267 0.25573
0.12214 0.29008
0.083969 0.29389
0.045802 0.30153
0.030534 0.31298
# triangles
92 93 96
25 86 87
24 25 87
2 3 4
91 92 96
90 91 96
24 89 96
89 90 96
32 36 37
31 32 37
12 23 98
23 24 98
24 96 98
93 95 96
93 94 95
2 4 5
1 2 5
24 87 88
24 88 89
44 45 55
44 55 73
44 73 82
43 84 85
25 85 86
25 43 85
43 83 84
44 82 83
43 44 83
25 42 43
32 35 36
33 34 35
32 33 35
30 31 37
96 97 98
1 5 103
0 1 103
0 103 104
5 6 7
71 72 73
76 77 78
59 61 67
65 66 67
56 71 73
55 56 73
45 54 55
25 26 42
26 41 42
26 27 41
9 102 103
5 9 103
5 7 9
7 8 9
11 100 101
98 99 100
12 98 100
11 12 100
16 17 18
16 18 19
16 19 20
14 15 16
73 81 82
73 76 81
62 64 65
62 63 64
62 65 67
61 62 67
59 60 61
58 59 67
47 52 53
27 40 41
47 48 52
9 10 102
10 101 102
10 11 101
12 13 23
13 22 23
16 20 21
14 16 21
13 21 22
13 14 21
76 80 81
73 75 76
73 74 75
48 51 52
58 69 70
67 68 69
58 67 69
46 53 54
46 47 53
45 46 54
57 58 70
57 70 71
56 57 71
30 37 39
37 38 39
27 28 40
28 39 40
28 29 30
28 30 39
49 50 51
48 49 51
76 78 79
76 79 80
