# points
0.015504 0.5969
0.015504 0.63953
0.011628 0.68217
0.0077519 0.72481
0.0077519 0.76744
0.0077519 0.81008
0.003876 0.85271
0 0.89535
0.003876 0.93798
0.03876 0.97287
0.081395 0.9845
0.12403 0.99225
0.16667 0.99612
0.2093 0.99612
0.25194 0.99225
0.29457 1
0.33721 1
0.37984 0.99612
0.42248 0.99612
0.46512 0.99612
0.50775 0.99225
0.55039 0.99225
0.59302 0.98062
0.63566 0.97287
0.67829 0.96899
0.72093 0.95349
0.74031 0.91473
0.74806 0.87209
0.78295 0.84496
0.82558 0.85271
0.86822 0.85271
0.91085 0.82946
0.94186 0.78682
0.96899 0.74419
0.98062 0.70155
0.9845 0.65891
0.9845 0.61628
0.98062 0.57364
0.97287 0.53101
0.96124 0.48837
0.94961 0.44574
0.92248 0.4031
0.89147 0.36047
0.84884 0.32946
0.8062 0.31008
0.76357 0.3062
0.73256 0.3062
0.74031 0.34884
0.74419 0.39147
0.77519 0.3876
0.81783 0.39922
0.86047 0.43411
0.88372 0.47674
0.89922 0.51938
0.90698 0.56202
0.91473 0.60465
0.91473 0.64729
0.91473 0.68992
0.90698 0.73256
0.89147 0.77519
0.85659 0.80233
0.81395 0.80233
0.77519 0.76357
0.75581 0.72093
0.74031 0.67829
0.73256 0.63566
0.72481 0.59302
0.72868 0.55039
0.72868 0.50775
0.72093 0.46512
0.72093 0.42248
0.71705 0.37984
0.71318 0.33721
0.7093 0.29457
0.7093 0.25194
0.70155 0.2093
0.69767 0.16667
0.68992 0.12403
0.66667 0.081395
0.62791 0.050388
0.58527 0.034884
0.54264 0.01938
0.5 0.011628
0.45736 0.003876
0.41473 0
0.37209 0
0.32946 0
0.28682 0.003876
0.24419 0.011628
0.20155 0.023256
0.15891 0.034884
0.11628 0.054264
0.073643 0.089147
0.054264 0.13178
0.050388 0.17442
0.042636 0.21705
0.03876 0.25969
0.034884 0.30233
0.031008 0.34496
0.027132 0.3876
0.023256 0.43023
0.023256 0.47287
0.01938 0.5155
0.01938 0.55814
0.015504 0.5969
# triangles
91 92 93
90 91 94
91 93 94
7 8 9
69 101 102
66 69 103
69 102 103
4 5 14
32 33 58
33 34 57
33 57 58
34 35 57
7 9 10
5 13 14
1 17 66
89 90 94
0 66 103
0 1 66
73 84 85
73 75 82
2 3 14
3 4 14
5 6 11
6 10 11
6 7 10
5 11 12
5 12 13
24 25 26
1 16 17
2 14 16
1 2 16
14 15 16
36 37 55
66 67 69
67 68 69
40 41 52
39 52 53
39 40 52
41 51 52
41 42 51
42 50 51
71 72 98
71 98 99
89 94 95
87 88 96
88 95 96
88 89 95
73 85 97
72 97 98
72 73 97
86 87 96
86 96 97
85 86 97
73 83 84
73 82 83
77 78 79
76 77 79
75 76 80
76 79 80
35 56 57
35 36 56
36 55 56
32 58 59
31 32 59
31 59 60
38 39 53
38 53 54
37 54 55
37 38 54
44 49 50
70 71 99
69 100 101
69 70 100
70 99 100
73 74 75
42 43 50
43 44 50
75 81 82
75 80 81
27 62 63
24 26 27
23 24 27
17 18 66
18 65 66
19 20 64
19 64 65
18 19 65
30 31 60
29 30 60
29 60 61
44 47 49
47 48 49
44 45 47
28 29 61
27 28 62
28 61 62
45 46 47
22 27 63
22 23 27
22 63 64
20 22 64
20 21 22
