# points
0.017857 0.39286
0.017857 0.42857
0.014286 0.46429
0.010714 0.5
0.010714 0.53571
0.0071429 0.57143
0.0035714 0.60714
0 0.64286
0.014286 0.675
0.05 0.68571
0.085714 0.69286
0.12143 0.69286
0.15714 0.7
0.19286 0.70357
0.22857 0.70357
0.26429 0.70357
0.3 0.70714
0.33571 0.70714
0.37143 0.71071
0.40714 0.71071
0.44286 0.71429
0.47857 0.71429
0.51429 0.71429
0.55 0.71429
0.58571 0.71071
0.62143 0.71429
0.65714 0.71786
0.69286 0.71786
0.72857 0.70714
0.75357 0.67857
0.75714 0.64286
0.78929 0.64286
0.825 0.65714
0.86071 0.66071
0.89643 0.65714
0.93214 0.64286
0.96786 0.61786
0.99286 0.58214
1 0.54643
1 0.51071
0.99286 0.475
0.98214 0.43929
0.96429 0.40357
0.93571 0.36786
0.90357 0.34286
0.87143 0.30714
0.83929 0.27857
0.81429 0.25714
0.78571 0.225
0.77143 0.225
0.775 0.26071
0.77857 0.29643
0.79286 0.33214
0.82857 0.35357
0.86429 0.38214
0.89643 0.41429
0.92143 0.45
0.93929 0.48571
0.94286 0.52143
0.93214 0.55714
0.9 0.58929
0.86429 0.6
0.82857 0.59286
0.79286 0.56429
0.77857 0.52857
0.76071 0.49286
0.75 0.45714
0.75 0.42143
0.75 0.38571
0.75 0.35
0.75 0.31429
0.75 0.27857
0.75 0.24286
0.74643 0.20714
0.74643 0.17143
0.74286 0.13571
0.73929 0.1
0.70714 0.067857
0.67143 0.05
0.63571 0.035714
0.6 0.025
0.56429 0.017857
0.52857 0.010714
0.49286 0.0071429
0.45714 0.0035714
0.42143 0
0.38571 0
0.35 0
0.31429 0
0.27857 0.0035714
0.24286 0.0071429
0.20714 0.010714
0.17143 0.017857
0.13571 0.025
0.1 0.042857
0.064286 0.060714
0.032143 0.092857
0.035714 0.12857
0.039286 0.16429
0.039286 0.2
0.035714 0.23571
0.035714 0.27143
0.032143 0.30714
0.028571 0.34286
0.021429 0.37857
0.017857 0.39286
# triangles
69 85 86
72 73 81
37 38 59
36 37 59
19 69 86
69 84 85
69 70 84
70 83 84
26 27 30
27 28 30
25 26 30
7 8 9
17 18 86
18 19 86
30 64 65
25 30 65
87 88 101
70 71 83
71 82 83
71 72 81
71 81 82
44 45 54
73 74 79
73 80 81
73 79 80
40 41 57
38 58 59
42 43 55
43 44 55
44 54 55
28 29 30
30 31 63
31 62 63
30 63 64
34 35 60
35 36 60
36 59 60
31 32 62
1 2 15
15 103 104
1 15 104
0 1 104
6 7 9
6 9 10
5 6 10
5 10 11
16 17 103
15 16 103
24 25 65
24 65 66
45 53 54
45 46 53
19 20 67
86 87 102
87 101 102
17 102 103
17 86 102
95 96 97
94 95 97
91 92 99
88 89 101
47 48 50
46 47 51
47 50 51
48 49 50
74 78 79
75 76 77
75 77 78
74 75 78
38 39 58
39 40 57
39 57 58
42 55 56
41 42 56
41 56 57
34 60 61
32 61 62
4 5 11
4 11 12
3 4 13
4 12 13
2 14 15
3 13 14
2 3 14
22 23 66
23 24 66
19 68 69
19 67 68
46 51 52
46 52 53
21 22 66
21 66 67
20 21 67
93 94 98
92 93 98
92 98 99
94 97 98
90 91 99
90 99 100
89 90 101
90 100 101
33 34 61
32 33 61
