# points
0.041199 0.47191
0.037453 0.50936
0.037453 0.54682
0.033708 0.58427
0.029963 0.62172
0.022472 0.65918
0.014981 0.69663
0.011236 0.73408
0.011236 0.77154
0.011236 0.80899
0.0037453 0.84644
0 0.8839
0 0.92135
0.033708 0.95131
0.071161 0.96629
0.10861 0.97753
0.14607 0.98876
0.18352 0.98502
0.22097 0.98127
0.25843 0.98502
0.29588 0.99251
0.33333 1
0.37079 1
0.40824 0.99625
0.44569 1
0.48315 0.99251
0.5206 0.98876
0.55805 0.98127
0.59551 0.97004
0.63296 0.95506
0.66667 0.92135
0.67041 0.8839
0.6779 0.84644
0.67416 0.80899
0.67041 0.77154
0.66667 0.73408
0.69288 0.71536
0.73034 0.73034
0.76779 0.74157
0.80524 0.73408
0.8427 0.71536
0.8764 0.6779
0.89139 0.64045
0.90637 0.603
0.92135 0.56554
0.92884 0.52809
0.93258 0.49064
0.92884 0.45318
0.91386 0.41573
0.88015 0.38202
0.8427 0.36704
0.80524 0.35206
0.76779 0.34457
0.73034 0.33708
0.69288 0.33333
0.65543 0.33708
0.65543 0.37453
0.67416 0.41199
0.71161 0.41948
0.74906 0.42697
0.78652 0.43071
0.82397 0.44944
0.85768 0.48315
0.87266 0.5206
0.86891 0.55805
0.85768 0.59551
0.8427 0.63296
0.80524 0.65918
0.76779 0.65918
0.73034 0.64419
0.69288 0.61049
0.68539 0.57303
0.66292 0.53558
0.64794 0.49813
0.64045 0.46067
0.64045 0.42322
0.64045 0.38577
0.63296 0.34831
0.63296 0.31086
0.62921 0.27341
0.62921 0.23596
0.62547 0.1985
0.62547 0.16105
0.61798 0.1236
0.58801 0.086142
0.55056 0.071161
0.51311 0.048689
0.47566 0.026217
0.4382 0.018727
0.40075 0.0074906
0.3633 0
0.32584 0
0.28839 0.0037453
0.25094 0.0074906
0.21348 0.018727
0.17603 0.033708
0.13858 0.05618
0.10112 0.089888
0.086142 0.12734
0.078652 0.16479
0.074906 0.20225
0.059925 0.2397
0.06367 0.27715
0.059925 0.31461
0.052434 0.35206
0.048689 0.38951
0.044944 0.42697
0.041199 0.46442
0.041199 0.47191
# triangles
11 12 13
2 3 73
86 87 88
5 6 19
9 17 18
8 9 18
6 18 19
20 23 35
83 84 85
89 90 91
89 91 100
88 89 100
91 92 100
92 93 94
92 94 100
96 97 98
4 20 35
4 5 19
4 19 20
4 35 72
3 4 73
4 72 73
7 8 18
6 7 18
9 15 17
15 16 17
94 95 99
94 99 100
95 96 99
96 98 99
11 13 14
36 69 70
35 70 72
35 36 70
38 39 68
39 67 68
41 66 67
50 60 61
82 83 85
79 86 88
79 80 86
0 1 74
2 73 74
1 2 74
53 54 58
100 101 102
88 100 102
79 88 102
78 102 103
78 79 102
10 11 14
9 10 15
10 14 15
29 30 31
28 29 31
37 38 68
36 37 69
37 68 69
27 28 31
20 21 22
20 22 23
43 44 64
39 40 67
40 41 67
48 49 61
49 50 61
46 47 62
47 48 62
48 61 62
70 71 72
81 82 85
81 85 86
80 81 86
54 57 58
23 24 25
23 25 35
25 34 35
27 31 33
41 42 66
43 64 65
42 43 65
42 65 66
50 51 60
51 52 60
52 59 60
53 58 59
52 53 59
44 45 63
44 63 64
45 46 63
46 62 63
77 78 103
77 103 104
77 104 105
54 55 56
54 56 57
75 76 77
75 77 105
0 106 107
0 74 106
74 75 106
75 105 106
26 27 33
25 26 34
26 33 34
31 32 33
