# points
0.0040816 0.54694
0.0081633 0.58776
0.016327 0.62857
0.032653 0.66939
0.061224 0.7102
0.10204 0.73878
0.14286 0.75102
0.18367 0.74694
0.22449 0.7551
0.2449 0.79592
0.24082 0.83673
0.23673 0.87755
0.25306 0.91837
0.2898 0.95102
0.33061 0.96735
0.37143 0.97959
0.41224 0.98776
0.45306 0.99592
0.49388 0.99592
0.53469 1
0.57551 0.99592
0.61633 0.99592
0.65714 0.99184
0.69796 0.98367
0.73878 0.97551
0.77959 0.96327
0.82041 0.94694
0.86122 0.91837
0.88571 0.87755
0.88163 0.83673
0.87347 0.79592
0.86939 0.7551
0.86122 0.71429
0.85306 0.67347
0.8449 0.63265
0.84082 0.59184
0.83673 0.55102
0.83265 0.5102
0.83265 0.46939
0.83265 0.42857
0.83265 0.38776
0.82857 0.34694
0.83265 0.30612
0.82857 0.26531
0.82449 0.22449
0.82449 0.18367
0.82449 0.14286
0.81633 0.10204
0.77959 0.061224
0.73878 0.036735
0.69796 0.020408
0.65714 0.0081633
0.61633 0.0040816
0.57551 0
0.53469 0
0.49388 0
0.45306 0.0081633
0.41224 0.016327
0.37143 0.032653
0.33061 0.053061
0.2898 0.085714
0.27347 0.12653
0.26939 0.16735
0.26531 0.20816
0.26122 0.24898
0.25714 0.2898
0.25714 0.33061
0.25306 0.37143
0.25306 0.41224
0.25306 0.45306
0.25306 0.49388
0.24898 0.53469
0.22449 0.57551
0.20816 0.61633
0.19184 0.65714
0.1551 0.68163
0.11429 0.66531
0.081633 0.62857
0.065306 0.58776
0.057143 0.54694
0.053061 0.50612
0.04898 0.46531
0.04898 0.42449
0.053061 0.38367
0.057143 0.34286
0.069388 0.30204
0.089796 0.26122
0.13061 0.23673
0.17143 0.24898
0.21224 0.26122
0.22041 0.22041
0.20816 0.17959
0.16735 0.16735
0.12653 0.17143
0.085714 0.18776
0.04898 0.22857
0.028571 0.26939
0.012245 0.3102
0.0081633 0.35102
0.0040816 0.39184
0 0.43265
0 0.47347
0 0.51429
0.0040816 0.54694
# triangles
84 85 97
38 69 70
46 47 48
27 28 29
81 100 101
80 81 101
80 101 102
85 96 97
26 27 29
84 97 98
38 39 69
83 98 99
83 84 98
10 11 12
5 6 75
6 7 75
37 38 70
37 70 71
36 37 71
8 72 73
8 71 72
0 1 79
0 79 80
0 80 102
26 29 30
34 35 71
35 36 71
81 82 100
82 99 100
82 83 99
58 62 63
86 95 96
85 86 96
57 58 63
56 57 63
54 55 56
44 52 53
9 20 34
8 9 71
9 34 71
9 10 14
4 5 76
5 75 76
3 4 76
7 8 74
7 74 75
8 73 74
58 59 62
40 41 68
39 68 69
39 40 68
41 66 67
41 67 68
44 51 52
9 18 20
10 12 13
10 13 14
2 3 77
3 76 77
41 42 43
43 53 54
43 44 53
20 33 34
25 26 30
20 21 33
21 32 33
23 31 32
59 60 61
59 61 62
86 94 95
86 87 94
87 93 94
43 54 64
56 63 64
54 56 64
44 50 51
9 16 18
1 2 78
2 77 78
1 78 79
45 48 49
45 46 48
45 49 50
44 45 50
24 25 30
24 30 31
23 24 31
18 19 20
88 91 92
87 88 92
87 92 93
88 89 90
88 90 91
43 64 65
41 65 66
41 43 65
9 14 15
9 15 16
22 23 32
21 22 32
16 17 18
