# points
0.010345 0.5
0.0068966 0.54483
0.0034483 0.58966
0.0034483 0.63448
0.0034483 0.67931
0 0.72414
0 0.76897
0 0.81379
0.017241 0.85172
0.062069 0.86552
0.1069 0.86897
0.15172 0.86897
0.19655 0.86897
0.24138 0.86897
0.28621 0.86897
0.33103 0.86897
0.37586 0.86552
0.42069 0.87241
0.46552 0.86897
0.51034 0.86897
0.55517 0.86552
0.6 0.86552
0.64483 0.85862
0.68966 0.84483
0.71034 0.8069
0.7069 0.76207
0.73448 0.72759
0.77931 0.73793
0.82414 0.74138
0.86897 0.73103
0.91379 0.7069
0.95172 0.66552
0.97586 0.62069
0.98966 0.57586
0.99655 0.53103
1 0.48621
0.99655 0.44138
0.98621 0.39655
0.97241 0.35172
0.94828 0.3069
0.91379 0.26207
0.86897 0.22759
0.82414 0.21379
0.77931 0.21379
0.73448 0.22414
0.69655 0.24138
0.7 0.28621
0.70345 0.33103
0.72069 0.34483
0.72759 0.3
0.77241 0.26897
0.81724 0.26552
0.86207 0.28621
0.9 0.33103
0.92414 0.37586
0.93793 0.42069
0.94483 0.46552
0.94483 0.51034
0.93793 0.55517
0.92069 0.6
0.9 0.64483
0.85862 0.68621
0.81379 0.7
0.76897 0.6931
0.73793 0.64828
0.71379 0.61379
0.7 0.56897
0.69655 0.52414
0.6931 0.47931
0.68966 0.43448
0.68276 0.38966
0.68276 0.34483
0.67931 0.3
0.67586 0.25517
0.67241 0.21034
0.66897 0.16552
0.68621 0.12414
0.66207 0.07931
0.61724 0.051724
0.57241 0.034483
0.52759 0.02069
0.48276 0.010345
0.43793 0.0068966
0.3931 0.0034483
0.34828 0
0.30345 0
0.25862 0.0034483
0.21379 0.010345
0.16897 0.02069
0.12414 0.034483
0.07931 0.055172
0.041379 0.093103
0.034483 0.13793
0.044828 0.18276
0.037931 0.22759
0.027586 0.27241
0.024138 0.31724
0.02069 0.36207
0.013793 0.4069
0.013793 0.45172
0.010345 0.49655
0.010345 0.5
# triangles
70 97 99
5 10 11
2 13 14
1 2 14
4 5 11
4 11 12
30 31 60
31 32 59
31 59 60
32 33 59
97 98 99
89 90 93
88 89 93
87 88 93
86 87 93
90 91 92
90 92 93
72 83 96
83 84 96
69 70 99
68 69 99
35 36 56
2 3 13
3 12 13
3 4 12
19 65 66
7 8 9
30 60 61
40 41 52
39 40 53
40 52 53
86 93 94
85 86 94
84 85 94
84 94 96
94 95 96
71 72 96
70 71 97
71 96 97
33 58 59
36 55 56
1 14 15
0 68 99
0 16 68
16 67 68
16 66 67
19 20 65
18 19 66
16 17 18
16 18 66
6 7 9
5 6 10
6 9 10
22 23 24
26 64 65
29 30 61
26 63 64
26 27 63
43 44 50
41 42 51
41 51 52
42 43 51
43 50 51
44 45 46
72 73 83
75 77 78
75 76 77
74 75 80
33 34 58
36 37 55
0 99 100
34 57 58
35 56 57
34 35 57
21 22 25
22 24 25
20 21 25
20 25 65
25 26 65
44 49 50
44 46 49
47 48 49
46 47 49
74 80 81
75 78 79
75 79 80
37 54 55
39 53 54
29 61 62
28 29 62
27 62 63
27 28 62
73 74 82
74 81 82
73 82 83
38 39 54
37 38 54
0 15 16
0 1 15
