# points
0.041152 0.51029
0.037037 0.54733
0.037037 0.58436
0.037037 0.6214
0.032922 0.65844
0.032922 0.69547
0.020576 0.73251
0 0.76955
0 0.80658
0.024691 0.84362
0.057613 0.87654
0.09465 0.90535
0.13169 0.91358
0.16872 0.92181
0.20576 0.92181
0.2428 0.92181
0.27984 0.93004
0.31687 0.93416
0.35391 0.94239
0.39095 0.94239
0.42798 0.93827
0.46502 0.93004
0.50206 0.93004
0.53909 0.93416
0.57613 0.93416
0.61317 0.93004
0.65021 0.9177
0.68724 0.90535
0.72428 0.88889
0.74897 0.85185
0.76132 0.81481
0.75309 0.77778
0.74897 0.74074
0.78601 0.7284
0.82305 0.7284
0.86008 0.7284
0.89712 0.7284
0.93416 0.72428
0.95885 0.69136
0.96708 0.65432
0.97942 0.61728
0.98765 0.58025
1 0.54321
1 0.50617
0.97942 0.46914
0.9465 0.44033
0.90947 0.41975
0.87243 0.39918
0.83539 0.37037
0.80658 0.33333
0.77778 0.2963
0.7572 0.25926
0.74074 0.24691
0.74486 0.28395
0.74897 0.32099
0.75309 0.35802
0.77366 0.38683
0.8107 0.41564
0.84774 0.44033
0.88477 0.47325
0.92181 0.50617
0.93416 0.54321
0.93004 0.58025
0.92181 0.61728
0.90123 0.65432
0.8642 0.67078
0.82716 0.67078
0.79012 0.66255
0.7572 0.62963
0.74074 0.59259
0.73663 0.55556
0.73251 0.51852
0.73251 0.48148
0.73251 0.44444
0.73251 0.40741
0.7284 0.37037
0.72428 0.33333
0.72016 0.2963
0.71605 0.25926
0.71193 0.22222
0.71193 0.18519
0.69959 0.14815
0.68313 0.11111
0.65432 0.074074
0.61728 0.045267
0.58025 0.024691
0.54321 0.012346
0.50617 0
0.46914 0
0.4321 0
0.39506 0
0.35802 0
0.32099 0.0041152
0.28395 0.0082305
0.24691 0.016461
0.20988 0.028807
0.17284 0.045267
0.1358 0.069959
0.11111 0.107
0.10288 0.14403
0.098765 0.18107
0.074074 0.21811
0.065844 0.25514
0.061728 0.29218
0.057613 0.32922
0.057613 0.36626
0.053498 0.40329
0.049383 0.44033
0.045267 0.47737
0.041152 0.51029
# triangles
6 7 9
7 8 9
95 96 99
97 98 99
96 97 99
5 6 12
5 12 13
72 107 108
2 3 17
94 95 100
95 99 100
77 100 103
6 10 12
10 11 12
6 9 10
3 15 16
3 16 17
3 4 15
4 5 15
0 1 2
77 103 104
2 17 21
22 32 69
21 22 69
24 25 32
5 14 15
5 13 14
79 85 86
93 94 100
77 90 100
77 78 90
47 48 57
72 73 107
79 84 85
73 106 107
73 75 106
77 104 105
75 105 106
100 102 103
100 101 102
17 20 21
71 72 108
0 71 108
0 2 71
39 40 63
40 62 63
40 41 62
27 28 29
27 29 31
25 26 32
26 31 32
26 27 31
34 35 66
22 23 32
23 24 32
92 93 100
78 79 89
78 89 90
47 57 58
48 56 57
49 55 56
48 49 56
49 54 55
49 50 54
76 77 105
75 76 105
17 18 19
17 19 20
21 69 70
2 21 70
2 70 71
32 68 69
32 67 68
45 59 60
44 45 60
43 44 60
35 65 66
35 36 65
32 33 67
33 66 67
33 34 66
29 30 31
79 81 84
81 83 84
81 82 83
90 91 100
91 92 100
79 86 88
79 88 89
86 87 88
73 74 75
50 53 54
50 51 53
51 52 53
45 46 59
46 47 58
46 58 59
41 42 61
41 61 62
42 43 61
43 60 61
36 37 64
36 64 65
37 38 64
39 63 64
38 39 64
79 80 81
