# points
0.048701 0.54545
0.038961 0.58766
0.035714 0.62987
0.029221 0.67208
0.022727 0.71429
0.012987 0.75649
0.012987 0.7987
0.0064935 0.84091
0.0032468 0.88312
0 0.92532
0.019481 0.96429
0.061688 0.97078
0.1039 0.97727
0.1461 0.97727
0.18831 0.98052
0.23052 0.98701
0.27273 0.99026
0.31494 0.99351
0.35714 0.99675
0.39935 0.99351
0.44156 1
0.48377 0.99675
0.52597 0.99675
0.56818 1
0.61039 1
0.6526 1
0.69481 1
0.72727 0.97078
0.72727 0.92857
0.73052 0.88636
0.74351 0.8474
0.78571 0.85065
0.82792 0.85065
0.87013 0.83766
0.9026 0.81169
0.92532 0.76948
0.94481 0.72727
0.95455 0.68506
0.96429 0.64286
0.97078 0.60065
0.97727 0.55844
0.97078 0.51623
0.97078 0.47403
0.96104 0.43182
0.93831 0.38961
0.8961 0.36039
0.8539 0.33766
0.81169 0.32468
0.76948 0.30519
0.72727 0.27922
0.72727 0.30844
0.73052 0.35065
0.75325 0.37987
0.79545 0.4026
0.83766 0.41883
0.87987 0.45455
0.89935 0.49675
0.90584 0.53896
0.89935 0.58117
0.8961 0.62338
0.88636 0.66558
0.87013 0.70779
0.84416 0.75
0.80519 0.77597
0.76299 0.75325
0.73701 0.71104
0.72078 0.66883
0.72078 0.62662
0.71753 0.58442
0.71429 0.54221
0.71753 0.5
0.71429 0.45779
0.71104 0.41558
0.71429 0.37338
0.70779 0.33117
0.70455 0.28896
0.69805 0.24675
0.69805 0.20455
0.69481 0.16234
0.67857 0.12013
0.63961 0.084416
0.5974 0.058442
0.55519 0.042208
0.51299 0.025974
0.47078 0.0097403
0.42857 0.0032468
0.38636 0
0.34416 0.0032468
0.30195 0.0032468
0.25974 0.0032468
0.21753 0.012987
0.17532 0.025974
0.13636 0.051948
0.12013 0.094156
0.11364 0.13636
0.094156 0.17857
0.097403 0.22078
0.094156 0.26299
0.084416 0.30519
0.077922 0.3474
0.071429 0.38961
0.064935 0.43182
0.055195 0.47403
0.051948 0.51623
0.048701 0.54545
# triangles
69 101 103
0 69 103
9 10 11
8 9 11
8 11 12
89 90 94
87 96 97
74 97 98
44 45 55
3 16 17
17 18 19
101 102 103
4 15 16
3 4 16
4 14 15
4 6 14
7 8 12
91 92 93
90 91 93
90 93 94
87 88 96
88 94 96
88 89 94
85 86 87
85 87 97
83 85 97
83 84 85
76 83 97
76 82 83
76 81 82
2 19 66
2 66 67
2 3 17
2 17 19
0 1 2
0 2 67
38 39 59
22 29 30
22 23 29
32 33 63
30 31 63
31 32 63
45 46 54
45 54 55
78 79 80
74 98 99
6 13 14
7 12 13
6 7 13
4 5 6
94 95 96
74 75 97
75 76 97
77 80 81
76 77 81
77 78 80
0 68 69
0 67 68
22 30 65
22 65 66
38 59 60
36 60 61
35 36 61
21 22 66
19 20 21
19 21 66
25 26 28
26 27 28
43 44 55
43 55 56
42 43 56
40 41 57
41 56 57
41 42 56
69 71 101
48 49 50
39 58 59
39 40 58
40 57 58
33 62 63
33 34 62
34 35 62
35 61 62
37 38 60
36 37 60
23 24 29
24 28 29
24 25 28
69 70 71
72 74 99
72 99 100
72 100 101
71 72 101
47 48 52
30 63 64
30 64 65
72 73 74
47 52 53
46 53 54
46 47 53
48 50 51
48 51 52
