# points
0.0046729 0.56075
0.014019 0.6028
0.018692 0.64486
0.03271 0.68692
0.051402 0.72897
0.084112 0.77103
0.12617 0.79439
0.16822 0.80374
0.21028 0.80374
0.25234 0.81776
0.26636 0.85981
0.26636 0.90187
0.2757 0.94393
0.31776 0.96729
0.35981 0.97664
0.40187 0.98131
0.44393 0.98598
0.48598 0.99065
0.52804 0.99533
0.57009 0.99533
0.61215 1
0.65421 1
0.69626 1
0.73832 1
0.78037 0.99533
0.82243 0.99533
0.86449 0.99065
0.90654 0.98131
0.93925 0.9486
0.94393 0.90654
0.9486 0.86449
0.94393 0.82243
0.94393 0.78037
0.9486 0.73832
0.95327 0.69626
0.95327 0.65421
0.95327 0.61215
0.95327 0.57009
0.94393 0.52804
0.94393 0.48598
0.9486 0.44393
0.9486 0.40187
0.9486 0.35981
0.94393 0.31776
0.93458 0.2757
0.93458 0.23364
0.93925 0.19159
0.94393 0.14953
0.93925 0.10748
0.91121 0.065421
0.86916 0.046729
0.8271 0.03271
0.78505 0.018692
0.74299 0.0093458
0.70093 0.0093458
0.65888 0.0046729
0.61682 0.0046729
0.57477 0
0.53271 0
0.49065 0.0046729
0.4486 0.014019
0.40654 0.023364
0.36449 0.042056
0.3271 0.079439
0.31776 0.1215
0.31308 0.16355
0.30841 0.20561
0.30374 0.24766
0.29907 0.28972
0.29439 0.33178
0.28972 0.37383
0.28505 0.41589
0.28505 0.45794
0.28505 0.5
0.28037 0.54206
0.2757 0.58411
0.25701 0.62617
0.23832 0.66822
0.21495 0.71028
0.1729 0.73364
0.13084 0.71963
0.1028 0.67757
0.088785 0.63551
0.079439 0.59346
0.074766 0.5514
0.074766 0.50935
0.074766 0.46729
0.074766 0.42523
0.079439 0.38318
0.093458 0.34112
0.10748 0.29907
0.12617 0.25701
0.16822 0.22897
0.21028 0.2243
0.25234 0.25701
0.27103 0.27103
0.2757 0.22897
0.28037 0.18692
0.24299 0.16822
0.20093 0.16355
0.15888 0.1729
0.11682 0.19626
0.079439 0.23364
0.056075 0.2757
0.042056 0.31776
0.028037 0.35981
0.018692 0.40187
0.0093458 0.44393
0 0.48598
0.0046729 0.52804
0.0046729 0.56075
# triangles
19 35 75
35 36 75
86 107 108
86 87 107
92 100 101
91 101 102
91 92 101
27 28 29
26 27 29
62 63 64
61 62 64
40 41 70
39 40 70
39 72 73
88 89 105
56 57 67
56 67 68
44 56 68
41 69 70
44 68 69
36 37 38
36 38 75
38 74 75
38 39 73
38 73 74
85 86 108
85 108 109
21 33 34
11 12 13
9 17 76
9 16 17
17 75 76
9 10 16
25 30 31
25 29 30
25 26 29
89 104 105
87 106 107
87 88 106
88 105 106
2 3 82
60 61 65
61 64 65
39 70 71
39 71 72
93 98 99
92 93 100
93 99 100
89 90 104
90 103 104
90 102 103
90 91 102
52 53 54
43 44 69
8 9 78
9 76 77
9 77 78
84 85 109
48 49 50
47 48 50
45 51 52
44 45 54
45 52 54
22 32 33
21 22 33
22 23 32
18 19 75
17 18 75
10 15 16
24 25 31
24 31 32
23 24 32
0 84 109
0 1 84
59 60 66
60 65 66
58 59 66
57 66 67
57 58 66
44 55 56
44 54 55
41 42 69
42 43 69
7 8 79
8 78 79
6 7 79
6 79 80
4 5 80
5 6 80
4 80 81
3 81 82
3 4 81
1 83 84
2 82 83
1 2 83
45 46 51
46 47 50
46 50 51
20 21 34
20 34 35
19 20 35
10 14 15
10 11 14
11 13 14
93 96 98
96 97 98
93 94 96
94 95 96
