# points
0.022956 0.50215
0.068867 0.55954
0.13486 0.58393
0.2023 0.58824
0.27116 0.58393
0.33716 0.58824
0.40603 0.58967
0.47202 0.60689
0.53945 0.60402
0.60402 0.59541
0.67001 0.61836
0.70301 0.67001
0.66714 0.73027
0.59828 0.75466
0.54663 0.81205
0.52941 0.88092
0.48637 0.93687
0.47059 0.96844
0.52941 0.97274
0.54232 0.94405
0.56241 0.87518
0.59684 0.92683
0.5911 0.98422
0.63558 0.9297
0.6571 0.97848
0.71162 1
0.73888 0.93544
0.76471 0.97561
0.78049 1
0.79914 0.94548
0.77044 0.87661
0.79627 0.85653
0.82783 0.83931
0.84218 0.84362
0.8264 0.77475
0.87231 0.7891
0.91392 0.82927
0.91248 0.87948
0.93687 0.84075
0.93831 0.77762
0.87661 0.73745
0.86944 0.68436
0.88235 0.6571
0.93974 0.61549
0.901 0.56671
0.83357 0.56098
0.76901 0.54232
0.75753 0.49498
0.73601 0.44907
0.70445 0.41176
0.66714 0.37303
0.61263 0.3759
0.60689 0.31564
0.64706 0.25395
0.65854 0.18508
0.68436 0.11621
0.74175 0.064562
0.70732 0.040172
0.66141 0.061693
0.64132 0.088953
0.63702 0.15495
0.60258 0.22095
0.57389 0.23816
0.5538 0.17073
0.54376 0.10187
0.59254 0.044476
0.55524 0.015782
0.50789 0.047346
0.49785 0.07891
0.51793 0.14778
0.52367 0.21664
0.5208 0.28551
0.49928 0.34146
0.43329 0.32568
0.36585 0.31133
0.29699 0.32281
0.23386 0.34864
0.19512 0.29842
0.16356 0.23099
0.16356 0.16212
0.19369 0.093257
0.24821 0.032999
0.22669 0
0.17934 0.037303
0.15782 0.04878
0.14921 0.11765
0.10904 0.18364
0.10187 0.24964
0.093257 0.27977
0.045911 0.21951
0.041607 0.15065
0.073171 0.086083
0.097561 0.043042
0.043042 0.064562
0 0.064562
0.0086083 0.13199
0.0086083 0.20086
0 0.26973
0.050215 0.32281
0.067432 0.38451
0.032999 0.4462
0.022956 0.50215
# triangles
1 2 100
0 1 100
27 28 29
36 38 39
35 36 39
36 37 38
35 39 40
34 35 40
2 99 100
2 76 99
15 16 19
21 22 23
42 43 44
42 44 45
4 5 76
5 6 73
2 3 76
3 4 76
14 15 20
20 21 23
15 19 20
81 82 83
13 14 20
13 20 23
6 72 73
6 7 72
63 69 70
63 64 69
64 66 67
64 65 66
16 17 18
16 18 19
23 26 30
26 27 29
26 29 30
24 25 26
23 24 26
32 33 35
31 32 34
34 40 41
11 34 41
11 41 45
41 42 45
5 75 76
88 98 99
88 97 98
49 50 51
9 49 51
11 45 46
55 58 59
55 57 58
55 56 57
11 12 34
12 23 30
12 13 23
12 31 34
12 30 31
64 67 68
64 68 69
5 73 74
5 74 75
78 86 87
78 87 88
91 92 93
93 94 95
91 93 95
89 96 97
88 89 97
53 54 61
8 9 51
8 51 72
7 8 72
9 47 48
9 48 49
9 10 47
10 46 47
10 11 46
55 59 60
54 55 60
54 60 61
62 70 71
62 63 70
53 61 62
77 78 88
76 77 99
77 88 99
80 81 83
80 83 84
90 95 96
89 90 96
90 91 95
52 53 62
52 62 71
51 52 72
52 71 72
78 79 86
80 84 85
79 80 85
79 85 86
