# points
0.17629 0.36474
0.17325 0.41033
0.15805 0.45593
0.17325 0.49848
0.21277 0.48936
0.25836 0.50152
0.30395 0.50456
0.34954 0.49848
0.39514 0.48936
0.44073 0.47416
0.48632 0.45897
0.53191 0.44681
0.57751 0.43769
0.62006 0.41945
0.65957 0.41337
0.66869 0.45593
0.66565 0.50152
0.65957 0.54407
0.64134 0.58967
0.61094 0.63222
0.57751 0.66869
0.59878 0.68693
0.60486 0.7234
0.62006 0.68085
0.64438 0.63526
0.65046 0.66869
0.67173 0.66565
0.67477 0.62006
0.70821 0.59271
0.7234 0.6231
0.69909 0.66869
0.69301 0.70517
0.71125 0.7386
0.7234 0.70213
0.7386 0.69909
0.75684 0.68997
0.7538 0.64438
0.77812 0.61094
0.79027 0.56839
0.81763 0.53191
0.86322 0.50456
0.85714 0.46201
0.81155 0.45593
0.79027 0.42553
0.80243 0.38298
0.79635 0.33739
0.76596 0.30395
0.7386 0.26444
0.78419 0.2462
0.82979 0.24316
0.8693 0.21884
0.89666 0.17629
0.93313 0.14286
0.96657 0.10334
1 0.06383
0.9696 0.051672
0.93009 0.085106
0.89362 0.11854
0.86626 0.16413
0.82675 0.20061
0.78116 0.20365
0.80243 0.17629
0.82675 0.1307
0.8541 0.085106
0.88754 0.045593
0.91489 0
0.87842 0
0.84195 0.030395
0.81763 0.075988
0.79331 0.12158
0.75684 0.15502
0.71125 0.16717
0.66565 0.17325
0.62006 0.17933
0.58055 0.20973
0.53799 0.22188
0.4924 0.22188
0.44681 0.21884
0.40426 0.23708
0.36474 0.23404
0.32523 0.20973
0.27964 0.20973
0.23404 0.20365
0.20061 0.17629
0.18237 0.1307
0.16109 0.085106
0.1155 0.048632
0.091185 0.06079
0.12462 0.097264
0.15198 0.13374
0.16717 0.17629
0.15805 0.20973
0.12462 0.17021
0.1003 0.12462
0.082067 0.079027
0.036474 0.048632
0 0.030395
0.018237 0.072948
0.051672 0.10638
0.085106 0.15198
0.1003 0.19757
0.10638 0.24316
0.1459 0.2614
0.19149 0.26444
0.19757 0.30395
0.18541 0.34954
0.17629 0.36474
# triangles
95 96 97
53 54 55
2 3 4
91 101 102
76 77 78
95 97 98
85 86 88
85 88 89
49 50 59
47 60 71
60 70 71
47 73 74
8 9 78
8 78 79
10 76 78
9 10 78
79 104 105
1 2 4
0 1 105
91 100 101
84 85 89
93 98 99
86 87 88
62 68 69
53 55 56
52 53 56
52 56 57
51 52 57
63 67 68
62 63 68
47 48 60
48 49 59
48 59 60
47 72 73
47 71 72
7 8 79
7 79 105
6 7 105
13 74 75
82 91 103
91 102 103
40 41 42
5 6 105
1 5 105
1 4 5
91 92 100
92 99 100
92 93 99
82 83 91
81 82 103
81 103 104
79 80 81
79 81 104
93 94 98
94 95 98
61 62 69
61 69 70
60 61 70
51 57 58
50 58 59
50 51 58
64 65 66
64 66 67
63 64 67
44 45 46
20 21 23
19 20 23
21 22 23
11 75 76
10 11 76
14 47 74
13 14 74
14 46 47
14 43 44
14 44 46
39 40 42
83 90 91
84 89 90
83 84 90
12 13 75
11 12 75
14 15 43
15 42 43
17 18 28
28 37 38
28 29 37
16 17 28
16 28 38
16 38 39
16 39 42
15 16 42
29 36 37
29 30 36
19 23 24
18 19 24
30 31 33
31 32 33
18 27 28
18 24 27
30 33 34
34 35 36
30 34 36
24 25 26
24 26 27
