# points
0.23981 0.47722
0.25659 0.506
0.27338 0.53477
0.29017 0.56115
0.31894 0.56115
0.34772 0.57554
0.3717 0.60432
0.38129 0.63309
0.38369 0.66187
0.38129 0.69065
0.3765 0.71942
0.38609 0.7482
0.39568 0.77698
0.40767 0.80576
0.41727 0.83453
0.42686 0.86091
0.45564 0.86091
0.43645 0.86571
0.43405 0.88489
0.44365 0.91367
0.45324 0.94245
0.46283 0.97122
0.47242 1
0.48201 1
0.48921 0.97122
0.494 0.94245
0.5012 0.91367
0.50839 0.88489
0.5036 0.86571
0.51319 0.86091
0.52038 0.83213
0.52278 0.80336
0.51079 0.77458
0.506 0.7458
0.50839 0.71703
0.51559 0.68825
0.52998 0.65947
0.55156 0.63309
0.58034 0.61391
0.60911 0.60192
0.63789 0.59712
0.65947 0.57554
0.67386 0.54676
0.69065 0.51799
0.70743 0.48921
0.72422 0.46043
0.74101 0.43165
0.7554 0.40288
0.77218 0.3741
0.78897 0.34532
0.80576 0.31655
0.82254 0.28777
0.83693 0.25899
0.85372 0.23022
0.8705 0.20144
0.88729 0.17266
0.90408 0.14388
0.91847 0.11511
0.93525 0.086331
0.95204 0.057554
0.94005 0.045564
0.91127 0.045564
0.88249 0.045564
0.85372 0.045564
0.82494 0.045564
0.79616 0.045564
0.76739 0.045564
0.73861 0.045564
0.70983 0.045564
0.68106 0.045564
0.65228 0.045564
0.6235 0.040767
0.59472 0.023981
0.56595 0.01199
0.53717 0.0047962
0.50839 0
0.47962 0
0.45084 0.0023981
0.42206 0.0071942
0.39329 0.019185
0.36451 0.033573
0.33573 0.045564
0.30695 0.045564
0.27818 0.045564
0.2494 0.045564
0.22062 0.045564
0.19185 0.045564
0.16307 0.045564
0.13429 0.045564
0.10552 0.045564
0.076739 0.045564
0.047962 0.045564
0.019185 0.045564
0 0.052758
0.016787 0.081535
0.033573 0.11031
0.05036 0.13909
0.067146 0.16787
0.081535 0.19664
0.098321 0.22542
0.11511 0.2542
0.13189 0.28297
0.14628 0.31175
0.16307 0.34053
0.17986 0.3693
0.19664 0.39808
0.21343 0.42686
0.22782 0.45564
0.23981 0.47722
# triangles
46 71 80
80 81 106
81 103 104
58 59 60
22 23 24
81 104 105
81 105 106
45 46 80
45 80 106
81 82 103
90 91 95
71 79 80
57 58 62
2 3 4
1 2 4
16 18 19
16 28 30
16 27 28
14 16 32
84 85 100
45 106 107
5 45 107
92 93 94
91 92 94
91 94 95
89 90 96
90 95 96
88 89 96
72 73 74
74 75 76
71 72 74
71 74 79
74 76 79
57 62 63
46 47 71
47 48 71
50 69 70
49 50 70
48 49 71
49 70 71
77 78 79
76 77 79
14 15 16
21 24 25
20 21 25
21 22 24
20 25 26
19 20 26
16 19 26
16 26 27
28 29 30
16 30 31
16 31 32
13 14 32
12 13 32
85 86 99
85 99 100
82 102 103
83 84 101
84 100 101
82 83 101
82 101 102
0 4 5
0 5 107
0 1 4
5 44 45
5 43 44
58 60 61
58 61 62
53 66 67
16 17 18
9 10 11
9 11 34
12 32 33
11 12 33
11 33 34
8 9 35
9 34 35
7 8 35
86 87 98
86 98 99
54 65 66
53 54 66
50 51 69
52 67 68
52 53 67
52 68 69
51 52 69
5 6 38
5 38 43
87 88 97
87 97 98
88 96 97
55 64 65
54 55 65
6 37 38
39 40 41
39 41 42
39 42 43
38 39 43
56 63 64
55 56 64
56 57 63
7 35 36
6 7 36
6 36 37
