# points
0 0.41685
0.028078 0.44708
0.060475 0.46868
0.092873 0.49244
0.12527 0.52268
0.15335 0.55508
0.1879 0.57019
0.22246 0.58099
0.25702 0.58531
0.29158 0.58963
0.30022 0.61123
0.27214 0.63499
0.25702 0.66307
0.26566 0.69762
0.25486 0.72786
0.2419 0.76242
0.23326 0.79698
0.25054 0.83153
0.28294 0.82937
0.31749 0.82073
0.35205 0.82073
0.38661 0.81641
0.41901 0.79914
0.4514 0.77754
0.48164 0.74946
0.51404 0.72354
0.5486 0.70194
0.57667 0.72138
0.60475 0.74082
0.62203 0.77106
0.63931 0.80346
0.66955 0.82073
0.70194 0.82289
0.7365 0.83153
0.76026 0.80994
0.77754 0.77754
0.78186 0.74298
0.78186 0.70842
0.78186 0.67387
0.78186 0.63931
0.78618 0.60475
0.78834 0.57019
0.77538 0.53564
0.7581 0.50108
0.79266 0.4946
0.82721 0.50108
0.86177 0.5054
0.89417 0.49244
0.91793 0.4622
0.95248 0.44924
0.98704 0.43413
1 0.40821
0.9676 0.38013
0.93305 0.35421
0.90065 0.32613
0.87041 0.29374
0.83801 0.26782
0.80346 0.25702
0.7689 0.24838
0.73434 0.24406
0.69978 0.23974
0.71058 0.21382
0.7365 0.18575
0.73434 0.15119
0.7365 0.11663
0.75162 0.086393
0.76026 0.053996
0.7581 0.019438
0.73002 0
0.69546 0.0086393
0.66091 0.010799
0.62635 0.012959
0.59179 0.025918
0.5594 0.049676
0.527 0.077754
0.4946 0.10583
0.46004 0.12527
0.42981 0.12527
0.39741 0.10367
0.38013 0.069114
0.35853 0.036717
0.32613 0.017279
0.29158 0.019438
0.25702 0.0043197
0.2311 0.038877
0.2203 0.073434
0.21814 0.10799
0.2203 0.14255
0.22246 0.17711
0.2203 0.21166
0.21166 0.24622
0.2203 0.28078
0.23542 0.31533
0.23974 0.34557
0.20518 0.34341
0.17063 0.33693
0.13607 0.33477
0.10583 0.36069
0.075594 0.38229
0.041037 0.39525
0.0086393 0.41037
0 0.41685
# triangles
60 76 93
4 6 93
9 60 93
8 9 93
16 17 18
4 5 6
66 67 68
6 7 93
7 8 93
9 43 60
9 26 43
26 42 43
4 93 94
95 96 97
82 83 84
0 1 100
1 99 100
61 63 73
55 56 57
60 61 74
61 73 74
43 59 60
43 58 59
15 16 18
49 52 53
3 95 97
3 4 94
3 94 95
79 82 86
78 88 89
61 62 63
43 44 58
44 57 58
44 55 57
60 75 76
60 74 75
63 64 73
11 12 13
10 11 13
9 10 26
50 51 52
49 50 52
3 97 98
78 79 87
79 86 87
78 87 88
82 84 85
82 85 86
77 89 92
77 78 89
76 77 93
77 92 93
44 54 55
44 45 54
48 49 53
48 53 54
45 48 54
65 66 69
66 68 69
64 69 70
64 65 69
64 72 73
79 80 82
80 81 82
13 14 20
13 21 22
13 20 21
13 22 23
10 13 23
26 40 42
2 3 98
1 2 99
2 98 99
89 91 92
89 90 91
64 70 71
64 71 72
14 19 20
15 18 19
14 15 19
29 30 31
10 25 26
40 41 42
45 47 48
10 23 24
10 24 25
26 27 40
27 39 40
45 46 47
29 36 37
29 31 32
29 32 36
28 37 38
28 29 37
28 38 39
27 28 39
32 35 36
32 33 34
32 34 35
