# points
0.21285 0.51406
0.23896 0.54618
0.23092 0.57631
0.23494 0.60241
0.19679 0.62851
0.16265 0.65663
0.13655 0.69478
0.11647 0.73293
0.090361 0.76908
0.066265 0.80522
0.078313 0.83333
0.11446 0.85341
0.12249 0.89157
0.15663 0.90964
0.19478 0.90964
0.23293 0.90161
0.27108 0.88153
0.30321 0.85141
0.33333 0.81928
0.36948 0.78916
0.40361 0.76305
0.43976 0.76104
0.46586 0.75904
0.48795 0.78112
0.5 0.81928
0.51406 0.85743
0.54418 0.89357
0.57631 0.93173
0.60241 0.96586
0.62851 1
0.66064 0.98394
0.69679 0.96586
0.73494 0.96586
0.75502 0.93173
0.76707 0.89357
0.76908 0.85542
0.75703 0.81727
0.73896 0.77912
0.71888 0.74096
0.70482 0.70281
0.69076 0.66466
0.69076 0.62851
0.71285 0.61245
0.71888 0.58635
0.75703 0.58835
0.79518 0.58835
0.83333 0.58233
0.87149 0.56024
0.90964 0.54618
0.94779 0.53414
0.98594 0.51807
0.98193 0.48795
0.96988 0.4498
0.98594 0.41165
0.95984 0.37952
0.9257 0.35743
0.88755 0.34137
0.8494 0.34137
0.81124 0.34538
0.77309 0.35341
0.73494 0.35743
0.69679 0.36145
0.65863 0.35743
0.65462 0.32129
0.61847 0.32329
0.62851 0.28514
0.64056 0.24699
0.6506 0.20884
0.64659 0.17068
0.64056 0.13253
0.64056 0.094378
0.64056 0.056225
0.63454 0.02008
0.59639 0.03012
0.55823 0.018072
0.52811 0
0.49197 0.016064
0.45984 0.044177
0.43574 0.076305
0.4257 0.11446
0.41767 0.15261
0.41365 0.19076
0.40361 0.22892
0.39357 0.26707
0.37349 0.29719
0.34137 0.29518
0.3253 0.31727
0.28916 0.28916
0.25301 0.26305
0.21486 0.249
0.17671 0.24498
0.13855 0.23293
0.1004 0.22088
0.062249 0.21285
0.052209 0.24297
0.036145 0.27912
0 0.30522
0.0060241 0.34337
0.022088 0.38153
0.046185 0.41767
0.084337 0.44378
0.12249 0.46185
0.16064 0.47992
0.1988 0.50602
0.21285 0.51406
# triangles
52 55 57
8 9 10
8 10 11
89 101 102
1 84 86
0 1 86
74 75 76
70 73 74
1 64 84
1 41 64
41 62 64
52 53 54
52 54 55
28 29 30
7 8 11
7 11 16
1 20 21
1 3 20
41 43 62
1 2 3
86 87 102
86 102 103
0 86 103
55 56 57
62 63 64
47 57 58
47 58 59
64 65 82
28 30 31
31 33 34
31 32 33
11 15 16
11 14 15
11 12 13
11 13 14
5 6 18
41 42 43
48 52 57
47 48 57
44 45 59
45 47 59
1 21 22
1 22 41
27 28 31
26 27 37
88 89 102
87 88 102
84 85 86
4 5 18
89 90 101
90 100 101
91 92 94
92 93 94
71 72 73
70 71 73
74 76 77
69 70 74
69 74 77
69 77 79
65 81 82
43 61 62
65 66 81
3 19 20
3 4 19
4 18 19
7 16 17
6 7 17
6 17 18
49 51 52
48 49 52
49 50 51
27 36 37
27 31 36
45 46 47
64 83 84
64 82 83
90 91 95
95 98 99
95 99 100
90 95 100
91 94 95
77 78 79
69 79 80
44 59 60
43 44 60
43 60 61
31 34 35
31 35 36
24 25 38
23 24 38
23 38 39
26 37 38
25 26 38
23 39 40
22 40 41
22 23 40
95 96 97
95 97 98
68 69 80
68 80 81
66 67 68
66 68 81
