# points
0 0.43466
0.036932 0.46307
0.073864 0.48864
0.1108 0.50852
0.14773 0.52273
0.18466 0.53409
0.22159 0.53977
0.25852 0.54261
0.29545 0.53977
0.29545 0.5625
0.27273 0.59943
0.25852 0.63636
0.24432 0.6733
0.2358 0.71023
0.23295 0.74716
0.23011 0.78409
0.23295 0.82102
0.23864 0.85795
0.26705 0.85795
0.30398 0.84375
0.34091 0.82386
0.37784 0.7983
0.41477 0.76705
0.44602 0.73011
0.47159 0.69318
0.49148 0.65625
0.51136 0.68182
0.53125 0.71875
0.55966 0.75568
0.59375 0.79261
0.63068 0.82102
0.66761 0.84375
0.70455 0.86364
0.74148 0.87784
0.74716 0.84091
0.75284 0.80398
0.75284 0.76705
0.75 0.73011
0.74432 0.69318
0.7358 0.65625
0.72159 0.61932
0.70455 0.58239
0.68466 0.54545
0.72159 0.55114
0.75852 0.55114
0.79545 0.54545
0.83239 0.53977
0.86932 0.52841
0.90625 0.51136
0.94318 0.49148
0.98011 0.46591
1 0.43466
0.96307 0.40625
0.92614 0.38068
0.8892 0.3608
0.85227 0.34659
0.81534 0.33523
0.77841 0.32955
0.74148 0.3267
0.70455 0.32955
0.69886 0.30966
0.71875 0.27273
0.7358 0.2358
0.74716 0.19886
0.75568 0.16193
0.76136 0.125
0.76136 0.088068
0.75852 0.051136
0.75568 0.014205
0.72727 0.011364
0.69034 0.025568
0.65341 0.045455
0.61648 0.071023
0.57955 0.10227
0.5483 0.1392
0.52273 0.17614
0.50568 0.21307
0.4858 0.19318
0.46591 0.15625
0.4375 0.11932
0.40057 0.082386
0.36364 0.053977
0.3267 0.03125
0.28977 0.014205
0.25284 0
0.24432 0.03125
0.24148 0.068182
0.23864 0.10511
0.24148 0.14205
0.24716 0.17898
0.25852 0.21591
0.26989 0.25284
0.28977 0.28977
0.30966 0.3267
0.27273 0.32386
0.2358 0.32386
0.19886 0.32955
0.16193 0.33807
0.125 0.34943
0.088068 0.36648
0.051136 0.3892
0.014205 0.41477
0 0.43466
# triangles
8 9 25
29 37 38
9 24 25
46 47 55
42 59 76
44 45 57
26 40 41
25 26 42
26 41 42
28 29 38
29 30 37
11 22 23
16 17 18
13 14 21
14 20 21
8 25 93
25 42 93
42 76 93
0 1 101
83 84 85
66 67 70
66 70 71
47 48 54
47 54 55
44 57 58
42 43 59
43 44 58
43 58 59
45 56 57
46 55 56
45 46 56
28 38 39
28 39 40
26 27 40
27 28 40
30 36 37
30 31 36
31 35 36
11 12 22
12 13 21
12 21 22
9 10 24
10 23 24
10 11 23
16 18 19
15 16 19
14 15 20
15 19 20
5 6 96
67 68 69
67 69 70
48 49 53
48 53 54
64 72 73
63 64 73
59 60 76
31 34 35
31 32 34
32 33 34
78 79 91
78 91 92
4 5 97
5 96 97
79 90 91
79 80 90
80 81 88
49 50 52
49 52 53
50 51 52
65 66 71
65 71 72
64 65 72
7 8 94
8 93 94
77 78 92
76 77 93
77 92 93
3 4 98
4 97 98
80 88 89
80 89 90
83 85 86
61 62 74
62 63 73
62 73 74
61 74 75
60 75 76
60 61 75
6 7 95
7 94 95
6 95 96
2 3 99
3 98 99
82 83 86
81 87 88
81 82 87
82 86 87
1 2 100
2 99 100
1 100 101
