# points
0 0.42365
0.03202 0.45074
0.064039 0.47291
0.091133 0.49261
0.11823 0.50985
0.13793 0.52463
0.16502 0.53941
0.19458 0.55172
0.22906 0.56158
0.23645 0.5936
0.2266 0.62315
0.22414 0.65764
0.21921 0.69212
0.21921 0.7266
0.2266 0.75616
0.23645 0.78571
0.24877 0.81527
0.26355 0.83744
0.29064 0.83498
0.3202 0.83251
0.35222 0.82266
0.38177 0.81281
0.41379 0.79557
0.44089 0.78325
0.46305 0.76847
0.48768 0.74384
0.50739 0.75123
0.52956 0.77094
0.55419 0.7931
0.58128 0.81281
0.61084 0.82759
0.63793 0.83498
0.66749 0.84236
0.70197 0.84975
0.73399 0.84975
0.74384 0.84236
0.75862 0.81527
0.7734 0.78571
0.78079 0.75369
0.79064 0.7266
0.79064 0.69212
0.78818 0.6601
0.78571 0.62808
0.7734 0.59606
0.79557 0.58374
0.82759 0.57389
0.85714 0.56158
0.8867 0.5468
0.91626 0.52709
0.94581 0.50739
0.96798 0.48522
0.98276 0.45813
1 0.42857
0.97783 0.40394
0.95074 0.38424
0.93103 0.36453
0.90887 0.34236
0.88424 0.32266
0.85468 0.30788
0.82266 0.29557
0.78818 0.28571
0.76355 0.26601
0.77586 0.23153
0.78325 0.20197
0.78079 0.17488
0.78079 0.14286
0.77586 0.11084
0.77094 0.081281
0.76601 0.049261
0.76108 0.012315
0.73399 0
0.70197 0
0.67488 0.0049261
0.64039 0.017241
0.60837 0.034483
0.57882 0.054187
0.55419 0.073892
0.52709 0.091133
0.50493 0.10345
0.48276 0.08867
0.45813 0.066502
0.43103 0.049261
0.40148 0.029557
0.36946 0.0098522
0.3399 0.0024631
0.30788 0
0.27833 0
0.26601 0.014778
0.25369 0.044335
0.24384 0.073892
0.23399 0.10591
0.22906 0.133
0.22414 0.16256
0.2266 0.19458
0.23153 0.2266
0.24138 0.25616
0.21921 0.26847
0.19704 0.28818
0.16502 0.30542
0.13793 0.31527
0.10837 0.33005
0.071429 0.34236
0.041872 0.367
0.027094 0.39163
0.0098522 0.42118
0 0.42365
# triangles
8 95 97
68 69 70
8 61 95
61 78 95
8 25 61
25 43 61
95 96 97
4 98 99
4 99 100
78 79 95
79 80 93
13 14 20
14 15 20
8 9 25
9 10 11
2 100 101
2 101 102
79 94 95
79 93 94
80 81 93
33 34 35
11 12 22
15 19 20
6 7 98
7 8 97
7 97 98
4 5 98
5 6 98
3 4 100
2 3 100
62 64 76
61 62 76
67 68 72
91 92 93
81 91 93
51 52 53
62 63 64
41 42 43
11 22 23
29 30 40
12 21 22
12 13 21
13 20 21
15 16 18
15 18 19
16 17 18
0 1 104
2 102 103
1 2 103
1 103 104
61 77 78
61 76 77
65 66 75
66 74 75
64 65 75
64 75 76
67 72 73
66 67 73
66 73 74
84 88 89
82 83 89
83 84 89
68 70 71
68 71 72
81 82 90
81 90 91
82 89 90
46 47 57
44 45 59
45 46 59
47 48 56
47 56 57
33 35 36
32 33 36
32 36 37
11 23 24
9 24 25
9 11 24
85 87 88
84 85 88
85 86 87
44 59 60
43 44 60
43 60 61
46 57 58
46 58 59
48 55 56
32 37 38
31 32 38
38 39 40
30 38 40
30 31 38
25 26 43
28 40 41
28 29 40
48 49 54
48 54 55
49 50 54
50 51 54
51 53 54
26 27 43
27 41 43
27 28 41
