# points
0.069588 0.43814
0.033505 0.48196
0.018041 0.54124
0 0.60052
0.033505 0.62629
0.074742 0.64948
0.10052 0.6933
0.15206 0.69588
0.21134 0.67526
0.27062 0.64948
0.30928 0.6366
0.35825 0.59278
0.39175 0.58505
0.42784 0.54124
0.46134 0.52577
0.42268 0.57732
0.39433 0.62887
0.38402 0.67784
0.37887 0.72423
0.37629 0.77062
0.3634 0.8299
0.37371 0.88402
0.41753 0.91753
0.45103 0.94072
0.48711 0.96134
0.54639 0.94072
0.59536 0.90979
0.64691 0.86598
0.63402 0.81186
0.63402 0.75258
0.62371 0.70876
0.61082 0.65722
0.59794 0.60052
0.56959 0.55412
0.54639 0.50515
0.56186 0.50258
0.60309 0.54639
0.62887 0.58505
0.66495 0.60825
0.70619 0.62887
0.75 0.66495
0.8067 0.68041
0.85309 0.70103
0.90206 0.67784
0.95361 0.64948
1 0.59278
0.99485 0.55412
0.97938 0.50258
0.96134 0.44588
0.90979 0.42784
0.85052 0.41753
0.81186 0.40979
0.75258 0.40979
0.70103 0.39691
0.64175 0.40979
0.62887 0.39175
0.67784 0.35567
0.73454 0.31443
0.78093 0.2732
0.8299 0.22938
0.86082 0.17784
0.86598 0.13918
0.84536 0.085052
0.81443 0.036082
0.7732 0.012887
0.71392 0.015464
0.67268 0
0.62371 0.046392
0.60567 0.087629
0.56443 0.14433
0.52835 0.19845
0.53608 0.23196
0.5232 0.29124
0.50773 0.35052
0.49742 0.35052
0.48711 0.31186
0.48454 0.25258
0.46392 0.19845
0.44845 0.15464
0.42784 0.12371
0.40979 0.072165
0.37887 0.028351
0.33247 0.012887
0.28608 0
0.2268 0.012887
0.18041 0.054124
0.15464 0.097938
0.14691 0.14175
0.15464 0.18299
0.18041 0.22938
0.20876 0.2732
0.25515 0.29897
0.28351 0.32216
0.34021 0.3634
0.39175 0.39433
0.42268 0.4201
0.36598 0.41495
0.31186 0.40206
0.25258 0.40722
0.19845 0.39691
0.13918 0.41237
0.079897 0.43041
0.069588 0.43814
# triangles
1 5 100
57 58 69
58 68 69
77 92 93
82 83 84
82 84 85
79 80 82
80 81 82
1 2 5
77 91 92
58 59 68
47 48 49
9 98 100
44 45 46
44 46 47
57 69 71
86 87 88
85 86 88
2 3 4
2 4 5
0 1 100
0 100 101
79 89 91
79 82 89
82 85 89
85 88 89
78 79 91
77 78 91
98 99 100
59 65 68
63 64 65
65 67 68
65 66 67
60 61 62
59 60 62
59 62 65
62 63 65
11 97 98
11 96 97
10 11 98
9 10 98
5 6 7
5 8 100
8 9 100
5 7 8
26 27 28
19 28 29
19 20 22
19 22 28
22 26 28
20 21 22
11 13 96
16 17 31
17 18 30
17 30 31
19 29 30
18 19 30
55 56 72
56 57 71
56 71 72
14 33 34
76 77 93
75 76 93
13 95 96
13 14 95
14 34 95
69 70 71
89 90 91
40 41 50
47 49 50
22 23 25
22 25 26
23 24 25
11 12 13
75 93 94
34 73 95
55 72 73
35 55 73
34 35 73
41 42 43
43 44 47
43 47 50
41 43 50
39 40 50
38 39 52
37 38 52
36 37 52
14 15 33
15 32 33
15 16 31
15 31 32
74 94 95
73 74 95
74 75 94
36 52 53
39 50 51
39 51 52
36 53 54
35 54 55
35 36 54
