# points
0 0.48665
0.053388 0.51129
0.1191 0.52977
0.1848 0.55031
0.25051 0.55236
0.31622 0.54415
0.27926 0.577
0.21971 0.62012
0.17043 0.68378
0.1232 0.74127
0.086242 0.79671
0.15195 0.77618
0.21766 0.75154
0.28337 0.73101
0.34292 0.68789
0.39836 0.64476
0.37166 0.71047
0.35113 0.77618
0.34908 0.84189
0.34702 0.9076
0.34497 0.97331
0.37988 0.94867
0.41889 0.88706
0.46407 0.82546
0.49076 0.75975
0.50513 0.69405
0.52361 0.7269
0.54209 0.79261
0.577 0.85421
0.62218 0.91992
0.66119 0.97741
0.67556 0.94045
0.67146 0.87474
0.67351 0.80903
0.66119 0.74333
0.6345 0.67762
0.65092 0.6653
0.70431 0.71047
0.77002 0.74127
0.83573 0.76386
0.90144 0.7885
0.91786 0.76797
0.87474 0.71458
0.82957 0.65092
0.77207 0.59754
0.70842 0.55852
0.73717 0.54825
0.80287 0.55236
0.86858 0.54209
0.93429 0.51951
1 0.50308
0.99795 0.47228
0.93224 0.4538
0.86653 0.43326
0.80082 0.423
0.73511 0.4271
0.71047 0.41478
0.77413 0.37782
0.82957 0.32238
0.8768 0.25873
0.91992 0.20534
0.89938 0.18891
0.83368 0.2115
0.76797 0.23409
0.70431 0.26694
0.64887 0.31211
0.6345 0.29569
0.66324 0.22998
0.67351 0.16427
0.67146 0.098563
0.67556 0.032854
0.66119 0
0.62012 0.057495
0.577 0.1232
0.54004 0.1848
0.52156 0.25051
0.50308 0.27926
0.48871 0.21355
0.46407 0.14784
0.41684 0.086242
0.37782 0.024641
0.34497 0.0041068
0.34702 0.069815
0.34908 0.13552
0.35113 0.20123
0.37166 0.26694
0.3963 0.33265
0.34086 0.28542
0.28131 0.24435
0.21561 0.22382
0.1499 0.19713
0.084189 0.17864
0.1232 0.23614
0.17248 0.29363
0.22177 0.35729
0.28131 0.39836
0.31417 0.43121
0.24846 0.423
0.18275 0.42505
0.11704 0.44764
0.051335 0.46407
0 0.48665
# triangles
68 73 74
9 10 11
8 9 11
88 89 93
68 69 73
58 63 64
58 62 63
69 72 73
86 95 96
88 93 94
7 8 13
8 12 13
8 11 12
86 87 95
87 88 94
87 94 95
89 92 93
90 91 92
89 90 92
48 52 53
46 54 55
45 46 55
15 45 86
15 25 45
58 59 62
59 60 61
59 61 62
70 71 72
69 70 72
66 75 76
67 68 74
67 74 75
66 67 75
65 66 76
15 16 25
79 82 83
78 79 83
76 85 86
76 77 85
48 49 52
49 50 51
49 51 52
47 48 53
47 53 54
46 47 54
57 58 64
57 64 65
45 55 56
56 57 65
56 65 76
56 76 86
45 56 86
27 28 33
27 33 34
18 19 22
4 96 97
16 24 25
4 5 96
5 6 15
5 86 96
5 15 86
7 13 14
6 7 14
6 14 15
80 81 82
79 80 82
77 78 84
77 84 85
78 83 84
38 42 43
40 41 42
28 29 32
28 32 33
25 36 45
25 35 36
36 44 45
19 20 21
19 21 22
25 26 35
26 27 34
26 34 35
16 17 24
39 40 42
38 39 42
29 30 31
29 31 32
36 37 44
37 38 43
37 43 44
2 3 98
3 4 97
3 97 98
2 98 99
0 1 100
1 99 100
1 2 99
17 23 24
18 22 23
17 18 23
