# points
0 0.45455
0.0023923 0.51196
0.0023923 0.56938
0.028708 0.59809
0.086124 0.5933
0.14354 0.58852
0.20096 0.58373
0.25837 0.57895
0.3134 0.57656
0.25598 0.6244
0.19856 0.67225
0.14115 0.7201
0.083732 0.76555
0.11722 0.82297
0.16746 0.87081
0.21053 0.91388
0.25837 0.88038
0.30622 0.82297
0.35167 0.76555
0.39713 0.70813
0.42105 0.70813
0.41627 0.76555
0.41148 0.82297
0.4067 0.88038
0.39952 0.9378
0.39474 0.99522
0.44737 1
0.50478 1
0.5622 1
0.60048 0.98325
0.59569 0.92584
0.58852 0.86842
0.58373 0.811
0.57895 0.75359
0.57177 0.69617
0.61244 0.73445
0.6555 0.79187
0.70096 0.84928
0.74402 0.9067
0.79426 0.90431
0.85167 0.84689
0.89234 0.80383
0.89952 0.75598
0.84211 0.70813
0.78469 0.66029
0.72727 0.61244
0.69378 0.57416
0.7512 0.57895
0.80861 0.58373
0.86603 0.59091
0.92344 0.59569
0.98086 0.60048
0.98804 0.55263
0.98804 0.49522
0.98804 0.4378
0.9689 0.39952
0.91148 0.40431
0.85407 0.41148
0.79665 0.41388
0.73923 0.42105
0.68182 0.42584
0.7177 0.38517
0.77512 0.33493
0.83254 0.28708
0.88995 0.23684
0.88278 0.18421
0.82536 0.12679
0.76794 0.069378
0.72249 0.11722
0.67703 0.17464
0.63158 0.23206
0.58852 0.28947
0.55981 0.29904
0.55981 0.24163
0.55981 0.18421
0.55981 0.12679
0.55981 0.069378
0.55981 0.011962
0.51435 0
0.45694 0
0.43541 0.035885
0.43541 0.093301
0.43541 0.15072
0.43541 0.20813
0.43541 0.26555
0.43541 0.32297
0.38756 0.27512
0.34211 0.2177
0.29426 0.16029
0.24641 0.10287
0.19378 0.095694
0.1555 0.13397
0.10287 0.18421
0.095694 0.23684
0.15311 0.28469
0.21053 0.33254
0.26794 0.38038
0.31579 0.42584
0.25837 0.42105
0.20096 0.41627
0.14354 0.41148
0.086124 0.40431
0.028708 0.39952
0 0.42584
0 0.45455
# triangles
34 60 85
91 92 94
88 91 94
8 34 85
76 78 80
88 89 91
89 90 91
34 46 60
46 47 59
46 59 60
76 77 78
61 62 70
62 69 70
60 61 71
61 70 71
74 82 83
8 85 97
24 25 26
24 26 27
92 93 94
0 102 103
78 79 80
22 31 32
21 22 32
36 37 43
36 43 44
47 58 59
74 75 82
66 67 68
66 68 69
60 72 85
60 71 72
85 86 97
86 87 96
86 96 97
76 80 81
75 76 81
75 81 82
11 12 13
11 13 14
10 11 17
11 14 17
8 20 34
10 17 18
22 23 31
23 27 31
23 24 27
28 29 30
27 30 31
27 28 30
14 16 17
14 15 16
87 95 96
88 94 95
87 88 95
21 32 33
20 33 34
20 21 33
37 38 39
40 41 43
37 40 43
37 39 40
34 45 46
47 48 58
49 53 57
48 49 57
48 57 58
73 74 83
73 83 84
72 84 85
72 73 84
9 10 18
7 97 98
7 8 97
2 3 4
1 2 4
4 5 100
9 18 19
8 19 20
8 9 19
0 101 102
0 1 101
1 4 101
4 100 101
50 51 52
50 52 53
49 50 53
41 42 43
34 35 45
35 36 44
35 44 45
53 54 56
53 56 57
63 64 65
63 65 66
63 66 69
62 63 69
54 55 56
6 7 99
7 98 99
5 6 99
5 99 100
