# points
0.22607 0.51324
0.22811 0.5499
0.23625 0.58656
0.21181 0.61711
0.17515 0.64969
0.1446 0.68635
0.11609 0.72301
0.095723 0.75967
0.077393 0.79633
0.077393 0.83299
0.10794 0.86762
0.14053 0.9002
0.17515 0.92668
0.21181 0.91446
0.24847 0.89409
0.28513 0.87169
0.32179 0.84114
0.35642 0.80855
0.38697 0.77189
0.42159 0.76171
0.45825 0.76782
0.4888 0.78208
0.50305 0.81874
0.52138 0.8554
0.54379 0.89206
0.57026 0.92872
0.60285 0.96538
0.63951 1
0.67617 0.98982
0.71283 0.97352
0.74949 0.95316
0.78208 0.92872
0.778 0.89206
0.77189 0.8554
0.76171 0.81874
0.74949 0.78208
0.7332 0.74542
0.71283 0.70876
0.68839 0.6721
0.70672 0.63544
0.72301 0.59878
0.7556 0.59063
0.79226 0.58656
0.82892 0.58045
0.86558 0.57026
0.90224 0.55804
0.9389 0.54379
0.97556 0.52342
0.99593 0.49491
0.99389 0.45825
0.98778 0.42159
0.97963 0.38493
0.96334 0.35438
0.92668 0.34827
0.89002 0.3442
0.85336 0.34216
0.8167 0.34216
0.78004 0.34623
0.74338 0.35234
0.70672 0.36253
0.67413 0.34623
0.63747 0.31365
0.63747 0.27699
0.64562 0.24033
0.65173 0.20367
0.65377 0.16701
0.65377 0.13035
0.65173 0.093686
0.64562 0.057026
0.63544 0.022403
0.59878 0.01222
0.56212 0.00611
0.52546 0
0.4888 0
0.46436 0.032587
0.44807 0.069246
0.43177 0.10591
0.42159 0.14257
0.41344 0.17923
0.40733 0.21589
0.4053 0.25255
0.38493 0.27902
0.34827 0.29735
0.31161 0.29735
0.27495 0.27495
0.23829 0.25662
0.20163 0.24236
0.16497 0.23014
0.12831 0.222
0.09165 0.21589
0.057026 0.222
0.034623 0.25866
0.016293 0.29532
0 0.33198
0.00611 0.36864
0.04277 0.40326
0.07943 0.43585
0.11609 0.46029
0.15275 0.48065
0.18941 0.49898
0.22607 0.5112
0.22607 0.51324
# triangles
26 27 28
26 28 29
89 90 91
72 73 74
51 52 53
50 51 53
71 72 74
39 40 61
21 37 38
23 36 37
10 11 14
24 25 34
25 26 29
21 22 37
22 23 37
84 85 98
19 61 81
2 18 19
61 80 81
63 64 78
63 78 79
92 93 94
92 94 95
64 77 78
64 65 77
65 76 77
50 53 54
45 54 55
44 45 55
47 48 49
46 49 50
46 47 49
46 50 54
45 46 54
71 74 75
67 71 75
68 69 70
67 70 71
67 68 70
40 41 59
40 60 61
40 59 60
24 34 35
23 24 35
23 35 36
30 31 32
11 13 14
7 10 14
5 15 16
3 17 18
2 3 18
25 29 33
25 33 34
29 30 33
30 32 33
87 95 96
86 87 96
85 86 97
85 97 98
86 96 97
82 83 100
20 21 38
20 38 39
20 39 61
19 20 61
62 79 80
62 63 79
61 62 80
88 92 95
87 88 95
88 91 92
88 89 91
65 66 76
66 75 76
66 67 75
42 43 57
44 55 56
43 44 56
43 56 57
42 57 58
41 42 58
41 58 59
11 12 13
8 9 10
7 8 10
6 14 15
6 7 14
5 6 15
3 4 17
4 16 17
4 5 16
83 99 100
84 98 99
83 84 99
0 1 2
0 2 19
0 19 81
0 81 82
0 82 100
