# points
0.0023641 0.50118
0 0.52955
0.021277 0.55792
0.047281 0.58865
0.073286 0.61466
0.096927 0.6383
0.1253 0.65721
0.15603 0.67612
0.17258 0.69504
0.16076 0.72577
0.1513 0.7565
0.14421 0.78723
0.14421 0.81797
0.14421 0.8487
0.16076 0.86761
0.19149 0.87234
0.22222 0.87707
0.25296 0.87707
0.28369 0.87707
0.31442 0.8747
0.34515 0.86998
0.37589 0.86288
0.39953 0.86288
0.41135 0.89362
0.4279 0.91962
0.44681 0.94799
0.47281 0.97636
0.50118 1
0.53191 0.98582
0.56265 0.96454
0.58865 0.9409
0.61466 0.91253
0.64066 0.8818
0.65957 0.85106
0.67612 0.82033
0.70686 0.83215
0.73522 0.84397
0.76596 0.8487
0.79669 0.85343
0.82742 0.85106
0.85816 0.8487
0.86525 0.81797
0.86761 0.78723
0.86998 0.7565
0.87234 0.72577
0.86998 0.69504
0.86525 0.6643
0.85816 0.63357
0.8487 0.60284
0.86998 0.59102
0.89835 0.57447
0.92671 0.55792
0.95508 0.53428
0.98109 0.50827
0.98818 0.47754
0.96927 0.44917
0.94563 0.41844
0.91726 0.39007
0.88652 0.36407
0.85816 0.34279
0.82742 0.32624
0.81797 0.3026
0.82979 0.27187
0.83688 0.24113
0.83924 0.2104
0.84397 0.18203
0.84161 0.1513
0.8227 0.13239
0.79196 0.12766
0.76123 0.12293
0.7305 0.12293
0.69976 0.12293
0.66903 0.1253
0.6383 0.13239
0.60757 0.13948
0.58156 0.13712
0.56974 0.10875
0.55556 0.080378
0.53191 0.049645
0.50827 0.023641
0.47991 0
0.44917 0.018913
0.4208 0.040189
0.39243 0.066194
0.36407 0.096927
0.34279 0.12293
0.32624 0.1513
0.30969 0.18203
0.28132 0.17494
0.25059 0.16312
0.21986 0.15603
0.18913 0.15366
0.15839 0.15603
0.12766 0.15603
0.12293 0.18676
0.1182 0.21749
0.11584 0.24823
0.11584 0.27896
0.11584 0.30969
0.12057 0.34043
0.12766 0.37116
0.13712 0.40189
0.1182 0.41608
0.08747 0.43026
0.056738 0.45154
0.033097 0.46809
0.01182 0.49173
0.0023641 0.50118
# triangles
48 75 87
34 48 87
1 2 106
89 96 97
89 90 96
60 61 75
48 60 75
50 56 57
26 27 28
26 28 29
10 11 16
87 99 100
87 100 101
34 87 101
6 101 102
0 1 106
92 93 94
90 91 95
90 95 96
91 92 95
92 94 95
75 86 87
75 85 86
75 84 85
75 76 84
76 83 84
64 69 70
64 68 69
61 74 75
61 73 74
61 71 72
61 72 73
52 55 56
53 54 55
52 53 55
48 59 60
36 37 43
51 52 56
50 51 56
35 43 44
35 36 43
12 13 14
8 18 19
8 9 18
22 34 101
8 22 101
78 81 82
76 77 83
77 82 83
77 78 82
88 89 97
88 97 98
87 88 99
88 98 99
65 67 68
65 66 67
64 65 68
50 57 58
49 50 58
48 58 59
48 49 58
61 62 71
62 70 71
39 40 41
12 14 15
11 15 16
11 12 15
2 105 106
2 104 105
7 8 101
6 7 101
10 16 17
9 10 17
9 17 18
25 29 30
25 26 29
8 21 22
79 80 81
78 79 81
63 64 70
62 63 70
34 47 48
34 46 47
35 44 45
34 35 45
34 45 46
37 38 42
37 42 43
38 39 42
39 41 42
5 6 102
4 5 102
4 102 103
2 3 104
3 103 104
3 4 103
8 19 20
8 20 21
22 33 34
22 32 33
22 31 32
22 23 31
24 25 30
24 30 31
23 24 31
