# points
0.42247 0.37528
0.42472 0.40674
0.42921 0.4382
0.40449 0.44494
0.37303 0.44045
0.34157 0.4427
0.31011 0.44719
0.27865 0.45618
0.24719 0.47191
0.21573 0.48315
0.18427 0.48315
0.15281 0.48315
0.12135 0.49438
0.094382 0.51685
0.092135 0.54607
0.094382 0.56629
0.069663 0.59326
0.044944 0.62472
0.024719 0.65618
0.011236 0.68764
0.0022472 0.7191
0 0.75056
0.029213 0.74607
0.060674 0.73483
0.092135 0.72135
0.1236 0.70562
0.15506 0.68989
0.18652 0.67416
0.21798 0.65618
0.24944 0.6427
0.2809 0.62921
0.31236 0.62022
0.34382 0.62022
0.37528 0.62472
0.40674 0.62697
0.4382 0.62921
0.46966 0.62921
0.50112 0.62921
0.53258 0.62921
0.56404 0.62921
0.59551 0.63146
0.62697 0.63371
0.65843 0.63596
0.68989 0.64045
0.72135 0.64494
0.75281 0.65393
0.78427 0.67191
0.81573 0.68764
0.84719 0.70337
0.87865 0.7191
0.91011 0.73258
0.94157 0.74382
0.97303 0.75056
1 0.74607
1 0.71461
0.99551 0.68315
0.98876 0.65169
0.97303 0.62022
0.95281 0.58876
0.92809 0.55955
0.93483 0.53708
0.92584 0.51236
0.89438 0.48989
0.86292 0.4764
0.83146 0.46966
0.8 0.47865
0.76854 0.47191
0.73933 0.45393
0.70787 0.44494
0.6764 0.44045
0.64494 0.44045
0.61348 0.44045
0.58202 0.4427
0.55506 0.44045
0.5573 0.40899
0.55955 0.37753
0.5618 0.34607
0.56404 0.31461
0.56629 0.28315
0.56854 0.25169
0.57079 0.22022
0.57303 0.18876
0.57303 0.1573
0.57528 0.12584
0.57528 0.094382
0.57303 0.062921
0.57079 0.031461
0.5618 0
0.53708 0.0067416
0.51011 0.026966
0.47865 0.029213
0.44719 0.0044944
0.42247 0.024719
0.41348 0.05618
0.41124 0.08764
0.40899 0.1191
0.40899 0.15056
0.40899 0.18202
0.40899 0.21348
0.41124 0.24494
0.41348 0.2764
0.41573 0.30787
0.42022 0.33933
0.42247 0.37079
0.42247 0.37528
# triangles
52 53 54
51 52 54
11 12 15
12 13 14
12 14 15
15 27 28
15 26 27
9 29 30
6 31 32
20 21 22
19 20 23
20 22 23
86 87 88
49 50 57
15 16 26
16 25 26
8 30 31
8 9 30
78 100 101
81 97 98
37 38 73
38 39 73
43 67 68
39 72 73
50 51 55
51 54 55
17 24 25
16 17 25
3 33 34
5 6 32
3 34 35
2 37 73
2 36 37
2 3 35
2 35 36
10 11 15
10 15 28
10 28 29
9 10 29
6 7 31
7 8 31
77 78 101
2 73 74
1 2 74
83 95 96
42 43 68
41 42 70
78 79 100
41 70 71
50 56 57
50 55 56
59 60 61
46 59 65
17 18 24
18 23 24
18 19 23
4 5 32
4 32 33
3 4 33
79 99 100
90 93 94
90 94 95
83 90 95
90 91 92
90 92 93
76 102 103
77 101 102
76 77 102
83 84 90
42 69 70
42 68 69
80 81 98
80 98 99
79 80 99
75 76 103
0 75 103
1 74 75
0 1 75
46 47 59
47 48 59
39 40 72
40 71 72
40 41 71
48 58 59
49 57 58
48 49 58
43 66 67
43 44 66
45 46 65
44 45 66
45 65 66
59 63 65
84 85 89
84 89 90
85 86 89
86 88 89
59 61 62
59 62 63
82 83 96
82 96 97
81 82 97
63 64 65
