# points
0 0.47379
0.054435 0.49798
0.11895 0.5121
0.17339 0.52823
0.23185 0.53226
0.28629 0.54032
0.26008 0.57863
0.20968 0.62702
0.16532 0.6754
0.12298 0.73387
0.090726 0.77823
0.1371 0.76613
0.20363 0.7379
0.26613 0.71169
0.3246 0.67742
0.37903 0.65726
0.35887 0.72379
0.34677 0.78831
0.34476 0.85282
0.33669 0.91935
0.35081 0.95766
0.39113 0.90726
0.42944 0.84274
0.46573 0.77823
0.49395 0.72782
0.51008 0.70565
0.53226 0.75605
0.56452 0.81855
0.59274 0.86694
0.61694 0.91734
0.65726 0.95363
0.67137 0.90726
0.66532 0.84677
0.65726 0.78629
0.64516 0.73387
0.6371 0.66935
0.65323 0.65927
0.69556 0.68548
0.74194 0.70363
0.80444 0.73589
0.86089 0.7621
0.90927 0.78427
0.89919 0.73589
0.85685 0.68952
0.81048 0.63105
0.75605 0.58669
0.71169 0.53831
0.76613 0.54234
0.83065 0.52823
0.89718 0.51613
0.96371 0.49597
1 0.45968
0.94556 0.4496
0.8871 0.43145
0.83065 0.42137
0.76613 0.41331
0.71976 0.39919
0.75403 0.37298
0.8004 0.31855
0.85887 0.27218
0.90121 0.20968
0.89315 0.17339
0.82661 0.19355
0.7621 0.22581
0.69758 0.2621
0.63508 0.30444
0.65121 0.24798
0.65524 0.18952
0.66532 0.125
0.67137 0.068548
0.65927 0.0080645
0.62903 0.016129
0.60081 0.070565
0.55645 0.13306
0.51815 0.19355
0.51411 0.23992
0.49395 0.21774
0.45766 0.16129
0.42944 0.11895
0.40726 0.068548
0.37298 0.016129
0.34274 0
0.34476 0.058468
0.34879 0.1129
0.35282 0.17742
0.35685 0.2379
0.37298 0.28831
0.33871 0.28427
0.28427 0.24798
0.23992 0.21976
0.19758 0.20363
0.13306 0.17944
0.086694 0.1754
0.1129 0.22177
0.15927 0.27016
0.19153 0.31855
0.23589 0.35484
0.28831 0.39919
0.25403 0.41331
0.19355 0.41331
0.1371 0.42339
0.070565 0.43952
0.0060484 0.46573
0 0.47379
# triangles
7 13 14
0 1 102
7 8 13
8 12 13
8 9 12
5 15 97
15 25 46
40 41 42
39 40 43
40 42 43
9 10 11
9 11 12
19 20 21
6 14 15
5 6 15
6 7 14
17 22 23
35 36 46
25 35 46
15 46 65
15 65 97
65 86 97
18 19 21
17 18 22
18 21 22
68 69 72
69 70 71
69 71 72
5 97 98
1 101 102
15 24 25
16 17 23
15 16 24
16 23 24
27 33 34
65 75 86
46 56 65
28 29 32
27 28 33
28 32 33
29 30 31
29 31 32
60 61 62
59 62 63
59 60 62
80 81 82
79 80 82
4 5 98
4 98 99
3 4 99
3 99 100
26 27 34
25 26 35
26 34 35
65 66 75
66 67 74
66 74 75
68 72 73
67 68 73
67 73 74
75 76 86
39 43 44
38 39 44
48 53 54
48 49 53
58 59 63
58 63 64
46 55 56
48 54 55
78 83 84
79 82 83
78 79 83
89 94 95
2 3 100
1 2 101
2 100 101
88 95 96
88 89 95
91 92 93
77 78 84
49 52 53
36 45 46
36 37 45
37 38 45
38 44 45
46 47 55
47 48 55
57 58 64
56 57 65
57 64 65
87 88 96
86 87 97
87 96 97
89 90 94
90 93 94
90 91 93
76 85 86
76 77 85
77 84 85
50 51 52
49 50 52
