# points
0 0.47608
0 0.50797
0 0.53986
0 0.57175
0 0.60364
0.0022779 0.63554
0.0045558 0.66743
0.0045558 0.69932
0.0068337 0.73121
0.0091116 0.7631
0.01139 0.79499
0.015945 0.82688
0.027335 0.85877
0.04328 0.89066
0.068337 0.92255
0.10023 0.94989
0.13212 0.97039
0.16401 0.98178
0.1959 0.98861
0.22779 0.99317
0.25968 0.99317
0.29157 0.99544
0.32346 0.99772
0.35535 1
0.38724 1
0.41913 1
0.45103 1
0.48292 1
0.51481 1
0.5467 1
0.57859 0.99772
0.61048 0.99772
0.64237 0.99544
0.67426 0.99317
0.70615 0.99089
0.73804 0.98861
0.76993 0.98405
0.80182 0.97722
0.83371 0.96355
0.8656 0.94533
0.89294 0.92255
0.918 0.89749
0.94077 0.8656
0.95672 0.83371
0.96355 0.80182
0.97039 0.76993
0.97267 0.73804
0.97494 0.70615
0.9795 0.67426
0.9795 0.64237
0.98178 0.61048
0.98405 0.57859
0.98405 0.5467
0.98405 0.51481
0.98405 0.48292
0.98405 0.45103
0.98405 0.41913
0.98405 0.38724
0.98178 0.35535
0.98178 0.32346
0.9795 0.29157
0.97722 0.25968
0.97494 0.22779
0.97039 0.1959
0.96355 0.16401
0.95216 0.13212
0.93166 0.10023
0.90433 0.068337
0.87244 0.04328
0.84055 0.027335
0.80866 0.015945
0.77677 0.01139
0.74487 0.0091116
0.71298 0.0068337
0.68109 0.0045558
0.6492 0.0022779
0.61731 0.0022779
0.58542 0
0.55353 0
0.52164 0
0.48975 0
0.45786 0
0.42597 0
0.39408 0
0.36219 0
0.3303 0
0.29841 0.0022779
0.26651 0.0045558
0.23462 0.0045558
0.20273 0.0068337
0.17084 0.01139
0.13895 0.020501
0.10706 0.036446
0.077449 0.059226
0.052392 0.084282
0.031891 0.11617
0.018223 0.14806
0.01139 0.17995
0.0068337 0.21185
0.0045558 0.24374
0.0045558 0.27563
0.0022779 0.30752
0.0022779 0.33941
0 0.3713
0 0.40319
0 0.43508
0 0.46697
0 0.47608
# triangles
0 1 80
1 54 80
1 53 54
1 27 53
93 94 95
54 79 80
0 80 81
1 2 27
84 85 102
90 92 93
63 66 71
12 13 14
0 81 106
82 83 104
83 84 102
6 21 22
5 6 24
5 24 25
12 14 15
15 16 17
63 64 66
90 91 92
56 77 78
56 76 77
56 57 76
61 72 73
61 62 72
63 71 72
62 63 72
81 82 105
81 105 106
82 104 105
83 102 103
83 103 104
6 23 24
6 22 23
2 3 26
3 25 26
2 26 27
30 51 52
38 39 40
10 11 12
10 12 15
6 7 21
7 8 21
64 65 66
57 58 76
58 59 74
85 86 102
55 78 79
55 56 78
54 55 79
36 37 38
36 38 40
42 43 44
41 42 44
40 41 44
36 40 44
88 89 98
3 4 25
4 5 25
69 70 71
67 68 69
66 67 69
66 69 71
60 73 74
60 61 73
59 60 74
58 75 76
58 74 75
9 10 18
15 17 18
10 15 18
32 33 49
33 34 47
47 48 49
33 47 49
35 36 44
87 88 99
88 98 99
89 97 98
93 95 97
95 96 97
90 93 97
89 90 97
31 32 49
30 31 49
28 52 53
27 28 53
28 30 52
28 29 30
30 50 51
30 49 50
9 18 20
8 9 20
8 20 21
34 35 46
34 46 47
44 45 46
35 44 46
18 19 20
86 101 102
87 99 100
86 87 100
86 100 101
