# points
0 0.48497
0.056112 0.50902
0.12826 0.51102
0.2004 0.51503
0.27255 0.52104
0.34469 0.52505
0.33868 0.55311
0.27455 0.60721
0.21042 0.65932
0.14028 0.71743
0.086172 0.78357
0.14629 0.76553
0.21643 0.72144
0.28657 0.67735
0.35671 0.63327
0.42485 0.58918
0.4008 0.66132
0.38477 0.73347
0.36473 0.80561
0.34669 0.87776
0.33868 0.9499
0.37074 0.93587
0.4008 0.86774
0.42485 0.7976
0.45691 0.72545
0.48497 0.65331
0.50902 0.64529
0.54108 0.71743
0.56513 0.78958
0.59519 0.86172
0.62725 0.93186
0.66132 0.9479
0.6493 0.87575
0.62926 0.80361
0.61122 0.73146
0.59519 0.65932
0.57515 0.58717
0.64729 0.63527
0.71743 0.68337
0.78758 0.72745
0.85772 0.76553
0.90982 0.77555
0.8517 0.71543
0.78758 0.66333
0.72144 0.60721
0.65331 0.5491
0.65932 0.52505
0.73146 0.51703
0.80361 0.51503
0.87575 0.51102
0.9479 0.50301
1 0.47695
0.92786 0.46493
0.85571 0.46092
0.78357 0.45691
0.71142 0.4489
0.63928 0.44489
0.67335 0.40681
0.73547 0.3507
0.8016 0.2986
0.86774 0.23848
0.90782 0.18236
0.83567 0.21443
0.76553 0.26052
0.69339 0.30461
0.62124 0.3507
0.57916 0.36072
0.59719 0.28858
0.61723 0.21643
0.63727 0.14429
0.6513 0.072144
0.65731 0
0.61523 0.06012
0.58918 0.13026
0.56112 0.2024
0.53106 0.27455
0.50301 0.34669
0.47896 0.29659
0.44689 0.22445
0.42084 0.1523
0.38878 0.08016
0.3487 0.012024
0.33868 0.052104
0.35671 0.12425
0.37475 0.19639
0.39279 0.26854
0.41082 0.34068
0.39279 0.36072
0.32064 0.31463
0.2485 0.26854
0.17836 0.22445
0.10621 0.19238
0.11022 0.22645
0.17234 0.27856
0.23848 0.33066
0.30862 0.39078
0.37675 0.44289
0.30661 0.44689
0.23447 0.45491
0.16232 0.45691
0.09018 0.46293
0.018036 0.47495
0 0.48497
# triangles
8 9 12
1 2 100
80 81 82
60 61 62
67 68 74
58 63 64
56 65 66
30 31 32
29 30 32
9 10 11
9 11 12
3 4 98
4 97 98
8 12 13
7 8 13
0 1 101
1 100 101
90 91 92
87 95 96
2 99 100
3 98 99
2 3 99
67 74 75
66 67 75
77 85 86
78 84 85
77 78 85
69 70 73
68 69 73
68 73 74
80 82 83
49 52 53
50 51 52
49 50 52
58 59 63
59 60 62
59 62 63
36 46 56
36 45 46
46 55 56
76 77 86
66 75 76
76 87 96
76 86 87
36 76 96
36 56 76
56 66 76
16 17 24
16 24 25
18 22 23
17 18 23
17 23 24
37 44 45
36 37 45
38 39 43
38 43 44
37 38 44
5 96 97
4 5 97
90 92 93
89 90 93
89 93 94
88 94 95
88 89 94
87 88 95
70 71 72
70 72 73
78 79 84
79 83 84
79 80 83
39 40 42
39 42 43
40 41 42
48 49 53
48 53 54
56 57 65
57 58 64
57 64 65
18 19 22
19 20 21
19 21 22
28 29 33
29 32 33
7 13 14
46 47 55
47 54 55
47 48 54
27 28 34
28 33 34
15 16 25
15 25 26
15 26 36
15 36 96
5 15 96
27 34 35
26 35 36
26 27 35
5 6 15
6 14 15
6 7 14
