# points
0.014354 0.45215
0 0.51914
0.026316 0.5622
0.093301 0.55502
0.15311 0.55742
0.2201 0.55981
0.2799 0.55742
0.33254 0.56699
0.30383 0.59569
0.27033 0.63876
0.21531 0.69856
0.1555 0.7512
0.10287 0.79904
0.14593 0.83732
0.19139 0.88517
0.2512 0.83971
0.29904 0.78947
0.34689 0.73923
0.40431 0.67703
0.43301 0.689
0.44737 0.74163
0.43301 0.80861
0.44976 0.86124
0.43301 0.92823
0.44976 0.98086
0.49522 1
0.55502 0.98565
0.55981 0.91866
0.55502 0.86364
0.5622 0.79665
0.55502 0.74163
0.56459 0.67464
0.57895 0.67943
0.6244 0.69856
0.6555 0.73684
0.67943 0.76794
0.7177 0.80144
0.76794 0.84928
0.79665 0.89234
0.86124 0.83493
0.8756 0.78469
0.82057 0.73445
0.76794 0.68182
0.7201 0.62679
0.66746 0.57416
0.71053 0.55981
0.77751 0.5622
0.83732 0.55742
0.90431 0.55981
0.96411 0.5622
0.98804 0.51435
0.98565 0.45933
0.95215 0.43541
0.90431 0.43301
0.83732 0.43541
0.78708 0.43301
0.7201 0.43541
0.67225 0.4378
0.69139 0.39952
0.73445 0.33732
0.78469 0.28469
0.83732 0.24163
0.88278 0.18421
0.83014 0.12679
0.79904 0.10287
0.7488 0.15789
0.69617 0.20813
0.64115 0.26077
0.57895 0.31579
0.56459 0.29426
0.56459 0.23445
0.5622 0.17703
0.56699 0.11244
0.55742 0.057416
0.55263 0.0047847
0.49282 0
0.43541 0.014354
0.43541 0.066986
0.43541 0.13397
0.43541 0.1866
0.43541 0.25359
0.4378 0.30622
0.40191 0.30383
0.34211 0.24402
0.29426 0.19139
0.23923 0.13876
0.1866 0.10526
0.13636 0.16029
0.11722 0.20096
0.16268 0.22488
0.18421 0.27033
0.20813 0.30144
0.25598 0.33254
0.29665 0.38038
0.33493 0.41148
0.32775 0.43301
0.26077 0.4378
0.21292 0.42823
0.14593 0.44019
0.095694 0.42823
0.028708 0.44019
0.014354 0.45215
# triangles
11 12 13
85 86 87
61 62 63
61 63 65
4 5 98
13 14 15
11 13 15
23 25 27
23 24 25
39 40 41
63 64 65
75 76 77
71 78 79
84 85 89
87 88 89
85 87 89
5 6 96
6 7 95
6 95 96
5 97 98
5 96 97
25 26 27
7 18 19
10 16 17
10 15 16
10 11 15
7 19 31
7 31 44
36 41 42
3 4 98
1 2 3
0 1 3
0 3 100
72 77 78
71 72 78
70 71 79
84 90 91
84 89 90
70 79 80
82 83 93
37 38 39
37 39 41
36 37 41
34 35 42
35 36 42
9 10 17
9 17 18
50 52 53
58 67 68
73 75 77
72 73 77
73 74 75
3 98 99
3 99 100
69 70 80
83 92 93
84 91 92
83 84 92
82 93 94
20 21 29
19 20 31
22 28 29
21 22 29
22 23 27
22 27 28
7 8 18
8 9 18
31 32 44
32 33 44
33 43 44
34 42 43
33 34 43
50 51 52
60 61 65
60 65 66
45 46 56
44 45 57
45 56 57
57 58 68
57 68 94
57 94 95
7 44 57
7 57 95
69 80 81
68 69 81
68 81 94
81 82 94
20 29 30
20 30 31
58 59 67
59 66 67
59 60 66
48 50 53
48 49 50
46 55 56
46 47 55
47 54 55
47 48 53
47 53 54
