# points
0.023316 0.52332
0.015544 0.54922
0.007772 0.57513
0 0.60104
0.025907 0.62176
0.051813 0.6399
0.07772 0.65803
0.10363 0.67876
0.12953 0.69689
0.15544 0.71762
0.18135 0.73575
0.20725 0.75389
0.23316 0.77461
0.25907 0.79275
0.28497 0.81347
0.31088 0.83161
0.33679 0.85233
0.36269 0.87047
0.3886 0.8886
0.41451 0.90933
0.44041 0.92746
0.46632 0.94819
0.49223 0.96632
0.51813 0.95855
0.54404 0.93782
0.56995 0.91969
0.59585 0.90155
0.62176 0.88083
0.64767 0.86269
0.67358 0.84197
0.69948 0.82383
0.72539 0.8057
0.7513 0.78497
0.7772 0.76684
0.80311 0.7487
0.82902 0.72798
0.85492 0.70984
0.88083 0.68912
0.90674 0.67098
0.93264 0.65285
0.95855 0.63212
0.98446 0.61399
1 0.59067
0.98964 0.56477
0.98187 0.53886
0.97409 0.51295
0.96632 0.48705
0.95855 0.46114
0.94819 0.43523
0.94041 0.40933
0.93264 0.38342
0.92487 0.35751
0.9171 0.33161
0.90674 0.3057
0.89896 0.27979
0.89119 0.25389
0.88342 0.22798
0.87565 0.20207
0.86528 0.17617
0.85751 0.15026
0.84974 0.12435
0.84197 0.098446
0.8342 0.072539
0.82642 0.046632
0.81606 0.020725
0.8057 0
0.77979 0
0.75389 0
0.72798 0
0.70207 0
0.67617 0
0.65026 0
0.62435 0
0.59845 0
0.57254 0
0.54663 0
0.52073 0
0.49482 0
0.46891 0
0.44301 0
0.4171 0
0.39119 0
0.36528 0
0.33938 0
0.31347 0
0.28756 0
0.26166 0
0.23575 0
0.20984 0
0.18653 0.0051813
0.17876 0.031088
0.17098 0.056995
0.16321 0.082902
0.15544 0.10881
0.14508 0.13472
0.13731 0.16062
0.12953 0.18653
0.12176 0.21244
0.11399 0.23834
0.10622 0.26425
0.095855 0.29016
0.088083 0.31606
0.080311 0.34197
0.072539 0.36788
0.064767 0.39378
0.056995 0.41969
0.046632 0.4456
0.03886 0.4715
0.031088 0.49741
0.023316 0.52332
0.023316 0.52332
# triangles
21 22 23
8 9 105
8 105 106
21 23 24
18 26 27
53 77 99
18 19 26
17 18 27
17 27 28
17 28 29
19 25 26
40 43 44
39 40 44
81 82 96
37 38 46
37 46 47
82 95 96
84 85 93
0 5 6
11 103 104
11 102 103
11 101 102
11 12 101
99 100 101
53 99 101
77 78 99
78 79 99
79 98 99
10 11 104
9 10 105
10 104 105
13 31 32
13 32 53
13 53 101
12 13 101
15 16 29
16 17 29
15 29 30
14 15 30
13 14 30
13 30 31
20 24 25
19 20 25
20 21 24
41 42 43
40 41 43
53 54 76
53 76 77
38 39 45
38 45 46
39 44 45
32 33 53
85 92 93
88 89 90
82 83 95
83 94 95
83 93 94
83 84 93
87 90 91
87 88 90
1 4 5
0 1 5
0 6 108
6 7 108
79 80 98
59 70 71
54 75 76
51 52 53
33 51 53
37 47 48
86 87 91
85 86 92
86 91 92
2 3 4
1 2 4
7 107 108
8 106 107
7 8 107
80 81 97
81 96 97
80 97 98
59 60 70
56 73 74
56 57 73
54 55 75
55 74 75
55 56 74
36 37 48
35 36 48
35 49 50
35 48 49
61 62 68
58 72 73
57 58 73
58 71 72
58 59 71
33 34 51
34 50 51
34 35 50
64 65 66
63 64 66
63 66 67
62 67 68
62 63 67
61 68 69
60 69 70
60 61 69
