# points
0.049869 0.44094
0.020997 0.48294
0.007874 0.53281
0 0.58268
0.020997 0.63255
0.070866 0.67717
0.12073 0.71129
0.1706 0.69554
0.22047 0.67454
0.27034 0.65092
0.32021 0.61942
0.37008 0.58005
0.41732 0.53543
0.46194 0.49081
0.44357 0.53806
0.41732 0.58793
0.39895 0.6378
0.3832 0.68766
0.37008 0.73753
0.36483 0.7874
0.35958 0.83727
0.3622 0.88714
0.41207 0.92388
0.46194 0.95538
0.51181 0.96588
0.56168 0.93963
0.61155 0.90814
0.64042 0.86352
0.6378 0.81365
0.63255 0.76378
0.62467 0.71391
0.61155 0.66404
0.59318 0.61417
0.57218 0.5643
0.54593 0.51444
0.55906 0.51181
0.60367 0.55906
0.65354 0.60105
0.70341 0.63255
0.75328 0.66142
0.80315 0.68504
0.85302 0.70341
0.90289 0.69554
0.95276 0.65617
1 0.60892
0.99738 0.55906
0.98688 0.50919
0.9685 0.45932
0.92651 0.43307
0.87664 0.41995
0.82677 0.41207
0.7769 0.40682
0.72703 0.4042
0.67717 0.40682
0.6273 0.41207
0.57743 0.42257
0.5853 0.40682
0.63517 0.3832
0.68504 0.35433
0.73491 0.31496
0.78215 0.27297
0.82677 0.22572
0.86352 0.17848
0.86352 0.12861
0.84514 0.07874
0.8189 0.028871
0.7769 0.007874
0.72703 0
0.67717 0
0.63255 0.023622
0.59843 0.073491
0.57218 0.12336
0.55118 0.17323
0.53281 0.2231
0.51969 0.27297
0.51181 0.32283
0.50656 0.3727
0.49344 0.34383
0.48556 0.29396
0.47507 0.24409
0.45932 0.19423
0.43832 0.14436
0.41207 0.094488
0.3832 0.044619
0.34383 0
0.29396 0
0.24409 0.0026247
0.19423 0.013123
0.16535 0.057743
0.14436 0.10761
0.12861 0.15748
0.15486 0.20735
0.19685 0.25459
0.24409 0.29921
0.29396 0.33858
0.34383 0.37008
0.3937 0.39633
0.44094 0.42257
0.3937 0.41732
0.34383 0.40945
0.29396 0.4042
0.24409 0.4042
0.19423 0.40945
0.14436 0.41732
0.094488 0.42782
0.049869 0.44094
# triangles
81 82 92
5 6 7
9 102 103
64 65 66
64 66 67
59 60 72
67 68 69
59 72 73
60 61 70
67 69 70
81 92 93
77 78 96
2 3 4
2 4 5
11 99 100
8 9 103
5 7 8
2 5 8
9 10 102
10 11 100
58 59 73
58 73 74
86 87 88
60 71 72
60 70 71
78 95 96
79 94 95
78 79 95
8 103 104
2 8 104
89 90 91
89 91 92
82 89 92
17 18 30
10 101 102
10 100 101
18 29 30
18 19 29
17 30 31
15 32 33
77 96 97
13 97 98
61 63 64
61 62 63
79 80 94
80 81 93
80 93 94
0 1 104
1 2 104
85 86 88
85 88 89
83 84 85
82 85 89
82 83 85
20 21 22
19 20 22
19 28 29
15 16 32
16 17 31
16 31 32
12 13 98
11 12 99
12 98 99
14 15 33
40 43 49
40 41 42
40 42 43
43 46 49
46 48 49
46 47 48
23 24 25
22 23 25
19 22 25
19 25 28
39 40 49
36 53 54
36 37 53
43 44 45
43 45 46
26 27 28
25 26 28
56 75 76
76 77 97
13 76 97
56 57 75
57 58 74
57 74 75
35 36 54
13 55 76
55 56 76
35 54 55
39 49 50
38 39 50
38 50 51
37 52 53
37 38 52
38 51 52
13 34 55
34 35 55
13 14 34
14 33 34
61 64 70
64 67 70
