# points
0 0.42655
0.028249 0.44633
0.059322 0.47175
0.090395 0.48023
0.11864 0.49718
0.15819 0.50565
0.18362 0.52825
0.22599 0.52825
0.26271 0.53672
0.30508 0.53672
0.29379 0.5678
0.27119 0.59887
0.24859 0.64124
0.24011 0.68362
0.23164 0.72599
0.24859 0.75141
0.23446 0.78814
0.24011 0.83051
0.22881 0.87288
0.27119 0.84463
0.30791 0.83051
0.34746 0.80226
0.38983 0.79096
0.41525 0.74859
0.44915 0.70904
0.48023 0.67514
0.49718 0.65537
0.5226 0.68927
0.52542 0.72881
0.5678 0.74576
0.5904 0.78531
0.63277 0.80226
0.65819 0.83616
0.70056 0.84746
0.74011 0.86441
0.75141 0.82768
0.75141 0.79944
0.75141 0.75706
0.74576 0.71469
0.73446 0.68644
0.74011 0.64972
0.71469 0.61864
0.70904 0.57627
0.68079 0.53955
0.72316 0.54237
0.76554 0.5339
0.79944 0.5452
0.83898 0.5339
0.88136 0.52542
0.91808 0.4887
0.96045 0.46893
1 0.43503
0.9774 0.40395
0.93785 0.38136
0.89831 0.36158
0.85876 0.34463
0.81638 0.33051
0.78814 0.32486
0.74576 0.32486
0.70339 0.32486
0.71186 0.29096
0.72599 0.25141
0.74294 0.20904
0.75141 0.16667
0.75989 0.12429
0.76271 0.081921
0.75424 0.039548
0.74294 0.0056497
0.70621 0.014124
0.66384 0.031073
0.62429 0.050847
0.58475 0.079096
0.5565 0.12147
0.51977 0.16102
0.50565 0.20056
0.49153 0.17514
0.46893 0.16949
0.46045 0.13277
0.4435 0.11017
0.41525 0.10452
0.40113 0.070621
0.38136 0.053672
0.35593 0.048023
0.33051 0.028249
0.28814 0.0028249
0.25424 0
0.22881 0.042373
0.25141 0.059322
0.24011 0.10169
0.25141 0.14407
0.23729 0.18079
0.25706 0.20339
0.27401 0.23446
0.28531 0.27401
0.30791 0.31073
0.27684 0.31638
0.23446 0.31638
0.19209 0.32486
0.14972 0.33616
0.10734 0.35028
0.064972 0.37006
0.028249 0.39266
0 0.4209
0 0.42655
# triangles
43 74 94
9 43 94
9 26 43
74 76 94
45 47 56
45 46 47
26 27 43
27 41 43
63 71 72
43 59 74
47 48 49
49 50 53
49 53 54
13 14 15
13 15 23
11 23 24
76 93 94
5 97 98
5 7 97
7 96 97
4 5 98
79 82 89
82 88 89
65 68 69
47 55 56
49 54 55
47 49 55
41 42 43
31 36 37
31 37 38
31 38 39
39 40 41
61 62 72
62 63 72
64 65 69
61 73 74
61 72 73
60 61 74
59 60 74
43 44 59
44 45 59
50 51 52
50 52 53
2 3 100
15 16 20
15 20 21
21 22 23
15 21 23
17 18 19
16 17 19
16 19 20
9 94 95
7 95 96
89 90 91
79 89 91
10 11 24
10 24 25
9 10 26
10 25 26
12 13 23
11 12 23
4 98 99
3 4 99
3 99 100
79 80 82
82 87 88
85 86 87
65 66 68
66 67 68
33 35 36
33 34 35
29 31 39
29 39 41
27 29 41
27 28 29
63 70 71
63 64 70
64 69 70
74 75 76
76 77 79
45 58 59
1 2 100
0 1 102
8 9 95
7 8 95
76 92 93
76 79 92
79 91 92
5 6 7
82 83 87
31 32 36
32 33 36
29 30 31
77 78 79
45 56 57
45 57 58
1 101 102
1 100 101
84 85 87
83 84 87
80 81 82
