# points
0.18351 0.42819
0.14362 0.43085
0.125 0.45213
0.079787 0.47872
0.047872 0.51862
0.010638 0.56383
0 0.58777
0.026596 0.60904
0.074468 0.61702
0.11968 0.62766
0.16223 0.63298
0.20213 0.62766
0.25 0.62234
0.29787 0.6117
0.34574 0.59574
0.37766 0.56383
0.39628 0.57181
0.41223 0.57181
0.3883 0.61968
0.39628 0.65426
0.4016 0.69149
0.39362 0.73936
0.41489 0.76596
0.41755 0.81117
0.43351 0.85638
0.45745 0.89096
0.46543 0.93351
0.4867 0.96543
0.5266 0.94681
0.55053 0.91489
0.57979 0.86702
0.59309 0.81915
0.60904 0.77128
0.61436 0.7234
0.61968 0.68085
0.60904 0.63298
0.60638 0.59043
0.59574 0.54787
0.625 0.55851
0.64894 0.58511
0.67021 0.60638
0.71809 0.6117
0.7633 0.62766
0.81117 0.62234
0.84574 0.63032
0.89362 0.63032
0.94149 0.61702
0.98936 0.60638
1 0.57181
0.96809 0.53723
0.94681 0.5133
0.91489 0.49468
0.89096 0.46277
0.85904 0.44415
0.82713 0.42819
0.78457 0.4016
0.7367 0.39894
0.69947 0.3883
0.6516 0.39096
0.66755 0.36436
0.70745 0.32447
0.75 0.28457
0.7633 0.23936
0.80053 0.20479
0.78191 0.18351
0.81117 0.14096
0.82979 0.093085
0.81649 0.047872
0.82447 0
0.78457 0.013298
0.73936 0.0053191
0.72872 0.031915
0.68085 0.045213
0.64362 0.085106
0.6117 0.10638
0.57447 0.13298
0.55319 0.17819
0.53191 0.22606
0.5133 0.27394
0.49468 0.26862
0.48138 0.22606
0.45745 0.18085
0.43351 0.14628
0.40957 0.125
0.38564 0.10372
0.36702 0.079787
0.32181 0.050532
0.27926 0.023936
0.2367 0.0026596
0.18883 0.0026596
0.18351 0.045213
0.18883 0.082447
0.19415 0.13032
0.21277 0.15957
0.21543 0.20745
0.23936 0.24468
0.27128 0.28723
0.29787 0.32713
0.33777 0.36436
0.375 0.3883
0.34309 0.38298
0.29521 0.39628
0.24734 0.39894
0.19947 0.41489
0.18351 0.42819
# triangles
5 6 7
15 17 99
15 99 100
15 100 101
80 97 98
5 7 8
2 9 10
17 35 36
17 37 99
17 36 37
47 48 49
80 81 97
79 98 99
79 80 98
78 79 99
2 3 9
54 55 56
41 54 56
60 61 62
37 38 58
58 78 99
37 58 99
13 15 101
13 14 15
0 12 13
15 16 17
0 11 12
2 10 11
0 2 11
20 21 22
20 34 35
20 33 34
20 22 33
44 45 51
45 50 51
83 84 95
84 93 95
83 95 96
81 96 97
93 94 95
4 8 9
3 4 9
4 5 8
38 39 56
39 41 56
43 53 54
43 52 53
43 44 51
43 51 52
62 64 74
64 73 74
62 63 64
67 68 69
38 56 57
38 57 58
13 101 102
0 102 103
0 13 102
17 19 35
19 20 35
17 18 19
22 23 31
22 31 32
22 32 33
46 49 50
45 46 50
46 47 49
62 74 76
60 62 76
60 76 77
86 87 91
86 92 93
86 91 92
85 86 93
84 85 93
82 83 96
81 82 96
0 1 2
39 40 41
41 42 54
42 43 54
64 65 71
67 69 71
66 67 71
65 66 71
58 59 78
59 60 77
59 77 78
25 29 30
23 24 31
24 30 31
24 25 30
74 75 76
64 72 73
64 71 72
26 27 28
25 26 29
26 28 29
88 89 90
69 70 71
87 88 90
87 90 91
