# points
0.34831 0.49213
0.36854 0.52809
0.39101 0.56404
0.41124 0.6
0.42921 0.63596
0.41798 0.66292
0.38202 0.67191
0.34607 0.6764
0.31011 0.67865
0.27416 0.6809
0.2382 0.67865
0.20225 0.67416
0.16629 0.66966
0.13034 0.66292
0.094382 0.65393
0.058427 0.64719
0.022472 0.6382
0.0044944 0.65169
0.0022472 0.68764
0.0044944 0.7236
0.0022472 0.75955
0.0022472 0.79551
0 0.83146
0 0.86742
0.031461 0.87191
0.067416 0.87416
0.10337 0.8764
0.13933 0.87865
0.17528 0.88315
0.21124 0.88539
0.24719 0.88539
0.28315 0.88539
0.3191 0.88764
0.35506 0.88539
0.39101 0.88315
0.42697 0.8809
0.46292 0.8764
0.49888 0.87416
0.53483 0.86742
0.57079 0.86292
0.60674 0.85843
0.6427 0.85618
0.67865 0.85393
0.71461 0.85393
0.75056 0.85393
0.78652 0.85618
0.82247 0.86067
0.85843 0.86292
0.89438 0.86742
0.93034 0.86966
0.96629 0.87191
0.99775 0.86517
0.99775 0.82921
0.99775 0.79326
1 0.7573
1 0.72135
1 0.68539
1 0.64944
1 0.61348
0.97079 0.6
0.93483 0.59101
0.89888 0.57978
0.86292 0.56854
0.82697 0.55955
0.79101 0.55281
0.75506 0.54607
0.7191 0.54382
0.68315 0.54607
0.66517 0.51685
0.64944 0.4809
0.63371 0.44494
0.61348 0.40899
0.59551 0.37303
0.57978 0.33708
0.57079 0.30112
0.56629 0.26517
0.56854 0.22921
0.57303 0.19326
0.57978 0.1573
0.58876 0.12135
0.59775 0.085393
0.60899 0.049438
0.61798 0.013483
0.59775 0
0.5618 0
0.52584 0.0022472
0.48989 0.0044944
0.45393 0.0044944
0.41798 0.0067416
0.38202 0.0067416
0.34831 0.011236
0.33933 0.047191
0.33258 0.083146
0.3236 0.1191
0.31685 0.15506
0.31011 0.19101
0.30562 0.22697
0.30337 0.26292
0.30337 0.29888
0.30337 0.33483
0.30787 0.37079
0.31685 0.40674
0.32584 0.4427
0.34157 0.47865
0.34831 0.49213
# triangles
22 23 24
81 82 83
81 83 84
80 81 84
77 78 93
74 98 99
74 99 100
80 84 85
77 93 94
89 90 91
0 1 72
42 43 67
4 40 67
11 28 29
14 15 19
15 16 17
78 79 86
79 85 86
79 80 85
78 86 87
78 87 93
76 95 96
76 77 94
76 94 95
43 66 67
43 65 66
49 52 53
49 50 52
50 51 52
13 14 19
13 19 20
0 72 103
10 11 29
40 41 67
41 42 67
7 33 34
48 53 54
48 49 53
20 21 26
13 26 27
13 20 26
15 17 18
15 18 19
87 92 93
74 75 98
75 76 96
45 63 64
45 62 63
45 46 62
12 13 27
11 12 28
12 27 28
73 101 102
72 73 103
73 102 103
73 74 100
73 100 101
9 30 31
9 10 30
10 29 30
8 32 33
7 8 33
8 31 32
8 9 31
6 7 34
46 61 62
46 47 61
47 55 61
47 48 54
47 54 55
21 25 26
22 24 25
21 22 25
87 88 92
88 89 91
88 91 92
75 97 98
75 96 97
57 58 59
57 59 60
2 3 70
3 69 70
4 67 68
3 4 68
3 68 69
44 45 64
43 44 65
44 64 65
5 37 38
5 36 37
56 57 60
55 56 61
56 60 61
1 71 72
1 2 71
2 70 71
5 38 39
4 39 40
4 5 39
5 6 35
5 35 36
6 34 35
