# points
0.37277 0.49107
0.38616 0.51339
0.38393 0.55134
0.3817 0.58482
0.39509 0.61607
0.37277 0.61384
0.33705 0.61161
0.30357 0.60491
0.27232 0.59821
0.23438 0.60714
0.20089 0.60268
0.16964 0.61384
0.14286 0.60938
0.10491 0.62277
0.069196 0.63839
0.040179 0.66518
0.020089 0.70312
0.013393 0.74107
0 0.77902
0.017857 0.79688
0.0044643 0.83482
0.013393 0.87054
0.049107 0.85938
0.087054 0.85268
0.10938 0.85714
0.14732 0.85268
0.18527 0.84375
0.22321 0.84821
0.25223 0.84375
0.28795 0.84598
0.32589 0.83482
0.36384 0.83036
0.39062 0.83482
0.42188 0.83036
0.45982 0.83036
0.49554 0.82589
0.52232 0.83482
0.56027 0.83705
0.59375 0.83705
0.62277 0.84152
0.66071 0.83705
0.6942 0.83929
0.72768 0.84598
0.76562 0.83929
0.79464 0.83929
0.82812 0.85045
0.86607 0.84598
0.90179 0.85491
0.93973 0.85938
0.96652 0.87054
0.99554 0.84821
0.99107 0.81696
1 0.77902
0.98884 0.75
0.98438 0.71205
0.97991 0.69196
0.96205 0.66295
0.94196 0.63616
0.91295 0.61161
0.875 0.61161
0.83929 0.60938
0.81027 0.59821
0.77679 0.59598
0.74107 0.60268
0.70536 0.60268
0.66741 0.61161
0.63616 0.61161
0.61161 0.60938
0.60045 0.57812
0.61607 0.54018
0.6183 0.50446
0.61607 0.46652
0.625 0.42857
0.61607 0.40179
0.62277 0.36384
0.625 0.32589
0.61384 0.30134
0.62723 0.26339
0.625 0.22545
0.62054 0.1942
0.62723 0.16071
0.62277 0.12277
0.6183 0.089286
0.61607 0.058036
0.59375 0.03125
0.57812 0
0.54018 0.017857
0.50223 0.026786
0.46652 0.015625
0.43304 0.017857
0.41741 0.0089286
0.39062 0.046875
0.37723 0.084821
0.375 0.12277
0.36607 0.16071
0.37723 0.1808
0.37054 0.21875
0.36384 0.2567
0.36161 0.29241
0.3683 0.32143
0.36607 0.35938
0.36384 0.39732
0.37277 0.41741
0.375 0.45536
0.37277 0.49107
# triangles
97 98 99
7 9 28
4 67 68
9 10 11
20 21 22
9 11 26
82 86 87
2 4 68
100 101 102
7 8 9
36 37 67
35 36 67
4 35 67
4 31 33
9 27 28
9 26 27
11 13 26
11 12 13
14 15 25
13 14 25
13 25 26
15 16 25
16 17 25
17 23 25
76 97 99
76 99 100
76 96 97
74 76 100
74 75 76
48 49 50
48 50 51
51 52 53
54 55 56
46 54 56
46 53 54
84 85 86
82 84 86
82 83 84
79 95 96
81 82 87
79 80 81
81 87 95
79 81 95
37 38 67
38 66 67
38 39 66
40 65 66
39 40 66
4 33 34
4 34 35
31 32 33
17 18 19
17 19 23
19 22 23
19 20 22
23 24 25
73 100 102
73 74 100
73 102 103
71 72 73
71 73 103
1 70 71
1 2 68
0 1 103
1 71 103
1 68 69
1 69 70
60 61 62
46 56 59
46 59 60
56 57 59
57 58 59
76 78 96
78 79 96
76 77 78
87 93 95
87 92 93
2 3 4
6 30 31
6 7 30
7 28 30
28 29 30
46 47 53
47 48 51
47 51 53
44 46 60
44 45 46
44 60 62
40 41 65
41 64 65
41 42 43
43 44 63
44 62 63
41 43 63
41 63 64
89 90 91
89 91 92
87 88 92
88 89 92
93 94 95
4 5 31
5 6 31
