# points
0.002079 0.50104
0.002079 0.54262
0.004158 0.5842
0.008316 0.62578
0.049896 0.61331
0.091476 0.60499
0.13098 0.59459
0.17048 0.5842
0.21206 0.5738
0.25364 0.56341
0.29522 0.55301
0.33056 0.55509
0.35551 0.59667
0.39085 0.62786
0.42827 0.64241
0.43867 0.67568
0.43035 0.71726
0.42204 0.75884
0.41164 0.80042
0.40333 0.842
0.39501 0.88358
0.38669 0.92516
0.37838 0.96674
0.38877 0.99584
0.43035 0.99792
0.47193 1
0.51351 1
0.55509 0.99792
0.59667 0.99584
0.61123 0.97297
0.59875 0.93139
0.58628 0.88981
0.5738 0.84823
0.56133 0.80665
0.54886 0.76507
0.53846 0.72349
0.52599 0.68191
0.51975 0.64033
0.55925 0.62162
0.59459 0.5842
0.61538 0.54262
0.65696 0.55094
0.69854 0.55925
0.74012 0.56965
0.7817 0.58004
0.82328 0.58836
0.86279 0.59875
0.90437 0.60707
0.94595 0.61746
0.98545 0.62162
0.98753 0.58004
0.9896 0.53846
0.9896 0.49688
0.9896 0.4553
0.98753 0.41372
0.98129 0.3763
0.93971 0.38669
0.89813 0.39709
0.85655 0.40748
0.81497 0.41788
0.77339 0.42827
0.73181 0.43867
0.69023 0.44906
0.64865 0.45946
0.61538 0.4553
0.59459 0.41372
0.55717 0.37422
0.51975 0.34927
0.53222 0.30769
0.54262 0.26611
0.55301 0.22453
0.56549 0.18295
0.57796 0.14137
0.59044 0.099792
0.60291 0.058212
0.61538 0.016632
0.58628 0.004158
0.5447 0
0.50312 0
0.46154 0
0.41996 0.002079
0.37838 0.006237
0.38046 0.043659
0.38877 0.085239
0.39501 0.12682
0.40541 0.1684
0.41372 0.20998
0.41996 0.25156
0.43035 0.29314
0.43867 0.33472
0.41164 0.35967
0.37006 0.38462
0.33888 0.42204
0.32017 0.46154
0.27859 0.45114
0.23701 0.43867
0.19543 0.42827
0.15385 0.4158
0.11227 0.40541
0.070686 0.39293
0.029106 0.38254
0.006237 0.39709
0.002079 0.43867
0 0.48025
0.002079 0.50104
# triangles
20 21 25
27 28 29
14 65 90
90 91 92
67 89 90
21 24 25
99 102 103
99 100 102
100 101 102
98 99 103
45 46 58
27 29 30
26 27 30
48 49 50
53 54 56
54 55 56
46 52 58
67 68 89
45 58 59
44 59 60
44 45 59
71 85 86
74 76 77
74 75 76
72 84 85
71 72 85
22 23 24
21 22 24
79 80 83
80 81 82
80 82 83
0 98 103
26 30 31
25 26 31
20 25 31
20 31 32
47 50 51
47 48 50
47 51 52
46 47 52
43 44 60
19 20 32
7 96 97
66 67 90
65 66 90
68 88 89
69 87 88
68 69 88
70 71 86
69 70 87
70 86 87
43 60 61
53 56 57
52 53 57
52 57 58
72 78 84
78 83 84
78 79 83
17 34 35
16 17 35
15 16 36
16 35 36
2 3 4
1 2 4
0 6 98
6 97 98
6 7 97
7 8 96
8 95 96
41 62 63
73 74 77
73 77 78
72 73 78
14 37 65
14 15 37
15 36 37
17 18 34
1 4 5
0 1 5
0 5 6
12 13 14
41 42 62
42 61 62
42 43 61
40 63 64
40 41 63
18 33 34
19 32 33
18 19 33
10 93 94
37 38 39
37 39 65
10 11 93
11 92 93
11 90 92
11 14 90
11 12 14
9 10 94
9 94 95
8 9 95
39 40 64
39 64 65
