# points
0.1851 0.47837
0.20913 0.50721
0.23317 0.53606
0.26202 0.5649
0.28846 0.58894
0.3125 0.61058
0.33894 0.625
0.36779 0.62019
0.39663 0.62019
0.42548 0.62981
0.45192 0.65385
0.45913 0.68269
0.45673 0.71154
0.44952 0.74038
0.45913 0.76923
0.46635 0.79808
0.47115 0.82692
0.47596 0.85577
0.47837 0.88462
0.48077 0.91346
0.48558 0.94231
0.48798 0.97115
0.49038 1
0.5 1
0.51442 0.97115
0.52644 0.94231
0.54087 0.91346
0.55288 0.88462
0.5649 0.85577
0.57692 0.82692
0.58654 0.79808
0.57933 0.76923
0.57692 0.74038
0.57933 0.71154
0.58173 0.68269
0.58654 0.65385
0.59375 0.625
0.60577 0.59615
0.62019 0.56731
0.64183 0.54327
0.67067 0.53125
0.68029 0.50721
0.6851 0.47837
0.69231 0.44952
0.69952 0.42067
0.70673 0.39183
0.71875 0.36298
0.73317 0.33413
0.75 0.30529
0.77163 0.27644
0.79567 0.2476
0.81731 0.22115
0.83894 0.19712
0.86298 0.17067
0.88942 0.14183
0.91346 0.11298
0.9351 0.084135
0.95433 0.055288
0.9351 0.048077
0.90625 0.045673
0.8774 0.043269
0.84856 0.043269
0.81971 0.040865
0.79087 0.038462
0.76202 0.038462
0.73317 0.036058
0.70433 0.036058
0.67548 0.036058
0.64663 0.036058
0.61779 0.036058
0.58894 0.033654
0.5601 0.016827
0.53125 0.0072115
0.5024 0.0024038
0.47356 0
0.44471 0.0024038
0.41587 0.0072115
0.38702 0.014423
0.35817 0.026442
0.32933 0.045673
0.30048 0.060096
0.27163 0.0625
0.24279 0.0625
0.21394 0.0625
0.1851 0.0625
0.15625 0.060096
0.1274 0.060096
0.098558 0.055288
0.069712 0.055288
0.040865 0.052885
0.012019 0.050481
0 0.0625
0.012019 0.091346
0.024038 0.12019
0.033654 0.14904
0.043269 0.17788
0.055288 0.20673
0.064904 0.23558
0.076923 0.26442
0.086538 0.29327
0.098558 0.32212
0.11298 0.35096
0.125 0.37981
0.14183 0.40865
0.15865 0.4375
0.17788 0.46635
0.1851 0.47837
# triangles
76 77 79
70 76 79
21 22 23
17 18 27
17 27 28
45 46 79
46 70 79
70 75 76
80 81 101
1 45 80
45 79 80
20 21 24
21 23 24
18 19 26
18 26 27
16 17 28
70 71 72
70 72 73
73 74 75
70 73 75
50 51 66
48 49 68
87 93 94
83 84 98
4 5 7
5 6 7
19 20 25
19 25 26
20 24 25
53 54 62
51 65 66
51 64 65
49 67 68
50 66 67
49 50 67
46 47 70
47 48 70
48 69 70
48 68 69
87 88 93
90 91 92
89 90 92
88 89 92
88 92 93
86 87 94
82 83 98
77 78 79
84 97 98
1 80 105
80 104 105
80 103 104
12 32 33
12 13 14
12 14 32
54 61 62
51 52 64
53 62 63
52 63 64
52 53 63
39 40 41
39 41 42
39 42 43
86 94 95
82 98 99
0 1 105
80 101 102
80 102 103
14 15 31
14 31 32
10 36 37
10 35 36
8 38 39
8 39 43
2 3 8
3 4 8
4 7 8
55 59 60
54 55 61
55 60 61
8 43 44
2 8 44
1 44 45
1 2 44
85 86 96
86 95 96
84 85 96
84 96 97
81 100 101
81 82 100
82 99 100
15 16 29
15 29 31
16 28 29
10 11 35
11 34 35
11 12 33
11 33 34
56 58 59
55 56 59
56 57 58
29 30 31
9 10 37
9 37 38
8 9 38
