# points
0.35056 0.48764
0.37528 0.5236
0.40225 0.55955
0.43146 0.59551
0.45393 0.63146
0.43371 0.64944
0.39775 0.65618
0.3618 0.66067
0.32584 0.66292
0.28989 0.66292
0.25393 0.66517
0.21798 0.66517
0.18202 0.66742
0.14831 0.6764
0.11236 0.68315
0.076404 0.67191
0.040449 0.65618
0.0089888 0.67416
0.017978 0.71011
0.01573 0.74382
0.0044944 0.77978
0.0022472 0.81573
0 0.85169
0.022472 0.86517
0.058427 0.86292
0.094382 0.86067
0.13034 0.86067
0.16629 0.86067
0.20225 0.86067
0.2382 0.86067
0.27416 0.86067
0.31011 0.86742
0.34607 0.87191
0.38202 0.8764
0.41798 0.87865
0.45393 0.87865
0.48989 0.8764
0.52584 0.87416
0.5618 0.86966
0.59775 0.86292
0.63371 0.85618
0.66966 0.85169
0.70562 0.84719
0.74157 0.8427
0.77753 0.8382
0.81348 0.83371
0.84944 0.83596
0.88539 0.84494
0.92135 0.85393
0.9573 0.86067
0.99326 0.86517
1 0.83371
1 0.79775
0.99775 0.7618
0.99551 0.72584
0.98876 0.68989
1 0.65393
0.98876 0.61798
0.95506 0.59326
0.9191 0.60449
0.89213 0.57303
0.85618 0.54831
0.82022 0.53258
0.78427 0.5236
0.74831 0.52135
0.71236 0.5236
0.6764 0.53483
0.64494 0.53708
0.63371 0.50112
0.62022 0.46517
0.60225 0.42921
0.58202 0.39326
0.56854 0.3573
0.55955 0.32135
0.55281 0.28539
0.55281 0.24944
0.5573 0.21348
0.5618 0.17753
0.56854 0.14157
0.57528 0.10562
0.57978 0.069663
0.57978 0.033708
0.56854 0
0.53258 0
0.49663 0.013483
0.46067 0.017978
0.42472 0.0067416
0.38876 0.011236
0.3573 0.044944
0.33933 0.080899
0.32809 0.11685
0.31685 0.15281
0.30787 0.18876
0.30337 0.22472
0.30112 0.26067
0.29888 0.29663
0.30112 0.33258
0.30787 0.36854
0.31685 0.40449
0.32809 0.44045
0.34382 0.4764
0.35056 0.48764
# triangles
86 87 88
85 86 88
80 81 84
85 88 89
85 89 90
49 50 51
74 94 95
74 75 94
4 40 67
11 28 29
81 82 83
81 83 84
79 80 84
78 79 85
79 84 85
75 76 92
76 91 92
49 51 52
48 49 52
42 43 66
42 66 67
75 92 93
75 93 94
74 95 96
72 99 100
4 38 39
4 39 40
3 67 68
3 4 67
11 12 28
16 17 18
44 61 62
43 44 66
44 64 66
77 78 85
77 85 90
77 90 91
76 77 91
44 62 63
44 63 64
57 58 59
56 57 59
47 53 54
47 48 53
48 52 53
40 41 67
41 42 67
73 97 98
72 98 99
72 73 98
9 10 30
10 11 29
10 29 30
8 30 31
8 9 30
15 16 18
3 68 69
2 3 69
2 69 70
46 47 54
0 72 100
2 70 71
1 2 71
0 71 72
0 1 71
8 31 32
6 34 35
13 14 26
13 26 27
12 13 28
13 27 28
21 22 23
14 15 19
15 18 19
64 65 66
46 54 55
46 55 59
55 56 59
45 46 59
45 59 60
44 45 61
45 60 61
6 33 34
5 36 37
5 35 36
5 6 35
4 5 38
5 37 38
7 8 32
7 32 33
6 7 33
19 20 25
14 25 26
14 19 25
20 21 24
20 24 25
21 23 24
73 74 96
73 96 97
