# points
0 0.45455
0 0.51196
0.007177 0.5622
0.064593 0.5622
0.12201 0.5622
0.17943 0.5622
0.23684 0.5622
0.29426 0.5622
0.33014 0.57177
0.28469 0.61962
0.22727 0.67703
0.17943 0.72727
0.13397 0.77273
0.1244 0.83014
0.18182 0.88756
0.22727 0.85646
0.2799 0.80144
0.33254 0.74641
0.37799 0.70096
0.43062 0.65789
0.43062 0.71531
0.43062 0.77273
0.43062 0.83014
0.43062 0.88756
0.43062 0.94498
0.43301 1
0.49043 1
0.54785 1
0.55502 0.94976
0.55502 0.89234
0.55502 0.83493
0.55502 0.77751
0.55502 0.7201
0.55502 0.66268
0.59809 0.69139
0.64115 0.73684
0.69856 0.79426
0.7512 0.84689
0.79426 0.89234
0.85167 0.83971
0.86603 0.78708
0.80861 0.72967
0.76316 0.68421
0.71292 0.63158
0.6555 0.57416
0.69378 0.5622
0.7512 0.5622
0.80861 0.5622
0.86603 0.5622
0.92344 0.5622
0.98086 0.5622
0.98565 0.50957
0.98565 0.45215
0.94258 0.4378
0.88517 0.4378
0.82775 0.4378
0.77033 0.4378
0.71292 0.4378
0.6555 0.4378
0.66746 0.4067
0.72488 0.34928
0.77512 0.29665
0.82057 0.2512
0.87799 0.19378
0.84211 0.14354
0.78708 0.10766
0.73923 0.15789
0.68182 0.21531
0.6244 0.27273
0.58373 0.3134
0.55502 0.32057
0.55502 0.26316
0.55502 0.20574
0.55502 0.14833
0.55502 0.090909
0.55502 0.033493
0.5311 0
0.47368 0
0.43062 0.014354
0.43062 0.07177
0.43062 0.12919
0.43062 0.1866
0.43062 0.24402
0.43062 0.30144
0.41148 0.32536
0.35646 0.26794
0.31579 0.22727
0.25837 0.16986
0.20335 0.11483
0.15311 0.13397
0.10526 0.19139
0.16029 0.2488
0.2177 0.30622
0.27512 0.36364
0.33014 0.42105
0.30144 0.4378
0.24402 0.4378
0.1866 0.4378
0.12919 0.4378
0.07177 0.4378
0.014354 0.4378
0 0.45455
# triangles
37 38 39
86 87 92
70 84 94
1 2 3
0 1 99
1 3 99
0 99 100
86 92 93
84 93 94
13 14 15
10 11 16
11 15 16
10 16 17
24 25 26
26 27 28
24 26 28
64 65 66
75 76 77
87 88 89
85 86 93
84 85 93
20 21 32
87 91 92
87 89 91
89 90 91
3 4 99
5 6 97
12 13 15
11 12 15
49 50 51
51 52 53
49 51 53
22 23 30
23 29 30
23 24 29
24 28 29
62 64 66
62 63 64
58 59 70
44 45 58
19 58 94
58 70 94
77 78 79
74 79 80
75 77 79
74 75 79
59 69 70
59 68 69
59 60 68
60 61 67
60 67 68
72 81 82
71 72 82
73 74 80
72 73 81
73 80 81
21 31 32
22 30 31
21 22 31
19 33 58
33 44 58
19 20 33
20 32 33
37 39 41
39 40 41
4 5 98
5 97 98
4 98 99
6 96 97
6 7 96
47 48 55
70 71 83
71 82 83
70 83 84
36 37 41
36 41 42
35 36 42
9 10 17
9 17 18
7 95 96
46 47 56
47 55 56
48 54 55
48 49 54
49 53 54
33 34 44
8 19 94
8 18 19
8 9 18
8 94 95
7 8 95
45 57 58
45 46 57
46 56 57
34 43 44
34 35 43
35 42 43
62 66 67
61 62 67
