# points
0.017199 0.47912
0.022113 0.51106
0.029484 0.543
0.034398 0.57494
0.041769 0.60688
0.046683 0.63882
0.051597 0.67076
0.054054 0.7027
0.056511 0.73464
0.054054 0.76658
0.051597 0.79853
0.046683 0.83047
0.046683 0.86241
0.054054 0.89435
0.071253 0.92629
0.09828 0.95332
0.13022 0.97543
0.16216 0.98771
0.1941 0.99509
0.22604 0.99754
0.25799 1
0.28993 1
0.32187 1
0.35381 1
0.38575 0.99754
0.41769 0.99509
0.44963 0.99263
0.48157 0.99017
0.51351 0.98771
0.54545 0.9828
0.5774 0.98034
0.60934 0.97789
0.64128 0.97543
0.67322 0.97543
0.70516 0.97543
0.7371 0.97789
0.76904 0.97789
0.80098 0.9828
0.83292 0.98034
0.86486 0.97297
0.89681 0.95577
0.92875 0.92875
0.95332 0.89681
0.9656 0.86486
0.97543 0.83292
0.98034 0.80098
0.9828 0.76904
0.9828 0.7371
0.98526 0.70516
0.98526 0.67322
0.98526 0.64128
0.98526 0.60934
0.98526 0.5774
0.9828 0.54545
0.98034 0.51351
0.97543 0.48157
0.97543 0.44963
0.97052 0.41769
0.96806 0.38575
0.96314 0.35381
0.96069 0.32187
0.96069 0.28993
0.96069 0.25799
0.96069 0.22604
0.96314 0.1941
0.96314 0.16216
0.95577 0.13022
0.93857 0.09828
0.914 0.066339
0.88206 0.041769
0.85012 0.02457
0.81818 0.014742
0.78624 0.007371
0.7543 0.004914
0.72236 0.002457
0.69042 0
0.65848 0
0.62654 0.002457
0.59459 0.002457
0.56265 0.004914
0.53071 0.007371
0.49877 0.009828
0.46683 0.014742
0.43489 0.019656
0.40295 0.02457
0.37101 0.031941
0.33907 0.036855
0.30713 0.041769
0.27518 0.046683
0.24324 0.04914
0.2113 0.04914
0.17936 0.04914
0.14742 0.04914
0.11548 0.054054
0.083538 0.071253
0.056511 0.09828
0.034398 0.12776
0.019656 0.15971
0.009828 0.19165
0.002457 0.22359
0 0.25553
0 0.28747
0 0.31941
0.002457 0.35135
0.004914 0.38329
0.007371 0.41523
0.012285 0.44717
0.017199 0.47912
0.017199 0.47912
# triangles
92 94 95
92 93 94
41 42 43
13 14 15
12 13 15
4 55 83
2 4 83
2 83 85
86 87 106
91 96 97
91 92 95
91 95 96
91 97 98
11 12 15
15 16 17
83 84 85
0 85 86
0 86 106
90 99 100
90 98 99
90 91 98
89 101 102
90 100 101
89 90 101
87 105 106
87 88 105
88 104 105
2 3 4
38 39 40
34 47 48
34 48 49
59 81 82
59 80 81
59 79 80
59 60 79
67 68 69
64 67 69
62 73 74
65 66 67
64 65 67
61 62 74
61 74 75
60 61 77
55 56 57
55 57 83
57 82 83
57 59 82
57 58 59
1 2 85
0 1 85
88 103 104
89 102 103
88 89 103
10 11 15
10 15 17
10 17 18
34 35 47
32 50 51
32 51 52
32 52 53
60 77 78
60 78 79
69 70 71
64 69 71
61 76 77
61 75 76
8 21 22
8 22 23
8 23 24
7 8 24
36 44 45
36 45 46
36 43 44
36 46 47
35 36 47
36 37 38
36 41 43
36 40 41
36 38 40
33 49 50
32 33 50
33 34 49
31 32 53
31 53 54
30 31 55
31 54 55
63 64 71
62 63 73
6 26 27
4 29 55
29 30 55
27 28 29
5 6 27
4 5 29
5 27 29
6 25 26
7 24 25
6 7 25
10 18 19
9 10 19
9 19 20
9 20 21
8 9 21
63 72 73
63 71 72
