# points
0 0.50125
0.0024938 0.55112
0.0099751 0.601
0.022444 0.65087
0.042394 0.70075
0.064838 0.75062
0.097257 0.8005
0.13965 0.85037
0.18454 0.89027
0.23441 0.92519
0.28429 0.95262
0.33416 0.97257
0.38404 0.98753
0.43392 0.99501
0.44638 0.97007
0.43641 0.9202
0.43641 0.87032
0.4414 0.82045
0.45137 0.77057
0.46883 0.7207
0.48878 0.71571
0.50125 0.76559
0.51122 0.81546
0.51621 0.86534
0.51621 0.91521
0.50374 0.96509
0.50125 1
0.55112 0.99501
0.601 0.98753
0.65087 0.97257
0.70075 0.95262
0.75062 0.92269
0.8005 0.88778
0.85037 0.8404
0.89027 0.79052
0.92269 0.74065
0.94514 0.69077
0.96259 0.6409
0.97506 0.59102
0.98254 0.54115
0.93267 0.55611
0.88279 0.5586
0.83292 0.55611
0.78304 0.54863
0.73317 0.53865
0.68329 0.52618
0.6783 0.51122
0.72818 0.50125
0.77805 0.49626
0.82793 0.49127
0.87781 0.48878
0.92768 0.49626
0.97756 0.5212
0.98254 0.47631
0.97756 0.42643
0.96758 0.37656
0.95262 0.32668
0.93267 0.27681
0.90524 0.22693
0.86783 0.17706
0.82045 0.12718
0.77057 0.087282
0.7207 0.057357
0.67082 0.032419
0.62095 0.014963
0.57107 0.0049875
0.5212 0.0024938
0.51621 0.034913
0.52369 0.084788
0.52369 0.13466
0.51372 0.18454
0.49875 0.23441
0.47631 0.22943
0.46135 0.17955
0.45137 0.12968
0.44888 0.0798
0.45885 0.029925
0.45387 0
0.40399 0.0049875
0.35411 0.017456
0.30424 0.034913
0.25436 0.05985
0.20449 0.092269
0.15461 0.13466
0.11471 0.17706
0.077307 0.22693
0.049875 0.27681
0.029925 0.32668
0.014963 0.37656
0.0024938 0.42643
0.017456 0.44888
0.067332 0.4414
0.11721 0.44389
0.16708 0.45387
0.21696 0.46633
0.26683 0.4813
0.26683 0.49626
0.21696 0.50374
0.16708 0.50873
0.11721 0.50873
0.067332 0.50623
0.017456 0.49377
0 0.50125
# triangles
46 71 95
46 95 96
46 47 71
71 72 95
20 46 96
19 20 96
32 33 44
21 32 44
22 23 30
21 22 32
47 59 71
36 41 42
36 37 41
18 19 96
18 96 97
21 44 45
20 21 45
20 45 46
84 93 94
83 84 94
72 94 95
72 83 94
86 92 93
6 7 18
6 18 97
23 29 30
23 24 29
24 28 29
22 30 31
22 31 32
64 65 68
76 77 78
75 76 78
73 81 82
72 73 83
73 82 83
75 78 79
59 60 71
60 70 71
60 61 70
35 36 42
34 35 42
34 42 43
33 43 44
33 34 43
49 50 56
49 56 57
24 25 27
24 27 28
25 26 27
84 85 93
85 86 93
86 87 92
5 6 97
5 97 98
4 5 98
65 67 68
65 66 67
74 79 80
74 75 79
74 80 81
73 74 81
61 62 70
48 58 59
47 48 59
48 57 58
48 49 57
51 53 54
50 51 54
50 54 55
50 55 56
12 14 15
11 12 15
10 11 16
11 15 16
10 16 17
9 10 17
89 90 91
88 89 91
87 91 92
87 88 91
0 1 101
1 100 101
3 4 98
3 98 99
62 63 69
62 69 70
64 68 69
63 64 69
38 39 40
37 40 41
37 38 40
51 52 53
12 13 14
8 9 17
7 8 18
8 17 18
2 99 100
2 3 99
1 2 100
