# points
0.047368 0.49737
0 0.52632
0.010526 0.55263
0.055263 0.59737
0.11842 0.62895
0.18684 0.65
0.25526 0.65789
0.32368 0.64737
0.3 0.68158
0.24211 0.71316
0.18684 0.74737
0.13421 0.78684
0.089474 0.82895
0.052632 0.88684
0.021053 0.95
0.086842 0.94474
0.15789 0.92895
0.22368 0.91053
0.28947 0.88684
0.34737 0.85526
0.4 0.81053
0.45 0.75789
0.48947 0.71842
0.47368 0.78947
0.47632 0.84474
0.48158 0.90263
0.48684 0.96316
0.51053 1
0.55526 0.93947
0.59211 0.87895
0.61842 0.81579
0.63684 0.75
0.63421 0.67632
0.65526 0.67368
0.68421 0.72632
0.71316 0.78158
0.74737 0.82632
0.79211 0.87895
0.84474 0.92368
0.90526 0.95
0.93684 0.91842
0.92632 0.85263
0.90789 0.78421
0.87632 0.71316
0.83684 0.64737
0.80526 0.58947
0.75 0.53947
0.68684 0.49737
0.75526 0.50263
0.82368 0.51316
0.87368 0.49737
0.93158 0.48947
0.98421 0.47368
0.94211 0.42895
0.88158 0.39211
0.81842 0.36316
0.75 0.34737
0.67632 0.34474
0.62632 0.33684
0.68421 0.30789
0.73947 0.27368
0.79474 0.23684
0.83947 0.19474
0.87895 0.15
0.91316 0.094737
0.93158 0.036842
0.86316 0.055263
0.79737 0.071053
0.72895 0.086842
0.66053 0.11579
0.59737 0.15
0.54474 0.20263
0.5 0.25789
0.47368 0.27105
0.47632 0.20263
0.47895 0.14211
0.47895 0.086842
0.46842 0.031579
0.44474 0
0.40263 0.052632
0.37105 0.10526
0.34211 0.17105
0.32632 0.24211
0.32895 0.31316
0.31316 0.34737
0.28421 0.28684
0.24737 0.22632
0.21316 0.17632
0.16842 0.12368
0.11579 0.078947
0.057895 0.05
0.018421 0.071053
0.034211 0.13158
0.060526 0.19474
0.076316 0.26053
0.1 0.32632
0.13158 0.37895
0.18158 0.43158
0.23158 0.47895
0.25789 0.50789
0.18684 0.49737
0.12632 0.5
0.065789 0.5
0.047368 0.49737
# triangles
89 92 93
90 91 92
89 90 92
0 1 2
0 2 102
7 47 99
11 12 16
11 16 17
5 99 100
4 5 100
38 39 40
38 40 41
63 64 66
64 65 66
6 7 99
5 6 99
10 11 17
13 14 15
12 13 16
13 15 16
2 3 102
76 79 80
73 82 83
88 89 93
87 88 93
87 93 94
4 100 101
3 101 102
3 4 101
84 97 98
84 98 99
73 83 84
47 84 99
37 38 41
34 44 45
50 53 54
49 50 54
8 9 19
8 19 20
63 66 67
74 81 82
73 74 82
77 78 79
76 77 79
85 95 96
85 96 97
84 85 97
86 87 94
86 94 95
85 86 95
37 41 42
35 43 44
34 35 44
33 34 45
33 45 46
33 46 47
51 52 53
50 51 53
9 10 18
9 18 19
10 17 18
25 28 29
75 80 81
74 75 81
75 76 80
59 70 71
49 54 55
48 49 55
58 71 72
58 59 71
58 72 73
47 57 58
47 58 84
58 73 84
61 68 69
24 25 29
24 29 30
23 24 30
7 8 21
8 20 21
35 36 43
36 42 43
36 37 42
32 33 47
26 27 28
25 26 28
60 61 69
60 69 70
59 60 70
62 67 68
61 62 68
62 63 67
22 23 30
7 21 22
7 22 47
22 32 47
48 55 56
47 48 56
47 56 57
22 30 31
22 31 32
