# points
0 0.50374
0.0024938 0.54863
0.0074813 0.59352
0.017456 0.6384
0.032419 0.68329
0.052369 0.72818
0.077307 0.77307
0.10973 0.81796
0.14713 0.85786
0.18953 0.89776
0.23441 0.92768
0.2793 0.95262
0.32419 0.97257
0.36908 0.98753
0.41397 0.99501
0.45885 1
0.46633 0.96259
0.46633 0.91771
0.46633 0.87282
0.46633 0.82793
0.46633 0.78304
0.46633 0.73815
0.46633 0.69327
0.46633 0.64838
0.46633 0.60349
0.46633 0.5586
0.46633 0.51372
0.46633 0.46883
0.46633 0.42394
0.46633 0.37905
0.46633 0.33416
0.46633 0.28928
0.46633 0.24439
0.46633 0.1995
0.46633 0.15461
0.46633 0.10973
0.46633 0.064838
0.49377 0.044888
0.50125 0.084788
0.50125 0.12968
0.50125 0.17456
0.50125 0.21945
0.50125 0.26434
0.50125 0.30923
0.50125 0.35411
0.50125 0.399
0.50125 0.44389
0.50125 0.48878
0.50125 0.53367
0.50125 0.57855
0.50125 0.62344
0.50125 0.66833
0.50125 0.71322
0.50125 0.7581
0.50125 0.80299
0.50125 0.84788
0.50125 0.89277
0.50125 0.93766
0.50125 0.98254
0.52618 1
0.57107 0.99501
0.61596 0.98504
0.66085 0.97007
0.70574 0.95262
0.75062 0.92519
0.79551 0.89526
0.8404 0.85287
0.8803 0.80798
0.91022 0.76309
0.93516 0.7182
0.95262 0.67332
0.96758 0.62843
0.97506 0.58354
0.98254 0.53865
0.98254 0.49377
0.98005 0.44888
0.97257 0.40399
0.96259 0.3591
0.94763 0.31421
0.92768 0.26933
0.90025 0.22444
0.86783 0.17955
0.82544 0.13466
0.78055 0.097257
0.73566 0.067332
0.69077 0.044888
0.64589 0.024938
0.601 0.012469
0.55611 0.0049875
0.51122 0.0024938
0.46633 0
0.42145 0.0074813
0.37656 0.014963
0.33167 0.027431
0.28678 0.044888
0.2419 0.069825
0.19701 0.099751
0.15212 0.13965
0.11471 0.17706
0.082294 0.22195
0.057357 0.26683
0.034913 0.31172
0.01995 0.35661
0.0074813 0.4015
0.0024938 0.44638
0 0.49127
0 0.50374
# triangles
0 1 26
51 67 68
31 97 98
55 62 63
57 59 60
9 10 20
53 54 64
54 55 63
54 63 64
53 65 66
53 64 65
3 4 24
4 5 24
7 8 22
6 7 22
52 53 66
52 66 67
51 52 67
47 74 75
41 83 84
40 41 84
36 91 92
36 90 91
33 95 96
30 31 98
32 33 96
32 96 97
31 32 97
55 56 62
57 58 59
13 14 17
8 21 22
9 20 21
8 9 21
6 22 23
5 23 24
5 6 23
49 70 71
49 71 72
0 26 105
40 84 85
38 87 88
35 92 93
35 36 92
30 99 100
30 98 99
29 100 101
29 30 100
43 80 81
43 81 82
56 61 62
57 60 61
56 57 61
14 15 16
14 16 17
11 12 18
12 13 18
13 17 18
50 68 69
50 51 68
50 69 70
49 50 70
1 25 26
1 2 25
3 24 25
2 3 25
48 49 72
48 72 73
48 73 74
47 48 74
37 38 88
37 88 89
36 37 90
37 89 90
39 86 87
38 39 87
39 85 86
39 40 85
34 94 95
33 34 95
34 93 94
34 35 93
28 101 102
28 29 101
28 102 103
42 43 82
42 82 83
41 42 83
44 79 80
43 44 80
11 18 19
10 11 19
10 19 20
27 103 104
27 28 103
26 27 105
27 104 105
45 77 78
45 78 79
44 45 79
46 47 75
46 75 76
46 76 77
45 46 77
