# points
0.010336 0.50129
0.018088 0.5814
0.023256 0.6615
0.02584 0.7416
0.023256 0.82171
0.018088 0.90181
0.01292 0.98191
0.087855 0.99225
0.16796 0.99742
0.24806 1
0.32817 1
0.40827 0.99742
0.48837 0.98966
0.56848 0.9845
0.64858 0.97933
0.72868 0.97674
0.80879 0.97933
0.88889 0.9845
0.96899 0.98966
0.89406 0.95349
0.81395 0.91473
0.73385 0.87597
0.65375 0.84755
0.57364 0.83463
0.49354 0.82687
0.41344 0.82171
0.33333 0.81395
0.25323 0.80103
0.17313 0.78036
0.15245 0.73643
0.23256 0.75969
0.31266 0.77261
0.39276 0.78036
0.47287 0.78036
0.55297 0.78036
0.63307 0.78553
0.71318 0.80362
0.79328 0.83463
0.87339 0.87339
0.95349 0.91214
0.97933 0.86047
0.98191 0.78036
0.98191 0.70026
0.98191 0.62016
0.97674 0.54005
0.96899 0.45995
0.96382 0.37984
0.95866 0.29974
0.95866 0.21964
0.96124 0.13953
0.96899 0.059432
0.93798 0.0077519
0.85788 0.005168
0.77778 0.002584
0.69767 0
0.61757 0.002584
0.53747 0.0077519
0.45736 0.01292
0.37726 0.018088
0.39018 0.03876
0.47028 0.064599
0.55039 0.082687
0.63049 0.10078
0.71059 0.11886
0.7907 0.14212
0.85013 0.18346
0.79845 0.19638
0.71835 0.17571
0.63824 0.15762
0.55814 0.1447
0.47804 0.13178
0.39793 0.11628
0.31783 0.090439
0.23773 0.054264
0.15762 0.020672
0.077519 0.015504
0.010336 0.028424
0.0077519 0.10853
0.002584 0.18863
0.028424 0.26357
0.10853 0.32041
0.18863 0.37209
0.26873 0.41085
0.34884 0.42894
0.42894 0.42636
0.50904 0.40827
0.58915 0.40052
0.66925 0.40568
0.74935 0.42894
0.82946 0.46253
0.86822 0.5323
0.7907 0.49871
0.71059 0.4677
0.63049 0.4522
0.55039 0.45478
0.47028 0.47804
0.39018 0.49354
0.31008 0.48579
0.22997 0.45995
0.14987 0.41602
0.069767 0.36434
0 0.33075
0.005168 0.41085
0.010336 0.49096
0.010336 0.50129
# triangles
38 40 41
43 44 90
44 45 90
50 51 52
66 67 87
66 87 88
8 9 27
38 39 40
49 50 52
47 66 88
45 46 89
45 89 90
46 47 89
47 88 89
37 38 41
67 68 87
69 70 85
70 71 84
70 84 85
0 99 103
99 102 103
29 30 97
29 97 98
57 58 59
72 73 80
71 72 82
74 75 77
75 76 77
5 6 7
34 94 95
34 93 94
34 35 93
52 53 64
53 54 63
53 63 64
48 49 65
49 52 65
52 64 65
47 48 65
47 65 66
37 41 42
42 43 90
37 42 90
36 37 90
54 62 63
54 55 62
68 86 87
69 85 86
68 69 86
99 100 102
100 101 102
1 2 29
1 29 98
0 1 99
1 98 99
2 3 29
3 4 29
4 28 29
4 5 28
8 27 28
7 8 28
5 7 28
71 83 84
71 82 83
56 57 60
57 59 60
36 90 91
35 36 91
72 80 81
72 81 82
15 20 21
14 15 21
17 18 19
15 16 20
16 17 19
16 19 20
56 60 61
55 56 61
55 61 62
35 92 93
35 91 92
73 74 78
74 77 78
73 78 80
78 79 80
30 31 97
31 96 97
31 32 96
33 95 96
32 33 96
33 34 95
14 21 22
13 14 22
13 22 23
9 10 26
9 26 27
12 13 24
13 23 24
10 11 25
10 25 26
11 12 25
12 24 25
