# points
0.0059524 0.48214
0.069444 0.50198
0.14484 0.50595
0.22024 0.5119
0.29563 0.52381
0.37103 0.51786
0.34722 0.54563
0.27778 0.60119
0.21032 0.6627
0.13492 0.72421
0.09127 0.78175
0.16667 0.75
0.24008 0.70238
0.31151 0.65873
0.3869 0.6131
0.42857 0.59127
0.39881 0.66667
0.38492 0.74206
0.36508 0.81746
0.34722 0.89286
0.34127 0.96825
0.38294 0.89881
0.41468 0.8254
0.44444 0.75
0.48016 0.6746
0.49802 0.59921
0.51587 0.65873
0.54563 0.73214
0.57937 0.80754
0.60714 0.88294
0.64484 0.95635
0.65476 0.90873
0.6369 0.83333
0.61706 0.75794
0.60714 0.68254
0.57937 0.60714
0.59921 0.60119
0.66865 0.65079
0.74405 0.69048
0.81944 0.74008
0.89286 0.77778
0.87103 0.73214
0.80159 0.67262
0.73016 0.61111
0.66071 0.5496
0.62302 0.51587
0.69841 0.52183
0.77381 0.5119
0.84921 0.50595
0.9246 0.5
1 0.48611
0.93056 0.46627
0.85516 0.46032
0.77976 0.45437
0.70437 0.44246
0.62897 0.44643
0.65278 0.41865
0.72421 0.35913
0.78968 0.30159
0.85714 0.24405
0.90675 0.18452
0.83135 0.22024
0.75595 0.26786
0.68056 0.30952
0.60913 0.35516
0.5754 0.36706
0.60317 0.29167
0.61508 0.21627
0.63294 0.14087
0.65278 0.065476
0.65079 0.0039683
0.61508 0.073413
0.58333 0.14683
0.55159 0.22222
0.51786 0.29563
0.50397 0.37103
0.48214 0.2996
0.44841 0.22421
0.41667 0.14881
0.38492 0.073413
0.34325 0
0.34722 0.069444
0.36508 0.14484
0.38492 0.22024
0.39683 0.29563
0.42857 0.37103
0.38889 0.35119
0.31548 0.30754
0.24008 0.26389
0.16468 0.21627
0.09127 0.18452
0.13889 0.24405
0.20635 0.2996
0.27381 0.35913
0.34127 0.41667
0.37698 0.44841
0.30159 0.44246
0.22619 0.45238
0.15079 0.45833
0.075397 0.4623
0 0.48016
0.0059524 0.48214
# triangles
79 80 81
8 11 12
8 12 13
7 13 14
7 8 13
9 10 11
8 9 11
19 20 21
18 19 21
15 24 25
17 18 22
18 21 22
48 49 52
69 70 71
47 53 54
47 48 53
48 52 53
49 50 51
49 51 52
0 99 100
0 1 99
17 22 23
15 16 24
16 17 23
16 23 24
25 35 45
25 45 75
45 55 75
25 26 35
46 47 54
46 54 55
45 46 55
28 32 33
27 28 33
59 60 61
58 59 61
68 69 71
55 65 75
55 56 65
56 64 65
56 63 64
56 57 63
58 61 62
57 58 62
57 62 63
79 81 82
26 27 34
26 34 35
27 33 34
28 29 32
68 71 72
67 68 72
65 74 75
65 66 74
87 88 93
87 93 94
86 87 94
35 36 45
39 40 41
39 41 42
38 39 42
29 31 32
29 30 31
78 79 82
78 82 83
75 76 85
66 67 73
66 73 74
67 72 73
88 92 93
88 89 92
5 15 25
4 96 97
4 5 96
3 4 97
3 97 98
37 38 43
38 42 43
36 37 44
36 44 45
37 43 44
76 84 85
77 78 83
77 83 84
76 77 84
89 90 91
89 91 92
6 7 14
6 14 15
5 6 15
5 95 96
86 94 95
85 86 95
75 85 95
25 75 95
5 25 95
2 3 98
1 2 99
2 98 99
