# points
0 0.50132
0 0.58575
0 0.67018
0 0.75462
0 0.83905
0 0.92348
0.010554 1
0.094987 0.99736
0.17942 1
0.26385 1
0.34828 0.99736
0.43272 1
0.51715 1
0.60158 0.99736
0.68602 1
0.77045 1
0.85488 0.99736
0.93931 1
0.9314 0.98417
0.84697 0.95778
0.76253 0.9314
0.6781 0.90765
0.59367 0.88127
0.50923 0.85488
0.4248 0.8285
0.34037 0.80475
0.25594 0.77836
0.1715 0.75198
0.097625 0.71768
0.15303 0.70185
0.23747 0.72559
0.3219 0.74934
0.40633 0.77309
0.49077 0.79683
0.5752 0.82058
0.65963 0.84433
0.74406 0.86807
0.8285 0.89182
0.91293 0.91557
0.97889 0.91557
0.97889 0.83113
0.97889 0.7467
0.97889 0.66227
0.97889 0.57784
0.97889 0.4934
0.97889 0.40897
0.97889 0.32454
0.97889 0.24011
0.97889 0.15567
0.97889 0.07124
0.96306 0
0.87863 0
0.7942 0.0026385
0.70976 0
0.62533 0
0.5409 0.0026385
0.45646 0
0.37731 0.0026385
0.46174 0.034301
0.54617 0.063325
0.63061 0.094987
0.71504 0.12665
0.79947 0.15567
0.88391 0.18997
0.85488 0.24011
0.77045 0.20844
0.68602 0.17942
0.60158 0.1504
0.51715 0.11873
0.43272 0.08971
0.34828 0.060686
0.26385 0.029024
0.17942 0
0.094987 0.0026385
0.010554 0
0 0.076517
0 0.16095
0.029024 0.22691
0.11346 0.26121
0.19789 0.29288
0.28232 0.32454
0.36675 0.35884
0.45119 0.3905
0.53562 0.4248
0.62005 0.45646
0.70449 0.48813
0.78892 0.52243
0.86016 0.56464
0.8153 0.59103
0.73087 0.55937
0.64644 0.5277
0.56201 0.49604
0.47757 0.46438
0.39314 0.43272
0.30871 0.40106
0.22427 0.36939
0.13984 0.33509
0.055409 0.30343
0 0.31398
0 0.39842
0 0.48285
0 0.50132
# triangles
41 42 88
47 63 64
0 29 95
30 93 94
29 30 94
29 94 95
38 39 40
12 22 23
11 12 23
46 47 64
45 46 64
64 85 86
45 64 86
44 45 86
47 48 63
48 49 63
67 68 82
76 77 78
72 73 78
73 76 78
73 75 76
73 74 75
68 81 82
37 38 40
37 40 41
36 37 88
37 41 88
35 36 88
12 13 22
32 91 92
30 31 93
31 92 93
31 32 92
32 33 91
33 90 91
33 34 90
11 23 24
9 25 26
35 88 89
34 89 90
34 35 89
44 86 87
43 44 87
42 43 87
42 87 88
67 82 83
66 83 84
66 67 83
64 65 85
65 84 85
65 66 84
49 51 63
51 62 63
51 52 62
49 50 51
0 1 29
2 3 28
3 4 28
4 27 28
1 2 28
1 28 29
96 99 100
0 95 100
95 96 100
97 98 99
96 97 99
70 71 79
71 72 78
71 78 79
68 69 81
70 79 80
69 70 80
69 80 81
16 17 18
5 6 7
4 5 7
4 7 27
9 10 25
10 24 25
10 11 24
52 61 62
16 18 19
15 16 19
14 15 20
15 19 20
8 9 26
8 26 27
7 8 27
54 55 59
55 58 59
52 53 61
54 59 60
53 54 60
53 60 61
55 56 58
56 57 58
14 20 21
13 21 22
13 14 21
