# points
0.0026525 0.50133
0.0079576 0.54642
0.013263 0.59151
0.015915 0.6366
0.037135 0.66313
0.082228 0.66313
0.12732 0.66048
0.17241 0.65782
0.21751 0.65517
0.2626 0.64456
0.30769 0.63395
0.35279 0.61804
0.39788 0.61008
0.44297 0.6313
0.48806 0.6313
0.51724 0.64721
0.51724 0.69231
0.50928 0.7374
0.49867 0.78249
0.48541 0.82759
0.46684 0.87268
0.44828 0.91777
0.4244 0.96286
0.41645 1
0.46154 0.99735
0.50663 0.99204
0.55172 0.98939
0.59682 0.98408
0.64191 0.98143
0.64721 0.94164
0.64721 0.89655
0.64456 0.85146
0.63926 0.80637
0.63395 0.76127
0.62069 0.71618
0.60743 0.67109
0.58621 0.62599
0.57294 0.5809
0.59151 0.53581
0.59416 0.49072
0.62069 0.4695
0.66578 0.4695
0.71088 0.4748
0.75597 0.48541
0.80106 0.49867
0.84615 0.51724
0.89125 0.53581
0.93634 0.55968
0.98143 0.5809
0.97878 0.53581
0.97613 0.49072
0.97082 0.44562
0.96552 0.40053
0.96286 0.35544
0.93369 0.33687
0.88859 0.33687
0.8435 0.33952
0.79841 0.34218
0.75332 0.34748
0.70822 0.35544
0.66313 0.3687
0.61804 0.38727
0.57294 0.41379
0.5305 0.40053
0.48541 0.38727
0.44297 0.38196
0.44297 0.33687
0.44828 0.29178
0.45623 0.24668
0.47215 0.20159
0.49072 0.1565
0.50928 0.11141
0.53316 0.066313
0.55968 0.02122
0.54642 0
0.50133 0.005305
0.45623 0.0079576
0.41114 0.013263
0.36605 0.015915
0.32891 0.029178
0.32891 0.074271
0.32626 0.11936
0.32626 0.16446
0.33156 0.20955
0.33422 0.25464
0.34483 0.29973
0.35544 0.34483
0.37401 0.38992
0.37135 0.43501
0.35013 0.48011
0.34748 0.5252
0.32095 0.54111
0.27586 0.53581
0.23077 0.5252
0.18568 0.50928
0.14058 0.49072
0.095491 0.4695
0.050398 0.44828
0.005305 0.42175
0 0.45623
0.0026525 0.50133
0.0026525 0.50133
# triangles
69 70 82
73 74 75
72 73 75
52 54 55
52 53 54
45 52 55
45 51 52
3 4 5
17 18 33
17 33 34
16 17 34
69 82 83
68 69 83
68 83 84
97 98 99
0 97 99
0 96 97
43 57 58
70 71 77
70 81 82
70 77 81
43 44 57
6 7 94
6 94 95
27 28 29
27 29 30
20 21 25
18 32 33
19 20 30
19 30 31
19 31 32
18 19 32
16 34 35
15 35 36
15 16 35
2 3 5
2 5 6
2 6 95
12 14 90
11 12 90
8 9 93
9 92 93
7 93 94
7 8 93
11 90 91
67 68 84
67 84 85
66 67 85
64 65 88
14 38 64
38 63 64
38 39 63
41 60 61
39 62 63
71 76 77
72 75 76
71 72 76
77 78 80
77 80 81
78 79 80
47 48 49
47 49 50
46 47 50
45 46 51
46 50 51
44 56 57
45 55 56
44 45 56
21 22 24
21 24 25
22 23 24
20 25 26
20 26 30
26 27 30
10 11 91
9 10 92
10 91 92
0 1 96
1 95 96
1 2 95
12 13 14
64 88 89
14 89 90
14 64 89
66 85 86
14 37 38
14 15 37
15 36 37
42 59 60
41 42 60
42 43 58
42 58 59
39 40 62
40 41 61
40 61 62
65 87 88
65 66 87
66 86 87
