# points
0.017766 0.52538
0.022843 0.56091
0.032995 0.59645
0.040609 0.63198
0.048223 0.66751
0.053299 0.70305
0.060914 0.73858
0.063452 0.77411
0.063452 0.80964
0.060914 0.84518
0.055838 0.88071
0.048223 0.91624
0.040609 0.95178
0.040609 0.98477
0.076142 0.98731
0.11168 0.99239
0.14721 0.99492
0.18274 0.99746
0.21827 1
0.25381 1
0.28934 1
0.32487 1
0.36041 0.99746
0.39594 0.99239
0.43147 0.98985
0.46701 0.98477
0.50254 0.97716
0.53807 0.96954
0.5736 0.96447
0.60914 0.95685
0.64467 0.94924
0.6802 0.94416
0.71574 0.94162
0.75127 0.94162
0.7868 0.9467
0.82234 0.94924
0.85787 0.95685
0.8934 0.96447
0.92893 0.96954
0.96447 0.97208
0.97208 0.94162
0.97462 0.90609
0.97716 0.87056
0.9797 0.83503
0.98223 0.79949
0.98477 0.76396
0.98477 0.72843
0.98477 0.69289
0.98223 0.65736
0.98223 0.62183
0.9797 0.58629
0.97462 0.55076
0.97208 0.51523
0.96701 0.4797
0.96193 0.44416
0.95685 0.40863
0.95178 0.3731
0.94924 0.33756
0.9467 0.30203
0.94924 0.2665
0.94924 0.23096
0.95178 0.19543
0.95685 0.1599
0.96193 0.12437
0.96447 0.088832
0.96701 0.053299
0.96701 0.017766
0.93401 0.015228
0.89848 0.01269
0.86294 0.010152
0.82741 0.0076142
0.79188 0.0050761
0.75635 0.0025381
0.72081 0.0025381
0.68528 0
0.64975 0
0.61421 0
0.57868 0.0025381
0.54315 0.0050761
0.50761 0.0076142
0.47208 0.010152
0.43655 0.015228
0.40102 0.020305
0.36548 0.022843
0.32995 0.027919
0.29442 0.030457
0.25888 0.032995
0.22335 0.032995
0.18782 0.030457
0.15228 0.027919
0.11675 0.025381
0.081218 0.022843
0.045685 0.017766
0.022843 0.032995
0.020305 0.068528
0.015228 0.10406
0.01269 0.13959
0.0076142 0.17513
0.0050761 0.21066
0.0025381 0.24619
0 0.28173
0 0.31726
0 0.35279
0 0.38832
0.0025381 0.42386
0.0076142 0.45939
0.01269 0.49492
0.017766 0.52538
# triangles
33 45 46
33 46 47
60 72 73
60 61 72
56 79 80
2 81 82
56 80 81
0 2 82
84 85 102
86 99 100
88 97 98
88 89 97
89 96 97
36 37 42
10 16 17
4 26 27
4 25 26
4 5 25
5 24 25
5 6 24
6 23 24
6 7 21
33 47 48
2 27 28
2 28 29
31 49 50
58 76 77
2 29 54
56 78 79
87 88 98
87 98 99
86 87 99
89 90 96
92 93 94
91 92 94
85 86 101
85 101 102
86 100 101
0 82 106
0 1 2
84 104 105
38 39 40
37 41 42
38 40 41
37 38 41
36 42 43
35 36 43
35 43 44
34 35 44
34 44 45
33 34 45
8 18 19
6 22 23
6 21 22
7 20 21
31 50 51
30 51 52
30 31 51
32 48 49
31 32 49
32 33 48
58 75 76
59 60 73
57 58 77
56 57 78
57 77 78
30 52 53
29 53 54
29 30 53
61 71 72
61 70 71
90 91 95
91 94 95
90 95 96
83 84 105
83 105 106
82 83 106
12 13 14
84 102 103
84 103 104
10 15 16
9 17 18
8 9 18
9 10 17
58 74 75
59 73 74
58 59 74
61 62 70
62 63 69
62 69 70
65 66 67
11 12 14
10 11 15
11 14 15
2 3 27
3 4 27
55 56 81
2 55 81
2 54 55
7 8 20
8 19 20
63 68 69
63 64 68
64 67 68
64 65 67
