# points
0 0.5
0 0.53125
0.0024038 0.5625
0.0072115 0.59375
0.016827 0.625
0.026442 0.65625
0.038462 0.6875
0.052885 0.71875
0.060096 0.75
0.043269 0.76923
0.074519 0.76442
0.098558 0.79327
0.125 0.82452
0.14904 0.85096
0.14183 0.88221
0.16587 0.875
0.19231 0.88702
0.22356 0.90865
0.25481 0.92548
0.26442 0.94952
0.28606 0.95192
0.31731 0.95433
0.34856 0.96394
0.37981 0.97115
0.41106 0.97596
0.44231 0.97837
0.47356 0.97837
0.48798 1
0.50721 0.99279
0.52644 0.97596
0.55769 0.97356
0.58894 0.96635
0.62019 0.95673
0.65144 0.94471
0.67788 0.96394
0.67308 0.9351
0.70433 0.91827
0.73558 0.89904
0.76683 0.8774
0.79327 0.8726
0.8149 0.8726
0.80529 0.84135
0.83413 0.8101
0.85817 0.77885
0.87981 0.7476
0.89663 0.71635
0.91587 0.69231
0.93029 0.67548
0.92067 0.65385
0.93029 0.6226
0.9375 0.59135
0.94231 0.5601
0.94712 0.52885
0.94712 0.4976
0.94712 0.46635
0.94231 0.4351
0.9375 0.40385
0.93029 0.3726
0.92067 0.34135
0.91106 0.3101
0.89663 0.27885
0.87981 0.2476
0.85817 0.21635
0.83413 0.1851
0.80529 0.15385
0.77404 0.125
0.7524 0.098558
0.72837 0.091346
0.69712 0.072115
0.66587 0.057692
0.63462 0.043269
0.61779 0.024038
0.59615 0.028846
0.5649 0.024038
0.53365 0.019231
0.5024 0.014423
0.47115 0.014423
0.44952 0
0.43029 0
0.41587 0.019231
0.38462 0.024038
0.35337 0.026442
0.32933 0.021635
0.3149 0.043269
0.28365 0.055288
0.25481 0.055288
0.24038 0.069712
0.21635 0.091346
0.1851 0.11298
0.15865 0.11058
0.15625 0.13702
0.13462 0.16106
0.10577 0.19231
0.084135 0.22356
0.0625 0.25481
0.048077 0.28606
0.033654 0.31731
0.021635 0.34856
0.014423 0.37981
0.0072115 0.41106
0.0024038 0.44231
0 0.47356
0 0.5
# triangles
51 52 53
0 4 51
7 26 41
0 100 101
7 12 26
69 74 79
74 76 79
77 78 79
76 77 79
2 3 4
0 1 4
1 2 4
12 18 26
12 16 18
18 20 21
18 19 20
12 13 16
74 75 76
79 80 83
65 66 67
64 67 69
64 65 67
93 94 95
58 95 98
58 93 95
58 64 93
43 45 48
5 6 48
6 7 48
4 48 51
4 5 48
7 41 48
41 43 48
18 23 26
16 17 18
13 14 15
13 15 16
8 9 10
7 8 10
7 11 12
7 10 11
37 38 41
29 32 33
70 71 72
70 72 73
69 73 74
69 70 73
81 82 83
80 81 83
88 89 90
67 68 69
0 99 100
0 98 99
96 97 98
95 96 98
64 69 91
64 91 93
69 79 91
79 83 91
83 84 91
84 87 91
91 92 93
87 88 91
88 90 91
62 63 64
58 62 64
58 59 60
60 61 62
58 60 62
41 42 43
43 44 45
48 49 51
46 47 48
45 46 48
23 24 26
18 21 22
18 22 23
39 40 41
38 39 41
29 33 36
26 29 36
26 36 41
36 37 41
26 27 28
26 28 29
29 31 32
29 30 31
84 86 87
84 85 86
53 54 55
51 53 55
0 51 55
0 55 98
55 58 98
55 57 58
55 56 57
49 50 51
24 25 26
33 34 35
33 35 36
