# points
0.004902 0.52941
0.0098039 0.56863
0.012255 0.60784
0.014706 0.64706
0.046569 0.66176
0.085784 0.67157
0.125 0.67892
0.16422 0.68382
0.20343 0.68873
0.24265 0.69118
0.28186 0.69363
0.32108 0.69118
0.36029 0.68627
0.39951 0.67647
0.43382 0.67647
0.44118 0.71569
0.44608 0.7549
0.44608 0.79412
0.44363 0.83333
0.43627 0.87255
0.42647 0.91176
0.41667 0.95098
0.40686 0.9902
0.43137 1
0.47059 0.99755
0.5098 0.9951
0.54902 0.99265
0.58824 0.98775
0.62745 0.98529
0.64951 0.96569
0.65931 0.92647
0.66422 0.88725
0.67157 0.84804
0.67402 0.80882
0.67892 0.76961
0.67892 0.73039
0.67647 0.69118
0.67157 0.65196
0.66176 0.61275
0.65196 0.57353
0.66912 0.55147
0.70833 0.54902
0.74755 0.54902
0.78676 0.55147
0.82598 0.55882
0.8652 0.56618
0.90441 0.57598
0.94363 0.58824
0.98284 0.59804
0.98039 0.55882
0.98039 0.51961
0.97794 0.48039
0.97549 0.44118
0.97304 0.40196
0.97059 0.36275
0.94118 0.34559
0.90196 0.33824
0.86275 0.33333
0.82353 0.32598
0.78431 0.32108
0.7451 0.31863
0.70588 0.31618
0.66667 0.31618
0.62745 0.32108
0.58824 0.32843
0.54902 0.33578
0.54167 0.29657
0.54412 0.25735
0.54657 0.21814
0.55392 0.17892
0.56127 0.13971
0.57108 0.10049
0.58088 0.061275
0.59069 0.022059
0.57598 0
0.53676 0.002451
0.49755 0.004902
0.45833 0.004902
0.41912 0.0073529
0.3799 0.0073529
0.35049 0.022059
0.34069 0.061275
0.33333 0.10049
0.32598 0.13971
0.31863 0.17892
0.31373 0.21814
0.30882 0.25735
0.30637 0.29657
0.30637 0.33578
0.31127 0.375
0.31618 0.41422
0.29902 0.43873
0.2598 0.44363
0.22059 0.44608
0.18137 0.44363
0.14216 0.43627
0.10294 0.42892
0.063725 0.41912
0.02451 0.40931
0 0.41912
0.002451 0.45833
0.004902 0.49755
0.004902 0.52941
# triangles
68 69 83
68 83 84
69 82 83
73 74 75
72 73 75
2 3 4
68 84 85
67 68 85
2 4 5
1 2 5
11 91 92
13 14 91
45 51 52
41 61 62
41 42 60
41 60 61
70 71 77
69 70 82
70 77 82
79 80 81
77 78 82
78 81 82
78 79 81
71 76 77
71 72 76
72 75 76
0 1 95
97 98 100
97 100 101
98 99 100
65 66 88
66 87 88
14 65 90
14 90 91
67 85 86
66 67 86
66 86 87
10 11 92
7 8 93
7 93 94
11 12 91
12 13 91
53 54 55
53 55 56
52 53 56
52 56 57
44 45 52
44 52 57
47 48 49
42 59 60
0 95 96
0 96 101
96 97 101
65 88 89
65 89 90
9 10 92
8 9 93
9 92 93
20 24 25
6 7 94
6 94 95
1 6 95
1 5 6
26 27 31
27 30 31
27 28 29
27 29 30
15 16 35
16 17 34
17 33 34
16 34 35
14 39 65
14 38 39
43 57 58
43 44 57
42 43 59
43 58 59
46 50 51
45 46 51
46 49 50
46 47 49
19 26 31
19 25 26
19 20 25
21 22 23
21 23 24
20 21 24
15 35 36
40 64 65
39 40 65
40 63 64
40 41 62
40 62 63
18 19 31
18 31 32
17 18 33
18 32 33
14 15 37
15 36 37
14 37 38
