# points
0 0.4759
0.044177 0.50602
0.10643 0.53414
0.16867 0.56225
0.23092 0.58233
0.29317 0.59639
0.29518 0.61847
0.23494 0.64859
0.18072 0.68072
0.1245 0.72289
0.082329 0.78112
0.14458 0.76908
0.20683 0.75301
0.26908 0.74297
0.33133 0.72289
0.39357 0.7008
0.41968 0.70281
0.38755 0.76506
0.36345 0.82731
0.34137 0.88755
0.33936 0.9498
0.3755 0.92972
0.42169 0.8755
0.47189 0.82329
0.51406 0.76707
0.55221 0.70482
0.57028 0.72088
0.58233 0.78313
0.59639 0.84538
0.61647 0.90562
0.65462 0.96185
0.66667 0.90964
0.67269 0.84739
0.68072 0.78514
0.68273 0.72289
0.68273 0.66064
0.67671 0.60843
0.72691 0.66064
0.78112 0.70683
0.83534 0.749
0.89558 0.7751
0.89558 0.73896
0.85944 0.67871
0.82731 0.61847
0.78313 0.55622
0.73695 0.5
0.751 0.48394
0.81325 0.48996
0.8755 0.49598
0.93775 0.49799
1 0.48193
0.95783 0.44779
0.89558 0.42169
0.83333 0.39157
0.77108 0.37149
0.70884 0.35542
0.6988 0.33735
0.76104 0.30321
0.81928 0.26707
0.8755 0.22691
0.91365 0.17269
0.85141 0.18474
0.78916 0.1988
0.72691 0.20884
0.66466 0.22892
0.60241 0.25301
0.5743 0.251
0.60643 0.19076
0.63052 0.13253
0.65261 0.072289
0.65863 0.01004
0.6245 0.018072
0.58032 0.068273
0.53213 0.12048
0.48594 0.18072
0.44779 0.24096
0.42972 0.24699
0.41968 0.18474
0.40361 0.12249
0.38755 0.060241
0.3494 0
0.33333 0.034137
0.32731 0.096386
0.31727 0.15863
0.31325 0.22088
0.31526 0.28313
0.32932 0.34538
0.28313 0.30522
0.2249 0.25703
0.16867 0.20683
0.10643 0.18072
0.098394 0.20884
0.12851 0.26104
0.16265 0.31727
0.1988 0.3755
0.24096 0.43373
0.27108 0.4739
0.20884 0.46185
0.14659 0.45984
0.084337 0.45181
0.022088 0.46386
0 0.4759
# triangles
49 50 51
49 51 52
46 54 55
46 53 54
37 38 43
36 37 44
37 43 44
8 9 12
0 1 100
1 99 100
1 2 99
58 59 61
59 60 61
36 44 45
36 45 55
45 46 55
48 49 52
39 40 41
38 42 43
38 39 42
39 41 42
26 34 35
25 35 36
25 26 35
79 80 81
77 83 84
77 78 83
8 12 13
9 10 11
9 11 12
47 52 53
47 48 52
46 47 53
69 70 71
58 61 62
57 58 62
36 55 66
66 74 75
29 31 32
29 30 31
79 81 82
78 82 83
78 79 82
76 77 84
36 66 86
66 75 86
75 76 86
25 36 86
16 25 86
16 86 96
19 20 21
19 21 22
56 57 64
55 56 66
57 63 64
57 62 63
28 29 32
28 32 33
2 3 98
3 97 98
2 98 99
89 90 91
86 95 96
87 94 95
86 87 95
5 16 96
7 8 13
7 13 14
6 7 14
18 19 22
17 18 23
18 22 23
56 64 65
56 65 66
69 71 72
68 69 72
68 72 73
27 28 33
27 33 34
26 27 34
87 93 94
87 88 93
76 84 85
76 85 86
6 14 15
5 15 16
5 6 15
4 5 96
4 96 97
3 4 97
67 68 73
66 67 74
67 73 74
16 24 25
17 23 24
16 17 24
88 89 92
88 92 93
89 91 92
