# points
0 0.5025
0 0.535
0.0025 0.5675
0.0075 0.6
0.0175 0.6325
0.0275 0.665
0.04 0.6975
0.055 0.73
0.0725 0.7625
0.0925 0.795
0.1175 0.8275
0.145 0.8575
0.175 0.885
0.2075 0.91
0.24 0.93
0.2725 0.95
0.305 0.965
0.3375 0.9775
0.37 0.9875
0.4025 0.9925
0.435 0.9975
0.46 0.9925
0.465 0.96
0.47 0.9275
0.475 0.895
0.48 0.8625
0.485 0.83
0.495 0.8375
0.5 0.87
0.5075 0.9025
0.5125 0.935
0.52 0.9675
0.525 1
0.5575 0.9975
0.59 0.9925
0.6225 0.985
0.655 0.975
0.6875 0.96
0.72 0.945
0.7525 0.925
0.785 0.905
0.8175 0.8775
0.85 0.845
0.8775 0.8125
0.9025 0.78
0.9225 0.7475
0.9375 0.715
0.9525 0.6825
0.9625 0.65
0.9725 0.6175
0.9775 0.585
0.9825 0.5525
0.985 0.52
0.985 0.4875
0.9825 0.455
0.98 0.4225
0.9725 0.39
0.965 0.3575
0.955 0.325
0.94 0.2925
0.925 0.26
0.9075 0.2275
0.885 0.195
0.8575 0.1625
0.825 0.13
0.7925 0.1025
0.76 0.0775
0.7275 0.06
0.695 0.0425
0.6625 0.03
0.63 0.0175
0.5975 0.01
0.565 0.005
0.5325 0
0.52 0.025
0.51 0.0575
0.5025 0.09
0.495 0.1225
0.485 0.13
0.48 0.0975
0.4725 0.065
0.465 0.0325
0.46 0
0.4275 0.0025
0.395 0.0075
0.3625 0.015
0.33 0.025
0.2975 0.0375
0.265 0.055
0.2325 0.0725
0.2 0.095
0.1675 0.1225
0.14 0.1475
0.1125 0.18
0.0875 0.2125
0.0675 0.245
0.05 0.2775
0.035 0.31
0.025 0.3425
0.015 0.375
0.0075 0.4075
0.0025 0.44
0 0.4725
0 0.5025
# triangles
26 54 78
29 35 36
26 52 53
26 53 54
0 1 26
26 48 50
28 29 36
27 40 41
26 46 48
26 27 46
78 86 87
80 84 85
29 30 35
30 34 35
78 87 88
5 6 26
1 4 26
4 5 26
10 11 26
6 7 26
7 8 26
71 72 75
70 71 76
71 75 76
72 73 74
72 74 75
26 51 52
26 50 51
16 24 25
15 25 26
15 16 25
27 39 40
27 38 39
27 28 37
27 37 38
28 36 37
27 42 43
27 41 42
27 43 44
14 15 26
13 14 26
11 12 26
12 13 26
79 80 85
78 79 86
79 85 86
81 82 83
81 83 84
80 81 84
31 32 33
31 33 34
30 31 34
17 18 24
16 17 24
69 70 76
54 56 78
78 98 99
78 99 100
0 26 102
78 90 91
78 94 95
78 93 94
78 91 92
78 92 93
8 9 26
9 10 26
48 49 50
27 45 46
27 44 45
19 22 23
18 23 24
18 19 23
20 21 22
19 20 22
69 76 77
68 69 77
67 68 77
66 67 77
65 66 77
63 77 78
57 59 78
56 57 78
62 63 78
61 62 78
59 60 78
60 61 78
1 2 4
2 3 4
78 88 89
78 89 90
46 47 48
63 64 77
64 65 77
54 55 56
57 58 59
26 101 102
26 78 101
78 100 101
96 97 98
78 95 96
78 96 98
