# points
0 0.53175
0.0026455 0.56878
0.0026455 0.60582
0 0.64286
0.0026455 0.67989
0.0026455 0.71693
0 0.75397
0.0026455 0.79101
0.0026455 0.82804
0.0026455 0.86508
0 0.90212
0.0026455 0.93915
0.0026455 0.97619
0.015873 1
0.05291 1
0.089947 1
0.12698 1
0.16402 1
0.20106 1
0.2381 1
0.27513 1
0.31217 1
0.34921 1
0.38624 1
0.42328 1
0.46032 1
0.49735 1
0.53439 1
0.57143 1
0.60847 1
0.6455 1
0.68254 1
0.71958 1
0.75661 1
0.79365 1
0.83069 1
0.86772 1
0.90476 1
0.9418 1
0.97884 1
0.98148 0.96561
0.98148 0.92857
0.98148 0.89153
0.98148 0.8545
0.98148 0.81746
0.98148 0.78042
0.98148 0.74339
0.98148 0.70635
0.98148 0.66931
0.98148 0.63228
0.98148 0.59524
0.98148 0.5582
0.98148 0.52116
0.98148 0.48413
0.98148 0.44709
0.98148 0.41005
0.98148 0.37302
0.98148 0.33598
0.98148 0.29894
0.98148 0.2619
0.98148 0.22487
0.98148 0.18783
0.98148 0.15079
0.98148 0.11376
0.98148 0.07672
0.98148 0.039683
0.98148 0.0026455
0.94709 0
0.91005 0
0.87302 0
0.83598 0
0.79894 0
0.7619 0
0.72487 0
0.68783 0
0.65079 0
0.61376 0
0.57672 0
0.53968 0
0.50265 0
0.46561 0
0.42857 0
0.39153 0
0.3545 0
0.31746 0
0.28042 0
0.24339 0
0.20635 0
0.16931 0
0.13228 0
0.095238 0
0.058201 0
0.021164 0
0.0026455 0.018519
0 0.055556
0.0026455 0.092593
0.0026455 0.12963
0 0.16667
0.0026455 0.2037
0.0026455 0.24074
0 0.27778
0.0026455 0.31481
0.0026455 0.35185
0 0.38889
0.0026455 0.42593
0.0026455 0.46296
0 0.5
0 0.53175
# triangles
38 39 40
12 13 14
91 92 93
5 20 21
2 23 24
1 2 24
91 93 94
29 49 50
26 27 52
27 51 52
38 40 41
1 25 26
1 24 25
4 5 21
7 18 19
6 7 19
5 19 20
5 6 19
9 16 17
8 9 17
8 17 18
7 8 18
11 14 15
11 12 14
53 79 105
52 53 105
26 52 105
1 26 105
90 91 95
91 94 95
87 88 98
88 97 98
88 89 96
88 96 97
28 29 50
28 50 51
27 28 51
34 44 45
34 35 44
35 43 44
32 46 47
4 21 22
2 4 22
2 22 23
2 3 4
10 11 15
10 15 16
9 10 16
63 69 70
59 73 74
59 60 73
58 74 75
58 59 74
79 80 105
84 85 101
81 82 104
82 83 102
82 102 104
85 86 99
99 100 101
85 99 101
36 42 43
35 36 43
33 45 46
32 33 46
33 34 45
31 47 48
31 32 47
62 63 70
62 70 71
61 62 71
60 72 73
60 61 72
61 71 72
57 58 75
56 76 77
56 57 76
57 75 76
55 56 77
102 103 104
37 41 42
36 37 42
37 38 41
30 31 48
30 48 49
29 30 49
65 66 67
65 67 68
64 65 68
64 68 69
63 64 69
55 77 78
54 55 78
54 78 79
53 54 79
89 90 95
89 95 96
0 1 106
1 105 106
80 81 104
80 104 105
83 84 101
83 101 102
86 87 99
87 98 99
