# points
0 0.50374
0.0024938 0.56608
0.014963 0.62843
0.034913 0.69077
0.064838 0.75312
0.10723 0.81546
0.1596 0.87032
0.22195 0.9202
0.28429 0.95511
0.34663 0.98005
0.40898 0.99501
0.46633 0.99501
0.46633 0.93267
0.46633 0.87032
0.46633 0.80798
0.46633 0.74564
0.46633 0.68329
0.46633 0.62095
0.46633 0.5586
0.42893 0.53367
0.36658 0.53367
0.30424 0.53367
0.2419 0.53367
0.17955 0.53367
0.11721 0.53367
0.054863 0.53367
0.069825 0.50125
0.13217 0.50125
0.19451 0.50125
0.25686 0.50125
0.3192 0.50125
0.38155 0.50125
0.44389 0.50125
0.46633 0.46135
0.46633 0.399
0.46633 0.33666
0.46633 0.27431
0.46633 0.21197
0.46633 0.14963
0.46633 0.087282
0.48878 0.044888
0.50125 0.097257
0.50125 0.1596
0.50125 0.22195
0.50125 0.28429
0.50125 0.34663
0.50125 0.40898
0.50125 0.47132
0.53367 0.50125
0.59601 0.50125
0.65835 0.50125
0.7207 0.50125
0.78304 0.50125
0.84539 0.50125
0.90773 0.50125
0.94763 0.52618
0.89027 0.53367
0.82793 0.53367
0.76559 0.53367
0.70324 0.53367
0.6409 0.53367
0.57855 0.53367
0.51621 0.53367
0.50125 0.58105
0.50125 0.64339
0.50125 0.70574
0.50125 0.76808
0.50125 0.83042
0.50125 0.89277
0.50125 0.95511
0.51621 1
0.57855 0.99501
0.6409 0.97756
0.70324 0.95262
0.76559 0.91771
0.82793 0.86534
0.88529 0.80299
0.92269 0.74065
0.95012 0.6783
0.97007 0.61596
0.98005 0.55362
0.98254 0.49127
0.97756 0.42893
0.96509 0.36658
0.94264 0.30424
0.91272 0.2419
0.86783 0.17955
0.80798 0.1197
0.74564 0.072319
0.68329 0.0399
0.62095 0.017456
0.5586 0.0049875
0.49626 0
0.43392 0.0049875
0.37157 0.014963
0.30923 0.034913
0.24688 0.067332
0.18454 0.10973
0.12968 0.16209
0.082294 0.22444
0.047382 0.28678
0.022444 0.34913
0.0074813 0.41147
0 0.47382
0 0.50374
# triangles
9 10 12
10 11 12
66 73 74
69 70 71
0 26 103
43 44 87
51 85 86
44 86 87
44 51 86
31 32 33
29 98 99
28 29 99
31 33 34
51 52 85
0 1 25
0 25 26
45 46 49
58 76 77
58 59 76
66 67 73
7 8 14
57 58 77
28 99 100
26 102 103
43 87 88
42 89 90
41 42 90
42 88 89
42 43 88
29 36 98
29 35 36
29 30 35
30 31 34
30 34 35
53 83 84
52 84 85
52 53 84
1 2 25
2 3 24
2 24 25
46 47 48
46 48 49
45 49 50
44 50 51
44 45 50
59 75 76
59 65 75
66 74 75
65 66 75
59 60 65
61 62 63
17 19 20
67 72 73
6 15 21
7 14 15
6 7 15
8 9 13
8 13 14
9 12 13
55 80 81
55 79 80
57 77 78
55 56 79
56 78 79
56 57 78
41 90 91
39 94 95
39 93 94
4 5 22
5 6 22
6 21 22
3 4 23
3 23 24
4 22 23
27 28 100
27 100 101
27 101 102
26 27 102
60 61 64
60 64 65
61 63 64
17 18 19
68 71 72
67 68 72
68 69 71
15 16 21
16 20 21
16 17 20
53 54 83
54 82 83
54 55 81
54 81 82
40 92 93
39 40 93
40 91 92
40 41 91
37 96 97
36 97 98
36 37 97
38 39 95
38 95 96
37 38 96
