# points
0.023316 0.53109
0.012953 0.56218
0 0.59326
0.012953 0.61658
0.025907 0.63472
0.051813 0.64249
0.069948 0.65803
0.088083 0.67617
0.1114 0.68394
0.12953 0.69948
0.15026 0.72021
0.17098 0.73057
0.18135 0.7487
0.20725 0.75389
0.22539 0.76943
0.23575 0.79534
0.26684 0.79793
0.27979 0.82124
0.3057 0.8342
0.32902 0.84456
0.34456 0.86788
0.37306 0.88083
0.39378 0.90674
0.42228 0.91969
0.44819 0.94301
0.47927 0.96373
0.50518 0.97927
0.53627 0.96373
0.52591 0.95596
0.55181 0.93782
0.5829 0.92487
0.60622 0.89378
0.63731 0.87565
0.66839 0.8601
0.69948 0.84197
0.72021 0.82124
0.7487 0.79534
0.77461 0.77202
0.8057 0.75907
0.83161 0.73575
0.86269 0.70984
0.89378 0.68912
0.92228 0.6658
0.95078 0.64508
0.98187 0.62435
1 0.59585
0.99223 0.56477
0.98705 0.53368
0.9715 0.51295
0.96632 0.48964
0.94819 0.47927
0.95596 0.44819
0.9456 0.4171
0.93523 0.38601
0.93523 0.35492
0.91969 0.34974
0.9171 0.32383
0.89378 0.30829
0.90155 0.2772
0.8886 0.2487
0.87824 0.2228
0.87047 0.19171
0.87047 0.1658
0.85751 0.15026
0.84974 0.11917
0.83938 0.090674
0.82383 0.067358
0.82642 0.036269
0.80829 0.010363
0.77979 0
0.7487 0.012953
0.7228 0.0051813
0.69171 0.007772
0.66321 0.0025907
0.63212 0.0051813
0.60622 0.0051813
0.57513 0.010363
0.54404 0.010363
0.51554 0.0025907
0.48446 0.015544
0.45855 0.007772
0.42746 0.010363
0.39896 0
0.36788 0.010363
0.34197 0.0025907
0.31088 0.007772
0.27979 0.0051813
0.2513 0.0051813
0.22539 0.007772
0.1943 0.010363
0.18135 0.03886
0.17098 0.067358
0.17098 0.093264
0.16062 0.12176
0.15026 0.15285
0.12435 0.18135
0.1399 0.19948
0.11658 0.22798
0.10622 0.25648
0.10881 0.28238
0.095855 0.31347
0.088083 0.34456
0.07772 0.37047
0.059585 0.39637
0.069948 0.41451
0.049223 0.4456
0.036269 0.47668
0.023316 0.50518
0.023316 0.53109
# triangles
16 19 36
16 36 37
102 103 104
16 37 57
50 55 57
37 50 57
3 4 5
8 9 104
9 11 104
9 10 11
11 13 104
11 12 13
19 35 36
19 21 31
21 23 31
94 95 96
83 94 96
81 82 83
79 81 96
81 83 96
83 84 85
61 63 74
61 74 76
61 62 63
74 75 76
16 57 99
57 79 99
79 96 99
96 97 99
97 98 99
55 56 57
57 77 79
57 76 77
77 78 79
1 2 3
1 3 5
0 1 5
6 7 8
0 6 8
0 5 6
14 15 16
13 14 16
33 34 35
23 29 31
29 30 31
23 24 29
16 18 19
16 17 18
21 22 23
44 45 46
43 44 46
37 39 50
39 40 50
48 49 50
46 47 48
43 46 48
42 43 48
42 48 50
53 54 55
50 53 55
50 52 53
50 51 52
85 92 93
83 85 93
83 93 94
85 86 92
86 87 92
87 88 92
88 89 90
57 58 59
63 72 74
63 64 72
57 60 76
60 61 76
57 59 60
79 80 81
13 16 101
16 99 101
101 102 104
13 101 104
0 8 106
19 32 35
32 33 35
19 31 32
24 25 28
24 28 29
25 26 28
26 27 28
19 20 21
37 38 39
88 91 92
88 90 91
72 73 74
68 69 70
64 65 66
64 66 72
66 70 72
66 67 68
66 68 70
99 100 101
8 104 105
8 105 106
0 106 107
41 42 50
40 41 50
70 71 72
