# points
0 0.48479
0.046653 0.5071
0.10751 0.52333
0.16227 0.54158
0.21907 0.5497
0.27586 0.54767
0.33266 0.54767
0.27586 0.57606
0.22718 0.61258
0.18256 0.67343
0.13387 0.73428
0.093306 0.78702
0.12982 0.79108
0.1927 0.76673
0.24544 0.77282
0.30426 0.73631
0.33266 0.75051
0.3144 0.81542
0.33266 0.86004
0.3428 0.90669
0.34888 0.96552
0.38742 0.94726
0.39554 0.92292
0.43408 0.85801
0.47465 0.79716
0.49493 0.74848
0.51724 0.6856
0.51927 0.70183
0.53144 0.75254
0.55578 0.81744
0.59026 0.85801
0.62475 0.90872
0.64706 0.95335
0.67343 0.96349
0.68357 0.89858
0.6998 0.84381
0.69777 0.7931
0.68357 0.73834
0.73225 0.75254
0.78702 0.76876
0.83976 0.77282
0.90264 0.78702
0.92901 0.7789
0.88641 0.72617
0.84178 0.6714
0.80325 0.61866
0.75051 0.57809
0.69168 0.55172
0.75456 0.54767
0.8073 0.54564
0.87221 0.53347
0.93509 0.5213
1 0.50101
0.98986 0.46653
0.9432 0.44016
0.88235 0.40771
0.81947 0.40771
0.7931 0.38742
0.85396 0.33671
0.88235 0.27383
0.91481 0.21095
0.89452 0.19067
0.83367 0.20284
0.77688 0.22921
0.72617 0.25355
0.66329 0.3002
0.63692 0.30629
0.65517 0.24544
0.67546 0.18458
0.6714 0.1217
0.66937 0.06288
0.66937 0
0.62475 0.034483
0.57809 0.081136
0.5355 0.13793
0.51521 0.20081
0.49087 0.15619
0.4645 0.095335
0.40771 0.052738
0.36308 0.0020284
0.34483 0.030426
0.35091 0.085193
0.35903 0.1359
0.35091 0.20081
0.37525 0.25152
0.39757 0.30426
0.37931 0.31034
0.3286 0.26978
0.27383 0.23732
0.22312 0.23124
0.1785 0.20892
0.11359 0.19878
0.10751 0.1927
0.12982 0.25152
0.1501 0.31034
0.19067 0.35497
0.23327 0.38945
0.1927 0.39757
0.12779 0.40162
0.068966 0.44828
0.0060852 0.47667
0 0.48479
# triangles
9 13 14
6 47 85
47 66 85
66 75 85
6 85 86
6 86 96
9 10 13
10 11 12
10 12 13
41 42 43
6 26 47
6 16 26
16 25 26
58 63 64
68 69 74
69 73 74
69 70 73
78 80 81
78 79 80
78 81 82
77 78 82
88 95 96
76 77 82
17 18 23
16 17 23
5 6 96
9 14 15
8 9 15
7 8 15
6 7 15
6 15 16
16 24 25
16 23 24
19 20 21
18 22 23
18 19 22
19 21 22
51 52 53
51 53 54
50 51 54
47 57 66
47 48 57
48 56 57
57 58 64
66 67 75
67 68 74
67 74 75
58 59 63
59 62 63
59 60 61
59 61 62
70 71 72
70 72 73
86 87 96
87 88 96
89 93 94
89 90 93
89 94 95
88 89 95
75 84 85
75 76 84
4 5 96
37 46 47
26 37 47
49 50 56
48 49 56
50 55 56
50 54 55
57 65 66
57 64 65
91 92 93
90 91 93
76 82 83
76 83 84
32 33 34
37 45 46
26 27 37
27 28 37
40 43 44
39 40 44
40 41 43
4 96 97
3 4 97
30 35 36
37 38 45
38 39 44
38 44 45
0 1 100
1 99 100
1 2 99
2 3 98
3 97 98
2 98 99
31 32 34
31 34 35
30 31 35
28 29 37
29 36 37
29 30 36
