# points
0.30989 0.5011
0.33626 0.52747
0.31429 0.56484
0.27033 0.59121
0.22857 0.62857
0.18681 0.66593
0.15385 0.6989
0.12088 0.73626
0.092308 0.78022
0.081319 0.81978
0.12527 0.82857
0.16264 0.86593
0.17143 0.90989
0.21099 0.8967
0.25495 0.86593
0.29231 0.83297
0.32308 0.8
0.36264 0.76044
0.3978 0.71648
0.42637 0.67253
0.46374 0.65275
0.49231 0.68352
0.5033 0.72747
0.51868 0.77143
0.54286 0.81538
0.56044 0.85934
0.58462 0.9033
0.61538 0.94505
0.64396 0.98462
0.67253 0.96484
0.70989 0.94066
0.75385 0.92527
0.78242 0.90989
0.76923 0.86593
0.75604 0.82198
0.73626 0.78022
0.71209 0.73626
0.69011 0.69231
0.66154 0.64835
0.63077 0.60659
0.62418 0.56484
0.66374 0.55385
0.70769 0.55604
0.75165 0.55604
0.7956 0.54725
0.83956 0.54286
0.88352 0.53626
0.92747 0.52527
0.97143 0.50989
1 0.48352
0.97143 0.44615
0.96484 0.4022
0.98242 0.36044
0.94725 0.34505
0.9033 0.34505
0.85934 0.34505
0.81538 0.35385
0.77143 0.36264
0.72747 0.36703
0.68352 0.38022
0.63956 0.3978
0.6 0.4022
0.59341 0.36264
0.6022 0.32308
0.61758 0.27912
0.62418 0.23516
0.63297 0.19121
0.63956 0.14725
0.64396 0.1033
0.64396 0.059341
0.64176 0.015385
0.6044 0.021978
0.56044 0.017582
0.51868 0.0021978
0.48571 0
0.47033 0.043956
0.45495 0.087912
0.44835 0.13187
0.44396 0.17582
0.43516 0.21978
0.43077 0.26374
0.43297 0.30769
0.42857 0.34725
0.4 0.36703
0.35824 0.34286
0.31429 0.30769
0.27033 0.28791
0.22637 0.26374
0.18462 0.24176
0.14066 0.22418
0.096703 0.21099
0.059341 0.21758
0.063736 0.26154
0.041758 0.30549
0 0.32967
0.026374 0.36264
0.068132 0.39341
0.11209 0.41978
0.15604 0.43956
0.2 0.46154
0.24396 0.48132
0.28791 0.49231
0.30989 0.5011
# triangles
6 10 14
86 98 99
85 86 99
85 99 100
0 1 83
6 7 10
11 13 14
10 11 14
11 12 13
6 14 15
24 25 36
26 30 34
4 17 18
66 77 78
73 74 75
72 73 75
72 75 76
86 87 98
87 97 98
87 88 97
0 83 84
84 85 100
30 33 34
25 35 36
25 26 35
26 34 35
8 9 10
7 8 10
5 6 16
6 15 16
4 16 17
4 5 16
26 27 30
3 4 18
2 3 18
88 96 97
90 91 92
89 90 92
88 89 92
88 92 96
92 93 96
69 70 71
67 76 77
66 67 77
84 100 101
0 84 101
48 49 50
22 23 38
31 32 33
30 31 33
27 28 29
27 29 30
20 21 39
21 22 38
21 38 39
2 18 19
1 2 19
1 19 20
1 61 83
93 94 95
93 95 96
68 72 76
67 68 76
68 71 72
68 69 71
51 53 54
51 52 53
51 54 55
50 51 55
46 50 55
46 55 56
45 46 56
61 82 83
20 39 40
1 20 40
1 40 61
63 80 81
44 57 58
45 56 57
44 45 57
43 44 58
47 48 50
46 47 50
42 59 60
42 43 59
43 58 59
41 42 60
40 41 61
41 60 61
61 62 82
62 81 82
62 63 81
64 79 80
63 64 80
23 37 38
24 36 37
23 24 37
64 65 79
65 78 79
65 66 78
