# points
0.36854 0.48764
0.36854 0.5236
0.36854 0.55955
0.36854 0.59551
0.34831 0.61348
0.31236 0.61348
0.2764 0.61348
0.24045 0.61348
0.20449 0.61348
0.16854 0.61348
0.13258 0.61348
0.096629 0.61348
0.060674 0.61348
0.024719 0.61348
0.0022472 0.62697
0.0022472 0.66292
0 0.69888
0.0022472 0.73483
0.0022472 0.77079
0 0.80674
0.0022472 0.8427
0.013483 0.86742
0.049438 0.86742
0.085393 0.86517
0.12135 0.86742
0.1573 0.86742
0.19326 0.86517
0.22921 0.86742
0.26517 0.86742
0.30112 0.86517
0.33708 0.86742
0.37303 0.86742
0.40899 0.86517
0.44494 0.86742
0.4809 0.86742
0.51685 0.86517
0.55281 0.86742
0.58876 0.86742
0.62472 0.86517
0.66067 0.86742
0.69663 0.86742
0.73258 0.86517
0.76854 0.86742
0.80449 0.86742
0.84045 0.86517
0.8764 0.86742
0.91236 0.86742
0.94831 0.86517
0.98427 0.86742
1 0.84494
1 0.80899
1 0.77303
1 0.73708
1 0.70112
1 0.66517
1 0.62921
0.97978 0.61348
0.94382 0.61348
0.90787 0.61348
0.87191 0.61348
0.83596 0.61348
0.8 0.61348
0.76404 0.61348
0.72809 0.61348
0.69213 0.61348
0.65618 0.61348
0.6382 0.59326
0.6382 0.5573
0.6382 0.52135
0.6382 0.48539
0.6382 0.44944
0.6382 0.41348
0.6382 0.37753
0.6382 0.34157
0.6382 0.30562
0.6382 0.26966
0.6382 0.23371
0.6382 0.19775
0.6382 0.1618
0.6382 0.12584
0.6382 0.089888
0.6382 0.053933
0.6382 0.017978
0.62022 0
0.58427 0
0.54831 0
0.51236 0
0.4764 0
0.44045 0
0.40449 0
0.36854 0
0.36854 0.035955
0.36854 0.07191
0.36854 0.10787
0.36854 0.14382
0.36854 0.17978
0.36854 0.21573
0.36854 0.25169
0.36854 0.28764
0.36854 0.3236
0.36854 0.35955
0.36854 0.39551
0.36854 0.43146
0.36854 0.46742
0.36854 0.48764
# triangles
54 55 56
41 63 64
20 21 22
13 14 15
47 48 49
35 65 66
3 34 35
3 35 66
74 75 98
41 62 63
41 42 62
54 56 57
19 20 22
11 16 17
10 11 17
72 73 100
3 33 34
1 2 67
2 66 67
2 3 66
39 64 65
38 39 65
47 49 50
37 38 65
77 78 95
42 61 62
7 27 28
7 8 27
8 26 27
18 19 23
19 22 23
12 13 15
12 15 16
11 12 16
71 72 101
71 101 102
72 100 101
73 74 99
74 98 99
73 99 100
70 71 102
70 102 103
3 4 33
4 32 33
4 31 32
4 30 31
5 29 30
4 5 30
6 7 28
6 28 29
5 6 29
40 41 64
39 40 64
46 47 50
44 60 61
35 36 65
36 37 65
75 97 98
75 76 97
52 58 59
45 52 59
44 59 60
44 45 59
52 53 58
53 54 57
53 57 58
8 9 26
17 18 24
18 23 24
10 17 24
0 69 103
69 70 103
46 50 51
45 46 51
45 51 52
42 43 61
43 44 61
77 95 96
76 77 96
76 96 97
9 10 25
10 24 25
9 25 26
0 1 68
0 68 69
1 67 68
89 90 91
78 79 94
78 94 95
79 86 94
81 83 84
81 82 83
81 84 85
80 81 85
79 80 85
79 85 86
88 91 92
88 89 91
86 87 94
87 93 94
87 88 92
87 92 93
