# points
0.28608 0.46582
0.30127 0.49114
0.31646 0.52152
0.33924 0.53924
0.36962 0.5443
0.39747 0.57215
0.41013 0.60253
0.41266 0.63291
0.40759 0.66329
0.40759 0.69367
0.41772 0.72405
0.42532 0.75443
0.43544 0.78481
0.44304 0.81519
0.45063 0.84557
0.45823 0.87595
0.46835 0.90633
0.47595 0.93671
0.48354 0.96709
0.49114 0.99747
0.49873 0.99747
0.5038 0.96709
0.50886 0.93671
0.51646 0.90633
0.52152 0.87595
0.52658 0.84557
0.53165 0.81519
0.53671 0.78481
0.53165 0.75443
0.52152 0.72405
0.51899 0.69367
0.52405 0.66329
0.53671 0.63291
0.55949 0.60506
0.58734 0.58481
0.61772 0.57468
0.64557 0.56709
0.66329 0.53671
0.68101 0.50633
0.69873 0.47595
0.71899 0.44557
0.73671 0.41519
0.75696 0.38481
0.77722 0.35443
0.79494 0.32405
0.81772 0.29367
0.83797 0.26329
0.8557 0.23544
0.87848 0.20506
0.89873 0.17468
0.91899 0.1443
0.93924 0.11392
0.95949 0.083544
0.97975 0.053165
1 0.022785
0.98228 0.012658
0.9519 0.01519
0.92152 0.017722
0.89114 0.020253
0.86076 0.025316
0.83038 0.027848
0.8 0.03038
0.76962 0.035443
0.73924 0.037975
0.70886 0.040506
0.67848 0.04557
0.6481 0.048101
0.61772 0.027848
0.58734 0.012658
0.55696 0.0025316
0.52658 0
0.4962 0
0.46582 0.0025316
0.43544 0.010127
0.40506 0.025316
0.37468 0.048101
0.3443 0.050633
0.31392 0.048101
0.28354 0.04557
0.25316 0.040506
0.22278 0.037975
0.19241 0.035443
0.16203 0.03038
0.13165 0.025316
0.10127 0.022785
0.070886 0.020253
0.040506 0.017722
0.010127 0.01519
0 0.027848
0.017722 0.058228
0.037975 0.088608
0.058228 0.11899
0.078481 0.14937
0.098734 0.17975
0.11899 0.21013
0.14177 0.24051
0.15949 0.27089
0.17722 0.2962
0.19747 0.32658
0.21772 0.35696
0.23797 0.38734
0.2557 0.41772
0.27342 0.4481
0.28608 0.46582
# triangles
41 42 66
41 66 75
71 74 75
71 72 74
66 67 75
67 70 71
67 71 75
67 68 70
87 88 89
86 87 89
41 75 101
75 100 101
77 78 96
13 14 26
13 26 27
12 13 27
12 27 28
14 25 26
14 15 25
68 69 70
45 65 66
44 45 66
85 86 89
72 73 74
85 89 90
83 91 92
82 83 92
78 95 96
80 94 95
75 99 100
75 76 99
76 98 99
76 77 97
76 97 98
77 96 97
1 2 4
4 34 38
4 38 39
40 41 101
10 11 29
10 29 30
11 12 29
12 28 29
15 24 25
15 16 24
16 23 24
50 51 59
48 61 62
47 62 63
47 48 62
51 58 59
51 52 58
47 63 64
45 46 65
46 64 65
46 47 64
42 43 66
43 44 66
83 84 91
84 90 91
84 85 90
80 81 94
78 79 95
79 80 95
81 93 94
82 92 93
81 82 93
4 5 34
5 33 34
6 32 33
5 6 33
9 10 30
8 9 30
6 7 32
34 37 38
0 1 4
0 4 39
0 39 40
17 18 22
48 49 61
50 59 60
49 60 61
49 50 60
53 54 55
53 55 56
52 53 56
52 56 57
52 57 58
7 31 32
8 30 31
7 8 31
2 3 4
34 35 37
35 36 37
40 101 102
0 40 102
18 21 22
19 20 21
18 19 21
16 17 22
16 22 23
