# points
0 0.47581
0.054435 0.50806
0.10887 0.53427
0.16129 0.56048
0.21573 0.57863
0.27016 0.59073
0.3246 0.59476
0.30847 0.61694
0.25403 0.64113
0.20161 0.66532
0.15524 0.70161
0.1129 0.74597
0.12298 0.77621
0.17742 0.77621
0.23185 0.77218
0.28629 0.76613
0.34073 0.75202
0.35282 0.77621
0.33669 0.83065
0.33468 0.88508
0.34274 0.93952
0.37903 0.92944
0.4254 0.88508
0.46774 0.84073
0.50806 0.79032
0.53831 0.74194
0.56048 0.6875
0.57661 0.6996
0.58266 0.75403
0.58871 0.80847
0.60484 0.8629
0.62903 0.91734
0.66331 0.95363
0.68145 0.90121
0.69758 0.84879
0.70968 0.79435
0.71573 0.73992
0.72581 0.69758
0.77218 0.73589
0.82258 0.75806
0.875 0.77218
0.90524 0.75806
0.88105 0.70363
0.85484 0.65121
0.82258 0.59677
0.78629 0.54435
0.7379 0.49798
0.72782 0.47581
0.78226 0.48589
0.83669 0.49798
0.89113 0.5
0.94556 0.49597
1 0.48185
0.96976 0.44355
0.91734 0.40726
0.8629 0.375
0.80847 0.35081
0.79839 0.3246
0.84274 0.29234
0.87903 0.24798
0.90726 0.20161
0.88306 0.18347
0.82863 0.18952
0.77419 0.19758
0.71976 0.20968
0.66532 0.22782
0.61089 0.25403
0.56452 0.27823
0.59476 0.22581
0.62298 0.17137
0.64516 0.12097
0.65927 0.066532
0.66331 0.012097
0.625 0.018145
0.57056 0.060484
0.52016 0.10484
0.47581 0.15726
0.4496 0.14315
0.42742 0.08871
0.39315 0.034274
0.34879 0
0.33669 0.052419
0.32863 0.10685
0.32056 0.16129
0.31653 0.21573
0.32056 0.27016
0.33065 0.3246
0.32661 0.34879
0.28226 0.3004
0.23992 0.25605
0.19153 0.21774
0.1371 0.19153
0.096774 0.18952
0.1129 0.24395
0.13508 0.29839
0.15927 0.35282
0.19355 0.40524
0.17137 0.4254
0.11694 0.42742
0.0625 0.44153
0.0080645 0.46976
0 0.47581
# triangles
6 67 87
6 26 67
26 47 67
87 88 96
89 94 95
88 95 96
88 89 95
5 87 96
5 6 87
4 5 96
1 2 99
2 98 99
89 90 94
67 86 87
11 12 13
10 11 13
6 16 26
57 63 64
2 97 98
2 3 97
4 96 97
3 4 97
0 1 100
1 99 100
78 81 82
90 93 94
90 91 93
91 92 93
77 83 84
77 82 83
77 78 82
67 76 85
67 85 86
76 77 85
77 84 85
67 68 76
68 75 76
59 60 61
59 61 62
17 18 23
16 25 26
6 7 16
79 80 81
78 79 81
70 71 74
68 69 75
69 74 75
69 70 74
47 66 67
47 57 66
26 46 47
58 62 63
58 59 62
57 58 63
47 56 57
51 52 53
18 22 23
17 23 24
16 17 24
16 24 25
28 29 35
28 35 36
7 8 16
29 34 35
29 30 34
71 72 73
71 73 74
57 64 65
57 65 66
26 27 46
27 37 46
27 36 37
27 28 36
51 53 54
18 19 22
10 13 14
30 31 33
30 33 34
31 32 33
37 38 43
37 43 44
37 45 46
37 44 45
19 20 21
19 21 22
8 15 16
9 10 14
8 9 15
9 14 15
38 39 43
50 51 54
39 40 42
39 42 43
40 41 42
49 54 55
49 50 54
47 48 56
48 55 56
48 49 55
