# points
0.020942 0.50262
0.0026178 0.56545
0 0.62827
0.052356 0.6623
0.10471 0.69895
0.15969 0.7356
0.20942 0.77749
0.26178 0.81152
0.30366 0.84031
0.3377 0.87958
0.38743 0.90576
0.41623 0.93979
0.44764 0.97644
0.50262 0.99476
0.54974 0.94764
0.60471 0.90052
0.66754 0.87435
0.71466 0.82723
0.7199 0.78272
0.67539 0.73822
0.62304 0.70419
0.56806 0.66754
0.51571 0.63089
0.46073 0.59424
0.4267 0.56545
0.3822 0.54188
0.35079 0.51571
0.31937 0.48429
0.29319 0.4555
0.25393 0.42147
0.29058 0.37958
0.33508 0.41623
0.39267 0.4555
0.43717 0.49738
0.49738 0.53403
0.5288 0.57068
0.57592 0.59686
0.61518 0.63089
0.6466 0.66754
0.69634 0.68586
0.72513 0.71204
0.7644 0.75916
0.82461 0.75131
0.87435 0.71466
0.92932 0.67539
0.95288 0.6466
1 0.60209
0.98429 0.55236
0.95812 0.49215
0.95812 0.43979
0.92932 0.39267
0.91099 0.33246
0.89005 0.28272
0.87696 0.24607
0.86387 0.18325
0.85602 0.12304
0.8377 0.073298
0.81414 0.020942
0.75393 0.010471
0.6911 0.015707
0.62827 0.0052356
0.56545 0.013089
0.50524 0.0026178
0.44241 0.013089
0.37958 0
0.31675 0.013089
0.25654 0
0.19372 0.010471
0.19372 0.031414
0.24084 0.070681
0.28534 0.11257
0.3377 0.14921
0.39529 0.18586
0.44764 0.22513
0.49215 0.2644
0.53141 0.28796
0.57068 0.31675
0.6178 0.35864
0.65183 0.39791
0.70681 0.42408
0.74084 0.45026
0.78272 0.49476
0.7801 0.54712
0.72513 0.52356
0.68063 0.48168
0.62827 0.44764
0.5733 0.41099
0.5288 0.37435
0.48429 0.33246
0.43979 0.28534
0.39267 0.24607
0.34293 0.21204
0.30366 0.18586
0.2644 0.1466
0.21466 0.10733
0.17277 0.075916
0.14921 0.089005
0.12304 0.14921
0.10995 0.20942
0.094241 0.26963
0.081152 0.32723
0.073298 0.37435
0.036649 0.43717
0.020942 0.5
0.020942 0.50262
# triangles
66 67 68
0 3 4
39 40 82
48 81 82
40 42 43
40 43 82
43 44 82
16 17 19
1 2 3
0 1 3
30 92 99
66 68 69
65 66 69
39 82 83
47 48 82
17 18 19
15 16 19
92 98 99
65 69 70
54 55 59
44 45 82
45 47 82
45 46 47
48 49 81
49 50 81
40 41 42
12 13 14
11 12 14
15 19 20
15 20 21
10 15 21
10 11 14
10 14 15
50 51 80
50 80 81
36 84 85
92 93 98
30 91 92
30 90 91
30 89 90
64 65 71
65 70 71
63 64 71
63 71 72
56 58 59
55 56 59
56 57 58
34 85 86
33 34 86
29 101 102
0 4 29
4 28 29
37 83 84
36 37 84
34 35 85
35 36 85
7 8 23
8 9 10
52 53 79
51 52 80
52 79 80
29 100 101
30 99 100
29 30 100
0 29 103
29 102 103
93 97 98
30 31 89
61 62 73
63 72 73
62 63 73
31 32 88
31 88 89
7 23 24
38 39 83
37 38 83
8 22 23
10 21 22
8 10 22
94 96 97
93 94 97
94 95 96
32 33 87
32 87 88
33 86 87
61 73 74
53 54 77
77 78 79
53 77 79
54 59 76
54 76 77
7 24 25
5 25 26
4 27 28
4 5 27
5 26 27
61 74 75
60 61 75
59 60 75
59 75 76
6 7 25
5 6 25
