# points
0 0.50131
0.05483 0.53003
0.11227 0.55352
0.15927 0.58747
0.2141 0.58747
0.29504 0.57963
0.25587 0.63446
0.22193 0.63185
0.17755 0.67885
0.13316 0.72846
0.086162 0.80418
0.062663 0.86945
0.041775 0.94517
0.088773 0.93734
0.13838 0.93211
0.20366 0.90078
0.26632 0.86162
0.31332 0.81723
0.36292 0.75196
0.41514 0.68668
0.40992 0.75718
0.41514 0.82768
0.4282 0.88251
0.4517 0.93211
0.48825 1
0.5248 0.94517
0.55875 0.88251
0.58486 0.84334
0.57702 0.76501
0.56397 0.69974
0.60836 0.74151
0.65013 0.78851
0.69452 0.82507
0.73368 0.87728
0.77546 0.90862
0.84856 0.9295
0.90078 0.953
0.96084 0.94778
0.92428 0.88251
0.89556 0.82768
0.86162 0.76762
0.83812 0.71018
0.79634 0.67102
0.75979 0.62924
0.69713 0.60836
0.70757 0.57702
0.76762 0.59008
0.81984 0.57441
0.86684 0.57702
0.91906 0.55352
0.96867 0.52742
0.99478 0.51436
0.96084 0.46214
0.91123 0.44648
0.84334 0.4282
0.78068 0.43081
0.7389 0.42037
0.68407 0.41514
0.7389 0.37598
0.77285 0.36815
0.81723 0.31593
0.86684 0.25065
0.90601 0.18799
0.93734 0.13577
0.96606 0.065274
0.91906 0.05483
0.83812 0.086162
0.77023 0.12794
0.72585 0.1436
0.67885 0.17232
0.62141 0.2376
0.56919 0.3107
0.58225 0.23238
0.5718 0.17232
0.5483 0.11227
0.52219 0.052219
0.50131 0
0.46475 0.036554
0.44125 0.10966
0.41253 0.17232
0.40992 0.24282
0.41253 0.31332
0.37859 0.25587
0.3342 0.20366
0.29243 0.1671
0.23238 0.14099
0.20104 0.093995
0.13577 0.065274
0.060052 0.041775
0.049608 0.096606
0.073107 0.16188
0.10444 0.21932
0.13577 0.28198
0.16971 0.32115
0.21671 0.3577
0.25326 0.39687
0.30548 0.43342
0.25326 0.41775
0.17493 0.4282
0.11227 0.44648
0.073107 0.4517
0.018277 0.49347
0 0.50131
# triangles
50 51 52
73 74 78
72 73 80
71 80 81
71 72 80
1 2 99
82 83 94
81 82 95
82 94 95
86 87 90
58 70 71
57 58 71
61 62 67
58 59 60
60 69 70
58 60 70
74 75 78
60 68 69
61 67 68
60 61 68
73 78 79
73 79 80
1 99 100
2 98 99
2 3 98
19 57 71
9 10 15
10 11 14
10 14 15
9 16 17
9 15 16
83 93 94
83 84 93
87 88 89
87 89 90
62 66 67
75 76 77
75 77 78
0 1 101
1 100 101
19 29 57
71 81 96
19 71 96
5 19 96
81 95 96
36 37 38
34 39 40
33 34 40
32 33 40
29 30 44
11 12 13
11 13 14
86 90 91
49 50 52
63 65 66
62 63 66
63 64 65
3 4 98
4 97 98
5 96 97
4 5 97
34 35 39
35 38 39
35 36 38
21 27 28
32 40 41
32 41 42
31 32 42
31 42 43
30 31 44
31 43 44
84 85 93
85 86 91
85 92 93
85 91 92
48 49 53
48 53 54
49 52 53
20 21 28
20 28 29
19 20 29
5 6 19
6 18 19
6 17 18
23 24 25
21 26 27
23 25 26
47 48 54
8 9 17
6 8 17
21 22 26
22 23 26
45 56 57
29 45 57
29 44 45
46 47 55
45 46 55
45 55 56
47 54 55
6 7 8
