# points
0 0.43108
0.025063 0.44612
0.050125 0.46617
0.070175 0.49624
0.092732 0.52381
0.13283 0.53383
0.15288 0.56391
0.18797 0.56391
0.22807 0.57895
0.22306 0.60902
0.21303 0.65664
0.21554 0.68922
0.22055 0.72932
0.20802 0.77945
0.22807 0.80952
0.25063 0.82456
0.25815 0.85965
0.29323 0.86216
0.32581 0.84962
0.36341 0.82707
0.40602 0.82206
0.4411 0.80702
0.45865 0.77444
0.50125 0.73935
0.5213 0.7619
0.54637 0.77694
0.57895 0.7995
0.59649 0.82206
0.62155 0.82456
0.6416 0.85213
0.65664 0.85714
0.69173 0.86216
0.72431 0.85213
0.74937 0.87719
0.77444 0.84962
0.75689 0.82456
0.78446 0.77444
0.78697 0.74436
0.78697 0.71679
0.78195 0.67419
0.77444 0.6391
0.77694 0.60902
0.77444 0.57895
0.78947 0.57143
0.83208 0.58145
0.84962 0.56642
0.89724 0.54386
0.91479 0.50877
0.95489 0.50627
0.97744 0.50125
0.98246 0.47118
1 0.46366
1 0.42607
0.97995 0.40351
0.95739 0.36842
0.93233 0.35088
0.91228 0.3208
0.86967 0.30827
0.85464 0.30326
0.81203 0.28822
0.79198 0.26566
0.77945 0.25815
0.79198 0.22055
0.78697 0.17544
0.78697 0.13033
0.79449 0.087719
0.76441 0.087719
0.77694 0.052632
0.75439 0.012531
0.72431 0.02005
0.69925 0.0025063
0.67419 0.0075188
0.6416 0.027569
0.60902 0.037594
0.58647 0.055138
0.54887 0.075188
0.54637 0.097744
0.52632 0.092732
0.50376 0.11779
0.46867 0.10025
0.44361 0.070175
0.3985 0.045113
0.38095 0.015038
0.33584 0.0075188
0.31078 0
0.27068 0
0.24561 0.012531
0.23058 0.062657
0.21805 0.092732
0.21303 0.11529
0.20802 0.15539
0.23308 0.17544
0.22055 0.19549
0.22807 0.2381
0.24311 0.26566
0.19048 0.28571
0.15288 0.30075
0.13784 0.30576
0.095238 0.32581
0.085213 0.35088
0.067669 0.38095
0.045113 0.37594
0.010025 0.40602
0 0.43108
# triangles
8 23 94
8 94 95
64 65 66
42 78 94
23 42 94
97 98 99
42 61 78
42 59 61
85 86 87
84 85 87
81 82 83
83 84 87
81 83 87
15 16 17
7 8 95
5 7 95
5 95 96
5 96 99
96 97 99
5 99 100
45 46 47
67 68 69
66 67 69
66 69 72
69 71 72
61 76 78
76 77 78
66 72 74
72 73 74
78 79 94
79 80 81
23 41 42
23 40 41
8 9 23
11 19 22
9 22 23
9 11 22
9 10 11
15 17 18
15 18 19
11 12 19
12 15 19
12 13 14
12 14 15
1 2 100
0 1 102
1 101 102
1 100 101
3 5 100
2 3 100
3 4 5
42 43 59
43 45 47
43 44 45
63 64 66
61 62 63
61 63 76
63 66 74
63 74 76
43 58 59
43 47 58
59 60 61
47 54 55
47 53 54
69 70 71
74 75 76
79 91 94
91 93 94
91 92 93
79 81 91
89 90 91
81 87 91
23 25 40
5 6 7
19 20 22
20 21 22
55 56 57
47 57 58
47 55 57
48 49 50
50 51 52
50 52 53
47 48 50
47 50 53
87 88 91
88 89 91
23 24 25
28 36 37
28 35 36
28 37 38
28 38 39
26 28 39
26 27 28
25 26 40
26 39 40
28 32 35
28 31 32
32 33 34
32 34 35
28 30 31
28 29 30
