# points
0 0.51587
0.0019841 0.55159
0.0039683 0.5873
0.015873 0.61508
0.051587 0.62103
0.087302 0.62302
0.12302 0.62698
0.15873 0.62897
0.19444 0.63095
0.23016 0.63095
0.26587 0.63294
0.30159 0.63492
0.3373 0.63492
0.35119 0.65476
0.35119 0.69048
0.35317 0.72619
0.35516 0.7619
0.35516 0.79762
0.35913 0.83333
0.36111 0.86905
0.36508 0.90476
0.36905 0.94048
0.37302 0.97619
0.39484 0.99405
0.43056 0.99802
0.46627 0.99802
0.50198 1
0.5377 0.99802
0.57341 0.99603
0.60913 0.99405
0.62897 0.97222
0.63492 0.93651
0.63889 0.90079
0.64286 0.86508
0.64484 0.82937
0.64683 0.79365
0.64881 0.75794
0.65079 0.72222
0.65278 0.68651
0.65278 0.65079
0.67659 0.63294
0.7123 0.63294
0.74802 0.63294
0.78373 0.63095
0.81944 0.62897
0.85516 0.62698
0.89087 0.62302
0.92659 0.62103
0.9623 0.61508
0.9881 0.60119
0.99008 0.56548
0.99206 0.52976
0.99206 0.49405
0.99008 0.45833
0.9881 0.42262
0.98413 0.3869
0.96825 0.36111
0.93254 0.35317
0.89683 0.34722
0.86111 0.34325
0.8254 0.33929
0.78968 0.3373
0.75397 0.33333
0.71825 0.33135
0.68254 0.32937
0.65079 0.32143
0.65079 0.28571
0.64683 0.25
0.64683 0.21429
0.64286 0.17857
0.64087 0.14286
0.63492 0.10714
0.63095 0.071429
0.625 0.035714
0.60913 0.0079365
0.57341 0.0039683
0.5377 0
0.50198 0
0.46627 0
0.43056 0.0019841
0.39484 0.0039683
0.37698 0.029762
0.37103 0.065476
0.36508 0.10119
0.3631 0.1369
0.35913 0.17262
0.35714 0.20833
0.35516 0.24405
0.35317 0.27976
0.35317 0.31548
0.32738 0.32937
0.29167 0.33135
0.25595 0.33135
0.22024 0.33532
0.18452 0.3373
0.14881 0.34127
0.1131 0.34325
0.077381 0.34921
0.041667 0.35516
0.0099206 0.36706
0.0059524 0.40278
0.0039683 0.43849
0.0019841 0.47421
0.0019841 0.50992
0 0.51587
# triangles
12 39 65
12 65 89
0 1 103
1 5 103
27 28 31
28 29 30
28 30 31
19 26 33
18 19 33
2 3 4
1 2 4
1 4 5
12 13 39
6 102 103
5 6 103
69 85 86
55 56 57
73 74 75
39 40 65
19 25 26
19 20 25
21 22 23
21 23 24
20 21 25
21 24 25
47 50 51
46 47 51
46 51 52
45 46 52
48 49 50
47 48 50
45 52 59
44 59 60
44 45 59
44 60 61
43 44 61
42 43 61
18 34 35
18 33 34
26 27 32
26 32 33
27 31 32
16 35 36
15 36 37
15 16 36
12 89 90
17 18 35
16 17 35
67 86 87
67 87 88
40 41 63
40 64 65
40 63 64
52 53 59
72 73 75
72 75 76
10 11 91
11 12 90
11 90 91
7 94 95
6 95 102
6 7 95
7 8 94
8 9 93
8 93 94
69 84 85
69 70 84
78 79 82
79 81 82
79 80 81
68 69 86
67 68 86
66 67 88
65 66 89
66 88 89
13 38 39
53 58 59
54 55 57
54 57 58
53 54 58
70 71 84
71 77 84
71 76 77
71 72 76
13 14 38
14 15 37
14 37 38
9 10 92
9 92 93
10 91 92
96 101 102
95 96 102
42 61 62
41 42 62
41 62 63
96 97 101
78 82 83
77 78 83
77 83 84
97 100 101
98 99 100
97 98 100
