# points
0.35281 0.49438
0.37303 0.52809
0.4 0.5618
0.42472 0.59326
0.44719 0.62697
0.44719 0.65393
0.41348 0.65843
0.37978 0.66292
0.34607 0.66517
0.31236 0.66966
0.27865 0.66966
0.24494 0.66966
0.21124 0.66966
0.17753 0.66966
0.14382 0.66966
0.11011 0.66966
0.076404 0.6764
0.042697 0.70112
0.020225 0.73483
0.011236 0.76854
0.0044944 0.80225
0 0.83596
0 0.86966
0.031461 0.87191
0.065169 0.86966
0.098876 0.86742
0.13258 0.86742
0.16629 0.86742
0.2 0.86742
0.23371 0.86742
0.26742 0.86742
0.30112 0.86517
0.33483 0.86292
0.36854 0.86067
0.40225 0.85618
0.43596 0.85169
0.46966 0.84719
0.50337 0.84045
0.53708 0.83596
0.57079 0.82921
0.60449 0.82472
0.6382 0.82022
0.67191 0.81798
0.70562 0.82022
0.73933 0.82247
0.77303 0.82697
0.80674 0.83371
0.84045 0.84045
0.87416 0.84944
0.90787 0.85618
0.94157 0.86517
0.97528 0.86966
0.99775 0.86067
1 0.82697
0.99775 0.79326
0.99775 0.75955
0.99326 0.72584
0.98652 0.69213
0.97528 0.65843
0.9573 0.62472
0.92584 0.59551
0.89213 0.57978
0.86067 0.5573
0.82697 0.54157
0.79326 0.53258
0.75955 0.52809
0.72584 0.52809
0.69213 0.53483
0.65843 0.54831
0.64045 0.52809
0.62921 0.49438
0.61348 0.46067
0.59775 0.42697
0.57978 0.39326
0.56629 0.35955
0.5573 0.32584
0.55281 0.29213
0.55281 0.25843
0.55506 0.22472
0.55955 0.19101
0.56629 0.1573
0.57303 0.1236
0.57753 0.089888
0.58202 0.05618
0.57753 0.022472
0.55281 0
0.5191 0.011236
0.48539 0.022472
0.45169 0.024719
0.41798 0.011236
0.38427 0.022472
0.3573 0.05618
0.34157 0.089888
0.33034 0.1236
0.3191 0.1573
0.31236 0.19101
0.30562 0.22472
0.30112 0.25843
0.30112 0.29213
0.30112 0.32584
0.30562 0.35955
0.31236 0.39326
0.32135 0.42697
0.33483 0.46067
0.35281 0.49438
0.35281 0.49438
# triangles
51 52 53
84 85 86
83 84 86
21 22 23
4 5 68
4 68 69
3 4 69
48 55 56
58 59 60
44 63 64
80 92 93
80 88 92
76 98 99
15 16 17
11 29 30
11 12 29
74 101 102
1 2 72
44 66 67
44 64 65
44 65 66
50 51 53
5 36 37
5 37 38
41 42 68
58 60 61
80 81 88
81 87 88
77 78 96
79 80 93
78 95 96
88 89 90
88 90 91
88 91 92
18 19 25
17 18 25
15 17 25
5 6 36
7 33 34
9 31 32
10 11 30
10 30 31
9 10 31
74 102 103
0 74 103
2 3 71
2 71 72
0 73 74
1 72 73
0 1 73
75 76 99
75 99 100
74 75 101
75 100 101
6 35 36
7 34 35
6 7 35
48 49 55
5 40 68
40 41 68
81 82 87
82 83 86
82 86 87
77 96 97
79 93 94
78 79 94
78 94 95
13 14 27
14 15 26
15 25 26
14 26 27
7 8 33
8 9 32
8 32 33
3 69 70
3 70 71
49 54 55
50 53 54
49 50 54
45 46 61
45 61 62
44 45 63
45 62 63
47 56 57
47 48 56
47 57 58
47 58 61
46 47 61
42 43 68
43 67 68
43 44 67
5 38 39
5 39 40
12 28 29
12 13 28
13 27 28
20 21 24
21 23 24
19 20 24
19 24 25
76 77 97
76 97 98
