# points
0.002 0.434
0.054 0.458
0.106 0.478
0.158 0.492
0.21 0.498
0.262 0.5
0.314 0.496
0.366 0.486
0.418 0.47
0.442 0.47
0.39 0.512
0.344 0.562
0.308 0.614
0.28 0.666
0.262 0.718
0.248 0.77
0.24 0.822
0.244 0.86
0.296 0.826
0.348 0.782
0.394 0.73
0.428 0.678
0.456 0.626
0.474 0.574
0.486 0.522
0.498 0.49
0.504 0.542
0.516 0.594
0.536 0.646
0.562 0.698
0.596 0.75
0.642 0.8
0.694 0.844
0.736 0.864
0.734 0.812
0.726 0.76
0.712 0.708
0.692 0.656
0.666 0.604
0.63 0.552
0.58 0.5
0.536 0.458
0.588 0.48
0.64 0.496
0.692 0.506
0.744 0.51
0.796 0.508
0.848 0.5
0.9 0.488
0.952 0.468
1 0.442
0.952 0.412
0.9 0.392
0.848 0.378
0.796 0.37
0.744 0.366
0.692 0.368
0.64 0.378
0.588 0.394
0.536 0.412
0.584 0.37
0.632 0.32
0.672 0.268
0.7 0.216
0.72 0.164
0.734 0.112
0.744 0.06
0.748 0.008
0.702 0.03
0.65 0.074
0.602 0.126
0.566 0.178
0.538 0.23
0.518 0.282
0.506 0.334
0.5 0.386
0.486 0.342
0.476 0.29
0.458 0.238
0.432 0.186
0.398 0.134
0.354 0.082
0.302 0.036
0.25 0
0.25 0.048
0.258 0.1
0.27 0.152
0.29 0.204
0.314 0.256
0.35 0.308
0.396 0.36
0.448 0.402
0.416 0.398
0.364 0.38
0.312 0.368
0.26 0.364
0.208 0.364
0.156 0.37
0.104 0.384
0.052 0.402
0 0.424
0.002 0.434
# triangles
1 2 98
49 50 51
63 70 71
65 68 69
1 98 99
0 99 100
0 1 99
13 14 20
14 19 20
14 15 19
11 12 21
12 20 21
12 13 20
47 52 53
11 21 22
29 30 37
45 54 55
44 55 56
44 45 55
63 64 70
64 69 70
64 65 69
66 67 68
65 66 68
62 63 71
60 61 73
60 73 74
61 72 73
62 71 72
61 62 72
80 81 86
78 79 88
81 82 85
81 85 86
15 18 19
15 16 18
16 17 18
6 7 93
7 92 93
7 8 92
45 46 54
47 48 52
30 36 37
30 31 36
31 35 36
29 37 38
27 39 40
76 77 90
78 88 89
77 89 90
77 78 89
80 86 87
79 80 87
79 87 88
82 83 84
82 84 85
76 90 91
8 91 92
9 10 24
8 9 91
10 23 24
10 11 23
11 22 23
27 28 39
28 38 39
28 29 38
41 42 58
41 58 59
3 4 96
75 76 91
41 59 75
41 75 91
59 60 75
60 74 75
26 27 40
31 34 35
31 32 34
32 33 34
4 5 95
4 95 96
3 96 97
2 3 97
2 97 98
25 40 41
25 26 40
9 24 25
9 25 91
25 41 91
6 93 94
5 6 94
5 94 95
42 43 58
43 57 58
43 44 57
44 56 57
46 47 53
46 53 54
48 49 51
48 51 52
