# points
0.64336 0.42191
0.61072 0.44056
0.56177 0.44056
0.51282 0.44056
0.46387 0.44056
0.41492 0.44056
0.36597 0.44056
0.31702 0.44056
0.28904 0.45455
0.31702 0.5035
0.34499 0.55245
0.37063 0.6014
0.39627 0.65035
0.41958 0.6993
0.44289 0.74825
0.4662 0.7972
0.48718 0.84615
0.51049 0.82984
0.53147 0.78089
0.55478 0.73193
0.57809 0.68298
0.6014 0.63403
0.58741 0.60839
0.53846 0.60839
0.48951 0.60839
0.45921 0.58741
0.49883 0.57576
0.54779 0.57576
0.59674 0.57809
0.63869 0.56177
0.66667 0.51282
0.69464 0.46387
0.72494 0.41492
0.75758 0.36597
0.79021 0.31702
0.82284 0.26807
0.85781 0.21911
0.83217 0.20746
0.78322 0.21212
0.73427 0.21678
0.68531 0.22145
0.63636 0.22378
0.58741 0.22611
0.53846 0.22611
0.48951 0.22844
0.44056 0.22844
0.39161 0.22611
0.34266 0.22611
0.30303 0.21212
0.32634 0.18648
0.37529 0.19114
0.42424 0.19114
0.47319 0.19347
0.52214 0.19347
0.5711 0.19347
0.62005 0.19114
0.669 0.18648
0.71795 0.18415
0.7669 0.17949
0.81585 0.17483
0.8648 0.17016
0.90909 0.14685
0.94172 0.097902
0.97203 0.048951
1 0
0.95105 0
0.9021 0.004662
0.85315 0.006993
0.8042 0.013986
0.75524 0.018648
0.70629 0.025641
0.65734 0.030303
0.60839 0.034965
0.55944 0.037296
0.51049 0.037296
0.46154 0.037296
0.41259 0.034965
0.36364 0.032634
0.31469 0.030303
0.26573 0.02331
0.21678 0.018648
0.16783 0.011655
0.11888 0.006993
0.06993 0.002331
0.020979 0
0 0.018648
0.030303 0.067599
0.058275 0.11189
0.09324 0.16084
0.12821 0.20979
0.16084 0.25874
0.1958 0.30769
0.22378 0.35198
0.25641 0.40093
0.30303 0.40559
0.35198 0.40559
0.40093 0.40326
0.44988 0.40326
0.49883 0.40326
0.54779 0.40093
0.59674 0.40093
0.64336 0.40326
0.64336 0.42191
# triangles
15 16 17
84 85 86
83 84 86
15 17 18
60 61 67
61 62 67
63 64 65
62 66 67
62 63 66
63 65 66
60 67 68
82 83 86
82 86 87
92 93 94
5 10 25
54 55 72
43 44 98
14 15 18
14 18 19
19 20 24
1 30 31
33 40 101
59 60 68
58 59 69
59 68 69
58 69 70
48 90 91
48 91 92
81 87 88
81 82 87
43 98 99
4 5 25
2 3 27
1 2 28
2 27 28
54 72 73
53 73 74
53 54 73
56 70 71
56 71 72
55 56 72
42 43 99
12 24 25
3 26 27
3 4 26
4 25 26
13 14 19
13 19 24
12 13 24
0 1 31
33 34 40
32 33 101
0 32 101
0 31 32
35 36 37
48 89 90
52 74 75
52 53 74
47 92 94
47 48 92
47 94 95
42 99 100
5 6 10
44 97 98
20 23 24
20 21 23
1 29 30
1 28 29
57 58 70
56 57 70
40 41 101
41 100 101
41 42 100
10 11 25
11 12 25
34 39 40
35 37 38
34 35 38
34 38 39
49 78 79
48 49 79
44 45 97
45 96 97
50 76 77
49 77 78
49 50 77
80 81 88
80 88 89
48 80 89
48 79 80
6 9 10
21 22 23
45 46 96
46 95 96
46 47 95
50 51 76
51 75 76
51 52 75
7 8 9
6 7 9
