# points
0.31757 0.48874
0.31081 0.52252
0.30405 0.55631
0.2973 0.59009
0.28153 0.61486
0.24775 0.61486
0.21396 0.61486
0.18018 0.61486
0.1464 0.61486
0.11261 0.61486
0.078829 0.61486
0.045045 0.61486
0.011261 0.61486
0 0.63739
0 0.67117
0 0.70495
0 0.73874
0 0.77252
0 0.80631
0 0.84009
0.0045045 0.86937
0.038288 0.86937
0.072072 0.86937
0.10586 0.86937
0.13964 0.86937
0.17342 0.86937
0.20721 0.86937
0.24099 0.86937
0.27477 0.86937
0.30856 0.86937
0.34234 0.86937
0.37613 0.86937
0.40991 0.86937
0.44369 0.86937
0.47748 0.86937
0.51126 0.86937
0.54505 0.86937
0.57883 0.86937
0.61261 0.86937
0.6464 0.86937
0.68018 0.86937
0.71396 0.86937
0.74775 0.86937
0.78153 0.86937
0.81532 0.86937
0.8491 0.86937
0.88288 0.86937
0.91667 0.86937
0.95045 0.86937
0.98423 0.86937
1 0.8491
1 0.81532
1 0.78153
1 0.74775
1 0.71396
1 0.68018
1 0.6464
0.99775 0.61486
0.96396 0.61486
0.93018 0.61486
0.8964 0.61486
0.86261 0.61486
0.82883 0.61486
0.79505 0.61486
0.76126 0.61486
0.72748 0.61261
0.72072 0.57883
0.71396 0.54505
0.70721 0.51126
0.70045 0.47748
0.69595 0.44369
0.68919 0.40991
0.68243 0.37613
0.67568 0.34234
0.66892 0.30856
0.66216 0.27477
0.65541 0.24099
0.64865 0.20721
0.64189 0.17342
0.63514 0.13964
0.62838 0.10586
0.62162 0.072072
0.61486 0.038288
0.61036 0.0045045
0.57883 0
0.54505 0
0.51126 0
0.47748 0
0.44369 0
0.41892 0.011261
0.41216 0.045045
0.40541 0.078829
0.3964 0.11261
0.38964 0.1464
0.38288 0.18018
0.37613 0.21396
0.36937 0.24775
0.36261 0.28153
0.3536 0.31532
0.34685 0.3491
0.34009 0.38288
0.33333 0.41667
0.32658 0.45045
0.31982 0.48423
0.31757 0.48874
# triangles
3 35 65
53 60 61
3 65 66
2 3 66
9 15 16
11 12 13
9 16 24
53 54 60
54 59 60
2 66 67
1 67 68
1 2 67
42 64 65
39 40 65
9 10 15
11 13 14
10 11 14
10 14 15
72 99 100
6 7 26
47 51 52
45 61 62
48 50 51
47 48 51
56 57 58
69 70 102
54 55 59
55 58 59
55 56 58
35 36 65
36 37 65
38 39 65
37 38 65
41 42 65
40 41 65
81 82 85
80 81 86
81 85 86
69 102 103
68 69 103
1 68 103
0 1 103
70 101 102
79 80 92
75 76 96
4 5 28
3 4 33
8 9 24
3 34 35
3 33 34
16 23 24
5 27 28
5 6 27
6 26 27
7 25 26
8 24 25
7 8 25
46 53 61
45 46 61
46 52 53
46 47 52
43 63 64
42 43 64
48 49 50
72 73 99
70 71 101
71 72 100
71 100 101
82 83 84
82 84 85
87 88 90
88 89 90
80 86 91
80 91 92
86 87 91
87 90 91
76 77 95
76 95 96
74 75 97
75 96 97
4 30 31
4 31 32
4 32 33
18 21 22
16 17 23
17 22 23
17 18 22
44 62 63
43 44 63
44 45 62
77 78 94
77 94 95
74 97 98
73 98 99
73 74 98
4 28 29
4 29 30
19 20 21
18 19 21
78 79 93
78 93 94
79 92 93
