# points
0 0.5025
0 0.5375
0.005 0.5725
0.01 0.6075
0.02 0.6425
0.0325 0.6775
0.045 0.7125
0.0625 0.7475
0.085 0.7825
0.11 0.8175
0.14 0.8525
0.17 0.88
0.205 0.9075
0.24 0.93
0.275 0.95
0.31 0.9675
0.345 0.98
0.38 0.9875
0.415 0.995
0.45 1
0.4625 0.975
0.47 0.94
0.475 0.905
0.48 0.87
0.485 0.835
0.495 0.835
0.5 0.87
0.5075 0.905
0.5125 0.94
0.52 0.975
0.535 1
0.57 0.995
0.605 0.9875
0.64 0.98
0.675 0.9675
0.71 0.95
0.745 0.93
0.78 0.9075
0.815 0.88
0.85 0.845
0.88 0.81
0.905 0.775
0.925 0.74
0.9425 0.705
0.955 0.67
0.9675 0.635
0.975 0.6
0.98 0.565
0.945 0.5525
0.91 0.54
0.875 0.5275
0.9 0.5175
0.935 0.51
0.97 0.5025
0.985 0.48
0.9825 0.445
0.9775 0.41
0.97 0.375
0.96 0.34
0.9475 0.305
0.93 0.27
0.91 0.235
0.8875 0.2
0.86 0.165
0.825 0.13
0.79 0.1
0.755 0.075
0.72 0.055
0.685 0.0375
0.65 0.025
0.615 0.015
0.58 0.0075
0.545 0.0025
0.5225 0.015
0.5125 0.05
0.505 0.085
0.495 0.12
0.485 0.13
0.4775 0.095
0.4725 0.06
0.465 0.025
0.45 0
0.415 0.005
0.38 0.0125
0.345 0.02
0.31 0.0325
0.275 0.05
0.24 0.0675
0.205 0.0925
0.17 0.12
0.14 0.1475
0.11 0.1825
0.085 0.2175
0.0625 0.2525
0.045 0.2875
0.0325 0.3225
0.02 0.3575
0.01 0.3925
0.005 0.4275
0.03 0.4425
0.065 0.455
0.1 0.4675
0.13 0.4825
0.095 0.4875
0.06 0.4925
0.025 0.4975
0 0.5025
# triangles
24 25 77
24 77 102
77 86 87
25 50 77
77 90 102
9 10 24
9 24 102
27 33 34
25 39 50
25 38 39
10 11 24
11 12 24
13 14 24
12 13 24
18 19 20
18 20 21
77 87 88
92 93 102
4 5 102
5 6 102
6 7 102
7 8 102
8 9 102
77 85 86
15 16 23
16 22 23
14 23 24
14 15 23
27 28 32
27 32 33
25 35 36
25 37 38
25 36 37
40 41 50
39 40 50
79 82 83
64 65 77
63 64 77
50 63 77
50 62 63
17 18 21
17 21 22
16 17 22
77 89 90
77 88 89
90 91 102
91 92 102
26 27 34
25 26 35
26 34 35
28 31 32
52 54 55
45 48 49
41 42 50
42 43 50
50 60 61
50 61 62
50 57 58
50 59 60
50 58 59
80 81 82
79 80 82
71 72 74
71 74 75
78 79 83
78 83 84
78 84 85
77 78 85
69 75 76
66 67 76
65 76 77
65 66 76
68 69 76
67 68 76
1 2 104
96 100 101
95 96 101
94 95 101
93 94 102
94 101 102
28 29 31
29 30 31
45 46 48
46 47 48
52 53 54
44 45 49
43 44 50
44 49 50
50 51 57
72 73 74
69 70 75
70 71 75
96 97 100
0 1 105
1 104 105
4 102 103
3 4 103
2 3 103
2 103 104
51 56 57
52 55 56
51 52 56
97 99 100
97 98 99
