# points
0.045181 0.4488
0.0090361 0.50301
0.018072 0.54819
0 0.60241
0.033133 0.63253
0.054217 0.65964
0.081325 0.70482
0.13253 0.6988
0.16566 0.71084
0.21988 0.69578
0.25602 0.67771
0.29518 0.6506
0.33133 0.60843
0.34639 0.62048
0.39458 0.5994
0.37952 0.64759
0.38253 0.68976
0.3494 0.74096
0.35241 0.78012
0.34639 0.82229
0.35241 0.87651
0.37651 0.91265
0.41867 0.94277
0.47289 0.94578
0.50904 0.96084
0.56325 0.94277
0.61446 0.93072
0.64157 0.87952
0.64157 0.8253
0.63554 0.78916
0.63554 0.73494
0.62349 0.68976
0.60843 0.63855
0.59337 0.59036
0.59337 0.57229
0.62952 0.59639
0.65361 0.62952
0.68072 0.6506
0.71687 0.67771
0.77108 0.68675
0.81024 0.70783
0.86446 0.70783
0.89458 0.71988
0.93373 0.68373
0.96386 0.62952
1 0.59639
0.97892 0.5512
0.96687 0.51506
0.97289 0.46084
0.93072 0.43675
0.87952 0.4247
0.84639 0.41566
0.79217 0.41566
0.74699 0.4006
0.69277 0.40663
0.63855 0.41265
0.6747 0.37048
0.7259 0.33434
0.77711 0.29217
0.82229 0.25
0.85241 0.19578
0.87952 0.1506
0.85241 0.11446
0.81627 0.066265
0.79518 0.039157
0.75904 0.033133
0.70783 0
0.65964 0.027108
0.63855 0.003012
0.61145 0.051205
0.56928 0.096386
0.54819 0.1506
0.53012 0.17771
0.52711 0.21988
0.51205 0.27108
0.49699 0.29217
0.4759 0.25301
0.45783 0.20783
0.45482 0.15361
0.43072 0.11747
0.40361 0.096386
0.37651 0.069277
0.37048 0.027108
0.34036 0.003012
0.28916 0.0060241
0.23494 0.012048
0.18072 0.0090361
0.18675 0.057229
0.14458 0.10241
0.12651 0.15663
0.13253 0.20181
0.15663 0.25
0.19578 0.28012
0.21084 0.3253
0.25904 0.33735
0.30723 0.37048
0.35843 0.40361
0.31928 0.40663
0.26807 0.40663
0.21386 0.40964
0.16265 0.40663
0.11145 0.41867
0.057229 0.43373
0.045181 0.4488
# triangles
57 58 71
11 12 99
12 98 99
2 3 4
2 4 5
2 5 7
5 6 7
10 11 99
60 61 62
57 71 73
76 95 96
58 59 65
7 9 100
10 99 100
9 10 100
12 96 97
12 97 98
7 8 9
60 62 63
59 60 63
59 63 65
63 64 65
58 70 71
58 69 70
67 68 69
65 66 67
58 65 67
58 67 69
56 57 73
71 72 73
81 83 84
0 1 2
92 93 94
90 91 92
88 90 92
88 89 90
0 101 102
0 2 101
2 7 101
7 100 101
44 45 46
75 76 96
77 92 94
76 77 95
77 94 95
39 50 51
80 81 92
77 79 80
77 80 92
87 88 92
81 87 92
85 86 87
81 84 87
84 85 87
81 82 83
18 19 23
21 22 23
19 21 23
16 17 18
19 20 21
56 73 74
77 78 79
47 49 50
47 48 49
39 47 50
44 46 47
39 44 47
37 39 52
39 51 52
41 43 44
39 41 44
25 26 27
23 24 25
55 75 96
55 56 74
55 74 75
37 38 39
23 25 29
18 23 29
16 18 29
16 29 30
15 16 32
52 53 54
39 40 41
41 42 43
25 27 28
25 28 29
16 30 31
16 31 32
36 37 52
34 55 96
14 15 32
14 34 96
12 14 96
12 13 14
35 52 54
35 36 52
35 54 55
34 35 55
14 32 33
14 33 34
