# points
0.026042 0.46875
0.023438 0.5026
0.023438 0.53646
0.020833 0.57031
0.020833 0.60417
0.018229 0.63802
0.013021 0.67188
0.010417 0.70573
0.0078125 0.73958
0.0026042 0.77344
0 0.80729
0 0.84115
0.0052083 0.875
0.018229 0.90885
0.041667 0.94271
0.075521 0.97135
0.10938 0.98698
0.14323 0.99479
0.17708 0.99479
0.21094 0.99219
0.24479 0.98958
0.27865 0.98698
0.3125 0.98438
0.34635 0.98177
0.38021 0.97917
0.41406 0.97917
0.44792 0.97917
0.48177 0.97917
0.51562 0.97917
0.54948 0.98177
0.58333 0.98177
0.61719 0.98698
0.65104 0.98958
0.6849 0.99219
0.71875 0.99479
0.7526 0.9974
0.78646 1
0.82031 1
0.85417 0.99479
0.88802 0.98438
0.92188 0.96094
0.95052 0.92708
0.96875 0.89323
0.97917 0.85938
0.98177 0.82552
0.97917 0.79167
0.97656 0.75781
0.97396 0.72396
0.96875 0.6901
0.96615 0.65625
0.96354 0.6224
0.96094 0.58854
0.95833 0.55469
0.95833 0.52083
0.95833 0.48698
0.95573 0.45312
0.95833 0.41927
0.95833 0.38542
0.96094 0.35156
0.96354 0.31771
0.96615 0.28385
0.96875 0.25
0.97135 0.21615
0.97656 0.18229
0.97396 0.14844
0.96875 0.11458
0.95312 0.080729
0.92708 0.046875
0.89323 0.020833
0.85938 0.0052083
0.82552 0
0.79167 0
0.75781 0.0026042
0.72396 0.0078125
0.6901 0.010417
0.65625 0.013021
0.6224 0.018229
0.58854 0.020833
0.55469 0.023438
0.52083 0.023438
0.48698 0.026042
0.45312 0.026042
0.41927 0.026042
0.38542 0.026042
0.35156 0.023438
0.31771 0.020833
0.28385 0.018229
0.25 0.015625
0.21615 0.010417
0.18229 0.0078125
0.14844 0.0078125
0.11458 0.015625
0.080729 0.03125
0.046875 0.059896
0.023438 0.09375
0.013021 0.1276
0.0052083 0.16146
0.0078125 0.19531
0.010417 0.22917
0.013021 0.26302
0.018229 0.29688
0.020833 0.33073
0.023438 0.36458
0.026042 0.39844
0.026042 0.43229
0.026042 0.46615
0.026042 0.46875
# triangles
10 11 18
11 12 18
13 14 16
12 16 18
12 13 16
64 67 70
0 55 80
14 15 16
16 17 18
38 40 41
37 38 41
38 39 40
0 80 81
93 94 95
92 93 95
91 92 95
68 69 70
67 68 70
28 52 53
27 28 53
0 53 55
0 27 53
30 50 51
30 51 52
36 37 44
36 44 45
42 43 44
37 42 44
37 41 42
64 66 67
64 65 66
62 63 64
57 77 78
81 104 105
0 81 105
95 96 97
0 2 27
28 29 52
29 30 52
34 47 48
34 46 47
32 48 49
31 32 49
30 49 50
30 31 49
55 79 80
55 78 79
59 60 74
58 59 76
57 76 77
57 58 76
64 70 71
62 64 71
61 62 73
60 61 73
60 73 74
83 102 103
0 1 2
5 23 24
34 35 46
35 36 45
35 45 46
53 54 55
59 74 75
59 75 76
62 71 72
62 72 73
88 97 98
87 88 98
87 99 100
87 98 99
83 84 102
82 103 104
82 83 103
81 82 104
4 5 24
4 24 25
5 22 23
5 6 22
10 18 19
9 10 19
8 9 19
8 19 20
55 56 78
56 57 78
88 89 97
89 95 97
89 90 91
89 91 95
85 86 100
86 87 100
85 100 101
84 101 102
84 85 101
6 7 22
2 26 27
2 25 26
2 3 25
3 4 25
7 21 22
8 20 21
7 8 21
32 33 48
33 34 48
