# points
0 0.505
0.0375 0.545
0.1125 0.545
0.1875 0.545
0.2625 0.545
0.3375 0.545
0.4125 0.545
0.4875 0.545
0.5625 0.545
0.6375 0.545
0.7125 0.545
0.7875 0.545
0.86 0.55
0.805 0.5725
0.73 0.5725
0.655 0.5725
0.58 0.5725
0.505 0.5725
0.43 0.5725
0.355 0.5725
0.28 0.5725
0.205 0.5725
0.13 0.5725
0.055 0.5725
0.01 0.6
0.0325 0.675
0.065 0.75
0.1175 0.825
0.1825 0.89
0.2575 0.9425
0.3325 0.9775
0.4075 0.9975
0.475 0.995
0.475 0.92
0.475 0.845
0.475 0.77
0.475 0.695
0.4775 0.62
0.4975 0.6775
0.4975 0.7525
0.4975 0.8275
0.4975 0.9025
0.4975 0.9775
0.545 1
0.62 0.9875
0.695 0.96
0.77 0.92
0.845 0.855
0.905 0.78
0.945 0.705
0.9725 0.63
0.985 0.555
0.9875 0.48
0.9225 0.47
0.8475 0.47
0.7725 0.47
0.6975 0.47
0.6225 0.47
0.5475 0.47
0.4725 0.47
0.3975 0.47
0.3225 0.47
0.2475 0.47
0.1725 0.47
0.1825 0.44
0.2575 0.44
0.3325 0.44
0.4075 0.44
0.4825 0.44
0.5575 0.44
0.6325 0.44
0.7075 0.44
0.7825 0.44
0.8575 0.44
0.9325 0.44
0.98 0.4175
0.9625 0.3425
0.93 0.2675
0.8825 0.1925
0.8125 0.12
0.7375 0.065
0.6625 0.03
0.5875 0.01
0.5125 0
0.505 0.0675
0.505 0.1425
0.505 0.2175
0.505 0.2925
0.505 0.3675
0.48 0.3525
0.48 0.2775
0.48 0.2025
0.48 0.1275
0.48 0.0525
0.4575 0.0025
0.3825 0.015
0.3075 0.0375
0.2325 0.0775
0.1575 0.1375
0.0975 0.205
0.0525 0.28
0.0225 0.355
0.0075 0.43
0 0.505
0 0.505
# triangles
30 31 33
31 32 33
65 66 98
65 98 99
64 65 99
40 44 45
39 40 46
40 45 46
64 101 102
0 1 102
64 99 100
64 100 101
79 86 87
12 13 49
12 49 50
15 39 46
15 46 47
14 15 47
15 38 39
15 16 38
68 88 89
71 79 87
71 78 79
28 29 35
13 48 49
13 14 48
14 47 48
40 41 44
41 43 44
41 42 43
30 33 34
29 30 34
29 34 35
23 24 25
1 2 102
21 26 27
81 82 85
79 80 86
80 81 85
80 85 86
12 50 51
74 75 76
71 72 78
70 87 88
70 71 87
67 68 89
66 67 89
22 25 26
21 22 26
22 23 25
91 96 97
66 89 90
66 90 98
90 97 98
90 91 97
93 94 95
82 84 85
82 83 84
18 36 37
17 18 37
16 37 38
16 17 37
72 77 78
68 69 88
69 70 88
3 62 63
2 3 63
63 64 102
2 63 102
3 4 62
18 19 36
5 6 60
6 59 60
6 7 59
5 60 61
4 61 62
4 5 61
92 95 96
91 92 96
92 93 95
73 76 77
72 73 77
73 74 76
12 53 54
51 52 53
12 51 53
11 12 54
7 58 59
7 8 58
9 10 56
20 27 28
20 21 27
20 28 35
20 35 36
19 20 36
11 54 55
10 55 56
10 11 55
8 57 58
8 9 57
9 56 57
