# points
0 0.50119
0.026253 0.53699
0.052506 0.56802
0.083532 0.59427
0.11933 0.62053
0.15513 0.63962
0.15036 0.66826
0.13126 0.69928
0.11695 0.73508
0.10263 0.77088
0.095465 0.80668
0.088305 0.84248
0.083532 0.87828
0.078759 0.91408
0.10263 0.92601
0.13842 0.91885
0.17422 0.91408
0.21002 0.90692
0.24582 0.89737
0.28162 0.88305
0.31504 0.86635
0.34606 0.84964
0.36993 0.85919
0.39141 0.89499
0.41766 0.9284
0.44869 0.96181
0.4821 0.99045
0.5179 0.99284
0.55131 0.96659
0.58473 0.93317
0.60621 0.90453
0.6253 0.87351
0.642 0.84248
0.67303 0.86158
0.70883 0.88067
0.74463 0.8926
0.78043 0.90453
0.81623 0.91408
0.85203 0.91885
0.88783 0.92363
0.92363 0.92601
0.92363 0.8926
0.91885 0.8568
0.91408 0.821
0.90453 0.7852
0.89499 0.7494
0.88067 0.7136
0.86158 0.68019
0.84248 0.64678
0.87351 0.62768
0.90931 0.60382
0.94272 0.57995
0.97375 0.54654
1 0.51074
0.98807 0.47494
0.95704 0.44153
0.92363 0.41289
0.89021 0.38902
0.8568 0.36993
0.85203 0.34129
0.87112 0.31026
0.88783 0.27446
0.89976 0.23866
0.90931 0.20286
0.91647 0.16706
0.92124 0.13126
0.92601 0.095465
0.90692 0.078759
0.87112 0.081146
0.83532 0.088305
0.79952 0.093079
0.76372 0.10501
0.72792 0.11695
0.69451 0.13365
0.66348 0.15274
0.63484 0.14797
0.61575 0.11456
0.59427 0.081146
0.56563 0.050119
0.52983 0.019093
0.49881 0
0.46301 0.02864
0.42721 0.062053
0.40095 0.095465
0.37709 0.13126
0.358 0.16229
0.32458 0.1432
0.29117 0.12411
0.25537 0.10979
0.21957 0.10024
0.18377 0.090692
0.14797 0.085919
0.11217 0.081146
0.078759 0.081146
0.081146 0.11695
0.085919 0.15274
0.090692 0.18854
0.10024 0.22434
0.11217 0.26014
0.12411 0.29594
0.1432 0.33174
0.16229 0.36277
0.13126 0.37947
0.10024 0.39857
0.071599 0.42243
0.0358 0.45585
0.0071599 0.49165
0 0.50119
# triangles
87 88 98
63 69 70
5 101 102
1 2 105
2 104 105
0 1 106
1 105 106
88 89 98
89 97 98
79 80 81
87 98 99
65 66 67
4 5 102
34 46 47
90 91 95
90 95 96
89 96 97
89 90 96
63 64 69
64 65 69
65 68 69
65 67 68
52 53 54
52 54 55
51 52 55
63 70 71
61 71 72
86 100 101
86 87 99
86 99 100
4 102 103
25 26 28
26 27 28
91 94 95
92 93 94
91 92 94
76 83 84
76 77 83
78 79 81
62 63 71
61 62 71
61 72 73
85 86 101
3 103 104
3 4 103
2 3 104
37 43 44
32 47 48
5 21 32
5 32 101
36 37 44
77 82 83
77 78 82
78 81 82
60 61 73
50 56 57
51 55 56
50 51 56
48 49 58
49 50 57
49 57 58
75 76 84
75 84 85
37 38 43
39 40 41
24 29 30
25 28 29
24 25 29
8 18 19
21 22 32
9 17 18
8 9 18
5 6 21
6 20 21
38 39 42
39 41 42
38 42 43
35 36 44
35 44 45
34 35 46
35 45 46
33 34 47
32 33 47
23 24 30
10 16 17
9 10 17
6 7 20
7 19 20
7 8 19
23 30 31
22 31 32
22 23 31
11 15 16
10 11 16
12 14 15
11 12 15
12 13 14
32 48 85
32 85 101
60 73 74
59 60 74
59 74 75
58 59 75
48 75 85
48 58 75
