# points
0.050125 0.5213
0.035088 0.57143
0 0.60902
0.045113 0.59649
0.072682 0.61654
0.12281 0.599
0.17293 0.59148
0.21053 0.60652
0.26065 0.58145
0.29825 0.58396
0.34085 0.59148
0.39098 0.57143
0.42607 0.57393
0.41855 0.61905
0.40602 0.66917
0.401 0.7193
0.40351 0.76692
0.38847 0.80702
0.38596 0.85464
0.38346 0.90476
0.37343 0.95489
0.3609 1
0.3985 0.9599
0.42607 0.96742
0.46867 0.93233
0.5188 0.92231
0.55639 0.95489
0.599 0.97494
0.60652 0.98246
0.60401 0.93233
0.59398 0.90226
0.59649 0.85213
0.57895 0.80201
0.57393 0.7619
0.57393 0.7218
0.5589 0.6792
0.55138 0.6391
0.54637 0.59148
0.57895 0.57644
0.62907 0.57393
0.66165 0.58647
0.70175 0.599
0.74937 0.58897
0.79699 0.59148
0.8396 0.60652
0.88972 0.61153
0.9198 0.61654
0.96992 0.61153
0.96241 0.599
0.94236 0.54887
0.92732 0.50376
0.92982 0.46366
0.93734 0.41353
0.96992 0.37343
0.98246 0.3609
0.93233 0.37093
0.90476 0.35088
0.86216 0.37093
0.81203 0.37845
0.7619 0.39098
0.71178 0.38596
0.66917 0.38596
0.62907 0.401
0.58396 0.3985
0.55138 0.38346
0.56642 0.33333
0.56892 0.29323
0.5614 0.25815
0.58145 0.20802
0.58647 0.15789
0.599 0.10777
0.60652 0.057644
0.60902 0.012531
0.58897 0.012531
0.54887 0.052632
0.49875 0.067669
0.46617 0.055138
0.41855 0.032581
0.37845 0
0.36842 0.010025
0.36842 0.057644
0.37845 0.095238
0.38596 0.14536
0.38847 0.18546
0.39599 0.23058
0.40602 0.2782
0.40602 0.32832
0.41855 0.35338
0.41353 0.401
0.37594 0.3985
0.32832 0.3985
0.28571 0.39098
0.2381 0.39098
0.19298 0.38596
0.14536 0.38596
0.095238 0.36842
0.045113 0.37343
0.015038 0.36591
0.0075188 0.39098
0.045113 0.43358
0.045113 0.48371
0.050125 0.51629
0.050125 0.5213
# triangles
96 97 98
11 12 88
55 56 57
53 54 55
6 7 8
6 92 93
6 8 92
6 93 94
66 86 87
66 67 85
66 85 86
67 84 85
9 11 90
40 60 61
38 39 63
19 23 24
69 70 75
69 75 83
75 82 83
44 45 50
13 14 36
16 33 34
15 16 34
68 69 83
67 68 84
68 83 84
96 98 99
95 96 99
94 95 99
94 99 100
6 94 101
94 100 101
5 6 101
64 87 88
12 64 88
38 63 64
8 91 92
8 9 91
9 90 91
11 88 89
11 89 90
39 62 63
39 40 62
40 61 62
12 13 37
13 36 37
12 37 64
37 38 64
18 19 24
17 18 25
18 24 25
25 30 31
25 26 30
70 71 74
70 74 75
51 57 58
50 51 58
45 46 49
45 49 50
9 10 11
25 31 32
17 25 32
16 17 32
16 32 33
14 15 35
15 34 35
14 35 36
42 59 60
40 41 42
40 42 60
77 80 81
77 78 79
77 79 80
1 2 3
1 3 5
65 66 87
64 65 87
19 22 23
19 20 22
20 21 22
26 29 30
71 72 73
71 73 74
52 55 57
51 52 57
52 53 55
46 47 48
46 48 49
43 44 50
42 43 59
43 50 58
43 58 59
76 77 81
75 76 82
76 81 82
3 4 5
0 5 101
0 1 5
27 28 29
26 27 29
