# points
0.37111 0.48889
0.38222 0.51333
0.38 0.55333
0.38667 0.58222
0.38667 0.61778
0.36222 0.60444
0.32444 0.59778
0.28667 0.60667
0.25333 0.59778
0.21556 0.59778
0.17556 0.62
0.13556 0.62222
0.11556 0.64222
0.075556 0.65111
0.046667 0.63111
0.011111 0.65556
0.013333 0.67556
0.017778 0.71333
0.015556 0.75333
0 0.79111
0.0044444 0.81333
0.0044444 0.85333
0.028889 0.86
0.068889 0.84889
0.093333 0.85556
0.13111 0.84889
0.17111 0.84667
0.21111 0.83556
0.24667 0.83111
0.28 0.84889
0.31556 0.85333
0.35556 0.86
0.39556 0.87111
0.43556 0.86889
0.45778 0.87111
0.49778 0.87333
0.53778 0.86444
0.55778 0.88
0.59556 0.86889
0.63556 0.86667
0.66 0.88222
0.69556 0.85778
0.73556 0.84667
0.75556 0.85333
0.79556 0.84889
0.83556 0.84667
0.87333 0.85111
0.91333 0.85556
0.95333 0.85111
0.98222 0.86
1 0.82444
0.99778 0.78889
0.98222 0.75556
0.98667 0.71556
0.99333 0.67556
0.98222 0.64
0.96 0.61778
0.92 0.62889
0.88222 0.62667
0.85111 0.60667
0.82222 0.59333
0.78222 0.6
0.74889 0.59333
0.71111 0.59333
0.67111 0.60667
0.63778 0.60667
0.61111 0.60889
0.59778 0.57556
0.61111 0.53556
0.61556 0.49778
0.61556 0.45778
0.62222 0.42
0.62222 0.38889
0.62 0.34889
0.62889 0.30889
0.62222 0.28222
0.62 0.24222
0.62889 0.20222
0.62222 0.17333
0.62 0.13333
0.62444 0.093333
0.61333 0.064444
0.59333 0.035556
0.57778 0
0.53778 0.017778
0.49778 0.026667
0.46444 0.011111
0.42444 0.011111
0.40667 0.017778
0.38667 0.057778
0.37556 0.097778
0.36444 0.13778
0.35778 0.17778
0.36222 0.21333
0.36 0.25333
0.36 0.29333
0.36889 0.33111
0.36444 0.37111
0.37556 0.39333
0.37556 0.43333
0.36889 0.47333
0.37111 0.48889
# triangles
20 21 22
87 88 89
86 87 89
85 86 89
14 15 16
54 55 57
55 56 57
73 96 98
18 19 20
20 22 23
18 20 23
18 23 25
76 77 78
48 49 50
39 41 65
39 40 41
81 82 84
81 84 85
82 83 84
39 65 66
38 39 66
45 46 58
42 43 44
44 45 58
75 76 94
73 74 75
73 75 96
96 97 98
72 73 98
13 14 16
23 24 25
79 80 81
79 81 85
79 85 91
78 79 91
53 54 57
53 57 58
75 94 95
75 95 96
71 72 98
70 71 99
71 98 99
2 3 67
4 66 67
3 4 67
13 16 17
13 17 18
12 18 25
12 13 18
12 25 26
85 89 90
85 90 91
76 93 94
76 78 93
46 52 58
52 53 58
46 47 52
47 48 52
42 62 64
41 64 65
41 42 64
42 44 61
42 61 62
44 58 61
58 59 61
59 60 61
4 30 31
5 6 7
4 5 7
7 28 30
4 7 30
4 31 33
78 91 92
78 92 93
48 50 51
48 51 52
62 63 64
1 67 68
1 2 67
1 68 69
1 69 70
1 70 99
1 99 100
0 1 100
28 29 30
4 36 66
36 38 66
36 37 38
31 32 33
7 10 28
10 11 12
10 27 28
12 26 27
10 12 27
4 33 34
4 35 36
4 34 35
7 8 10
8 9 10
