# points
0 0.4938
0.029777 0.52357
0.064516 0.55087
0.099256 0.5732
0.134 0.59057
0.16873 0.60298
0.20347 0.6129
0.19851 0.6402
0.18114 0.67494
0.16625 0.70968
0.15881 0.74442
0.15136 0.77916
0.14888 0.8139
0.1464 0.84864
0.17866 0.85112
0.2134 0.84615
0.24814 0.84119
0.28288 0.83127
0.31762 0.81886
0.35236 0.80149
0.38462 0.78908
0.39206 0.82382
0.40447 0.85856
0.42184 0.8933
0.44417 0.92804
0.46898 0.96278
0.49876 0.99504
0.53102 0.97022
0.55583 0.93548
0.57816 0.90074
0.59553 0.866
0.61042 0.83127
0.62035 0.79653
0.64516 0.79901
0.6799 0.81638
0.71464 0.82878
0.74938 0.83871
0.78412 0.84615
0.81886 0.84864
0.8536 0.85112
0.85856 0.82134
0.8536 0.7866
0.84864 0.75186
0.84119 0.71712
0.82878 0.68238
0.81141 0.64764
0.79404 0.6129
0.82878 0.60546
0.86352 0.59305
0.89826 0.57816
0.933 0.55583
0.96774 0.53102
1 0.50124
0.97767 0.46898
0.94541 0.44169
0.91067 0.41935
0.87593 0.40199
0.84119 0.38958
0.80645 0.37965
0.80397 0.35484
0.82134 0.3201
0.83623 0.28536
0.84615 0.25062
0.8536 0.21588
0.85608 0.18114
0.85856 0.1464
0.83127 0.13896
0.79653 0.14144
0.76179 0.14888
0.72705 0.15633
0.69231 0.16873
0.65757 0.1861
0.62283 0.20596
0.6129 0.17122
0.6005 0.13648
0.58561 0.10174
0.56576 0.066998
0.53846 0.032258
0.51117 0
0.47891 0.01737
0.45161 0.049628
0.42928 0.084367
0.41191 0.11911
0.39702 0.15385
0.3871 0.18859
0.36476 0.19355
0.33002 0.17618
0.29529 0.16129
0.26055 0.15136
0.22581 0.14392
0.19107 0.14144
0.15633 0.13896
0.1464 0.16377
0.14888 0.19851
0.15633 0.23325
0.16377 0.26799
0.17618 0.30273
0.19107 0.33747
0.21092 0.37221
0.18114 0.38213
0.1464 0.39454
0.11166 0.41191
0.076923 0.43176
0.042184 0.45658
0.0099256 0.48387
0 0.4938
# triangles
20 72 98
6 20 98
72 84 98
36 37 42
22 23 30
6 98 99
38 39 40
37 41 42
37 38 41
38 40 41
3 4 101
22 30 31
20 31 32
90 91 92
75 81 82
46 58 72
20 46 72
20 32 46
32 33 46
4 100 101
1 103 104
0 1 104
3 101 102
72 73 84
63 67 68
75 76 81
23 29 30
20 21 31
21 22 31
10 16 17
9 10 17
6 7 20
7 19 20
8 9 17
7 8 19
87 88 95
84 85 98
85 97 98
85 86 97
2 3 102
2 102 103
1 2 103
73 83 84
60 70 71
74 75 82
74 82 83
73 74 83
64 66 67
63 64 67
64 65 66
51 52 53
76 80 81
25 26 27
25 27 28
24 25 28
23 24 29
24 28 29
11 15 16
10 11 16
8 17 18
8 18 19
5 6 99
5 99 100
4 5 100
88 94 95
88 89 94
87 95 96
86 87 96
86 96 97
34 35 44
59 71 72
59 60 71
58 59 72
48 56 57
61 69 70
60 61 70
50 54 55
51 53 54
50 51 54
77 79 80
76 77 80
77 78 79
12 14 15
11 12 15
12 13 14
89 90 93
89 93 94
90 92 93
33 45 46
33 34 45
34 44 45
35 43 44
35 36 43
36 42 43
49 50 55
49 55 56
48 49 56
62 68 69
61 62 69
62 63 68
47 48 57
46 47 58
47 57 58
