# points
0 0.47287
0.05168 0.50646
0.10594 0.52972
0.16279 0.54264
0.22222 0.55814
0.29457 0.55297
0.27649 0.57881
0.22739 0.62016
0.17571 0.65633
0.13953 0.70543
0.10594 0.75711
0.085271 0.81395
0.062016 0.87597
0.067183 0.93023
0.13178 0.90181
0.18605 0.87339
0.24289 0.84238
0.29199 0.80879
0.34109 0.77261
0.37726 0.72093
0.40568 0.66667
0.42119 0.71576
0.42119 0.78036
0.42636 0.83979
0.44703 0.89922
0.4832 0.93798
0.51163 0.94057
0.55039 0.89922
0.56848 0.83979
0.57623 0.77778
0.57364 0.71318
0.58915 0.66925
0.62016 0.72351
0.66408 0.77519
0.70801 0.81395
0.75969 0.84238
0.81395 0.87339
0.86822 0.90439
0.92765 0.92765
0.94315 0.88114
0.9199 0.81912
0.89147 0.75969
0.86047 0.70543
0.81912 0.65633
0.76486 0.61499
0.71059 0.57881
0.71576 0.55297
0.78036 0.55297
0.84238 0.54264
0.90181 0.52713
0.95866 0.50388
1 0.47287
0.94315 0.44186
0.8863 0.42119
0.82946 0.39793
0.77003 0.39276
0.70026 0.40052
0.72351 0.36693
0.77261 0.33075
0.81654 0.29716
0.85788 0.24806
0.89664 0.18863
0.9199 0.13178
0.94057 0.074935
0.93798 0.015504
0.87597 0.046512
0.81912 0.069767
0.76744 0.098191
0.71059 0.1292
0.66667 0.17313
0.62274 0.21964
0.59173 0.2739
0.57364 0.24289
0.57623 0.17571
0.56848 0.1137
0.55039 0.054264
0.51938 0.0077519
0.49096 0
0.45736 0.05168
0.42894 0.095607
0.4186 0.15762
0.4186 0.22481
0.41602 0.28941
0.38243 0.23514
0.34367 0.18863
0.29457 0.1447
0.24806 0.10853
0.19638 0.072351
0.13437 0.041344
0.072351 0.020672
0.056848 0.069767
0.077519 0.12661
0.10336 0.18863
0.13437 0.23773
0.17571 0.27907
0.20672 0.32041
0.25581 0.35659
0.31266 0.39276
0.25065 0.39535
0.18346 0.39535
0.12403 0.40568
0.074935 0.43669
0.020672 0.47028
0 0.47287
# triangles
63 64 65
88 89 90
50 51 52
49 50 52
0 1 102
61 62 66
62 65 66
62 63 65
61 66 67
87 91 92
87 88 91
88 90 91
31 32 45
60 61 67
60 67 68
74 75 78
86 87 92
86 92 93
85 86 93
83 84 96
37 38 39
32 44 45
34 35 42
8 9 17
59 60 68
56 57 71
57 70 71
57 58 70
31 45 46
31 46 56
58 69 70
59 68 69
58 59 69
76 77 78
75 76 78
1 101 102
31 56 82
56 71 82
71 72 82
72 81 82
84 85 94
85 93 94
37 39 40
36 37 40
32 33 44
34 42 43
33 34 43
33 43 44
35 36 41
35 41 42
36 40 41
10 11 15
9 10 16
10 15 16
9 16 17
22 29 30
21 22 30
73 74 80
72 73 81
73 80 81
1 2 101
83 96 97
82 83 97
31 82 97
84 95 96
84 94 95
74 78 79
74 79 80
11 12 14
11 14 15
12 13 14
22 28 29
24 27 28
46 55 56
49 52 53
48 49 53
48 53 54
6 7 19
7 18 19
7 8 17
7 17 18
5 97 98
2 3 100
3 99 100
2 100 101
25 26 27
24 25 27
22 23 28
23 24 28
47 54 55
47 48 54
46 47 55
4 5 98
4 98 99
3 4 99
20 31 97
5 20 97
20 30 31
20 21 30
6 19 20
5 6 20
