# points
0.010444 0.49086
0.0052219 0.53525
0.02611 0.56397
0.041775 0.60313
0.049608 0.64491
0.044386 0.68668
0.046997 0.72324
0.044386 0.76762
0.031332 0.81201
0.031332 0.8564
0.020888 0.89295
0.0078329 0.92167
0.002611 0.953
0.0078329 0.99478
0.046997 0.97911
0.091384 0.96345
0.13577 0.95822
0.18016 0.94256
0.20366 0.95822
0.24804 0.9295
0.29243 0.91645
0.31593 0.92689
0.36031 0.91645
0.4047 0.92689
0.44386 0.93995
0.46214 0.96345
0.50653 0.95039
0.55091 0.953
0.5953 0.93995
0.61358 0.94517
0.65535 0.91645
0.69974 0.91384
0.73107 0.9295
0.76762 0.93473
0.81201 0.94778
0.84334 0.95561
0.87728 0.953
0.92167 0.98172
0.96606 0.98433
1 0.98172
0.9765 0.95822
0.96606 0.92689
0.95822 0.88251
0.94517 0.84334
0.94517 0.79896
0.9295 0.77285
0.92428 0.73107
0.91645 0.69452
0.91906 0.65013
0.93211 0.60574
0.93995 0.56136
0.9295 0.53003
0.93995 0.48564
0.91906 0.44125
0.91384 0.39687
0.90339 0.36554
0.90862 0.32115
0.91906 0.27676
0.93473 0.23238
0.94256 0.18799
0.953 0.1436
0.96084 0.10444
0.97128 0.060052
0.98695 0.015666
0.953 0.018277
0.90862 0.031332
0.86423 0.036554
0.81984 0.057441
0.78851 0.046997
0.74413 0.065274
0.7154 0.049608
0.67102 0.062663
0.62663 0.073107
0.58747 0.057441
0.55091 0.046997
0.52219 0.039164
0.47781 0.036554
0.43342 0.057441
0.39164 0.067885
0.34726 0.073107
0.31854 0.057441
0.27415 0.057441
0.22977 0.065274
0.19582 0.044386
0.1671 0.036554
0.12533 0.039164
0.08094 0.028721
0.044386 0.018277
0.020888 0
0 0.02611
0.015666 0.062663
0.010444 0.10705
0.020888 0.13838
0.02611 0.18277
0.02611 0.22715
0.039164 0.2611
0.036554 0.30287
0.046997 0.33943
0.05483 0.38381
0.046997 0.42298
0.041775 0.45431
0.010444 0.49086
# triangles
87 88 89
93 94 95
95 96 97
23 24 30
23 30 53
24 28 30
0 2 100
3 22 100
3 4 22
2 3 100
86 87 90
86 90 91
87 89 90
86 91 92
30 51 53
30 48 51
51 52 53
30 31 47
30 47 48
31 46 47
24 26 28
26 27 28
24 25 26
0 1 2
4 20 22
9 16 17
85 86 92
85 92 93
8 9 17
20 21 22
82 95 97
79 82 97
82 93 95
82 85 93
79 97 98
61 65 66
58 67 69
69 70 71
36 42 43
31 32 33
28 29 30
48 49 51
49 50 51
36 37 41
36 41 42
9 15 16
22 99 100
53 54 55
57 58 69
61 62 65
62 64 65
62 63 64
58 59 67
67 68 69
43 44 45
33 34 45
34 43 45
31 45 46
31 33 45
37 38 40
37 40 41
38 39 40
9 10 15
10 11 15
11 12 14
11 14 15
12 13 14
7 8 17
7 17 19
17 18 19
82 83 85
83 84 85
22 78 99
23 53 78
22 23 78
53 55 78
78 79 98
78 98 99
55 72 78
56 69 71
56 57 69
56 71 72
55 56 72
59 60 67
60 61 66
60 66 67
35 36 43
34 35 43
4 6 20
4 5 6
6 19 20
6 7 19
72 73 77
72 77 78
73 74 77
74 75 77
75 76 77
79 81 82
79 80 81
