# points
0.14634 0.36585
0.14228 0.39837
0.14228 0.43089
0.13821 0.46341
0.14634 0.49593
0.1748 0.49593
0.19919 0.46748
0.23171 0.45935
0.26423 0.46341
0.29675 0.46748
0.32927 0.46748
0.36179 0.46748
0.39431 0.46748
0.42683 0.47154
0.45935 0.47561
0.49187 0.48374
0.52439 0.49187
0.55691 0.50813
0.58943 0.53659
0.62195 0.56098
0.64228 0.5935
0.65854 0.62602
0.67073 0.65854
0.69512 0.68699
0.72358 0.71138
0.75203 0.73577
0.78455 0.7439
0.81707 0.73984
0.84959 0.73171
0.88211 0.71951
0.9065 0.69106
0.93089 0.6626
0.96341 0.64228
0.99593 0.62602
1 0.5935
0.97967 0.56098
0.94715 0.55285
0.91463 0.55285
0.88211 0.55691
0.84959 0.55285
0.82114 0.52033
0.81301 0.4878
0.80894 0.45528
0.79675 0.42276
0.79268 0.39024
0.78455 0.35772
0.78862 0.3252
0.82114 0.30081
0.83333 0.27236
0.82114 0.23984
0.81301 0.20732
0.80081 0.1748
0.77236 0.15041
0.7561 0.1748
0.7439 0.20325
0.73984 0.17073
0.75203 0.13821
0.7561 0.10569
0.76423 0.073171
0.77236 0.04065
0.79268 0.012195
0.77642 0
0.7439 0.01626
0.73171 0.036585
0.71951 0.069106
0.70325 0.10163
0.67886 0.13415
0.65854 0.16667
0.64634 0.19919
0.61382 0.21951
0.5813 0.22358
0.54878 0.22358
0.51626 0.22358
0.48374 0.22764
0.45122 0.22764
0.4187 0.22764
0.38618 0.23171
0.35366 0.23171
0.32114 0.21138
0.30894 0.17886
0.28862 0.14634
0.27236 0.11382
0.26423 0.081301
0.26829 0.04878
0.29268 0.02439
0.26423 0.012195
0.23577 0.028455
0.20732 0.052846
0.18699 0.081301
0.20732 0.11382
0.21545 0.14634
0.18699 0.12602
0.1626 0.097561
0.13008 0.085366
0.097561 0.069106
0.065041 0.056911
0.044715 0.02439
0.02439 0.0081301
0 0.020325
0 0.052846
0.012195 0.081301
0.04065 0.097561
0.073171 0.11789
0.097561 0.15041
0.10569 0.18293
0.10976 0.21545
0.11789 0.24797
0.11789 0.28049
0.11789 0.31301
0.13821 0.34553
0.14634 0.36585
# triangles
27 28 39
11 76 77
0 8 77
3 4 5
32 33 34
28 29 30
28 30 39
83 84 85
90 105 106
90 104 105
80 81 90
0 77 78
78 90 106
8 9 77
3 5 6
59 62 63
59 60 61
59 61 62
32 34 35
45 46 69
46 68 69
17 69 70
17 45 69
17 18 44
17 44 45
11 12 76
12 75 76
12 13 75
14 15 73
13 74 75
14 73 74
13 14 74
19 41 42
19 42 43
18 43 44
18 19 43
32 36 37
32 35 36
20 40 41
19 20 41
20 21 40
21 39 40
21 23 39
31 32 37
95 99 100
90 91 104
79 80 90
78 79 90
21 22 23
0 7 8
2 3 6
0 78 109
58 63 64
58 59 63
46 54 68
50 51 54
16 17 70
16 70 71
15 16 71
15 72 73
15 71 72
23 24 39
24 27 39
24 26 27
24 25 26
31 37 38
30 38 39
30 31 38
95 96 99
96 98 99
96 97 98
10 11 77
9 10 77
0 1 7
1 6 7
1 2 6
78 106 107
78 107 109
107 108 109
55 66 67
54 67 68
54 55 67
49 50 54
47 48 49
46 47 49
46 49 54
95 100 101
95 101 102
93 102 103
92 93 103
91 103 104
91 92 103
93 94 102
94 95 102
83 85 86
51 52 53
51 53 54
57 64 65
57 58 64
81 89 90
81 82 89
82 83 87
83 86 87
82 87 89
87 88 89
56 57 65
56 65 66
55 56 66
