# points
0.2682 0.36398
0.24138 0.4023
0.20307 0.43295
0.18008 0.47126
0.14559 0.50575
0.11111 0.53257
0.068966 0.5249
0.02682 0.5364
0 0.57088
0.038314 0.60153
0.072797 0.63602
0.099617 0.6705
0.072797 0.71264
0.084291 0.7318
0.11111 0.73563
0.15326 0.72031
0.1954 0.69732
0.22222 0.65517
0.26437 0.61686
0.30651 0.58621
0.34866 0.56322
0.3908 0.56322
0.43295 0.55939
0.4751 0.54789
0.51724 0.54789
0.55939 0.54789
0.60153 0.55556
0.64368 0.55556
0.68582 0.55556
0.72797 0.54789
0.77011 0.54023
0.81226 0.52107
0.85441 0.50192
0.89655 0.47126
0.91954 0.42912
0.9387 0.38697
0.94636 0.34483
0.96552 0.31034
0.98467 0.2682
0.98467 0.22605
1 0.18391
0.99617 0.14176
0.96935 0.12261
0.95785 0.16475
0.94253 0.2069
0.93487 0.24904
0.91954 0.27586
0.90805 0.31418
0.90038 0.35632
0.88123 0.3908
0.86207 0.3908
0.85441 0.34866
0.85441 0.30651
0.86973 0.26437
0.90038 0.22222
0.92337 0.18008
0.93103 0.13793
0.9272 0.095785
0.93103 0.05364
0.90421 0.02682
0.86207 0
0.83908 0.02682
0.87739 0.049808
0.88506 0.091954
0.87356 0.1341
0.84674 0.17625
0.81226 0.21073
0.81992 0.16858
0.84674 0.12644
0.82375 0.084291
0.7931 0.049808
0.76245 0.015326
0.72414 0.0038314
0.70498 0.02682
0.74713 0.049808
0.76628 0.088123
0.77395 0.13027
0.76245 0.17241
0.73563 0.21456
0.70881 0.2567
0.70115 0.29885
0.69732 0.341
0.67816 0.36015
0.63602 0.34483
0.5977 0.33716
0.55556 0.3295
0.51341 0.32567
0.47126 0.3295
0.42912 0.3295
0.40613 0.31034
0.3908 0.2682
0.38697 0.22605
0.38314 0.18391
0.38314 0.14176
0.38314 0.099617
0.36782 0.057471
0.33716 0.019157
0.29502 0.011494
0.2567 0.015326
0.28352 0.05364
0.27969 0.095785
0.28736 0.13793
0.29119 0.18008
0.29885 0.22222
0.29885 0.26437
0.29502 0.30651
0.27586 0.34483
0.2682 0.36398
# triangles
12 13 14
11 12 14
4 17 18
4 5 17
5 9 10
5 10 11
5 11 17
40 43 44
40 41 43
54 55 65
54 65 66
52 66 79
93 94 101
91 92 103
23 87 88
0 88 89
2 3 19
3 18 19
3 4 18
1 2 19
92 102 103
92 93 102
93 101 102
11 14 15
5 6 9
41 42 43
39 40 44
37 38 46
23 24 87
52 79 80
52 80 81
67 76 77
66 67 77
52 53 66
53 54 66
66 78 79
66 77 78
95 96 99
96 97 99
97 98 99
91 103 104
0 89 106
89 105 106
24 86 87
24 85 86
11 16 17
11 15 16
7 8 9
6 7 9
51 52 81
37 46 47
38 45 46
39 44 45
38 39 45
25 26 83
25 83 84
25 84 85
24 25 85
27 28 82
26 82 83
26 27 82
69 70 75
69 75 76
95 99 100
94 100 101
94 95 100
90 91 104
89 90 105
90 104 105
0 20 88
20 21 88
0 1 20
1 19 20
22 23 88
21 22 88
55 64 65
55 56 64
57 58 63
56 57 63
56 63 64
35 36 48
36 37 47
36 47 48
30 31 82
28 29 82
29 30 82
71 72 74
72 73 74
70 71 74
70 74 75
68 69 76
67 68 76
59 60 62
60 61 62
58 59 62
58 62 63
50 51 81
50 81 82
31 50 82
35 48 49
34 35 49
33 34 49
33 49 50
32 33 50
31 32 50
