# points
0.090278 0.36806
0.090278 0.40972
0.10417 0.45139
0.090278 0.48611
0.055556 0.52083
0.027778 0.5625
0.013889 0.60417
0 0.64583
0 0.6875
0.0069444 0.72917
0.0069444 0.77083
0.027778 0.80556
0.069444 0.80556
0.097222 0.77778
0.10417 0.73611
0.10417 0.69444
0.097222 0.65278
0.097222 0.61111
0.11806 0.56944
0.15972 0.54167
0.20139 0.5625
0.24306 0.56944
0.28472 0.56944
0.32639 0.56944
0.36806 0.5625
0.40972 0.55556
0.45139 0.54167
0.49306 0.53472
0.53472 0.54167
0.57639 0.54167
0.61806 0.54861
0.65278 0.5625
0.69444 0.59722
0.73611 0.61806
0.77778 0.64583
0.81944 0.65972
0.86111 0.65278
0.89583 0.625
0.93056 0.59028
0.97222 0.57639
1 0.54861
0.99306 0.50694
0.97222 0.47222
0.93056 0.45833
0.88889 0.46528
0.84722 0.45833
0.81944 0.4375
0.79167 0.40278
0.77083 0.36111
0.75694 0.31944
0.73611 0.27778
0.75 0.23611
0.76389 0.19444
0.77778 0.15278
0.80556 0.11111
0.84028 0.090278
0.88194 0.076389
0.875 0.034722
0.83333 0.027778
0.79167 0
0.75 0.0069444
0.71528 0.034722
0.67361 0.076389
0.63194 0.11806
0.61111 0.15972
0.58333 0.19444
0.5625 0.23611
0.52083 0.26389
0.47917 0.26389
0.4375 0.27083
0.39583 0.29861
0.35417 0.3125
0.34028 0.27083
0.32639 0.22917
0.30556 0.1875
0.28472 0.14583
0.30556 0.10417
0.34028 0.0625
0.36806 0.027778
0.32639 0.034722
0.28472 0.048611
0.25 0.069444
0.21528 0.10417
0.19444 0.13889
0.20833 0.18056
0.22222 0.22222
0.19444 0.21528
0.15972 0.17361
0.125 0.13194
0.13194 0.090278
0.16667 0.0625
0.19444 0.020833
0.1875 0
0.14583 0.0069444
0.11111 0.027778
0.083333 0.055556
0.0625 0.097222
0.048611 0.13889
0.0625 0.18056
0.090278 0.22222
0.10417 0.26389
0.097222 0.30556
0.090278 0.34722
0.090278 0.36806
# triangles
55 56 57
8 9 15
9 10 13
26 27 70
89 94 95
89 95 96
55 57 58
10 11 12
10 12 13
9 14 15
9 13 14
3 18 19
35 36 37
39 40 41
38 39 41
38 41 43
6 7 16
7 8 16
8 15 16
74 75 84
77 78 79
21 22 71
22 23 71
23 24 71
24 25 71
25 26 71
26 70 71
3 4 18
4 5 18
27 68 70
27 67 68
53 54 61
54 60 61
54 55 58
54 58 59
54 59 60
41 42 43
34 35 37
6 16 17
5 6 17
5 17 18
75 76 81
75 81 82
89 90 94
90 93 94
75 83 84
75 82 83
73 74 85
74 84 85
85 101 102
0 85 102
0 71 85
86 87 99
86 99 100
86 100 101
85 86 101
72 73 85
71 72 85
0 2 71
2 3 19
2 21 71
2 19 20
2 20 21
88 97 98
88 89 96
88 96 97
87 88 99
88 98 99
68 69 70
53 61 62
27 28 67
28 29 67
30 31 47
37 38 45
34 37 45
33 34 45
76 80 81
76 77 80
77 79 80
0 1 2
50 65 66
50 51 65
51 64 65
51 52 64
30 47 48
29 30 48
31 32 46
31 46 47
32 33 46
33 45 46
91 92 93
90 91 93
52 63 64
52 53 63
53 62 63
49 50 66
49 66 67
29 49 67
29 48 49
38 43 44
38 44 45
