# points
0.10119 0.51786
0.10119 0.5625
0.050595 0.59524
0.020833 0.64286
0.071429 0.61905
0.11905 0.60714
0.12202 0.65774
0.11905 0.70833
0.13988 0.75893
0.1875 0.80952
0.2381 0.84226
0.28869 0.84226
0.33929 0.84524
0.37798 0.82143
0.41369 0.79167
0.46131 0.78571
0.50893 0.77976
0.55655 0.76488
0.59524 0.74107
0.61905 0.70536
0.66964 0.70536
0.71726 0.69643
0.76488 0.68452
0.80357 0.65179
0.83631 0.61607
0.87202 0.57738
0.90476 0.53571
0.9256 0.49405
0.92857 0.44345
0.91667 0.39583
0.88095 0.36012
0.89583 0.32143
0.9256 0.28274
0.95536 0.24107
0.97917 0.20238
0.98512 0.15179
1 0.11012
0.97917 0.068452
0.93155 0.056548
0.88095 0.056548
0.83631 0.071429
0.83631 0.11607
0.86012 0.16667
0.81845 0.19643
0.76786 0.22619
0.72917 0.21131
0.72024 0.16369
0.70536 0.11905
0.69048 0.074405
0.64286 0.065476
0.59226 0.065476
0.56548 0.095238
0.58631 0.14583
0.59226 0.19643
0.61012 0.24405
0.61905 0.29167
0.5744 0.30357
0.52679 0.3125
0.50595 0.29167
0.51488 0.24405
0.52976 0.19643
0.54167 0.15179
0.5506 0.10417
0.55655 0.053571
0.53571 0.011905
0.49107 0
0.44048 0
0.39881 0.017857
0.38988 0.059524
0.41964 0.10714
0.40476 0.15179
0.39286 0.1994
0.38095 0.23512
0.36012 0.18452
0.33929 0.1369
0.34821 0.089286
0.32738 0.047619
0.27976 0.035714
0.22917 0.035714
0.1875 0.050595
0.1875 0.095238
0.21726 0.14286
0.22619 0.19345
0.24107 0.24107
0.25595 0.28571
0.27083 0.33333
0.28571 0.38393
0.28571 0.43452
0.28571 0.48214
0.29464 0.52976
0.25595 0.54762
0.20536 0.54762
0.16071 0.5
0.13393 0.4494
0.1131 0.39881
0.092262 0.34821
0.065476 0.29762
0.020833 0.25
0 0.29167
0.032738 0.33929
0.059524 0.38988
0.074405 0.44048
0.098214 0.49107
0.10119 0.51786
# triangles
78 79 80
96 98 99
96 97 98
11 12 13
11 13 14
25 26 30
9 10 11
6 7 8
94 100 101
19 57 89
2 3 4
57 86 87
57 58 86
73 82 83
21 22 23
19 56 57
17 18 19
26 28 30
31 32 43
36 37 38
35 36 38
58 72 86
72 85 86
72 84 85
72 73 83
72 83 84
94 95 100
95 96 99
95 99 100
93 94 101
57 87 88
57 88 89
14 15 89
78 80 81
50 51 52
46 47 52
46 52 53
19 20 56
23 24 55
21 23 55
20 21 55
20 55 56
24 25 55
25 30 55
33 34 42
32 42 43
32 33 42
34 35 42
35 38 42
39 41 42
38 39 42
26 27 28
28 29 30
58 59 72
92 93 102
0 92 102
93 101 102
1 91 92
0 1 92
1 2 4
6 90 91
9 11 90
6 8 90
8 9 90
11 14 90
14 89 90
16 19 89
15 16 89
16 17 19
73 74 82
74 81 82
65 66 69
63 64 65
39 40 41
47 49 52
47 48 49
49 50 52
30 44 55
31 43 44
30 31 44
46 53 54
77 78 81
75 76 77
74 75 77
74 77 81
66 68 69
5 6 91
1 5 91
1 4 5
61 69 70
61 62 69
62 65 69
62 63 65
44 45 55
45 54 55
45 46 54
66 67 68
59 71 72
60 61 70
59 60 71
60 70 71
