# points
0.17407 0.4963
0.15556 0.53704
0.13333 0.57778
0.10741 0.61481
0.066667 0.62963
0.048148 0.66296
0.022222 0.7
0.037037 0.72593
0.025926 0.76296
0.011111 0.80741
0 0.85185
0 0.8963
0.0074074 0.94074
0.02963 0.98148
0.066667 1
0.1037 0.97778
0.11852 0.93333
0.12222 0.88889
0.11852 0.84444
0.081481 0.86667
0.085185 0.91111
0.055556 0.92963
0.048148 0.88519
0.062963 0.84074
0.096296 0.81111
0.14074 0.81111
0.18519 0.81852
0.22963 0.82593
0.27407 0.8037
0.31111 0.77037
0.35556 0.75926
0.39259 0.72222
0.38519 0.67778
0.41481 0.66296
0.45926 0.66296
0.5037 0.63333
0.54815 0.58889
0.57407 0.54444
0.58889 0.5
0.59259 0.45556
0.58889 0.41111
0.59259 0.36667
0.59259 0.32222
0.5963 0.27778
0.6 0.23704
0.58889 0.27778
0.58519 0.32222
0.57407 0.35185
0.55185 0.31481
0.55926 0.27407
0.57778 0.23333
0.6 0.18889
0.60741 0.14444
0.61111 0.1
0.61481 0.055556
0.59259 0.025926
0.54815 0.022222
0.50741 0.037037
0.50741 0.081481
0.52593 0.12593
0.5037 0.16296
0.47037 0.19259
0.44815 0.18889
0.44074 0.14444
0.42963 0.1
0.42222 0.055556
0.38148 0.044444
0.34815 0.07037
0.34074 0.11481
0.35556 0.15926
0.36296 0.2037
0.37407 0.24815
0.34444 0.27037
0.30741 0.28889
0.31111 0.24444
0.31481 0.2
0.32222 0.15556
0.32222 0.11111
0.32963 0.066667
0.32963 0.022222
0.2963 0
0.25185 0
0.21852 0.022222
0.22593 0.066667
0.24074 0.10741
0.22963 0.15185
0.21852 0.19259
0.2 0.15185
0.19259 0.10741
0.1963 0.062963
0.16667 0.037037
0.12222 0.033333
0.092593 0.059259
0.1 0.1037
0.11481 0.14074
0.12222 0.18519
0.12963 0.22963
0.14444 0.27407
0.15556 0.31852
0.16296 0.36296
0.16667 0.40741
0.16667 0.45185
0.17407 0.4963
0.17407 0.4963
# triangles
2 29 32
33 34 35
33 35 36
33 36 37
48 71 72
48 61 71
29 30 32
11 12 21
12 13 21
13 14 21
54 55 56
56 57 58
91 92 93
63 64 69
2 3 29
0 32 33
43 44 45
48 49 61
49 50 61
37 38 39
42 43 45
30 31 32
14 15 21
10 11 22
11 21 22
51 52 59
53 54 56
53 56 58
53 58 59
52 53 59
88 93 94
88 90 93
88 89 90
90 91 93
73 98 99
73 99 100
0 33 73
33 37 73
37 39 73
40 72 73
39 40 73
62 63 69
61 62 71
26 28 29
3 26 29
3 25 26
26 27 28
1 2 32
0 1 32
42 45 46
40 41 47
47 48 72
40 47 72
41 42 47
42 46 47
15 16 21
16 17 20
16 20 21
10 22 23
50 51 60
51 59 60
50 60 61
87 88 94
75 76 85
76 84 85
76 77 84
62 69 70
62 70 71
64 65 66
64 66 67
64 68 69
64 67 68
80 81 83
3 4 5
3 5 25
5 7 25
5 6 7
73 100 101
0 73 101
17 19 20
17 18 19
9 10 23
7 24 25
9 23 24
81 82 83
78 79 80
78 80 83
77 78 84
78 83 84
7 8 24
8 9 24
87 94 95
86 87 95
86 95 96
75 85 86
74 75 86
73 74 86
86 96 97
73 97 98
73 86 97
