# points
0.061538 0.42154
0.027692 0.45846
0.0030769 0.49846
0 0.52923
0.04 0.50154
0.08 0.46154
0.11077 0.44923
0.098462 0.48615
0.11077 0.51077
0.12923 0.54154
0.10154 0.58154
0.076923 0.62462
0.033846 0.64923
0.049231 0.68615
0.095385 0.65846
0.12923 0.61846
0.15385 0.57846
0.17538 0.53538
0.19692 0.49538
0.24 0.47077
0.26769 0.42769
0.28615 0.41846
0.29231 0.46154
0.29231 0.50769
0.30154 0.55385
0.32615 0.59385
0.34769 0.63692
0.35692 0.68
0.33231 0.72
0.37231 0.73538
0.41846 0.72923
0.46462 0.72308
0.46154 0.68
0.44923 0.63692
0.45231 0.59077
0.45538 0.54769
0.48 0.58462
0.49231 0.62769
0.47692 0.67385
0.48615 0.72
0.52615 0.73231
0.56615 0.73538
0.6 0.71385
0.58769 0.67077
0.57538 0.62769
0.57231 0.58154
0.59692 0.54462
0.64 0.53846
0.68615 0.53846
0.72 0.56923
0.73846 0.60923
0.74462 0.65538
0.73231 0.69538
0.72615 0.73231
0.76923 0.73846
0.80923 0.76
0.85538 0.76308
0.90154 0.76
0.94769 0.75077
0.95692 0.70769
0.94462 0.66462
0.92923 0.62154
0.92 0.57846
0.91077 0.53231
0.91077 0.48615
0.91077 0.44
0.92923 0.39692
0.94154 0.35385
0.96615 0.35692
0.97231 0.40308
0.96308 0.44615
0.94462 0.48923
0.95077 0.53538
0.99077 0.53538
0.96308 0.50462
0.98462 0.46462
1 0.42154
0.99692 0.37846
0.98769 0.33231
0.96 0.29231
0.94154 0.24923
0.91385 0.20923
0.88308 0.16923
0.84 0.13231
0.79385 0.098462
0.74769 0.076923
0.70154 0.073846
0.65538 0.073846
0.60923 0.076923
0.56308 0.076923
0.51692 0.08
0.48308 0.058462
0.44923 0.012308
0.40923 0
0.36308 0.0092308
0.31692 0.018462
0.27077 0.018462
0.22462 0.04
0.18154 0.073846
0.13846 0.11077
0.12 0.15692
0.12308 0.20308
0.11692 0.24923
0.11077 0.29538
0.10154 0.33846
0.083077 0.38462
0.061538 0.42154
# triangles
21 35 90
57 58 59
49 63 64
51 55 56
95 96 97
21 95 101
35 46 90
35 45 46
47 87 88
21 22 35
51 56 61
49 64 65
49 50 63
50 51 61
51 54 55
95 97 98
95 98 101
98 99 101
21 90 91
21 91 95
91 92 93
84 85 86
83 84 86
21 101 102
21 102 103
23 24 35
22 23 35
12 13 14
2 3 4
20 21 103
20 103 104
57 59 60
56 57 60
56 60 61
50 62 63
50 61 62
48 83 86
48 49 65
47 48 87
48 86 87
68 77 78
71 74 75
35 36 45
27 28 29
25 26 34
24 25 35
25 34 35
46 89 90
46 47 89
47 88 89
91 93 94
91 94 95
99 100 101
72 73 74
71 72 74
48 82 83
69 76 77
68 69 77
26 33 34
26 27 33
11 12 14
11 14 15
10 11 15
8 9 17
48 65 66
48 66 82
66 81 82
70 71 75
70 75 76
69 70 76
9 16 17
10 15 16
9 10 16
51 52 54
52 53 54
6 7 8
6 104 105
6 20 104
0 6 105
0 5 6
1 4 5
0 1 5
1 2 4
67 80 81
66 67 81
67 79 80
67 68 78
67 78 79
41 42 43
37 43 44
37 38 43
36 37 45
37 44 45
40 41 43
38 40 43
8 17 18
6 8 18
6 19 20
6 18 19
38 39 40
27 32 33
27 29 30
27 30 32
30 31 32
