# points
0.30131 0.50655
0.27948 0.53712
0.24454 0.56332
0.21834 0.60262
0.17904 0.62445
0.13974 0.62882
0.11354 0.65502
0.078603 0.67686
0.039301 0.70742
0.061135 0.72489
0.10044 0.71179
0.069869 0.74236
0.039301 0.78166
0.017467 0.82096
0.0043668 0.86026
0 0.89956
0.0087336 0.93886
0.030568 0.9738
0.065502 1
0.10044 1
0.10044 0.9607
0.078603 0.9345
0.069869 0.8952
0.087336 0.8559
0.12227 0.82096
0.16157 0.79913
0.20087 0.79913
0.24017 0.80786
0.27948 0.81223
0.31878 0.81659
0.35808 0.82096
0.38865 0.79039
0.42358 0.76419
0.46288 0.76419
0.50218 0.75983
0.54148 0.75109
0.58079 0.73362
0.59825 0.69869
0.63319 0.68559
0.67249 0.68559
0.71179 0.67686
0.75109 0.66812
0.79039 0.64192
0.82533 0.60262
0.8559 0.56769
0.89083 0.52838
0.91266 0.48908
0.9214 0.44978
0.91703 0.41048
0.89956 0.37118
0.86463 0.34498
0.89083 0.30568
0.9214 0.26638
0.95197 0.22707
0.96943 0.19214
0.9738 0.15284
0.98253 0.11354
0.9869 0.074236
0.9476 0.056769
0.9083 0.052402
0.869 0.052402
0.82969 0.065502
0.82969 0.1048
0.85153 0.1441
0.83843 0.17904
0.79913 0.20087
0.75983 0.22707
0.72926 0.21397
0.71616 0.17467
0.71179 0.13537
0.70306 0.09607
0.68122 0.065502
0.64192 0.061135
0.60262 0.061135
0.56332 0.074236
0.55459 0.039301
0.53275 0.0087336
0.49345 0
0.45415 0
0.41485 0.0043668
0.38865 0.034934
0.41048 0.074236
0.42358 0.11354
0.40611 0.15284
0.39738 0.19214
0.38865 0.23144
0.37118 0.19214
0.35371 0.15284
0.34498 0.11354
0.35371 0.074236
0.33188 0.043668
0.29258 0.030568
0.25328 0.030568
0.21397 0.034934
0.18777 0.061135
0.20524 0.09607
0.22707 0.13537
0.23144 0.17467
0.24454 0.21397
0.25764 0.25328
0.27074 0.29258
0.27948 0.33188
0.29258 0.37118
0.29258 0.41048
0.29258 0.44978
0.29694 0.48908
0.30131 0.50655
# triangles
17 18 21
16 17 21
18 20 21
18 19 20
93 94 95
38 50 67
12 23 24
92 93 95
15 16 22
16 21 22
28 29 31
29 30 31
12 13 23
92 95 96
91 92 96
60 61 62
67 68 84
69 72 73
44 45 50
38 43 50
43 44 50
50 66 67
47 48 50
48 49 50
50 51 66
51 65 66
33 34 37
35 36 37
34 35 37
38 67 85
67 84 85
38 85 104
85 103 104
85 102 103
14 15 22
14 22 23
13 14 23
70 71 72
69 70 72
56 57 58
56 58 59
55 56 59
55 59 63
60 62 63
59 60 63
68 74 84
69 73 74
68 69 74
74 77 82
77 78 81
77 81 82
78 79 81
79 80 81
46 47 50
45 46 50
38 39 40
38 40 43
40 42 43
40 41 42
85 101 102
85 100 101
54 55 63
51 52 64
51 64 65
74 83 84
74 82 83
75 76 77
74 75 77
10 25 26
0 32 33
0 33 37
0 37 38
0 38 104
3 27 28
3 28 31
3 31 32
11 24 25
10 11 25
11 12 24
7 9 10
7 8 9
85 99 100
53 54 63
53 63 64
52 53 64
88 91 96
88 90 91
88 89 90
0 104 105
4 10 26
4 26 27
3 4 27
6 7 10
4 5 6
4 6 10
87 97 98
87 96 97
87 88 96
0 1 32
1 3 32
1 2 3
86 98 99
86 87 98
85 86 99
