# points
0.003367 0.50842
0 0.53199
0.013468 0.55556
0.037037 0.54545
0.047138 0.55556
0.037037 0.57912
0.03367 0.60269
0.030303 0.62626
0.030303 0.64983
0.030303 0.6734
0.030303 0.69697
0.030303 0.72054
0.037037 0.74411
0.040404 0.76768
0.043771 0.79125
0.050505 0.81481
0.057239 0.83838
0.06734 0.86195
0.080808 0.88552
0.10101 0.90909
0.11448 0.93266
0.13805 0.95286
0.16162 0.9697
0.18519 0.98316
0.20875 0.99327
0.23232 0.99663
0.25589 0.99663
0.27946 1
0.30303 1
0.3266 0.99663
0.35017 0.9899
0.37374 0.97643
0.39394 0.95623
0.41751 0.9596
0.44108 0.9596
0.46465 0.95286
0.48822 0.93603
0.51178 0.91919
0.52525 0.89562
0.53872 0.87205
0.55219 0.84848
0.56229 0.82492
0.56902 0.80135
0.56902 0.77778
0.56902 0.75421
0.56902 0.73064
0.56902 0.70707
0.57239 0.6835
0.57239 0.65993
0.57239 0.63636
0.57576 0.61279
0.59259 0.59933
0.60606 0.58249
0.60269 0.55892
0.59933 0.53535
0.59596 0.51178
0.59596 0.48822
0.59259 0.46465
0.58923 0.44108
0.58249 0.41751
0.56902 0.39731
0.54545 0.39394
0.54545 0.37037
0.54209 0.3468
0.53535 0.32323
0.52525 0.29966
0.51178 0.27609
0.50842 0.25253
0.50842 0.22896
0.50842 0.20539
0.50505 0.18182
0.49495 0.15825
0.48485 0.13468
0.46801 0.11111
0.45118 0.087542
0.43098 0.063973
0.41414 0.047138
0.39057 0.03367
0.367 0.020202
0.34343 0.006734
0.31987 0
0.2963 0.003367
0.27273 0.016835
0.25253 0.030303
0.22896 0.047138
0.20539 0.070707
0.18182 0.090909
0.15825 0.11448
0.14141 0.13805
0.13805 0.16162
0.13805 0.18519
0.14141 0.20875
0.13805 0.23232
0.11785 0.24916
0.10438 0.27273
0.090909 0.2963
0.090909 0.31987
0.090909 0.34343
0.077441 0.36364
0.057239 0.38384
0.043771 0.40404
0.03367 0.42761
0.026936 0.45118
0.016835 0.47475
0.010101 0.49832
0.003367 0.50842
# triangles
23 24 25
9 12 46
58 59 61
92 94 96
12 32 46
15 19 32
27 28 32
4 50 61
50 55 61
61 65 66
61 64 65
59 60 61
85 86 91
79 80 81
86 90 91
32 45 46
32 44 45
41 42 43
32 43 44
29 30 32
28 29 32
23 25 26
19 26 32
26 27 32
9 10 12
10 11 12
13 15 32
12 13 32
4 6 8
4 98 101
94 95 96
55 56 61
4 49 50
50 54 55
50 53 54
61 63 64
79 81 82
92 93 94
86 87 90
32 39 43
32 38 39
75 76 77
75 77 85
74 75 85
73 85 91
73 74 85
22 23 26
19 22 26
13 14 15
30 31 32
32 33 36
32 36 38
34 35 36
33 34 36
36 37 38
4 5 6
6 7 8
4 101 102
4 61 97
4 97 98
61 66 97
66 92 97
92 96 97
57 58 61
56 57 61
4 8 48
4 48 49
9 46 48
8 9 48
51 52 53
50 51 53
61 62 63
69 70 71
68 69 71
71 72 73
71 73 91
68 71 91
15 16 19
16 17 19
78 79 82
17 18 19
87 88 89
87 89 90
40 41 43
39 40 43
19 20 21
19 21 22
3 103 104
3 4 102
3 102 103
0 3 104
0 1 3
1 2 3
98 100 101
98 99 100
46 47 48
66 67 92
67 91 92
67 68 91
77 84 85
78 82 83
77 78 83
77 83 84
