# points
0.0032895 0.49671
0 0.51974
0.013158 0.54276
0.036184 0.53289
0.046053 0.54276
0.036184 0.56579
0.032895 0.58882
0.029605 0.61184
0.029605 0.63487
0.029605 0.65789
0.029605 0.68092
0.029605 0.70395
0.036184 0.72697
0.039474 0.75
0.042763 0.77303
0.049342 0.79605
0.059211 0.81908
0.069079 0.84211
0.082237 0.86513
0.098684 0.88816
0.11842 0.91118
0.14145 0.93421
0.16447 0.95395
0.1875 0.97368
0.21053 0.99013
0.23355 1
0.25658 1
0.27961 1
0.30263 0.99342
0.32566 0.98684
0.34868 0.97697
0.36842 0.95724
0.38487 0.93421
0.40789 0.9375
0.43092 0.9375
0.45395 0.93092
0.47697 0.91447
0.5 0.89803
0.51316 0.875
0.52632 0.85197
0.53947 0.82895
0.54934 0.80592
0.55592 0.78289
0.55592 0.75987
0.55592 0.73684
0.55592 0.71382
0.55592 0.69079
0.55921 0.66776
0.55921 0.64474
0.55921 0.62171
0.5625 0.59868
0.57895 0.58553
0.59211 0.56908
0.58882 0.54605
0.58553 0.52303
0.58224 0.5
0.58224 0.47697
0.57895 0.45395
0.57566 0.43092
0.56908 0.40789
0.55592 0.38816
0.53289 0.38487
0.53289 0.36184
0.52961 0.33882
0.52303 0.31579
0.51316 0.29276
0.5 0.26974
0.49671 0.24671
0.49671 0.22368
0.49671 0.20066
0.49342 0.17763
0.48355 0.15461
0.47368 0.13158
0.45724 0.10855
0.44079 0.085526
0.42105 0.0625
0.40461 0.046053
0.38158 0.032895
0.35855 0.019737
0.33553 0.0065789
0.3125 0
0.28947 0.0032895
0.26645 0.016447
0.24671 0.029605
0.22368 0.046053
0.20066 0.069079
0.17763 0.088816
0.15461 0.11184
0.13816 0.13487
0.13487 0.15789
0.13487 0.18092
0.13816 0.20395
0.13487 0.22697
0.11513 0.24342
0.10197 0.26645
0.088816 0.28947
0.088816 0.3125
0.088816 0.33553
0.075658 0.35526
0.055921 0.375
0.042763 0.39474
0.032895 0.41776
0.026316 0.44079
0.016447 0.46382
0.0098684 0.48684
0.0032895 0.49671
# triangles
61 66 97
66 92 97
58 59 61
10 11 12
9 10 12
4 50 61
4 61 97
4 97 98
9 12 46
12 32 46
61 65 66
61 64 65
59 60 61
9 46 48
21 22 32
12 13 32
13 16 32
18 19 32
50 55 61
55 56 61
50 54 55
57 58 61
56 57 61
61 63 64
86 90 91
86 87 90
87 88 89
87 89 90
92 96 97
4 5 6
4 98 101
4 101 102
8 9 48
4 8 48
4 6 8
6 7 8
4 49 50
4 48 49
46 47 48
19 20 32
20 21 32
16 17 32
17 18 32
22 28 32
22 23 28
23 26 28
75 76 77
79 80 81
79 81 82
77 78 83
78 82 83
78 79 82
50 51 53
50 53 54
51 52 53
61 62 63
69 70 71
68 69 71
71 72 73
71 73 91
68 71 91
94 95 96
92 93 94
92 94 96
13 15 16
13 14 15
26 27 28
32 45 46
32 44 45
32 43 44
32 38 39
32 39 43
39 40 43
36 37 38
32 36 38
75 77 85
74 75 85
73 74 85
73 85 91
85 86 91
24 25 26
23 24 26
66 67 92
67 91 92
67 68 91
3 103 104
0 3 104
3 4 102
3 102 103
0 1 3
1 2 3
98 100 101
98 99 100
29 30 31
28 31 32
28 29 31
77 83 84
77 84 85
34 35 36
40 41 43
41 42 43
32 33 36
33 34 36
