# points
0.003367 0.50842
0 0.53199
0 0.55556
0.020202 0.57239
0.040404 0.57912
0.037037 0.60269
0.03367 0.62626
0.03367 0.64983
0.03367 0.6734
0.03367 0.69697
0.03367 0.72054
0.040404 0.74411
0.050505 0.76768
0.057239 0.79125
0.06734 0.81481
0.080808 0.83838
0.10101 0.86195
0.12121 0.88552
0.14478 0.90909
0.16498 0.93266
0.18519 0.95623
0.20539 0.97643
0.22896 0.9798
0.25253 0.9899
0.27609 0.99663
0.29966 1
0.32323 0.99663
0.3468 0.9899
0.37037 0.9798
0.39394 0.96296
0.41414 0.95623
0.43771 0.9596
0.46128 0.95623
0.48485 0.93939
0.50842 0.92256
0.52525 0.90236
0.54209 0.87879
0.54882 0.85522
0.56229 0.83165
0.57239 0.80808
0.57239 0.78451
0.57239 0.76094
0.57239 0.73737
0.57239 0.7138
0.57239 0.69024
0.57576 0.66667
0.57576 0.6431
0.57912 0.61953
0.58923 0.59933
0.61279 0.59259
0.62626 0.57576
0.62626 0.55219
0.62626 0.52862
0.62626 0.50505
0.61616 0.48148
0.60269 0.45791
0.59933 0.43434
0.59259 0.41077
0.57912 0.38721
0.56229 0.36364
0.54545 0.35354
0.54209 0.32997
0.53199 0.3064
0.51852 0.28283
0.51178 0.25926
0.51178 0.23569
0.51178 0.21212
0.50842 0.18855
0.50168 0.16498
0.49158 0.14141
0.47811 0.11785
0.46128 0.094276
0.44108 0.070707
0.42088 0.053872
0.40067 0.037037
0.3771 0.020202
0.35354 0.013468
0.32997 0.003367
0.3064 0
0.28283 0.013468
0.26263 0.026936
0.23906 0.043771
0.21549 0.063973
0.19192 0.084175
0.16835 0.10774
0.14815 0.13131
0.14141 0.15488
0.14141 0.17845
0.14478 0.20202
0.14815 0.22559
0.12795 0.24579
0.11111 0.26599
0.097643 0.28956
0.094276 0.31313
0.087542 0.3367
0.063973 0.3569
0.047138 0.38047
0.03367 0.40404
0.023569 0.42761
0.016835 0.45118
0.013468 0.47475
0.006734 0.49832
0.003367 0.50842
# triangles
4 47 60
12 16 44
8 12 44
7 8 44
49 50 51
24 25 26
0 1 4
0 4 101
4 99 100
4 100 101
4 60 94
60 63 94
8 9 12
5 6 7
4 46 47
4 5 46
44 45 46
7 44 46
5 7 46
63 64 89
70 71 89
60 62 63
58 59 60
48 49 51
47 48 60
48 55 60
14 15 16
74 75 76
18 19 29
35 36 37
4 94 96
1 3 4
1 2 3
68 69 89
69 70 89
60 61 62
65 68 89
64 65 89
56 57 58
55 56 60
56 58 60
65 67 68
48 51 52
9 11 12
9 10 11
71 82 89
71 72 82
30 35 37
30 37 41
19 22 29
19 20 22
20 21 22
37 40 41
91 92 93
90 91 93
89 90 93
63 89 93
63 93 94
4 98 99
4 96 97
4 97 98
52 53 54
48 54 55
48 52 54
65 66 67
12 13 16
13 14 16
82 83 89
72 73 82
73 74 81
73 81 82
33 34 35
30 33 35
18 29 43
17 18 43
16 43 44
16 17 43
38 39 40
37 38 40
94 95 96
74 76 80
74 80 81
83 88 89
27 28 29
31 32 33
30 31 33
29 30 42
29 42 43
30 41 42
76 77 79
76 79 80
77 78 79
84 87 88
83 84 88
84 85 86
84 86 87
22 23 29
23 27 29
23 26 27
23 24 26
