# points
0.003367 0.50842
0 0.53199
0 0.55556
0.023569 0.56902
0.037037 0.58586
0.030303 0.60943
0.030303 0.633
0.030303 0.65657
0.030303 0.68013
0.030303 0.7037
0.03367 0.72727
0.037037 0.75084
0.043771 0.77441
0.047138 0.79798
0.050505 0.82155
0.060606 0.84512
0.070707 0.86869
0.087542 0.89226
0.10438 0.91582
0.12121 0.93603
0.14478 0.95623
0.16835 0.97306
0.19192 0.98316
0.21549 0.99327
0.23906 0.99663
0.26263 0.99663
0.2862 1
0.30976 0.99663
0.33333 0.99327
0.3569 0.98653
0.38047 0.97306
0.40067 0.95286
0.42424 0.96633
0.44781 0.9697
0.47138 0.96633
0.49495 0.95286
0.51852 0.93939
0.53872 0.91919
0.55556 0.89899
0.56566 0.87542
0.57576 0.85185
0.58586 0.82828
0.58586 0.80471
0.58923 0.78114
0.58923 0.75758
0.58923 0.73401
0.58586 0.71044
0.58586 0.68687
0.58249 0.6633
0.57912 0.63973
0.57576 0.61616
0.59259 0.60606
0.61279 0.59596
0.61616 0.57239
0.61279 0.54882
0.60606 0.52525
0.60269 0.50168
0.60269 0.47811
0.60269 0.45455
0.59259 0.43098
0.58249 0.40741
0.55892 0.39057
0.54545 0.3771
0.54209 0.35354
0.53872 0.32997
0.52862 0.3064
0.51515 0.28283
0.50842 0.25926
0.50842 0.23569
0.50842 0.21212
0.50505 0.18855
0.49832 0.16498
0.48822 0.14141
0.47475 0.11785
0.45791 0.094276
0.43771 0.070707
0.41751 0.053872
0.39731 0.037037
0.37374 0.020202
0.35017 0.013468
0.3266 0.003367
0.30303 0
0.27946 0.013468
0.25926 0.026936
0.23569 0.043771
0.21212 0.063973
0.18855 0.084175
0.16498 0.10774
0.14478 0.13131
0.13805 0.15488
0.13805 0.17845
0.14141 0.20202
0.14478 0.22559
0.12458 0.24579
0.10774 0.26599
0.094276 0.28956
0.090909 0.31313
0.090909 0.3367
0.084175 0.36027
0.060606 0.3771
0.047138 0.40067
0.037037 0.42088
0.030303 0.44444
0.020202 0.46801
0.010101 0.49158
0.003367 0.50842
# triangles
37 38 39
35 36 37
62 63 66
56 61 62
50 56 62
4 50 62
74 85 92
22 23 24
50 55 56
66 67 92
73 74 92
8 10 49
10 11 12
8 9 10
10 48 49
4 7 50
7 8 49
7 49 50
1 2 3
4 62 98
85 86 92
94 95 96
68 71 92
67 68 92
71 72 92
72 73 92
59 60 61
51 52 53
4 5 6
4 6 7
62 66 97
62 97 98
66 92 97
94 96 97
4 98 102
74 75 85
75 76 85
92 93 97
93 94 97
86 91 92
86 87 91
87 90 91
87 88 89
87 89 90
20 21 22
68 70 71
56 57 61
57 59 61
22 24 25
20 22 25
10 12 31
10 31 48
31 37 39
31 35 37
3 4 103
4 102 103
98 100 102
76 84 85
80 81 82
79 80 82
79 82 83
63 65 66
63 64 65
51 53 54
50 54 55
50 51 54
57 58 59
27 28 31
25 27 31
25 26 27
42 43 44
31 42 44
31 46 48
31 44 46
44 45 46
3 103 104
98 99 100
100 101 102
77 79 83
76 77 84
77 83 84
18 20 25
18 19 20
17 18 31
18 25 31
13 14 15
13 15 17
12 13 31
13 17 31
15 16 17
68 69 70
31 39 40
31 40 42
40 41 42
31 33 35
33 34 35
31 32 33
46 47 48
0 1 3
0 3 104
77 78 79
28 29 31
29 30 31
