# points
0 0.50333
0 0.52667
0.013333 0.55
0.036667 0.55667
0.056667 0.56333
0.05 0.58667
0.046667 0.61
0.046667 0.63333
0.046667 0.65667
0.046667 0.68
0.046667 0.70333
0.05 0.72667
0.06 0.75
0.066667 0.77333
0.07 0.79667
0.073333 0.82
0.08 0.84333
0.093333 0.86667
0.11333 0.89
0.13 0.91333
0.15333 0.93667
0.17667 0.96
0.2 0.98
0.22333 0.99333
0.24667 0.99667
0.27 1
0.29333 1
0.31667 0.99667
0.34 0.98667
0.36333 0.98
0.38667 0.96667
0.40667 0.94667
0.43 0.95667
0.45333 0.96667
0.47667 0.96667
0.5 0.96333
0.52333 0.94667
0.54333 0.92667
0.56 0.90333
0.57333 0.88
0.57667 0.85667
0.58 0.83333
0.58333 0.81
0.58333 0.78667
0.58333 0.76333
0.58 0.74
0.58 0.71667
0.58 0.69333
0.58333 0.67
0.58333 0.64667
0.58333 0.62333
0.59 0.6
0.61 0.59333
0.62667 0.57333
0.63333 0.55
0.63 0.52667
0.62 0.50333
0.61 0.48
0.60333 0.45667
0.6 0.43333
0.59 0.41
0.57667 0.39333
0.55667 0.38667
0.55667 0.36333
0.55333 0.34
0.54667 0.31667
0.53667 0.29333
0.52333 0.27
0.52 0.24667
0.52 0.22333
0.52 0.2
0.51667 0.17667
0.50667 0.15333
0.49333 0.13
0.48 0.10667
0.46 0.083333
0.44333 0.06
0.42333 0.043333
0.4 0.03
0.37667 0.016667
0.35333 0.0066667
0.33 0
0.30667 0.0033333
0.28333 0.02
0.26333 0.033333
0.24 0.05
0.21667 0.07
0.19333 0.093333
0.17 0.11667
0.15667 0.14
0.15333 0.16333
0.15333 0.18667
0.15667 0.21
0.15 0.23333
0.13 0.25
0.11667 0.27333
0.10667 0.29667
0.10667 0.32
0.10667 0.34333
0.09 0.36333
0.07 0.38333
0.053333 0.40667
0.046667 0.43
0.033333 0.45333
0.016667 0.47667
0.0033333 0.5
0 0.50333
# triangles
67 93 98
62 67 98
67 68 93
68 92 93
62 66 67
75 86 92
75 76 77
75 77 78
13 18 31
18 20 31
4 62 98
4 49 50
93 94 95
8 9 12
10 11 12
9 10 12
15 16 17
15 17 18
73 74 75
73 75 92
4 51 62
4 50 51
51 54 55
58 59 62
51 58 62
51 57 58
62 65 66
70 71 72
75 78 85
75 85 86
32 37 38
31 32 38
32 36 37
31 42 43
1 2 3
4 102 103
20 28 31
20 21 28
24 25 28
21 24 28
81 82 83
18 19 20
13 14 18
14 15 18
51 53 54
51 52 53
86 87 92
51 55 56
51 56 57
59 60 62
60 61 62
62 64 65
68 69 92
69 73 92
69 72 73
69 70 72
78 84 85
78 79 84
79 83 84
80 81 83
79 80 83
34 35 36
32 34 36
32 33 34
31 41 42
4 5 7
5 6 7
7 8 49
4 7 49
95 96 97
93 97 98
93 95 97
4 99 102
99 100 102
4 98 99
100 101 102
0 1 105
1 3 105
22 23 24
21 22 24
29 30 31
28 29 31
25 26 28
26 27 28
62 63 64
38 39 40
31 38 40
31 40 41
3 104 105
3 4 104
4 103 104
31 43 45
43 44 45
31 45 46
87 91 92
87 90 91
88 89 90
87 88 90
13 31 47
31 46 47
12 13 47
8 12 47
8 47 49
47 48 49
