# points
0 0.4932
0 0.51701
0.013605 0.54082
0.034014 0.55442
0.034014 0.57823
0.037415 0.60204
0.044218 0.62585
0.047619 0.64966
0.047619 0.67347
0.047619 0.69728
0.05102 0.72109
0.061224 0.7449
0.068027 0.76871
0.071429 0.79252
0.07483 0.81633
0.081633 0.84014
0.095238 0.86395
0.11565 0.88776
0.13265 0.91156
0.15646 0.93537
0.18027 0.95918
0.20408 0.97959
0.22789 0.9932
0.2517 0.9966
0.27551 1
0.29932 1
0.32313 0.9966
0.34694 0.98639
0.37075 0.97959
0.39456 0.96599
0.41497 0.94558
0.43878 0.95578
0.46259 0.96599
0.48639 0.96599
0.5102 0.96259
0.53401 0.94558
0.55442 0.92517
0.57143 0.90136
0.58503 0.87755
0.59524 0.85374
0.60544 0.82993
0.60884 0.80612
0.61565 0.78231
0.61905 0.7585
0.61905 0.73469
0.61905 0.71088
0.61905 0.68707
0.61905 0.66327
0.61905 0.63946
0.61905 0.61565
0.61565 0.59184
0.63265 0.57483
0.64286 0.55102
0.64626 0.52721
0.63946 0.5034
0.62585 0.47959
0.61905 0.45578
0.61565 0.43197
0.60884 0.40816
0.59524 0.38776
0.57483 0.37755
0.56803 0.35374
0.56463 0.32993
0.55782 0.30612
0.54762 0.28231
0.53401 0.2585
0.53061 0.23469
0.53061 0.21088
0.53061 0.18707
0.52721 0.16327
0.51701 0.13946
0.4966 0.11905
0.47619 0.098639
0.45238 0.078231
0.42857 0.057823
0.40476 0.040816
0.38435 0.02381
0.36054 0.010204
0.33673 0
0.31293 0
0.29932 0.020408
0.28231 0.040816
0.26531 0.064626
0.2449 0.088435
0.22109 0.10204
0.20068 0.12245
0.17687 0.13946
0.16327 0.16327
0.15986 0.18707
0.15986 0.21088
0.13946 0.23129
0.12245 0.2517
0.11224 0.27551
0.095238 0.29592
0.091837 0.31973
0.091837 0.34354
0.07483 0.36735
0.057823 0.39116
0.047619 0.41497
0.037415 0.43878
0.017007 0.46259
0.0034014 0.48639
0 0.4932
# triangles
0 1 101
65 89 95
1 2 101
78 79 80
83 85 89
85 88 89
85 86 87
85 87 88
75 81 82
74 75 82
74 82 83
7 11 47
7 8 11
9 10 11
8 9 11
14 15 16
14 16 17
96 97 98
65 66 89
66 83 89
3 60 95
3 95 96
3 96 98
3 4 5
3 5 6
3 98 99
3 99 100
2 3 101
3 100 101
60 61 95
61 65 95
61 64 65
75 76 81
83 84 85
17 18 19
12 13 17
13 14 17
42 43 44
66 72 83
61 62 63
61 63 64
58 59 60
7 47 48
3 50 60
3 6 50
6 7 50
7 48 50
48 49 50
77 80 81
76 77 81
77 78 80
21 22 23
20 21 23
52 53 54
50 52 54
30 44 45
30 45 46
12 17 30
30 38 39
11 12 30
17 19 30
30 37 38
11 30 47
30 46 47
90 91 92
92 94 95
89 92 95
89 90 92
92 93 94
66 67 72
73 74 83
72 73 83
50 56 60
50 51 52
41 42 44
30 41 44
39 40 41
30 39 41
27 28 30
19 20 27
19 27 30
23 24 27
20 23 27
31 36 37
30 31 37
31 35 36
67 68 71
67 71 72
69 70 71
68 69 71
50 54 55
50 55 56
57 58 60
56 57 60
24 25 27
25 26 27
33 34 35
31 33 35
28 29 30
31 32 33
