# points
0 0.18018
0.0045045 0.2027
0.013514 0.22523
0.027027 0.24324
0.04955 0.24324
0.072072 0.23423
0.094595 0.22523
0.11712 0.22072
0.13964 0.21171
0.16216 0.2027
0.18468 0.1982
0.18919 0.20721
0.19369 0.22973
0.21622 0.24775
0.23874 0.26126
0.26126 0.26577
0.28378 0.27027
0.30631 0.28378
0.32883 0.28378
0.35135 0.28829
0.37387 0.29279
0.3964 0.2973
0.41892 0.3018
0.44144 0.3018
0.46396 0.3018
0.48649 0.28829
0.5045 0.31081
0.52703 0.31982
0.54955 0.32883
0.57207 0.33333
0.59459 0.33333
0.61712 0.33784
0.63964 0.33784
0.66216 0.34234
0.68468 0.34685
0.70721 0.35135
0.72973 0.35586
0.75225 0.36036
0.77477 0.36036
0.7973 0.35586
0.81982 0.35135
0.83784 0.34685
0.85135 0.32432
0.86036 0.3018
0.87387 0.27928
0.88288 0.28378
0.8964 0.27477
0.91441 0.27928
0.93243 0.27477
0.94144 0.26126
0.95495 0.25676
0.97297 0.24324
0.97297 0.22072
0.98198 0.1982
0.9955 0.17568
1 0.15315
0.9955 0.13063
0.98198 0.11261
0.95946 0.099099
0.93694 0.09009
0.91441 0.085586
0.8964 0.072072
0.91441 0.058559
0.91892 0.045045
0.9009 0.04955
0.89189 0.067568
0.86937 0.072072
0.84685 0.072072
0.83784 0.04955
0.82432 0.027027
0.8018 0.009009
0.78829 0.013514
0.76577 0
0.76126 0.0045045
0.78378 0.022523
0.8018 0.036036
0.81982 0.058559
0.81081 0.072072
0.78829 0.072072
0.76577 0.067568
0.74324 0.058559
0.72072 0.058559
0.6982 0.067568
0.67568 0.067568
0.65315 0.067568
0.63063 0.067568
0.60811 0.076577
0.58559 0.063063
0.56306 0.054054
0.54054 0.04955
0.51802 0.040541
0.4955 0.031532
0.47297 0.031532
0.45045 0.036036
0.42793 0.045045
0.40541 0.04955
0.38288 0.054054
0.36036 0.063063
0.33784 0.067568
0.31532 0.072072
0.29279 0.076577
0.27027 0.085586
0.24775 0.09009
0.22523 0.094595
0.20721 0.11261
0.18468 0.11712
0.16216 0.10811
0.13964 0.099099
0.11712 0.09009
0.094595 0.085586
0.072072 0.081081
0.04955 0.076577
0.027027 0.081081
0.009009 0.099099
0 0.12162
0 0.14414
0 0.16667
0 0.18018
# triangles
111 112 113
53 54 58
69 70 75
90 91 92
44 67 77
35 36 44
52 53 60
54 55 57
54 57 58
53 59 60
53 58 59
35 79 82
35 44 79
69 75 76
68 69 76
67 76 77
67 68 76
25 86 87
25 87 88
90 92 93
40 41 42
39 40 42
44 60 66
44 66 67
55 56 57
71 72 74
70 71 75
71 74 75
44 77 78
44 78 79
62 63 64
25 88 89
25 89 90
25 27 86
21 96 97
84 85 86
32 84 86
32 83 84
72 73 74
25 90 94
90 93 94
1 2 5
0 1 5
47 48 49
60 61 66
61 62 64
33 82 83
32 33 83
27 30 86
30 32 86
30 31 32
28 29 30
27 28 30
50 51 52
49 50 52
19 20 97
20 21 97
21 23 25
25 94 95
21 95 96
21 25 95
11 12 13
2 3 4
2 4 5
0 6 116
0 5 6
109 110 115
110 114 115
110 113 114
110 111 113
16 17 18
16 18 99
10 104 105
10 11 104
61 64 65
61 65 66
34 35 82
33 34 82
25 26 27
21 22 23
11 102 104
15 16 101
15 101 102
11 15 102
13 14 15
11 13 15
18 98 99
19 97 98
18 19 98
16 100 101
16 99 100
39 42 43
38 39 43
37 38 43
36 37 43
36 43 44
44 45 46
46 47 49
46 49 52
44 46 60
46 52 60
23 24 25
9 10 105
102 103 104
9 105 106
79 80 81
79 81 82
6 115 116
6 109 115
6 7 108
6 108 109
7 8 108
8 107 108
8 106 107
8 9 106
