# points
0 0.1875
0.016667 0.2125
0.0375 0.22917
0.0625 0.22917
0.0875 0.225
0.1125 0.2125
0.1375 0.20417
0.1625 0.19583
0.1875 0.19167
0.17917 0.21667
0.16667 0.2375
0.17083 0.2625
0.19167 0.275
0.21667 0.2875
0.24167 0.29167
0.26667 0.29583
0.29167 0.3
0.31667 0.30833
0.34167 0.30833
0.36667 0.30833
0.39167 0.30833
0.41667 0.30833
0.44167 0.30833
0.46667 0.30833
0.49167 0.30417
0.51667 0.30417
0.54167 0.30833
0.56667 0.325
0.5875 0.3375
0.6125 0.35
0.6375 0.35417
0.6625 0.35833
0.6875 0.36667
0.7125 0.37083
0.7375 0.375
0.7625 0.37083
0.7875 0.37083
0.8125 0.35833
0.83333 0.3375
0.84583 0.3125
0.86667 0.29583
0.89167 0.29583
0.91667 0.2875
0.94167 0.275
0.9625 0.25417
0.98333 0.23333
1 0.20833
1 0.18333
0.97917 0.16667
0.96667 0.14583
0.99167 0.14583
0.99167 0.12917
0.96667 0.1125
0.94167 0.1
0.91667 0.091667
0.89167 0.0875
0.86667 0.075
0.84583 0.0625
0.82917 0.0375
0.8125 0.016667
0.7875 0
0.7875 0.020833
0.8 0.041667
0.81667 0.0625
0.79167 0.066667
0.76667 0.066667
0.74167 0.066667
0.71667 0.066667
0.69167 0.066667
0.66667 0.070833
0.64167 0.079167
0.61667 0.091667
0.59583 0.075
0.57083 0.066667
0.55 0.070833
0.52917 0.054167
0.50417 0.05
0.47917 0.05
0.45417 0.05
0.42917 0.045833
0.40417 0.045833
0.37917 0.045833
0.35417 0.05
0.32917 0.05
0.30417 0.054167
0.27917 0.0625
0.25417 0.066667
0.22917 0.075
0.20417 0.0875
0.17917 0.1
0.17917 0.125
0.17917 0.1375
0.15417 0.12917
0.12917 0.12083
0.10417 0.1125
0.079167 0.10417
0.054167 0.095833
0.029167 0.095833
0.0083333 0.11667
0.0041667 0.14167
0 0.16667
0 0.1875
# triangles
0 1 100
26 71 74
74 75 76
95 99 100
21 79 80
35 36 37
40 41 42
39 40 65
96 97 98
95 96 99
96 98 99
39 65 66
39 66 67
31 68 69
31 67 68
31 32 67
35 38 39
35 37 38
49 52 53
49 51 52
40 49 55
40 42 49
49 54 55
49 53 54
26 27 71
27 28 71
30 31 71
28 30 71
31 70 71
31 69 70
71 72 74
72 73 74
21 78 79
25 26 74
24 25 74
23 24 78
1 2 3
1 3 100
3 95 100
3 4 95
8 14 15
8 16 85
8 15 16
4 94 95
33 35 39
33 39 67
32 33 67
33 34 35
45 46 48
46 47 48
42 43 44
42 44 49
44 48 49
44 45 48
59 60 61
57 58 63
40 64 65
16 17 18
18 82 83
24 74 77
24 77 78
74 76 77
21 22 78
22 23 78
4 5 94
9 12 13
9 13 14
8 9 14
8 87 91
8 85 86
8 86 87
6 92 93
5 6 93
5 93 94
49 50 51
59 61 62
58 62 63
58 59 62
56 57 63
56 63 64
40 55 56
40 56 64
28 29 30
7 8 91
6 7 92
7 91 92
10 11 12
9 10 12
87 88 91
16 84 85
18 83 84
16 18 84
20 81 82
20 80 81
20 21 80
88 89 90
88 90 91
18 19 82
19 20 82
