# points
0 0.16017
0.012987 0.18182
0.030303 0.19048
0.051948 0.18615
0.073593 0.18182
0.095238 0.17316
0.11688 0.16883
0.13853 0.16017
0.15152 0.16883
0.16017 0.19048
0.18182 0.20346
0.20346 0.21212
0.22511 0.21645
0.24675 0.22511
0.2684 0.23377
0.29004 0.2381
0.31169 0.24675
0.33333 0.25541
0.35498 0.26407
0.37662 0.27273
0.39827 0.27706
0.41991 0.27273
0.44156 0.25541
0.45887 0.24242
0.48052 0.23377
0.49784 0.25108
0.51948 0.25974
0.54113 0.2684
0.56277 0.27706
0.58442 0.28139
0.60606 0.28571
0.62771 0.29437
0.64935 0.2987
0.671 0.30736
0.69264 0.32035
0.70996 0.31169
0.72727 0.29437
0.74892 0.27273
0.7619 0.25541
0.78355 0.25108
0.80519 0.25541
0.82684 0.25974
0.84848 0.25974
0.87013 0.25974
0.89177 0.25974
0.91342 0.25974
0.93074 0.24675
0.94372 0.22511
0.96104 0.20779
0.97403 0.18615
0.99134 0.1645
1 0.14286
0.98701 0.12121
0.96537 0.11688
0.94372 0.11255
0.92208 0.10823
0.90043 0.099567
0.87879 0.095238
0.85714 0.095238
0.8355 0.090909
0.81385 0.095238
0.80087 0.077922
0.79654 0.056277
0.78355 0.034632
0.76623 0.017316
0.77489 0.030303
0.7619 0.034632
0.75758 0.038961
0.77489 0.060606
0.78788 0.077922
0.77922 0.090909
0.75758 0.077922
0.73593 0.073593
0.71429 0.069264
0.69264 0.064935
0.671 0.060606
0.64935 0.060606
0.62771 0.060606
0.60606 0.056277
0.58442 0.060606
0.56277 0.064935
0.54545 0.051948
0.53247 0.030303
0.51082 0.012987
0.48918 0.004329
0.46753 0
0.44589 0
0.42424 0
0.4026 0
0.38095 0
0.35931 0
0.33766 0.004329
0.31602 0.004329
0.29437 0.008658
0.27273 0.012987
0.25108 0.021645
0.22944 0.030303
0.20779 0.04329
0.18615 0.056277
0.1645 0.077922
0.18182 0.090909
0.16017 0.099567
0.13853 0.095238
0.11688 0.090909
0.095238 0.077922
0.073593 0.069264
0.051948 0.064935
0.030303 0.069264
0.012987 0.08658
0.004329 0.10823
0.004329 0.12987
0 0.15152
0 0.16017
# triangles
1 2 3
0 1 111
1 3 111
50 51 52
3 110 111
106 107 108
24 25 26
50 52 53
24 26 80
30 76 77
77 78 79
44 45 46
44 46 47
32 36 37
30 74 76
105 109 110
105 108 109
105 106 108
95 96 100
15 94 95
14 15 95
3 4 110
4 105 110
11 12 100
20 21 22
49 50 53
24 86 87
24 80 81
81 83 84
24 81 86
81 85 86
81 84 85
81 82 83
42 43 58
43 57 58
43 56 57
43 44 47
43 47 56
39 40 60
39 60 70
33 35 36
32 33 36
33 34 35
74 75 76
30 31 74
31 32 74
61 62 69
60 61 70
61 69 70
62 68 69
62 63 68
15 93 94
91 92 93
15 91 93
98 99 100
96 97 100
97 98 100
13 14 95
13 95 100
12 13 100
10 11 100
8 10 100
8 9 10
23 87 88
23 24 87
18 22 23
17 18 23
18 19 22
19 20 22
29 30 77
29 77 79
27 28 80
26 27 80
48 49 55
47 48 55
47 55 56
40 41 60
41 58 60
41 42 58
38 70 72
38 39 70
38 72 73
38 73 74
32 37 38
32 38 74
58 59 60
63 64 65
70 71 72
15 16 91
16 17 91
89 90 91
17 89 91
23 88 89
17 23 89
5 103 104
49 53 54
49 54 55
66 67 68
5 6 103
6 7 103
8 100 101
7 8 101
7 102 103
7 101 102
4 104 105
4 5 104
28 29 80
29 79 80
63 65 66
63 66 68
