# points
0.029661 0.11441
0.050847 0.11864
0.072034 0.12712
0.09322 0.13136
0.11441 0.13136
0.13559 0.13136
0.15678 0.13136
0.17797 0.13136
0.19915 0.13136
0.22034 0.12712
0.24153 0.12712
0.25424 0.13559
0.23305 0.14407
0.22034 0.16102
0.24153 0.16949
0.26271 0.17373
0.2839 0.17797
0.30508 0.1822
0.32627 0.1822
0.34746 0.18644
0.36864 0.18644
0.38983 0.19068
0.41102 0.19068
0.4322 0.19068
0.45339 0.19068
0.47458 0.18644
0.49576 0.17797
0.51695 0.16949
0.53814 0.16525
0.55932 0.16525
0.58051 0.16525
0.60169 0.1822
0.62288 0.19915
0.64407 0.2161
0.66525 0.22458
0.68644 0.22034
0.70339 0.19915
0.72034 0.18644
0.73729 0.16949
0.75847 0.16525
0.77966 0.15678
0.80085 0.15678
0.82203 0.15254
0.84322 0.14831
0.86441 0.14407
0.88559 0.13559
0.90678 0.13136
0.92797 0.12288
0.94915 0.11864
0.97034 0.10593
0.99153 0.097458
1 0.076271
0.97881 0.067797
0.95763 0.059322
0.93644 0.055085
0.91525 0.050847
0.89407 0.04661
0.87288 0.042373
0.85169 0.042373
0.83051 0.042373
0.80932 0.042373
0.78814 0.042373
0.76695 0.038136
0.74576 0.029661
0.72458 0.021186
0.70339 0.012712
0.6822 0.0084746
0.66102 0.0084746
0.63983 0.0084746
0.61864 0.012712
0.61017 0.025424
0.63136 0.033898
0.61017 0.038136
0.58898 0.038136
0.5678 0.038136
0.54661 0.038136
0.52542 0.038136
0.50424 0.042373
0.48305 0.033898
0.46186 0.021186
0.44068 0.012712
0.41949 0.0084746
0.39831 0.0042373
0.37712 0.0042373
0.35593 0
0.33475 0
0.31356 0
0.29237 0
0.29237 0.021186
0.31356 0.033898
0.30932 0.04661
0.28814 0.04661
0.26695 0.042373
0.24576 0.042373
0.22458 0.042373
0.20339 0.038136
0.1822 0.033898
0.16102 0.029661
0.13983 0.025424
0.11864 0.025424
0.097458 0.025424
0.076271 0.025424
0.055085 0.025424
0.033898 0.033898
0.012712 0.04661
0 0.063559
0 0.084746
0.012712 0.10169
0.029661 0.11441
# triangles
1 102 103
0 1 103
103 104 107
0 103 107
50 51 52
27 28 77
28 76 77
30 71 72
86 87 88
84 85 89
85 86 89
86 88 89
65 66 71
19 20 90
18 19 90
20 83 90
20 82 83
83 84 89
83 89 90
22 79 80
22 80 81
21 22 81
20 21 81
20 81 82
30 72 73
30 73 74
29 30 74
28 75 76
28 29 75
29 74 75
30 31 71
68 69 71
64 65 71
47 54 55
48 53 54
47 48 54
31 32 37
31 37 71
1 101 102
1 2 101
2 100 101
4 99 100
2 3 100
3 4 100
6 96 97
26 27 77
26 77 78
25 26 78
69 70 71
66 67 71
67 68 71
11 14 15
11 15 16
11 16 17
11 17 18
11 18 90
43 58 59
43 44 58
45 57 58
44 45 58
49 52 53
48 49 53
49 50 52
42 43 59
32 33 36
32 36 37
34 35 36
33 34 36
38 64 71
37 38 71
38 63 64
4 5 99
5 98 99
5 97 98
5 6 97
6 7 96
7 95 96
7 8 95
22 23 79
23 78 79
11 90 91
12 13 14
11 12 14
45 56 57
38 62 63
38 39 62
41 42 60
41 60 61
42 59 60
24 25 78
23 24 78
8 9 95
9 94 95
46 55 56
46 47 55
45 46 56
39 40 62
40 61 62
40 41 61
10 92 93
10 93 94
9 10 94
10 91 92
10 11 91
104 105 107
105 106 107
