# points
0 0.1617
0.0042553 0.18298
0.012766 0.20426
0.021277 0.22553
0.042553 0.22553
0.06383 0.21702
0.085106 0.20851
0.10638 0.2
0.12766 0.19149
0.14894 0.18298
0.17021 0.17872
0.19149 0.17447
0.21277 0.17447
0.22979 0.18298
0.24681 0.19574
0.26809 0.20851
0.28936 0.21702
0.31064 0.22553
0.33191 0.23404
0.35319 0.24255
0.37447 0.24681
0.39574 0.25532
0.41702 0.25957
0.4383 0.26809
0.45957 0.2766
0.48085 0.2766
0.50213 0.26809
0.5234 0.25957
0.54468 0.24255
0.56596 0.25106
0.58723 0.26383
0.60851 0.26809
0.62979 0.28085
0.65106 0.28936
0.67234 0.30213
0.69362 0.31064
0.71489 0.3234
0.73617 0.3234
0.75745 0.31489
0.77872 0.29787
0.8 0.2766
0.81702 0.25532
0.8383 0.25106
0.85532 0.25957
0.8766 0.25957
0.89787 0.25957
0.91489 0.25106
0.93617 0.23404
0.95319 0.21277
0.96596 0.19149
0.98298 0.17021
0.99574 0.14894
1 0.12766
0.98723 0.10638
0.96596 0.10213
0.94468 0.097872
0.9234 0.097872
0.90213 0.089362
0.88085 0.085106
0.85957 0.085106
0.8383 0.080851
0.82979 0.059574
0.82553 0.038298
0.81702 0.017021
0.80426 0
0.79574 0.0042553
0.81277 0.025532
0.80851 0.038298
0.78723 0.029787
0.80426 0.046809
0.82128 0.06383
0.8 0.06383
0.77872 0.059574
0.75745 0.051064
0.73617 0.042553
0.71489 0.042553
0.69362 0.038298
0.67234 0.038298
0.65106 0.042553
0.62979 0.046809
0.60851 0.051064
0.58723 0.055319
0.57872 0.034043
0.56596 0.017021
0.54468 0.0085106
0.5234 0.0042553
0.50213 0.0042553
0.48085 0
0.45957 0
0.4383 0
0.41702 0
0.39574 0.0042553
0.37447 0.0085106
0.35319 0.012766
0.33191 0.017021
0.31064 0.021277
0.28936 0.034043
0.26809 0.038298
0.24681 0.046809
0.22553 0.059574
0.20426 0.059574
0.20426 0.07234
0.19574 0.085106
0.17447 0.085106
0.15319 0.085106
0.13191 0.076596
0.11064 0.068085
0.089362 0.059574
0.068085 0.051064
0.046809 0.042553
0.025532 0.038298
0.012766 0.051064
0.0042553 0.07234
0 0.093617
0 0.11489
0 0.13617
0 0.15745
0 0.1617
# triangles
33 41 73
108 112 113
42 47 57
35 36 37
107 114 115
107 108 114
108 113 114
109 111 112
108 109 112
109 110 111
0 1 6
81 85 86
86 87 88
89 90 91
81 84 85
33 73 75
42 58 59
42 57 58
35 37 38
35 38 39
42 43 44
44 45 46
42 44 47
44 46 47
20 89 91
0 6 116
6 115 116
106 107 115
13 98 99
42 59 60
41 42 60
81 82 84
82 83 84
32 33 75
29 30 31
31 78 79
31 75 78
31 32 75
28 81 86
28 29 81
28 86 88
47 48 57
35 39 40
34 35 40
33 40 41
33 34 40
13 97 98
13 14 97
2 3 4
20 91 92
17 18 94
8 105 106
41 72 73
73 74 75
31 79 80
29 80 81
29 31 80
49 50 55
49 55 56
48 56 57
48 49 56
52 53 54
51 52 54
50 51 54
50 54 55
17 94 96
94 95 96
14 15 96
14 96 97
2 4 5
1 2 5
1 5 6
18 93 94
18 19 93
10 11 103
7 8 106
6 7 115
7 106 115
8 9 105
62 69 70
23 26 28
22 28 88
22 23 28
22 88 89
20 21 22
20 22 89
16 17 96
15 16 96
9 104 105
10 103 104
9 10 104
13 99 102
12 13 102
11 12 102
11 102 103
60 70 71
41 60 71
41 71 72
67 68 69
62 66 67
62 67 69
60 61 70
61 62 70
62 63 66
63 64 65
63 65 66
26 27 28
99 100 101
99 101 102
75 76 78
76 77 78
20 92 93
19 20 93
23 24 26
24 25 26
