# points
0 0.058282
0.021472 0.058282
0.042945 0.058282
0.064417 0.058282
0.08589 0.06135
0.10736 0.06135
0.12883 0.06135
0.15031 0.06135
0.17178 0.064417
0.19325 0.067485
0.21472 0.070552
0.2362 0.070552
0.25767 0.07362
0.27914 0.07362
0.30061 0.070552
0.32209 0.070552
0.34356 0.070552
0.36503 0.067485
0.3865 0.067485
0.40798 0.070552
0.42945 0.070552
0.45092 0.070552
0.47239 0.070552
0.49387 0.070552
0.51534 0.07362
0.53681 0.07362
0.55828 0.07362
0.57975 0.07362
0.60123 0.076687
0.6227 0.076687
0.64417 0.079755
0.66564 0.08589
0.68098 0.07362
0.70245 0.07362
0.72393 0.079755
0.74233 0.07362
0.76074 0.08589
0.78221 0.10123
0.80368 0.11043
0.81595 0.10429
0.81288 0.082822
0.82515 0.067485
0.84663 0.070552
0.86503 0.064417
0.8865 0.06135
0.90798 0.06135
0.92945 0.064417
0.95092 0.079755
0.97239 0.092025
0.99387 0.09816
0.99693 0.082822
0.9816 0.064417
0.9908 0.046012
1 0.02454
0.9816 0.021472
0.96012 0.02454
0.93865 0.039877
0.91718 0.042945
0.89571 0.042945
0.8773 0.039877
0.85583 0.03681
0.83436 0.033742
0.81902 0.021472
0.81288 0
0.79141 0.006135
0.77301 0.02454
0.7546 0.033742
0.73313 0.030675
0.71166 0.030675
0.69018 0.033742
0.66871 0.033742
0.64724 0.030675
0.62577 0.030675
0.60429 0.030675
0.58282 0.027607
0.56135 0.027607
0.53988 0.02454
0.5184 0.02454
0.49693 0.021472
0.47546 0.021472
0.45399 0.021472
0.43252 0.018405
0.41104 0.018405
0.38957 0.018405
0.3681 0.018405
0.34663 0.021472
0.32515 0.021472
0.30368 0.02454
0.28221 0.02454
0.26074 0.027607
0.23926 0.027607
0.21779 0.030675
0.19632 0.033742
0.17485 0.03681
0.15337 0.039877
0.1319 0.039877
0.11043 0.042945
0.088957 0.042945
0.067485 0.042945
0.046012 0.039877
0.027607 0.04908
0.006135 0.052147
0 0.058282
# triangles
52 53 54
12 13 89
13 88 89
20 81 82
18 82 83
46 47 56
2 3 99
2 99 100
11 12 89
24 25 77
25 76 77
28 29 73
36 65 66
18 19 82
19 20 82
48 49 50
52 54 55
47 51 56
47 48 51
51 52 55
51 55 56
48 50 51
1 2 100
0 1 101
1 100 101
10 11 91
34 67 68
29 30 71
30 70 71
30 31 32
30 32 70
25 75 76
29 72 73
29 71 72
32 69 70
23 77 78
23 24 77
23 78 79
22 23 79
16 85 86
15 16 86
15 86 87
43 44 59
46 56 57
8 9 93
11 89 90
11 90 91
4 5 97
5 96 97
33 34 68
33 68 69
32 33 69
35 66 67
34 35 67
35 36 66
27 74 75
27 28 73
27 73 74
36 40 65
40 41 65
36 37 40
37 38 40
38 39 40
21 22 80
22 79 80
20 80 81
20 21 80
18 83 84
14 15 87
13 14 88
14 87 88
45 46 57
44 58 59
44 45 58
45 57 58
9 92 93
10 91 92
9 10 92
8 93 94
5 6 96
6 95 96
3 98 99
3 4 98
4 97 98
25 26 75
26 27 75
16 17 85
17 84 85
17 18 84
41 42 61
43 59 60
42 43 60
42 60 61
41 62 65
41 61 62
62 64 65
62 63 64
7 94 95
6 7 95
7 8 94
