# points
0.0048193 0.3012
0.0096386 0.32289
0.014458 0.34458
0.021687 0.36627
0.036145 0.38313
0.057831 0.38072
0.079518 0.37349
0.1012 0.36386
0.12289 0.35422
0.14458 0.34458
0.16627 0.33494
0.18795 0.32289
0.20964 0.32289
0.22892 0.33976
0.24096 0.36145
0.25301 0.38313
0.25783 0.40482
0.27229 0.4241
0.29157 0.44337
0.31084 0.46265
0.33253 0.47952
0.35181 0.4988
0.37349 0.51325
0.39277 0.53253
0.41446 0.54458
0.43614 0.56386
0.45783 0.58072
0.47952 0.59277
0.5012 0.59518
0.52289 0.6
0.54458 0.60241
0.56627 0.60241
0.58795 0.6
0.60964 0.59277
0.63133 0.59277
0.65301 0.58795
0.6747 0.58072
0.69639 0.57108
0.71807 0.55422
0.73976 0.54217
0.75904 0.53012
0.78072 0.50843
0.80241 0.49398
0.8241 0.47952
0.84578 0.46265
0.86747 0.44578
0.88434 0.42651
0.90361 0.40964
0.91566 0.38795
0.91566 0.36627
0.93494 0.35181
0.95663 0.33976
0.9759 0.32771
0.99036 0.30843
1 0.29639
0.98313 0.27952
0.96145 0.26265
0.93976 0.24578
0.91807 0.23373
0.89639 0.21687
0.8747 0.20482
0.85301 0.18554
0.83133 0.17349
0.81446 0.15422
0.80964 0.13253
0.79759 0.11084
0.7759 0.093976
0.75422 0.079518
0.73253 0.062651
0.71084 0.048193
0.68916 0.033735
0.66747 0.021687
0.64578 0.012048
0.6241 0.0072289
0.60241 0.0024096
0.58072 0
0.55904 0
0.53735 0
0.51566 0.0048193
0.49398 0.0072289
0.47229 0.014458
0.45542 0.036145
0.43373 0.050602
0.41205 0.060241
0.39036 0.072289
0.36867 0.081928
0.34699 0.096386
0.3253 0.10843
0.30361 0.12289
0.28193 0.13976
0.26024 0.15904
0.24819 0.18072
0.24337 0.20241
0.2241 0.21928
0.20241 0.21687
0.18072 0.21446
0.15904 0.20723
0.13735 0.2
0.11566 0.19036
0.093976 0.18554
0.072289 0.17831
0.050602 0.1759
0.028916 0.16867
0.012048 0.18795
0.0048193 0.20964
0 0.23133
0 0.25301
0.0024096 0.2747
0.0024096 0.29639
0.0048193 0.3012
# triangles
41 62 63
38 41 63
8 98 107
3 4 5
2 3 5
26 27 28
20 22 84
44 46 62
46 49 62
46 47 49
36 37 38
63 67 68
63 68 82
71 72 73
70 71 73
89 90 91
8 97 98
0 1 7
0 7 8
0 107 108
0 8 107
10 11 96
2 5 6
1 2 6
1 6 7
20 84 86
20 21 22
100 104 105
22 23 24
24 38 63
22 24 82
24 63 82
49 60 62
44 45 46
38 39 41
39 40 41
43 44 62
63 66 67
64 65 66
63 64 66
68 69 82
22 83 84
22 82 83
74 75 76
70 73 81
69 70 81
69 81 82
73 74 81
74 76 81
79 80 81
12 93 94
11 12 94
89 91 92
8 9 97
9 96 97
9 10 96
84 85 86
15 86 87
14 15 92
15 87 92
15 16 17
98 99 107
99 106 107
99 105 106
99 100 105
101 103 104
100 101 104
101 102 103
24 33 38
29 30 33
30 31 33
31 32 33
28 29 33
24 28 33
33 34 35
33 35 36
33 36 38
25 26 28
24 25 28
49 50 58
50 51 56
51 52 56
49 58 59
49 59 60
60 61 62
52 55 56
50 57 58
50 56 57
41 42 62
42 43 62
78 79 81
76 77 78
76 78 81
11 95 96
11 94 95
12 13 93
13 92 93
13 14 92
88 89 92
87 88 92
18 19 20
18 20 86
15 18 86
15 17 18
47 48 49
53 54 55
52 53 55
