# points
0.012077 0.22705
0.016908 0.24879
0.028986 0.26812
0.050725 0.2657
0.072464 0.26329
0.094203 0.25845
0.11594 0.25121
0.13768 0.24638
0.15942 0.24155
0.18116 0.24155
0.2029 0.24638
0.22222 0.26812
0.2343 0.28986
0.25362 0.31159
0.27536 0.33092
0.2971 0.34783
0.31884 0.36473
0.34058 0.37923
0.36232 0.3913
0.38406 0.40338
0.4058 0.41304
0.42754 0.42271
0.44928 0.42995
0.47101 0.4372
0.49275 0.44203
0.51449 0.44444
0.53623 0.44444
0.55797 0.44444
0.57971 0.43961
0.60145 0.43237
0.62319 0.42512
0.64493 0.41787
0.66667 0.40821
0.68841 0.40097
0.71014 0.39372
0.73188 0.38406
0.75362 0.36957
0.77536 0.36715
0.7971 0.35507
0.81884 0.34058
0.84058 0.33575
0.86232 0.32367
0.88406 0.30435
0.9058 0.28986
0.92754 0.27295
0.94928 0.26087
0.97101 0.25121
0.99034 0.23913
1 0.21739
1 0.19565
0.98309 0.17633
0.96135 0.15459
0.94444 0.13285
0.92995 0.11353
0.90821 0.099034
0.88647 0.091787
0.86473 0.086957
0.843 0.07971
0.8285 0.060386
0.80918 0.057971
0.78744 0.045894
0.7657 0.050725
0.74396 0.043478
0.72464 0.024155
0.7029 0.016908
0.68116 0.0096618
0.65942 0.0072464
0.63768 0
0.61594 0.0024155
0.5942 0
0.57246 0
0.55072 0
0.52899 0.0072464
0.50725 0.012077
0.48551 0.016908
0.46377 0.016908
0.44203 0.021739
0.42029 0.021739
0.39855 0.02657
0.37681 0.028986
0.35507 0.036232
0.33333 0.043478
0.31159 0.057971
0.28986 0.067633
0.26812 0.084541
0.24879 0.10628
0.23671 0.12802
0.21981 0.14976
0.19807 0.15459
0.17633 0.15217
0.15459 0.14251
0.13285 0.13285
0.11111 0.12319
0.089372 0.11353
0.067633 0.10386
0.045894 0.10145
0.028986 0.11594
0.019324 0.13768
0.0024155 0.15942
0 0.17874
0.0048309 0.20048
0.0096618 0.22222
0.012077 0.22705
# triangles
94 95 96
22 26 74
82 84 86
14 82 86
97 98 99
94 96 97
48 49 50
92 93 97
93 94 97
84 85 86
32 68 72
32 33 68
20 74 76
19 20 76
22 23 26
82 83 84
74 75 76
17 76 78
16 17 78
15 16 78
14 15 82
92 97 100
5 92 100
0 5 100
97 99 100
52 53 54
46 47 48
46 48 50
0 4 5
13 14 86
11 13 86
11 12 13
8 89 90
11 86 87
36 61 62
33 36 62
70 71 72
68 70 72
30 72 73
31 32 72
30 31 72
26 29 74
29 73 74
29 30 73
21 22 74
20 21 74
24 25 26
23 24 26
76 77 78
18 19 76
17 18 76
15 78 80
15 80 82
78 79 80
80 81 82
0 100 101
42 56 57
59 60 61
57 59 61
44 51 52
1 2 3
0 1 3
0 3 4
7 8 90
33 66 68
33 62 66
66 67 68
33 34 36
34 35 36
68 69 70
26 27 28
26 28 29
44 52 55
44 55 56
52 54 55
42 43 56
43 44 56
57 58 59
44 45 51
45 46 50
45 50 51
5 6 92
8 9 89
9 88 89
39 42 57
39 41 42
39 40 41
39 57 61
36 39 61
62 63 64
62 64 66
64 65 66
7 90 91
6 7 91
6 91 92
10 11 87
10 87 88
9 10 88
36 37 38
36 38 39
