# points
0 0.22062
0.0095923 0.24221
0.019185 0.26379
0.040767 0.27098
0.06235 0.27098
0.083933 0.26859
0.10552 0.26139
0.1271 0.26139
0.14868 0.2542
0.17026 0.2494
0.19185 0.247
0.21103 0.2542
0.23022 0.27098
0.2494 0.28537
0.26619 0.29976
0.28537 0.31655
0.30216 0.33333
0.30935 0.35252
0.32614 0.36451
0.34772 0.3741
0.3693 0.38609
0.39089 0.39329
0.41247 0.40767
0.43405 0.41007
0.45564 0.41727
0.47482 0.43165
0.4964 0.43165
0.51559 0.43405
0.53717 0.43405
0.55875 0.43645
0.58034 0.43165
0.60192 0.43165
0.6211 0.42446
0.64269 0.42206
0.66427 0.42206
0.68585 0.42206
0.70743 0.42206
0.72902 0.42206
0.7482 0.41727
0.76978 0.41247
0.79137 0.40528
0.81295 0.39568
0.83453 0.38609
0.85612 0.3717
0.8777 0.35492
0.89928 0.33573
0.91367 0.31415
0.93525 0.29257
0.95683 0.27578
0.97842 0.26139
0.99281 0.23981
1 0.21823
0.98321 0.19664
0.96163 0.17986
0.94005 0.16787
0.91847 0.15348
0.89688 0.13909
0.8753 0.1223
0.86571 0.10072
0.86091 0.079137
0.85132 0.064748
0.83693 0.083933
0.81535 0.091127
0.79616 0.074341
0.78657 0.052758
0.76739 0.038369
0.7482 0.028777
0.72662 0.019185
0.70504 0.01199
0.68345 0.0047962
0.66187 0
0.64029 0
0.61871 0.0047962
0.59712 0
0.57554 0
0.55396 0
0.53237 0.0047962
0.51079 0.014388
0.48921 0.023981
0.47242 0.033573
0.45324 0.043165
0.43405 0.05036
0.41247 0.052758
0.39089 0.057554
0.3693 0.059952
0.34772 0.067146
0.32854 0.071942
0.30935 0.086331
0.28777 0.095923
0.26859 0.11271
0.2518 0.1295
0.23022 0.14149
0.22062 0.16067
0.20144 0.16787
0.17986 0.16307
0.15827 0.15588
0.13669 0.14868
0.11511 0.14628
0.093525 0.13909
0.071942 0.13909
0.05036 0.13429
0.031175 0.14388
0.016787 0.16307
0.0047962 0.17986
0.0023981 0.20144
0 0.22062
# triangles
50 51 52
49 50 52
1 2 3
39 40 62
28 29 30
28 30 80
30 79 80
30 32 79
14 15 87
24 28 80
21 23 81
24 80 81
23 24 81
21 81 82
57 58 62
49 52 53
46 47 55
47 54 55
40 41 62
30 31 32
38 39 62
32 72 79
32 33 72
33 34 63
34 35 63
35 62 63
33 63 72
14 87 89
14 89 90
15 85 87
85 86 87
83 84 85
15 83 85
41 42 43
41 43 62
46 55 56
46 56 57
48 53 54
47 48 54
48 49 53
35 36 62
36 38 62
63 64 65
63 68 72
58 61 62
58 59 61
59 60 61
87 88 89
8 95 96
13 14 90
13 90 92
12 13 92
24 25 26
21 22 23
9 94 95
8 9 95
9 10 94
102 103 104
0 1 104
16 21 82
16 82 83
15 16 83
16 17 18
44 45 46
44 46 57
44 57 62
43 44 62
36 37 38
72 78 79
72 77 78
72 73 74
72 74 77
74 75 76
74 76 77
68 69 72
63 65 66
5 6 99
6 98 99
5 99 104
99 102 104
99 100 101
99 101 102
7 8 96
11 12 92
10 93 94
10 11 93
11 92 93
90 91 92
24 27 28
24 26 27
1 4 104
4 5 104
1 3 4
19 20 21
16 19 21
16 18 19
63 67 68
63 66 67
6 7 97
7 96 97
6 97 98
69 70 71
69 71 72
