# points
0 0.19424
0 0.21583
0.0023981 0.23741
0.0023981 0.25899
0.0095923 0.28058
0.019185 0.30216
0.028777 0.32134
0.05036 0.32854
0.071942 0.32134
0.093525 0.31175
0.11511 0.29976
0.13669 0.29017
0.15827 0.27818
0.17986 0.27098
0.20144 0.26859
0.22062 0.27818
0.23022 0.29976
0.247 0.32134
0.26859 0.33333
0.29017 0.34532
0.31175 0.36211
0.33094 0.3765
0.35252 0.39329
0.3741 0.40528
0.39568 0.42446
0.41727 0.44125
0.43885 0.45324
0.45803 0.46763
0.47962 0.46763
0.5012 0.46763
0.52278 0.46763
0.54436 0.46283
0.56595 0.46283
0.58753 0.46283
0.60911 0.46043
0.6307 0.45803
0.65228 0.45084
0.67386 0.44125
0.69544 0.43405
0.71703 0.42206
0.73861 0.40767
0.76019 0.39808
0.78177 0.38369
0.80336 0.36451
0.82254 0.34293
0.84412 0.32134
0.86571 0.29976
0.88249 0.27818
0.89928 0.25659
0.91607 0.23501
0.93285 0.21343
0.95444 0.19664
0.97602 0.18465
0.9952 0.16307
1 0.14388
0.99041 0.1271
0.96882 0.11511
0.94724 0.10552
0.92566 0.098321
0.90408 0.093525
0.88249 0.083933
0.86091 0.064748
0.84892 0.043165
0.82734 0.023981
0.80576 0.01199
0.78417 0.0023981
0.76259 0
0.74101 0
0.71942 0
0.69784 0.0047962
0.67626 0.0047962
0.65468 0.0071942
0.63309 0.0071942
0.61151 0.0071942
0.58993 0.0071942
0.56835 0.0071942
0.54676 0.0071942
0.52518 0.0071942
0.5036 0.0071942
0.48201 0.01199
0.46043 0.016787
0.43885 0.023981
0.41727 0.028777
0.39568 0.033573
0.3741 0.035971
0.35252 0.043165
0.33094 0.057554
0.30935 0.071942
0.29017 0.093525
0.26859 0.11511
0.247 0.13669
0.23501 0.15827
0.22782 0.17986
0.20624 0.19185
0.18465 0.18705
0.16307 0.17746
0.14149 0.16547
0.1199 0.14868
0.098321 0.13189
0.076739 0.11511
0.055156 0.10312
0.038369 0.11751
0.026379 0.13909
0.01199 0.16067
0.0023981 0.18225
0 0.19424
# triangles
53 54 55
5 6 7
83 86 88
99 100 101
0 97 104
97 103 104
97 98 103
20 83 88
84 85 86
83 84 86
86 87 88
99 101 102
98 99 102
98 102 103
0 1 97
1 2 97
4 5 8
5 7 8
20 21 83
2 96 97
19 20 88
64 65 66
64 66 67
4 8 9
3 4 9
2 3 9
13 94 95
13 14 94
19 88 89
19 89 92
16 17 18
15 16 18
15 18 92
18 19 92
26 27 28
51 52 56
51 56 57
53 55 56
52 53 56
37 38 39
40 41 42
37 39 40
37 74 75
15 92 93
14 15 93
14 93 94
31 32 76
32 75 76
23 24 31
23 31 79
21 22 23
24 25 31
29 30 31
25 29 31
25 26 29
26 28 29
49 50 60
47 48 60
48 49 60
51 57 58
50 51 58
61 63 64
61 62 63
61 64 67
47 60 61
46 47 61
45 46 61
34 37 75
32 34 75
34 36 37
34 35 36
40 71 72
40 72 73
37 40 73
37 73 74
12 95 96
11 12 96
12 13 95
2 10 96
10 11 96
2 9 10
89 91 92
89 90 91
31 77 79
31 76 77
21 82 83
21 23 82
40 42 43
40 43 71
50 59 60
50 58 59
32 33 34
45 61 69
61 67 69
67 68 69
77 78 79
23 81 82
23 79 81
79 80 81
43 44 71
44 45 69
44 69 71
69 70 71
