# points
0.0072115 0.22596
0.016827 0.2476
0.033654 0.26442
0.055288 0.26442
0.076923 0.26202
0.098558 0.26202
0.12019 0.25721
0.14183 0.25721
0.16346 0.25481
0.1851 0.25481
0.20673 0.25481
0.22596 0.26683
0.24279 0.28606
0.26442 0.30529
0.28125 0.32452
0.30288 0.33894
0.32212 0.35577
0.34375 0.36298
0.36298 0.3726
0.3774 0.38702
0.39904 0.39904
0.42067 0.41346
0.44231 0.43029
0.46394 0.43269
0.48558 0.42548
0.4976 0.44712
0.51923 0.44952
0.54087 0.44952
0.5625 0.44952
0.58173 0.44712
0.59856 0.43029
0.62019 0.4399
0.64183 0.4351
0.66346 0.43029
0.6851 0.41827
0.70673 0.41827
0.72837 0.41346
0.75 0.40625
0.77163 0.39663
0.79327 0.38702
0.8149 0.3774
0.83654 0.37019
0.85817 0.36058
0.87981 0.34856
0.90144 0.32933
0.92308 0.30769
0.94471 0.28846
0.96635 0.27885
0.98798 0.26442
1 0.24279
1 0.22115
0.98317 0.19952
0.96394 0.18029
0.94231 0.16346
0.92067 0.14663
0.89904 0.1274
0.8774 0.11298
0.85577 0.091346
0.83413 0.081731
0.8125 0.074519
0.79087 0.074519
0.76923 0.057692
0.7476 0.045673
0.72596 0.036058
0.70433 0.028846
0.68269 0.024038
0.66106 0.016827
0.63942 0.0096154
0.61779 0.0072115
0.59615 0.0072115
0.57452 0.0048077
0.55288 0
0.53125 0.0048077
0.50962 0.0072115
0.49279 0.024038
0.47356 0.028846
0.45192 0.036058
0.43029 0.036058
0.41106 0.052885
0.39663 0.0625
0.3774 0.069712
0.35577 0.072115
0.33413 0.086538
0.3125 0.10337
0.29087 0.11538
0.26923 0.1274
0.25721 0.14423
0.23558 0.16106
0.21394 0.16827
0.19231 0.16827
0.17067 0.16827
0.14904 0.16346
0.1274 0.16106
0.10577 0.15625
0.084135 0.15625
0.0625 0.15625
0.040865 0.15385
0.019231 0.16587
0.0048077 0.1875
0 0.20673
0.0072115 0.22596
0.0072115 0.22596
# triangles
0 98 99
95 97 98
0 95 98
0 1 3
0 3 95
1 2 3
12 86 87
95 96 97
30 34 65
49 50 51
48 49 51
47 48 51
47 51 52
27 28 30
30 32 34
45 54 55
44 45 55
76 78 79
76 77 78
20 24 79
24 76 79
24 75 76
24 30 74
24 74 75
24 26 27
24 27 30
18 20 79
72 73 74
70 71 72
70 72 74
30 69 74
69 70 74
46 52 53
46 47 52
45 46 54
46 53 54
39 40 60
38 39 60
34 37 60
37 38 60
32 33 34
30 31 32
44 55 56
40 56 60
40 41 56
20 21 24
24 25 26
12 13 86
13 15 83
15 17 83
15 16 17
11 12 87
10 11 87
10 88 89
10 87 88
7 91 92
7 8 91
8 90 91
34 60 62
34 62 63
34 64 65
34 63 64
66 68 69
66 67 68
30 65 66
30 66 69
34 35 36
34 36 37
41 42 56
42 43 44
42 44 56
21 22 23
21 23 24
6 7 92
6 92 93
13 14 15
84 85 86
13 84 86
13 83 84
17 80 83
18 79 80
17 18 80
18 19 20
9 10 89
9 89 90
8 9 90
60 61 62
58 59 60
56 57 58
56 58 60
28 29 30
5 93 94
5 6 93
80 82 83
80 81 82
4 5 94
3 4 95
4 94 95
