# points
0.064885 0.50382
0.10687 0.51145
0.15267 0.51145
0.19466 0.52672
0.23664 0.56107
0.28244 0.56107
0.32061 0.52672
0.31679 0.57252
0.31679 0.6145
0.27099 0.62214
0.22519 0.64122
0.17939 0.64504
0.17176 0.66794
0.21756 0.66794
0.26336 0.64504
0.29771 0.65649
0.29389 0.69466
0.30153 0.73282
0.28244 0.77099
0.29008 0.81298
0.32061 0.83969
0.33206 0.8855
0.36641 0.92748
0.39313 0.96183
0.41985 1
0.46565 1
0.5 0.96565
0.50763 0.91985
0.50382 0.87405
0.5 0.82824
0.49237 0.78244
0.48473 0.73664
0.46947 0.69084
0.46183 0.64504
0.46183 0.59924
0.50763 0.59924
0.55344 0.59924
0.59542 0.62595
0.6374 0.65649
0.68321 0.66412
0.65267 0.64122
0.6145 0.61069
0.57634 0.58397
0.55344 0.55344
0.5916 0.53053
0.6145 0.49618
0.66031 0.5
0.69466 0.48473
0.65649 0.46947
0.61069 0.46947
0.61832 0.44275
0.6374 0.39695
0.6145 0.37023
0.59924 0.41221
0.56107 0.42748
0.51527 0.41985
0.53435 0.37405
0.54962 0.32824
0.57634 0.28244
0.59542 0.23664
0.57252 0.23282
0.54962 0.27863
0.5229 0.32443
0.51145 0.37023
0.49618 0.3626
0.51145 0.31679
0.53053 0.27099
0.54962 0.22519
0.56489 0.17939
0.57634 0.13359
0.58015 0.087786
0.57252 0.041985
0.5458 0.0038168
0.5 0
0.45802 0.022901
0.43893 0.061069
0.42366 0.10305
0.4084 0.11069
0.37405 0.087786
0.34351 0.11069
0.33206 0.15649
0.32443 0.19847
0.33206 0.24427
0.33588 0.29008
0.29389 0.29771
0.24809 0.30153
0.20611 0.26718
0.16794 0.24809
0.17557 0.26718
0.21374 0.30534
0.25191 0.32824
0.29771 0.32061
0.32824 0.33588
0.33969 0.38168
0.33206 0.41603
0.29008 0.38931
0.24427 0.37405
0.20229 0.35115
0.15649 0.33206
0.11069 0.33588
0.064885 0.34733
0.034351 0.3855
0.01145 0.42748
0 0.47328
0.041985 0.48473
0.072519 0.49618
0.064885 0.50382
# triangles
38 39 40
23 27 28
23 24 25
0 1 105
23 25 26
23 26 27
22 23 28
22 28 29
21 22 29
17 31 32
34 43 55
2 3 96
55 64 94
64 65 83
64 83 92
7 8 34
3 4 6
6 7 34
6 34 55
6 55 94
1 99 105
1 2 99
2 98 99
99 100 101
99 101 105
102 103 104
101 102 104
101 104 105
65 82 83
65 66 82
20 29 30
20 21 29
20 30 31
17 20 31
18 19 20
17 18 20
10 13 14
11 12 13
10 11 13
9 10 14
8 9 15
9 14 15
34 35 43
35 36 43
16 17 32
15 16 32
2 96 97
2 97 98
3 95 96
3 6 95
6 94 95
83 91 92
55 56 63
55 63 64
4 5 6
44 49 54
43 54 55
43 44 54
44 45 49
46 47 48
45 46 48
45 48 49
57 58 61
77 80 81
66 77 82
77 81 82
77 79 80
86 87 88
77 78 79
71 72 73
71 73 74
71 74 75
36 37 42
36 42 43
8 33 34
8 15 33
15 32 33
85 86 89
86 88 89
64 93 94
64 92 93
85 89 90
84 85 90
84 90 91
83 84 91
51 52 53
57 61 62
56 62 63
56 57 62
37 41 42
38 40 41
37 38 41
49 50 54
50 53 54
50 51 53
58 59 60
58 60 61
66 67 77
67 76 77
67 68 76
68 69 76
69 75 76
70 71 75
69 70 75
