# points
0.041237 0.5
0.087629 0.54124
0.13402 0.56701
0.18041 0.58763
0.2268 0.60309
0.2732 0.60825
0.28866 0.62371
0.25258 0.66495
0.22165 0.70619
0.25258 0.72165
0.26804 0.71134
0.28866 0.67526
0.3299 0.63402
0.37629 0.64433
0.42268 0.64433
0.46392 0.61856
0.47423 0.65464
0.5 0.70103
0.54124 0.73711
0.53093 0.78351
0.52577 0.82474
0.56186 0.80928
0.56701 0.76289
0.56701 0.71649
0.6134 0.71134
0.62887 0.73711
0.62371 0.78351
0.62371 0.8299
0.62371 0.87629
0.62371 0.92268
0.62887 0.96907
0.64948 1
0.64948 0.95361
0.64433 0.90722
0.64948 0.86082
0.64948 0.81443
0.65464 0.76804
0.65979 0.72165
0.68557 0.69072
0.73196 0.68557
0.77835 0.67526
0.82474 0.6701
0.87113 0.6701
0.91753 0.6701
0.95361 0.65979
0.91237 0.64433
0.86598 0.64433
0.81959 0.64433
0.7732 0.64948
0.7268 0.65464
0.68557 0.64948
0.69588 0.60309
0.70619 0.58763
0.75258 0.59794
0.79897 0.59278
0.80928 0.56701
0.79381 0.5567
0.74742 0.56186
0.70619 0.54639
0.67526 0.51031
0.62887 0.48969
0.59278 0.48454
0.62887 0.45361
0.63918 0.40722
0.63918 0.36082
0.67526 0.33505
0.72165 0.31959
0.73196 0.29897
0.71649 0.28866
0.67526 0.30412
0.62887 0.3299
0.60825 0.37113
0.60825 0.41753
0.58763 0.40722
0.58247 0.36082
0.57732 0.31443
0.57732 0.26804
0.56701 0.22165
0.55155 0.17526
0.53093 0.12887
0.51031 0.082474
0.48454 0.041237
0.44845 0.010309
0.40722 0
0.38144 0.036082
0.37113 0.082474
0.37113 0.12887
0.35052 0.12371
0.31443 0.14433
0.34536 0.17526
0.35567 0.21134
0.30928 0.18557
0.26804 0.15979
0.22165 0.16495
0.18041 0.18557
0.16495 0.23196
0.18041 0.27835
0.20619 0.31959
0.18041 0.33505
0.13918 0.31443
0.10825 0.34021
0.12887 0.35567
0.17526 0.36598
0.21649 0.39691
0.18557 0.40206
0.13918 0.39175
0.092784 0.3866
0.046392 0.3866
0.010309 0.41237
0 0.4433
0.030928 0.48969
0.041237 0.5
# triangles
108 109 110
27 34 35
27 28 34
107 108 110
4 5 103
3 4 103
7 8 10
7 10 11
66 67 68
66 68 69
42 45 46
30 31 32
29 30 32
28 33 34
28 29 33
29 32 33
65 66 69
64 65 70
65 69 70
26 27 35
26 35 36
6 7 11
74 75 90
73 74 103
74 90 103
5 12 103
5 6 12
6 11 12
0 106 110
106 107 110
82 83 84
81 82 84
90 97 103
97 102 103
97 98 102
79 86 90
79 80 86
75 76 90
76 77 90
78 79 90
77 78 90
43 44 45
42 43 45
8 9 10
64 70 71
98 101 102
98 99 101
99 100 101
0 1 105
0 105 106
93 94 95
93 95 96
81 84 85
80 81 85
80 85 86
86 89 90
41 42 46
63 64 71
3 103 104
2 3 104
1 2 104
1 104 105
87 88 89
86 87 89
39 48 49
39 40 48
62 63 72
63 71 72
90 91 97
91 96 97
91 93 96
91 92 93
40 41 47
40 47 48
41 46 47
53 56 57
51 58 59
24 50 51
51 59 60
53 54 56
52 53 57
52 57 58
51 52 58
25 36 37
24 25 37
25 26 36
24 38 50
24 37 38
38 39 49
38 49 50
19 20 21
19 21 22
24 51 61
51 60 61
61 72 73
61 62 72
54 55 56
18 19 22
18 22 23
17 18 23
16 17 23
15 16 23
15 24 61
15 23 24
15 61 73
15 73 103
12 15 103
12 13 15
13 14 15
