# points
0.18595 0.46281
0.25207 0.47521
0.24793 0.52893
0.18595 0.54132
0.18182 0.60331
0.12397 0.62397
0.057851 0.63223
0 0.65702
0.061983 0.66116
0.1281 0.65289
0.18595 0.65702
0.14463 0.71901
0.1157 0.78099
0.13223 0.80579
0.16116 0.74793
0.20248 0.69008
0.23554 0.67355
0.28512 0.65289
0.31818 0.60744
0.33471 0.6281
0.31818 0.69421
0.28926 0.76033
0.33058 0.7438
0.3595 0.68182
0.3843 0.6157
0.41322 0.63223
0.43388 0.69835
0.45868 0.76446
0.47934 0.83058
0.50826 0.89669
0.57025 0.92562
0.63636 0.90083
0.64876 0.83471
0.63223 0.7686
0.63223 0.70248
0.60744 0.63636
0.55785 0.57025
0.57851 0.54132
0.64463 0.50826
0.71074 0.52066
0.76033 0.50826
0.70248 0.48347
0.66116 0.45868
0.72727 0.42562
0.76033 0.36777
0.77686 0.30165
0.83471 0.30165
0.89669 0.3595
0.94628 0.41736
1 0.43802
0.95041 0.38017
0.89669 0.31405
0.83884 0.26446
0.77273 0.24793
0.7686 0.22727
0.83471 0.22314
0.8843 0.18182
0.90496 0.12397
0.84711 0.17355
0.78099 0.19421
0.7314 0.18182
0.69008 0.22727
0.63636 0.2562
0.66529 0.19008
0.71901 0.13636
0.76446 0.078512
0.78099 0.016529
0.73967 0.057851
0.69008 0.1157
0.63636 0.16116
0.6157 0.18182
0.58264 0.24793
0.54545 0.29339
0.47934 0.33058
0.41322 0.33058
0.37603 0.30579
0.38017 0.23967
0.42975 0.17355
0.46281 0.11157
0.43388 0.066116
0.42149 0
0.39256 0.041322
0.40909 0.10744
0.3843 0.16529
0.35537 0.2314
0.33471 0.29752
0.29752 0.23967
0.23967 0.18182
0.18182 0.16116
0.1157 0.1405
0.049587 0.11983
0.0041322 0.17355
0.016529 0.23967
0.07438 0.30165
0.1405 0.34711
0.20661 0.39256
0.23967 0.43802
0.17355 0.41322
0.10744 0.3843
0.086777 0.40909
0.14876 0.44215
0.18595 0.46281
# triangles
1 24 74
89 90 91
30 31 32
29 30 32
98 99 100
89 91 92
89 92 93
6 7 8
5 6 8
1 74 96
86 87 94
86 94 95
1 18 24
76 77 83
85 86 95
85 95 96
77 82 83
88 89 93
87 88 94
88 93 94
20 21 22
20 22 23
28 32 33
28 29 32
65 66 67
64 67 68
64 65 67
56 57 58
24 36 74
36 73 74
36 37 73
0 1 96
19 23 24
18 19 24
19 20 23
76 83 84
76 84 85
75 76 85
74 75 96
75 85 96
77 78 82
12 13 14
5 8 9
27 28 33
62 71 72
62 70 71
44 45 62
45 61 62
55 58 59
55 56 58
48 49 50
47 48 50
47 50 51
26 35 36
26 27 35
42 62 72
37 42 73
42 72 73
25 26 36
24 25 36
0 96 97
0 97 100
97 98 100
4 16 17
2 3 4
1 2 18
2 17 18
2 4 17
79 81 82
78 79 82
79 80 81
11 12 14
11 14 15
62 63 70
63 69 70
63 68 69
63 64 68
46 47 51
45 46 52
46 51 52
45 53 61
45 52 53
27 33 34
27 34 35
43 44 62
42 43 62
10 15 16
4 10 16
10 11 15
4 5 10
5 9 10
54 60 61
53 54 61
54 59 60
54 55 59
37 38 42
38 41 42
38 39 41
39 40 41
