# points
0.0084746 0.15254
0.038136 0.16314
0.07839 0.16314
0.11864 0.16314
0.1589 0.16314
0.19915 0.16314
0.23941 0.16314
0.24153 0.20339
0.20975 0.21398
0.16949 0.21398
0.12924 0.21398
0.088983 0.21398
0.048729 0.21398
0.0084746 0.21398
0.0063559 0.25212
0.029661 0.26907
0.069915 0.26907
0.11017 0.26907
0.15042 0.26907
0.19068 0.26907
0.23093 0.26907
0.24153 0.30085
0.21822 0.32415
0.17797 0.32415
0.13771 0.32415
0.097458 0.32415
0.057203 0.32415
0.016949 0.32415
0 0.34746
0.010593 0.37712
0.050847 0.37712
0.091102 0.37712
0.13136 0.37712
0.17161 0.37712
0.21186 0.37712
0.25212 0.37712
0.29237 0.375
0.33263 0.375
0.37076 0.37288
0.37076 0.33263
0.37076 0.29237
0.37076 0.25212
0.39407 0.23305
0.43432 0.23305
0.47458 0.23305
0.51483 0.23305
0.55508 0.23305
0.59534 0.23305
0.63559 0.23305
0.67585 0.23305
0.7161 0.23305
0.75636 0.23305
0.79661 0.23305
0.83686 0.23305
0.87712 0.23305
0.91737 0.23305
0.95763 0.23305
0.99788 0.23305
1 0.19492
1 0.15466
0.99788 0.11653
0.95763 0.11653
0.91737 0.11653
0.87712 0.11653
0.83686 0.11653
0.79661 0.11653
0.75636 0.11653
0.7161 0.11653
0.67585 0.11653
0.63559 0.11653
0.59534 0.11653
0.55508 0.11653
0.51483 0.11653
0.47458 0.11653
0.43432 0.11653
0.39407 0.11653
0.37076 0.099576
0.37076 0.059322
0.37076 0.019068
0.34958 0
0.30932 0
0.26907 0
0.22881 0
0.18856 0
0.14831 0
0.10805 0
0.067797 0
0.027542 0
0.0063559 0.019068
0.012712 0.052966
0.052966 0.052966
0.09322 0.052966
0.13347 0.052966
0.17373 0.052966
0.21398 0.052966
0.24153 0.076271
0.23093 0.10593
0.19068 0.10805
0.15042 0.10805
0.11017 0.10805
0.069915 0.10805
0.029661 0.10805
0.0084746 0.12712
0.0084746 0.15254
# triangles
59 60 61
0 1 102
8 9 19
9 18 19
87 88 90
84 92 93
37 38 39
21 40 41
6 7 41
6 41 76
76 77 95
41 42 76
10 11 17
10 17 18
9 10 18
11 16 17
88 89 90
86 87 90
81 82 94
81 94 95
83 84 93
82 83 94
83 93 94
26 30 31
28 29 30
56 57 58
23 33 34
24 32 33
23 24 33
8 19 20
7 8 20
7 20 41
20 21 41
22 23 34
22 34 35
21 22 35
36 39 40
21 36 40
36 37 39
21 35 36
76 95 96
6 76 96
77 79 80
80 81 95
77 80 95
77 78 79
42 75 76
11 12 16
12 13 14
1 101 102
86 90 91
27 28 30
26 27 30
25 31 32
24 25 32
25 26 31
12 14 15
12 15 16
2 99 100
1 100 101
1 2 100
2 3 99
4 5 97
5 6 96
5 96 97
85 86 91
84 85 92
85 91 92
4 97 98
3 98 99
3 4 98
53 54 63
53 63 64
56 58 59
56 59 61
43 74 75
42 43 75
54 55 63
55 62 63
55 56 61
55 61 62
47 48 69
47 69 70
47 70 71
46 47 71
45 46 71
45 71 72
48 49 69
49 68 69
52 53 64
52 64 65
52 65 66
51 52 66
43 44 74
44 73 74
44 45 72
44 72 73
50 51 66
50 66 67
49 50 68
50 67 68
