# points
0.084375 0.47813
0.0875 0.51875
0.09375 0.55937
0.1 0.6
0.10625 0.64062
0.1 0.68125
0.059375 0.6875
0.01875 0.69063
0 0.72813
0 0.76875
0.003125 0.80937
0.00625 0.85
0.00625 0.89062
0.00625 0.93125
0.003125 0.97188
0.025 1
0.046875 0.96562
0.046875 0.925
0.046875 0.88438
0.046875 0.84375
0.04375 0.80312
0.040625 0.7625
0.053125 0.73125
0.09375 0.725
0.10312 0.75625
0.10625 0.79688
0.10625 0.8375
0.1125 0.87813
0.1125 0.91875
0.1125 0.95937
0.13437 0.99062
0.15313 0.95625
0.15313 0.91563
0.15313 0.875
0.15 0.83437
0.14688 0.79375
0.14375 0.75313
0.14688 0.71562
0.1875 0.7125
0.20625 0.73438
0.20625 0.775
0.21563 0.81563
0.22187 0.85625
0.22187 0.89687
0.22187 0.9375
0.22812 0.97813
0.2625 0.97813
0.26562 0.9375
0.26562 0.89687
0.2625 0.85625
0.25625 0.81563
0.25 0.775
0.24688 0.73438
0.2625 0.70937
0.30312 0.69688
0.31875 0.72188
0.32188 0.7625
0.325 0.80312
0.33125 0.84375
0.3375 0.88438
0.3375 0.925
0.3375 0.96562
0.36562 0.9875
0.37812 0.95
0.37812 0.90938
0.37812 0.86875
0.36875 0.82812
0.3625 0.7875
0.3625 0.74687
0.35625 0.70625
0.35625 0.66563
0.31875 0.65312
0.27813 0.65938
0.26875 0.625
0.26875 0.58437
0.27187 0.54375
0.275 0.50313
0.27813 0.4625
0.28125 0.42188
0.28437 0.38125
0.28437 0.34063
0.27813 0.3
0.275 0.25938
0.26562 0.21875
0.25625 0.17813
0.24063 0.1375
0.225 0.096875
0.20938 0.05625
0.18438 0.015625
0.14375 0
0.10312 0.015625
0.0625 0.04375
0.05 0.084375
0.04375 0.125
0.040625 0.16562
0.04375 0.20625
0.046875 0.24688
0.053125 0.2875
0.0625 0.32812
0.06875 0.36875
0.078125 0.40937
0.084375 0.45
0.084375 0.47813
# triangles
2 3 74
88 89 90
87 88 90
10 11 19
13 16 17
54 70 71
3 73 74
61 62 63
12 13 17
14 15 16
13 14 16
83 84 96
2 74 75
1 2 75
80 81 99
29 30 31
28 31 32
28 29 31
45 46 47
54 69 70
12 17 18
11 18 19
11 12 18
27 28 32
3 4 73
90 91 92
87 90 92
86 87 92
86 92 93
1 75 76
0 76 77
0 1 76
82 83 97
83 96 97
43 48 49
44 45 47
60 61 63
57 66 67
8 9 21
10 19 20
9 10 20
9 20 21
84 95 96
85 93 94
85 86 93
84 85 95
85 94 95
0 77 101
77 78 101
78 100 101
79 80 99
79 99 100
78 79 100
81 98 99
81 82 98
82 97 98
42 43 49
40 41 51
59 60 64
59 64 65
60 63 64
57 58 66
58 65 66
58 59 65
41 50 51
42 49 50
41 42 50
56 67 68
56 57 67
53 54 72
54 71 72
5 6 23
4 38 73
38 72 73
38 53 72
27 32 33
55 68 69
55 56 68
54 55 69
40 51 52
6 22 23
6 7 22
7 8 22
8 21 22
4 5 37
4 37 38
5 23 37
26 27 34
27 33 34
25 34 35
25 26 34
23 36 37
23 24 36
39 40 52
38 39 53
39 52 53
44 47 48
43 44 48
24 25 36
25 35 36
