# points
0 0.12135
0.0044944 0.15506
0.040449 0.15506
0.076404 0.14831
0.11236 0.14157
0.14831 0.13483
0.18427 0.13034
0.22022 0.12584
0.25393 0.13708
0.23146 0.15955
0.19551 0.16404
0.15955 0.16854
0.1236 0.17303
0.08764 0.17978
0.051685 0.18652
0.01573 0.18876
0.017978 0.22247
0.038202 0.2382
0.074157 0.22921
0.11011 0.22472
0.14607 0.22022
0.18202 0.21348
0.21798 0.20899
0.25393 0.21573
0.23371 0.2427
0.19775 0.24719
0.1618 0.25169
0.12584 0.25843
0.089888 0.26067
0.053933 0.26966
0.029213 0.28315
0.040449 0.3191
0.07191 0.33258
0.10787 0.33258
0.14382 0.32584
0.17978 0.32135
0.21573 0.3236
0.25169 0.32584
0.28539 0.29888
0.30787 0.26292
0.31011 0.22697
0.33933 0.22472
0.37528 0.22921
0.41124 0.22697
0.44719 0.21348
0.48315 0.19775
0.5191 0.18427
0.55506 0.17528
0.59101 0.16629
0.62697 0.1573
0.66292 0.15056
0.69888 0.14607
0.73483 0.14157
0.77079 0.13708
0.80674 0.13258
0.8427 0.12809
0.87865 0.12809
0.91461 0.12584
0.95056 0.11461
0.98652 0.096629
1 0.062921
0.98652 0.026966
0.9573 0.0089888
0.92135 0.0044944
0.88539 0.0089888
0.84944 0.01573
0.81348 0.024719
0.77753 0.029213
0.74157 0.033708
0.70562 0.047191
0.66966 0.060674
0.63371 0.065169
0.59775 0.076404
0.5618 0.083146
0.52584 0.089888
0.48989 0.10112
0.45393 0.11011
0.41798 0.11685
0.38202 0.12135
0.34607 0.13258
0.31011 0.13933
0.29663 0.11461
0.30112 0.078652
0.27865 0.047191
0.24944 0.017978
0.21348 0
0.17753 0.0044944
0.14157 0.01573
0.10562 0.031461
0.069663 0.035955
0.033708 0.038202
0 0.053933
0.011236 0.080899
0.047191 0.074157
0.083146 0.067416
0.1191 0.062921
0.15506 0.058427
0.19101 0.05618
0.22697 0.05618
0.22472 0.08764
0.18876 0.089888
0.15281 0.092135
0.11685 0.096629
0.080899 0.10112
0.044944 0.10787
0.0089888 0.11011
0 0.12135
# triangles
59 60 61
90 91 92
57 63 64
90 92 93
13 14 18
14 15 16
57 58 63
58 62 63
58 61 62
58 59 61
52 53 68
47 73 74
47 48 73
55 65 66
55 56 65
56 57 64
56 64 65
29 30 31
29 31 32
28 29 32
3 4 103
4 102 103
5 101 102
4 5 102
28 32 33
52 68 69
51 52 69
51 69 70
48 49 72
48 72 73
54 55 66
14 17 18
14 16 17
89 90 93
0 2 105
0 1 2
11 12 20
50 51 70
23 40 80
23 39 40
5 6 101
46 47 74
46 74 75
43 77 78
54 66 67
53 67 68
53 54 67
89 93 94
88 89 94
83 98 99
86 96 97
85 86 97
85 97 98
2 104 105
3 103 104
2 3 104
26 34 35
12 13 19
12 19 20
13 18 19
50 70 71
49 71 72
49 50 71
8 9 23
8 23 80
9 22 23
6 100 101
41 79 80
40 41 80
42 78 79
42 43 78
41 42 79
86 87 96
88 94 95
87 88 95
87 95 96
84 85 98
83 84 98
26 27 34
27 28 33
27 33 34
7 8 99
7 99 100
6 7 100
8 80 81
8 81 99
25 26 35
25 35 36
11 20 21
9 10 22
10 11 21
10 21 22
45 46 75
45 75 76
82 83 99
81 82 99
24 38 39
23 24 39
24 37 38
24 36 37
24 25 36
43 44 77
44 76 77
44 45 76
