# points
0.084699 0.47814
0.084699 0.51366
0.084699 0.54918
0.090164 0.5847
0.095628 0.62022
0.081967 0.64481
0.046448 0.64754
0.010929 0.65574
0 0.69126
0 0.72678
0.0054645 0.75956
0.0081967 0.79508
0.013661 0.8306
0.016393 0.86612
0.027322 0.90164
0.021858 0.93716
0.027322 0.96995
0.04918 1
0.079235 0.97541
0.081967 0.93989
0.081967 0.90437
0.081967 0.86885
0.081967 0.83333
0.092896 0.80328
0.12295 0.80601
0.13388 0.84153
0.14208 0.87705
0.14754 0.91257
0.14754 0.94809
0.15027 0.98361
0.18306 0.99454
0.20219 0.96721
0.19672 0.93169
0.19126 0.89617
0.18852 0.86066
0.18033 0.82514
0.17486 0.78962
0.19672 0.78689
0.20765 0.8224
0.21585 0.85792
0.22678 0.89344
0.23497 0.92896
0.24044 0.96448
0.2623 0.99454
0.28415 0.96721
0.28689 0.93169
0.28962 0.89617
0.28962 0.86066
0.28415 0.82514
0.27869 0.78962
0.27322 0.75683
0.30328 0.7623
0.30601 0.79781
0.30328 0.83333
0.30601 0.86885
0.31421 0.90437
0.33333 0.93989
0.35519 0.97541
0.39071 0.96995
0.40984 0.93989
0.4071 0.90437
0.40164 0.86885
0.39344 0.83333
0.38525 0.79781
0.38251 0.7623
0.37978 0.72678
0.37705 0.69126
0.37158 0.65574
0.36066 0.62022
0.34699 0.58743
0.31148 0.58743
0.27596 0.59836
0.25137 0.59016
0.2459 0.55464
0.24044 0.51913
0.22951 0.48361
0.21858 0.44809
0.20492 0.41257
0.19399 0.37705
0.18033 0.34153
0.17213 0.30601
0.16393 0.27049
0.16393 0.23497
0.16667 0.19945
0.17213 0.16393
0.17213 0.12842
0.16667 0.092896
0.15847 0.057377
0.13388 0.021858
0.098361 0.0054645
0.062842 0
0.032787 0.027322
0.02459 0.062842
0.016393 0.095628
0.030055 0.12842
0.032787 0.16393
0.040984 0.19945
0.051913 0.23497
0.054645 0.27049
0.054645 0.30601
0.060109 0.34153
0.068306 0.37705
0.076503 0.41257
0.081967 0.44809
0.084699 0.47814
# triangles
89 90 91
10 11 23
13 21 22
11 22 23
89 91 92
88 89 92
87 88 92
13 14 21
6 7 8
6 8 9
5 6 9
5 9 23
9 10 23
12 13 22
11 12 22
3 4 72
3 72 73
4 5 37
4 37 72
37 50 72
52 53 63
14 15 19
15 16 19
50 67 71
50 71 72
67 68 71
5 36 37
50 66 67
53 62 63
52 63 64
50 51 66
51 65 66
51 64 65
51 52 64
80 99 100
2 3 73
2 73 74
26 27 33
14 20 21
14 19 20
16 17 18
16 18 19
56 59 60
56 58 59
56 57 58
68 69 70
68 70 71
5 23 24
5 24 36
40 46 47
39 40 47
39 47 48
25 26 34
26 33 34
79 80 100
83 84 96
80 81 99
0 75 76
27 32 33
27 28 32
55 60 61
55 56 60
38 39 48
38 48 49
37 49 50
37 38 49
25 34 35
24 25 35
24 35 36
84 85 95
84 95 96
77 78 102
0 1 75
1 2 74
1 74 75
42 43 44
42 44 45
28 29 31
28 31 32
54 55 61
53 54 62
54 61 62
85 86 94
85 94 95
92 93 94
87 92 94
86 87 94
81 98 99
81 82 98
79 100 101
78 79 101
78 101 102
77 102 103
76 77 103
0 76 103
41 42 45
40 41 46
41 45 46
29 30 31
82 97 98
83 96 97
82 83 97
