# points
0.12867 0.51016
0.12867 0.55079
0.12867 0.59142
0.12641 0.63205
0.099323 0.65688
0.060948 0.68623
0.027088 0.70203
0.011287 0.73815
0.0022573 0.77878
0 0.81941
0.0022573 0.86005
0.006772 0.90068
0.011287 0.94131
0.015801 0.98194
0.045147 0.98871
0.045147 0.94808
0.047404 0.90745
0.045147 0.86682
0.040632 0.82619
0.042889 0.78555
0.060948 0.74492
0.085779 0.70429
0.12415 0.6772
0.10835 0.71783
0.097065 0.75847
0.094808 0.7991
0.090293 0.83973
0.090293 0.88036
0.088036 0.92099
0.085779 0.96163
0.10609 1
0.13318 0.97291
0.12867 0.93228
0.12867 0.89165
0.12641 0.85102
0.12641 0.81038
0.13093 0.76975
0.13995 0.72912
0.15576 0.68849
0.17833 0.72912
0.18736 0.76975
0.19639 0.81038
0.20542 0.85102
0.20993 0.89165
0.21219 0.93228
0.22348 0.97291
0.25734 0.97517
0.25734 0.93454
0.25959 0.89391
0.25959 0.85327
0.25508 0.81264
0.24153 0.77201
0.22348 0.73138
0.21445 0.69074
0.23476 0.68172
0.26862 0.71558
0.29797 0.75621
0.31603 0.79684
0.33183 0.83747
0.34086 0.8781
0.3544 0.91874
0.3544 0.95937
0.37698 0.9842
0.38826 0.94357
0.386 0.90293
0.37472 0.8623
0.35892 0.82167
0.34312 0.78104
0.3228 0.74041
0.29797 0.69977
0.26411 0.66366
0.22573 0.64334
0.2167 0.60948
0.20993 0.56885
0.2009 0.52822
0.19413 0.48758
0.1851 0.44695
0.17381 0.40632
0.16704 0.36569
0.16479 0.32506
0.16704 0.28442
0.1693 0.24379
0.16704 0.20316
0.16479 0.16253
0.16027 0.1219
0.15576 0.081264
0.15124 0.040632
0.1377 0
0.10384 0.0045147
0.092551 0.045147
0.090293 0.085779
0.092551 0.12641
0.092551 0.16704
0.092551 0.20767
0.092551 0.24831
0.094808 0.28894
0.099323 0.32957
0.10835 0.3702
0.11738 0.41084
0.12641 0.45147
0.12867 0.4921
0.12867 0.51016
# triangles
61 62 63
86 87 88
11 12 16
28 29 32
29 31 32
29 30 31
83 84 91
86 88 89
9 10 18
12 15 16
12 13 15
13 14 15
80 94 95
78 97 98
26 27 34
59 64 65
45 46 47
85 86 89
84 85 91
81 93 94
80 81 94
83 91 92
10 17 18
10 11 17
11 16 17
9 18 19
8 9 19
7 8 19
79 80 95
78 79 97
77 98 99
77 78 98
26 34 35
58 65 66
58 59 65
27 33 34
28 32 33
27 28 33
41 42 50
40 41 51
41 50 51
43 44 48
44 47 48
44 45 47
59 60 64
60 61 63
60 63 64
81 82 93
82 83 92
82 92 93
76 77 99
75 76 100
76 99 100
1 2 73
0 75 100
1 73 74
0 74 75
0 1 74
2 3 72
2 72 73
3 22 38
7 19 20
6 7 20
5 6 20
85 90 91
85 89 90
79 96 97
79 95 96
25 26 35
24 25 36
25 35 36
57 66 67
57 58 66
42 49 50
43 48 49
42 43 49
3 4 22
40 51 52
3 38 71
3 71 72
56 68 69
56 67 68
56 57 67
39 40 52
55 69 70
55 56 69
54 70 71
54 55 70
5 20 21
4 5 21
4 21 22
22 37 38
22 23 37
24 36 37
23 24 37
38 53 71
53 54 71
38 39 53
39 52 53
