# points
0.073529 0.51716
0.07598 0.55392
0.07598 0.59069
0.071078 0.62745
0.061275 0.66422
0.04902 0.70098
0.017157 0.73529
0.002451 0.77206
0 0.80882
0 0.84559
0.002451 0.88235
0.004902 0.91912
0.0073529 0.95588
0.029412 0.98529
0.056373 0.96078
0.056373 0.92402
0.056373 0.88725
0.053922 0.85049
0.053922 0.81373
0.056373 0.77696
0.071078 0.77941
0.07598 0.81618
0.080882 0.85294
0.085784 0.88971
0.090686 0.92647
0.093137 0.96324
0.10294 0.99755
0.125 0.97549
0.125 0.93873
0.1201 0.90196
0.1152 0.8652
0.11029 0.82843
0.10294 0.79167
0.10049 0.7549
0.10539 0.71814
0.13725 0.70588
0.13971 0.74265
0.14461 0.77941
0.15196 0.81618
0.15931 0.85294
0.16176 0.88971
0.17157 0.92647
0.18137 0.96324
0.18873 1
0.21324 0.98039
0.20833 0.94363
0.19853 0.90686
0.19363 0.8701
0.18873 0.83333
0.18137 0.79657
0.17402 0.7598
0.17402 0.72304
0.19608 0.72549
0.22059 0.76225
0.2402 0.79657
0.25 0.83333
0.25245 0.8701
0.25245 0.90686
0.25735 0.94363
0.26225 0.98039
0.29657 0.99755
0.33333 0.98039
0.34069 0.94363
0.34069 0.90686
0.33578 0.8701
0.32843 0.83333
0.31618 0.79657
0.29657 0.7598
0.27206 0.72304
0.24265 0.68873
0.21078 0.65686
0.19118 0.6201
0.17157 0.58333
0.15931 0.54657
0.15686 0.5098
0.14951 0.47304
0.14216 0.43627
0.1348 0.39951
0.1299 0.36275
0.12745 0.32598
0.12745 0.28922
0.12745 0.25245
0.12255 0.21569
0.1201 0.17892
0.11765 0.14216
0.1152 0.10539
0.11275 0.068627
0.10784 0.031863
0.083333 0
0.061275 0.029412
0.061275 0.066176
0.063725 0.10294
0.061275 0.13971
0.061275 0.17647
0.063725 0.21324
0.063725 0.25
0.061275 0.28676
0.061275 0.32353
0.063725 0.36029
0.071078 0.39706
0.07598 0.43382
0.07598 0.47059
0.073529 0.50735
0.073529 0.51716
# triangles
58 61 62
58 60 61
58 62 63
55 65 66
87 88 89
10 11 16
58 59 60
57 58 63
57 63 64
53 67 68
82 94 95
81 82 95
84 92 93
11 15 16
11 12 15
41 42 45
24 25 28
25 27 28
74 75 102
42 43 44
42 44 45
56 57 64
56 64 65
55 56 65
41 45 46
40 41 46
75 101 102
84 85 92
87 89 90
86 87 90
83 84 93
82 83 94
83 93 94
53 54 67
54 55 66
54 66 67
77 99 100
77 78 99
78 98 99
81 95 96
25 26 27
12 13 14
12 14 15
1 2 73
0 74 102
0 73 74
0 1 73
2 3 72
2 72 73
8 9 18
23 29 30
24 28 29
23 24 29
40 46 47
39 40 47
39 47 48
85 86 91
86 90 91
85 91 92
37 49 50
79 97 98
78 79 98
3 4 35
35 70 71
3 71 72
3 35 71
35 51 70
52 53 68
52 68 69
52 69 70
51 52 70
22 23 30
21 22 31
22 30 31
37 38 49
38 39 48
38 48 49
76 77 100
75 76 101
76 100 101
80 81 96
80 96 97
79 80 97
5 6 19
8 18 19
5 19 33
19 20 33
9 17 18
9 10 17
10 16 17
7 8 19
6 7 19
36 37 50
36 50 51
35 36 51
5 33 34
4 5 34
4 34 35
20 32 33
20 21 32
21 31 32
