# points
0.46569 0.57843
0.44118 0.58824
0.41176 0.58824
0.38235 0.59804
0.35784 0.61765
0.34804 0.64706
0.37745 0.66667
0.40686 0.67157
0.43627 0.67157
0.46078 0.68627
0.46078 0.71569
0.46078 0.7451
0.46569 0.77451
0.4951 0.77941
0.52451 0.77941
0.53431 0.75
0.53431 0.72059
0.53431 0.69118
0.54902 0.67157
0.57843 0.67157
0.60784 0.66667
0.63725 0.65686
0.64216 0.62745
0.61275 0.61275
0.58333 0.60784
0.55392 0.58824
0.54902 0.55882
0.54902 0.52941
0.54902 0.5
0.54902 0.47059
0.55882 0.44608
0.58824 0.44608
0.61765 0.45098
0.64706 0.45098
0.67647 0.44608
0.70588 0.44118
0.73529 0.42647
0.76471 0.40686
0.79412 0.38725
0.81863 0.35784
0.82843 0.32843
0.85784 0.32353
0.88725 0.30392
0.91667 0.28922
0.94608 0.27451
0.97549 0.25
0.9902 0.22059
1 0.19118
0.9902 0.16176
0.97059 0.13235
0.94118 0.10784
0.91176 0.083333
0.88235 0.068627
0.85294 0.058824
0.82353 0.04902
0.79412 0.04902
0.76471 0.044118
0.73529 0.039216
0.70588 0.034314
0.67647 0.029412
0.64706 0.02451
0.61765 0.014706
0.58824 0.0098039
0.55882 0.0098039
0.52941 0.0098039
0.5 0.0098039
0.47059 0.0098039
0.44118 0.0098039
0.41176 0.004902
0.38235 0.004902
0.35294 0
0.32353 0
0.29412 0
0.26471 0.004902
0.23529 0.019608
0.20588 0.029412
0.17647 0.039216
0.14706 0.04902
0.11765 0.058824
0.088235 0.073529
0.058824 0.078431
0.029412 0.093137
0.0098039 0.11765
0.0098039 0.14706
0.0098039 0.17647
0.004902 0.20588
0 0.23529
0.0098039 0.26471
0.039216 0.28922
0.068627 0.30882
0.098039 0.32353
0.12745 0.32843
0.15686 0.33333
0.18627 0.35784
0.20098 0.38725
0.23039 0.40196
0.2598 0.41667
0.28922 0.42647
0.31863 0.44118
0.34804 0.44608
0.37745 0.44608
0.40686 0.44608
0.43627 0.44608
0.45098 0.47059
0.45098 0.5
0.45098 0.52941
0.46078 0.55882
0.46569 0.57843
# triangles
81 82 83
85 86 87
34 40 59
84 85 89
97 99 100
97 98 99
69 97 100
69 93 97
65 66 102
66 67 102
46 48 49
46 47 48
69 70 71
69 71 93
93 94 95
85 87 88
85 88 89
84 89 91
0 9 18
13 14 15
67 68 69
67 101 102
69 100 101
67 69 101
0 26 106
30 65 102
29 30 103
30 102 103
31 34 59
80 81 83
40 56 57
40 55 56
53 54 55
40 53 55
34 37 40
37 38 40
44 49 50
44 45 46
44 46 49
38 39 40
93 96 97
93 95 96
89 90 91
0 8 9
9 17 18
10 16 17
9 10 17
19 20 24
18 19 24
20 23 24
21 22 23
20 21 23
40 41 42
40 42 53
42 52 53
42 51 52
76 77 92
75 76 92
72 73 74
71 72 74
71 74 93
74 92 93
74 75 92
77 78 92
79 83 84
79 80 83
79 84 91
79 91 92
78 79 92
40 58 59
40 57 58
0 1 8
1 2 8
2 3 7
2 7 8
11 12 13
11 13 15
11 15 16
10 11 16
30 64 65
30 63 64
30 31 60
30 60 63
31 59 60
18 24 25
0 18 25
0 25 26
26 27 106
27 105 106
43 50 51
42 43 51
43 44 50
34 36 37
34 35 36
3 4 6
3 6 7
4 5 6
60 61 63
61 62 63
28 103 104
28 29 103
31 32 33
31 33 34
27 28 104
27 104 105
