# points
0.46907 0.57216
0.43814 0.59278
0.40722 0.59794
0.37629 0.61856
0.36598 0.64433
0.39691 0.64948
0.42784 0.64948
0.45876 0.65979
0.46907 0.69072
0.46907 0.72165
0.46907 0.75258
0.46907 0.78351
0.48969 0.80412
0.52062 0.80928
0.53608 0.77835
0.54124 0.74742
0.54124 0.71649
0.54124 0.68557
0.56701 0.6701
0.59794 0.66495
0.62887 0.65979
0.65979 0.65464
0.6701 0.62371
0.63918 0.60825
0.60825 0.59794
0.57732 0.59278
0.56186 0.56701
0.5567 0.53608
0.5567 0.50515
0.5567 0.47423
0.5567 0.4433
0.57216 0.41753
0.60309 0.41237
0.63402 0.41237
0.66495 0.41237
0.69588 0.41237
0.7268 0.41237
0.75773 0.39691
0.78866 0.37113
0.80928 0.34536
0.81959 0.31443
0.84021 0.29897
0.87113 0.29897
0.90206 0.29381
0.93299 0.27835
0.96392 0.24742
0.97938 0.21649
0.99485 0.18557
1 0.15464
1 0.12371
0.99485 0.092784
0.96907 0.06701
0.93814 0.056701
0.90722 0.046392
0.87629 0.041237
0.84536 0.030928
0.81443 0.025773
0.78351 0.020619
0.75258 0.015464
0.72165 0.015464
0.69072 0.015464
0.65979 0.015464
0.62887 0.015464
0.59794 0.015464
0.56701 0.010309
0.53608 0.0051546
0.50515 0.0051546
0.47423 0
0.4433 0
0.41237 0
0.38144 0
0.35052 0
0.31959 0
0.28866 0
0.25773 0.0051546
0.2268 0.015464
0.19588 0.030928
0.16495 0.046392
0.13402 0.061856
0.10309 0.07732
0.072165 0.087629
0.041237 0.10309
0.010309 0.13402
0 0.16495
0 0.19588
0.015464 0.2268
0.046392 0.24742
0.07732 0.26804
0.10825 0.28351
0.13918 0.29381
0.1701 0.31443
0.18041 0.34536
0.20619 0.36598
0.23711 0.38144
0.26289 0.40722
0.29381 0.41753
0.32474 0.42268
0.35567 0.42268
0.3866 0.42268
0.41753 0.42268
0.4433 0.43814
0.45361 0.46907
0.46392 0.5
0.46907 0.53093
0.46907 0.56186
0.46907 0.57216
# triangles
83 84 86
84 85 86
49 50 51
70 71 97
9 10 15
70 97 98
31 32 63
41 58 59
71 93 97
71 90 93
93 96 97
93 95 96
93 94 95
77 78 89
76 77 90
77 89 90
80 81 86
80 86 87
74 75 90
75 76 90
10 14 15
10 11 14
11 12 14
12 13 14
68 69 99
69 70 98
69 98 99
73 74 90
49 51 52
48 49 52
47 48 52
31 63 64
31 66 99
31 64 66
64 65 66
66 67 68
66 68 99
40 41 59
90 91 92
90 92 93
33 34 40
31 99 100
82 83 86
81 82 86
79 80 87
78 79 89
41 54 55
71 72 90
72 73 90
33 40 61
34 35 40
35 36 37
46 53 54
46 47 52
46 52 53
20 21 23
21 22 23
9 15 16
2 5 6
30 31 100
28 102 103
79 88 89
79 87 88
41 57 58
40 59 60
40 60 61
33 61 62
32 62 63
32 33 62
35 37 38
35 38 40
38 39 40
41 42 54
42 46 54
42 43 44
42 44 45
42 45 46
27 28 103
7 8 17
8 9 16
8 16 17
1 2 6
0 1 7
1 6 7
3 4 5
2 3 5
30 100 101
28 29 102
29 101 102
29 30 101
41 55 56
41 56 57
18 19 25
17 18 25
0 25 26
0 7 25
7 17 25
27 103 104
0 26 104
26 27 104
19 24 25
20 23 24
19 20 24
