# points
0.45545 0.59406
0.45545 0.62376
0.42574 0.62871
0.39604 0.62871
0.36634 0.62871
0.36139 0.64851
0.39109 0.66337
0.42079 0.66832
0.4505 0.67327
0.46535 0.69307
0.46535 0.72277
0.46535 0.75248
0.46535 0.78218
0.48515 0.79703
0.49505 0.76733
0.5099 0.73762
0.5198 0.70792
0.5297 0.67822
0.55446 0.66832
0.58416 0.66337
0.61386 0.66337
0.64356 0.65842
0.62871 0.63861
0.59901 0.61881
0.56931 0.61386
0.5396 0.60396
0.5297 0.57921
0.5297 0.5495
0.53465 0.5198
0.5396 0.4901
0.56436 0.4703
0.59406 0.46535
0.62376 0.45545
0.65347 0.44554
0.68317 0.44059
0.71287 0.43564
0.74257 0.42574
0.77228 0.42079
0.80198 0.41584
0.81188 0.38614
0.82178 0.36139
0.85149 0.35149
0.88119 0.33663
0.91089 0.30693
0.94059 0.27723
0.9703 0.25743
0.99505 0.24257
1 0.21287
1 0.18317
0.9901 0.15347
0.9703 0.12871
0.94059 0.10891
0.91089 0.089109
0.88119 0.069307
0.85149 0.054455
0.82178 0.034653
0.79208 0.024752
0.76238 0.014851
0.73267 0.009901
0.70297 0
0.67327 0
0.64356 0
0.61386 0
0.58416 0
0.55446 0
0.52475 0
0.49505 0
0.46535 0
0.43564 0
0.40594 0
0.37624 0
0.34653 0
0.31683 0.009901
0.28713 0.009901
0.25743 0.014851
0.22772 0.024752
0.19802 0.039604
0.16832 0.049505
0.13861 0.064356
0.10891 0.079208
0.079208 0.094059
0.049505 0.10891
0.024752 0.12871
0.0049505 0.15842
0 0.18812
0.0049505 0.21782
0.024752 0.24752
0.054455 0.27228
0.084158 0.29703
0.11386 0.31683
0.14356 0.33663
0.17327 0.34158
0.19307 0.36139
0.20297 0.39109
0.23267 0.41089
0.26238 0.41584
0.29208 0.42574
0.32178 0.43069
0.35149 0.44059
0.38119 0.44554
0.41089 0.44554
0.42574 0.47525
0.44554 0.50495
0.4505 0.53465
0.45545 0.56436
0.45545 0.59406
0.45545 0.59406
# triangles
68 69 100
67 68 100
30 65 100
30 32 65
11 14 15
12 13 14
11 12 14
72 74 75
72 73 74
84 85 86
72 75 91
40 54 56
34 40 61
43 53 54
43 52 53
40 41 54
41 43 54
44 51 52
43 44 52
36 39 40
65 66 100
66 67 100
32 64 65
35 36 40
34 35 40
33 62 63
33 61 62
33 34 61
33 63 64
32 33 64
10 11 15
10 15 16
69 97 100
79 80 88
40 57 58
40 56 57
58 59 60
40 58 60
40 60 61
54 55 56
41 42 43
36 37 39
37 38 39
70 71 72
70 72 97
69 70 97
1 2 8
18 19 24
9 10 16
3 4 5
3 5 6
29 30 100
29 100 101
75 76 91
76 77 91
77 78 91
72 91 92
72 92 97
97 98 100
80 87 88
80 81 87
81 86 87
45 49 50
45 48 49
45 47 48
45 46 47
81 82 86
82 83 84
82 84 86
18 24 25
0 26 104
0 25 26
0 1 25
20 21 22
2 7 8
2 3 7
3 6 7
29 101 102
26 27 104
27 103 104
78 79 89
79 88 89
78 89 91
98 99 100
17 18 25
1 17 25
9 16 17
1 8 17
8 9 17
19 23 24
19 20 23
20 22 23
27 28 103
28 102 103
28 29 102
89 90 91
92 94 95
30 31 32
92 93 94
92 96 97
92 95 96
45 50 51
44 45 51
