# points
0.42857 0.57635
0.40394 0.60591
0.37438 0.61576
0.35961 0.63054
0.38424 0.64532
0.41379 0.65517
0.44335 0.65517
0.47291 0.66502
0.47291 0.69458
0.45813 0.72414
0.45813 0.75369
0.47291 0.77833
0.50246 0.80296
0.52709 0.78818
0.52709 0.75862
0.52709 0.72906
0.52709 0.69951
0.52709 0.66995
0.5468 0.64532
0.57635 0.64039
0.60591 0.64039
0.63547 0.64039
0.63054 0.61576
0.60099 0.61084
0.57143 0.60099
0.54187 0.59113
0.52709 0.5665
0.52709 0.53695
0.53202 0.50739
0.55172 0.47783
0.57143 0.44828
0.60099 0.44335
0.63054 0.4335
0.6601 0.41872
0.68966 0.40887
0.71921 0.39901
0.74877 0.39901
0.77833 0.39901
0.80788 0.39409
0.81281 0.36453
0.81773 0.33498
0.83251 0.30542
0.86207 0.30049
0.89163 0.29064
0.92118 0.27586
0.95074 0.25616
0.9803 0.2266
1 0.19704
0.98522 0.16749
0.97537 0.13793
0.96059 0.10837
0.93596 0.083744
0.9064 0.068966
0.87685 0.054187
0.84729 0.049261
0.81773 0.034483
0.78818 0.024631
0.75862 0.0098522
0.72906 0
0.69951 0
0.66995 0
0.64039 0
0.61084 0
0.58128 0
0.55172 0.0049261
0.52217 0.0049261
0.49261 0.0098522
0.46305 0.0098522
0.4335 0.0098522
0.40394 0.014778
0.37438 0.014778
0.34483 0.019704
0.31527 0.019704
0.28571 0.029557
0.25616 0.034483
0.2266 0.044335
0.19704 0.049261
0.16749 0.059113
0.13793 0.073892
0.10837 0.083744
0.078818 0.093596
0.049261 0.098522
0.024631 0.1133
0.0049261 0.14286
0 0.17241
0.0049261 0.20197
0.0098522 0.23153
0.029557 0.26108
0.059113 0.27586
0.08867 0.29064
0.11823 0.31034
0.14778 0.32512
0.17734 0.3399
0.18227 0.36946
0.19212 0.39901
0.22167 0.41379
0.25123 0.42365
0.28079 0.42857
0.31034 0.42857
0.3399 0.42857
0.36946 0.42857
0.39901 0.42857
0.42857 0.4335
0.44828 0.45813
0.4532 0.48768
0.4532 0.51724
0.4532 0.5468
0.44335 0.57143
0.42857 0.57635
# triangles
11 12 13
30 66 102
81 82 83
45 48 49
30 32 33
46 47 48
45 46 48
33 62 64
30 64 66
30 33 64
33 34 62
41 59 60
93 94 95
80 84 85
28 104 105
30 102 103
11 13 14
64 65 66
66 67 102
41 60 61
34 61 62
41 54 55
43 52 54
80 85 88
86 87 88
85 86 88
28 29 104
29 103 104
29 30 103
8 9 15
7 8 17
10 14 15
9 10 15
10 11 14
19 20 23
7 18 25
7 17 18
26 27 106
27 105 106
27 28 105
7 25 107
25 26 107
26 106 107
41 56 59
41 55 56
92 98 99
92 97 98
92 96 97
92 95 96
92 93 95
62 63 64
41 42 54
42 43 54
43 44 52
44 49 52
44 45 49
35 41 61
34 35 61
20 21 22
20 22 23
52 53 54
80 88 89
79 80 89
76 91 92
30 31 32
8 15 16
8 16 17
1 5 6
0 1 6
6 7 107
0 6 107
2 3 4
1 2 4
1 4 5
19 23 24
18 24 25
18 19 24
57 58 59
56 57 59
71 99 100
71 100 101
37 38 39
36 37 39
35 40 41
35 36 40
36 39 40
76 77 91
69 71 101
69 70 71
67 68 69
69 101 102
67 69 102
78 89 90
78 79 89
78 90 91
77 78 91
75 76 92
74 75 92
73 74 92
73 92 99
71 73 99
71 72 73
49 50 52
50 51 52
80 81 83
80 83 84
