# points
0.45854 0.56098
0.43415 0.58537
0.40488 0.59024
0.38049 0.60976
0.39512 0.63415
0.42439 0.6439
0.45366 0.64878
0.48293 0.64878
0.49268 0.67317
0.48293 0.70244
0.47805 0.73171
0.49268 0.7561
0.52195 0.7561
0.52683 0.73171
0.53171 0.70244
0.53659 0.67317
0.54146 0.6439
0.57073 0.63415
0.6 0.63415
0.62927 0.63415
0.6439 0.61463
0.61463 0.6
0.58537 0.59512
0.5561 0.58537
0.54146 0.56098
0.54146 0.53171
0.54146 0.50244
0.54146 0.47317
0.54146 0.4439
0.56098 0.42439
0.59024 0.42439
0.61951 0.41951
0.64878 0.41463
0.67805 0.40976
0.70732 0.40488
0.73659 0.4
0.76585 0.39512
0.79512 0.38537
0.81463 0.36585
0.81463 0.33659
0.83902 0.31707
0.86829 0.30732
0.89756 0.2878
0.92683 0.26829
0.9561 0.25366
0.98537 0.2439
1 0.21951
0.99512 0.19024
0.98537 0.16098
0.96585 0.13171
0.94634 0.10732
0.91707 0.078049
0.8878 0.058537
0.85854 0.043902
0.82927 0.034146
0.8 0.019512
0.77073 0.014634
0.74146 0.0097561
0.7122 0
0.68293 0
0.65366 0
0.62439 0
0.59512 0
0.56585 0
0.53659 0
0.50732 0
0.47805 0
0.44878 0
0.41951 0
0.39024 0
0.36098 0
0.33171 0.004878
0.30244 0.004878
0.27317 0.0097561
0.2439 0.019512
0.21463 0.029268
0.18537 0.034146
0.1561 0.043902
0.12683 0.053659
0.097561 0.068293
0.068293 0.078049
0.039024 0.092683
0.014634 0.1122
0 0.14146
0 0.17073
0.004878 0.2
0.014634 0.22927
0.043902 0.25366
0.073171 0.26829
0.10244 0.2878
0.13171 0.30244
0.16098 0.30732
0.16585 0.33659
0.18049 0.36585
0.20976 0.38049
0.23902 0.39512
0.26829 0.40976
0.29756 0.41951
0.32683 0.42439
0.3561 0.42439
0.38537 0.42927
0.41463 0.42927
0.4439 0.4439
0.4439 0.47317
0.45366 0.50244
0.45854 0.53171
0.45854 0.56098
0.45854 0.56098
# triangles
44 47 48
45 46 47
44 45 47
71 72 73
80 81 85
81 84 85
82 83 84
81 82 84
66 67 101
29 66 101
44 48 49
40 54 56
54 55 56
67 68 101
68 69 101
69 70 71
34 35 39
29 64 65
29 65 66
29 63 64
40 41 42
43 50 51
42 43 51
43 49 50
43 44 49
40 53 54
40 42 53
91 95 96
8 9 14
8 14 15
40 56 57
39 40 57
37 38 39
36 37 39
35 36 39
19 20 21
31 62 63
29 31 63
42 51 52
42 52 53
85 86 87
80 85 87
80 87 88
78 89 91
11 12 13
10 11 13
9 10 13
9 13 14
57 58 59
39 59 60
39 57 59
29 101 102
2 3 4
2 4 5
1 2 5
28 29 102
25 26 105
32 61 62
31 32 62
0 1 7
74 75 91
71 73 74
71 74 91
77 78 91
91 94 95
78 79 89
79 88 89
79 80 88
89 90 91
26 104 105
29 30 31
1 5 6
1 6 7
33 34 39
33 39 60
33 60 61
32 33 61
17 22 23
18 19 21
18 21 22
17 18 22
7 16 23
16 17 23
8 15 16
7 8 16
7 23 24
0 7 24
75 76 91
76 77 91
91 92 94
92 93 94
71 91 99
69 71 99
91 96 99
69 99 101
99 100 101
97 98 99
96 97 99
26 27 104
27 103 104
0 24 105
24 25 105
27 102 103
27 28 102
