# points
0.465 0.58
0.435 0.595
0.405 0.61
0.38 0.63
0.4 0.65
0.43 0.655
0.46 0.655
0.475 0.685
0.465 0.715
0.47 0.745
0.465 0.775
0.495 0.785
0.525 0.78
0.52 0.75
0.52 0.72
0.52 0.69
0.535 0.67
0.565 0.67
0.595 0.67
0.625 0.66
0.655 0.655
0.65 0.625
0.62 0.615
0.59 0.61
0.56 0.605
0.545 0.58
0.545 0.55
0.545 0.52
0.545 0.49
0.545 0.46
0.555 0.435
0.585 0.42
0.615 0.41
0.645 0.41
0.675 0.41
0.705 0.405
0.735 0.395
0.765 0.38
0.79 0.36
0.805 0.335
0.835 0.335
0.865 0.325
0.895 0.305
0.925 0.285
0.955 0.255
0.98 0.225
0.99 0.195
1 0.165
0.985 0.135
0.96 0.105
0.93 0.09
0.9 0.08
0.87 0.07
0.84 0.055
0.81 0.045
0.78 0.035
0.75 0.025
0.72 0.02
0.69 0.01
0.66 0.005
0.63 0.005
0.6 0.005
0.57 0.005
0.54 0
0.51 0
0.48 0
0.45 0
0.42 0
0.39 0
0.36 0
0.33 0.005
0.3 0.01
0.27 0.015
0.24 0.025
0.21 0.03
0.18 0.04
0.15 0.05
0.12 0.06
0.09 0.07
0.06 0.08
0.035 0.11
0.015 0.14
0 0.17
0 0.2
0.005 0.23
0.02 0.26
0.05 0.28
0.08 0.295
0.11 0.31
0.14 0.325
0.17 0.345
0.19 0.375
0.215 0.395
0.245 0.405
0.275 0.42
0.305 0.43
0.335 0.44
0.365 0.445
0.395 0.445
0.425 0.445
0.445 0.46
0.45 0.49
0.45 0.52
0.46 0.55
0.465 0.58
0.465 0.58
# triangles
81 82 83
81 83 86
83 84 86
46 48 49
46 47 48
62 63 64
31 62 64
31 32 62
46 49 50
44 46 50
84 85 86
57 58 60
44 45 46
68 69 70
30 31 99
31 64 65
31 65 99
30 99 100
32 60 61
32 61 62
44 50 51
2 3 4
6 16 24
6 24 25
67 68 98
67 98 99
58 59 60
66 67 99
65 66 99
29 30 100
32 33 60
33 57 60
43 44 51
43 51 52
42 43 52
78 79 80
70 71 93
71 90 93
77 78 87
78 80 87
81 86 87
80 81 87
74 75 89
74 89 90
71 72 73
71 73 90
73 74 90
11 12 13
16 17 24
2 4 5
1 2 5
1 5 6
0 1 6
0 6 25
28 29 101
29 100 101
17 18 23
17 23 24
68 70 95
68 95 98
90 91 93
75 76 89
77 87 88
76 77 88
76 88 89
8 9 14
9 13 14
9 10 11
9 11 13
7 8 14
7 14 15
6 7 16
7 15 16
26 27 103
0 25 26
0 26 103
27 102 103
18 19 22
18 22 23
35 36 39
36 37 39
37 38 39
33 39 57
34 35 39
33 34 39
39 56 57
39 53 54
39 52 53
39 42 52
39 41 42
39 40 41
96 97 98
95 96 98
70 93 94
70 94 95
91 92 93
19 20 21
19 21 22
39 54 55
39 55 56
28 101 102
27 28 102
