# points
0.46635 0.57692
0.44712 0.60096
0.41827 0.60577
0.38942 0.60577
0.36058 0.60577
0.36058 0.63462
0.38462 0.64904
0.41346 0.65385
0.44231 0.65385
0.47115 0.65385
0.48558 0.67308
0.48077 0.70192
0.47115 0.73077
0.47115 0.75962
0.48558 0.78365
0.51442 0.78365
0.52404 0.75962
0.52404 0.73077
0.52404 0.70192
0.52404 0.67308
0.54808 0.66346
0.57692 0.66346
0.60577 0.66346
0.63462 0.65385
0.62981 0.625
0.60096 0.61058
0.57212 0.60577
0.54327 0.59615
0.52404 0.57692
0.52404 0.54808
0.52885 0.51923
0.54327 0.49038
0.56731 0.47115
0.59615 0.47115
0.625 0.46635
0.65385 0.45192
0.68269 0.44231
0.71154 0.4375
0.74038 0.43269
0.76923 0.42788
0.79327 0.40385
0.80288 0.375
0.80288 0.34615
0.83173 0.32212
0.86058 0.31731
0.88942 0.30769
0.91827 0.29327
0.94712 0.26923
0.97115 0.24038
0.99519 0.21635
1 0.19231
0.99038 0.16346
0.97115 0.13462
0.94231 0.11538
0.91346 0.10096
0.88462 0.086538
0.85577 0.0625
0.82692 0.048077
0.79808 0.043269
0.76923 0.033654
0.74038 0.028846
0.71154 0.024038
0.68269 0.019231
0.65385 0.0096154
0.625 0.0048077
0.59615 0.0048077
0.56731 0
0.53846 0
0.50962 0
0.48077 0
0.45192 0
0.42308 0.0048077
0.39423 0.014423
0.36538 0.024038
0.33654 0.033654
0.30769 0.038462
0.27885 0.052885
0.25 0.0625
0.22115 0.072115
0.19231 0.076923
0.16346 0.076923
0.13462 0.086538
0.10577 0.091346
0.076923 0.10096
0.048077 0.11538
0.019231 0.13942
0 0.16827
0.0048077 0.19712
0.019231 0.22596
0.043269 0.25481
0.072115 0.27885
0.10096 0.29327
0.12981 0.30769
0.15865 0.33173
0.18269 0.34615
0.19231 0.375
0.22115 0.38942
0.25 0.40385
0.27885 0.40865
0.30769 0.41827
0.33654 0.42788
0.36538 0.4375
0.39423 0.4375
0.42308 0.44231
0.44712 0.46154
0.46154 0.49038
0.46635 0.51923
0.46635 0.54808
0.46635 0.57692
0.46635 0.57692
# triangles
76 94 98
68 69 103
67 68 103
32 67 103
69 72 103
32 35 65
65 66 67
32 65 67
74 75 76
84 85 88
84 88 89
78 79 92
100 101 102
74 100 102
30 105 106
42 61 62
36 42 62
36 62 65
35 36 65
36 37 42
76 98 99
74 76 99
74 99 100
94 96 98
94 95 96
76 77 94
77 78 94
85 86 87
85 87 88
78 93 94
78 92 93
69 70 71
69 71 72
73 74 102
72 73 103
73 102 103
30 31 105
31 104 105
32 103 104
31 32 104
32 33 35
33 34 35
3 4 5
62 63 65
43 58 59
43 59 60
42 60 61
42 43 60
43 55 58
96 97 98
83 84 89
83 89 90
82 83 90
82 90 91
29 30 106
63 64 65
56 57 58
55 56 58
79 81 92
79 80 81
81 91 92
81 82 91
29 106 107
22 23 24
22 24 25
3 5 6
1 2 8
1 8 9
0 9 28
0 1 9
14 15 16
13 14 16
11 12 17
11 17 18
21 22 25
37 38 42
38 41 42
38 40 41
38 39 40
2 7 8
3 6 7
2 3 7
9 27 28
9 19 27
47 53 54
45 54 55
48 52 53
47 48 53
48 51 52
48 50 51
48 49 50
43 44 55
44 45 55
21 25 26
19 20 27
20 21 26
20 26 27
10 11 18
10 18 19
9 10 19
46 47 54
45 46 54
28 29 107
0 28 107
13 16 17
12 13 17
