# points
0.44279 0.55721
0.41294 0.57711
0.38308 0.57711
0.35323 0.58706
0.33831 0.61194
0.36318 0.62687
0.39303 0.63682
0.42289 0.63682
0.45274 0.64179
0.46766 0.66667
0.46766 0.69652
0.46766 0.72637
0.49751 0.73632
0.51741 0.71642
0.51741 0.68657
0.51741 0.65672
0.52736 0.63184
0.55721 0.63682
0.58706 0.63682
0.61692 0.63682
0.64179 0.62189
0.61692 0.60199
0.58706 0.59204
0.55721 0.58706
0.53234 0.57214
0.53234 0.54229
0.53234 0.51244
0.53234 0.48259
0.53731 0.45274
0.54229 0.42289
0.55721 0.39801
0.58706 0.39303
0.61692 0.38806
0.64677 0.37313
0.67662 0.36318
0.70647 0.35821
0.73632 0.35821
0.76617 0.35821
0.79602 0.35323
0.801 0.32338
0.801 0.29353
0.82587 0.27861
0.85572 0.26866
0.88557 0.25871
0.91542 0.23881
0.94527 0.23383
0.97512 0.21891
1 0.199
1 0.16915
0.99005 0.1393
0.96517 0.10945
0.93532 0.094527
0.90547 0.079602
0.87562 0.069652
0.84577 0.059701
0.81592 0.044776
0.78607 0.024876
0.75622 0.0199
0.72637 0.0199
0.69652 0.0099502
0.66667 0.0049751
0.63682 0
0.60697 0
0.57711 0
0.54726 0
0.51741 0
0.48756 0
0.45771 0
0.42786 0.0049751
0.39801 0.0049751
0.36816 0.0099502
0.33831 0.0099502
0.30846 0.0099502
0.27861 0.0099502
0.24876 0.014925
0.21891 0.014925
0.18905 0.024876
0.1592 0.029851
0.12935 0.039801
0.099502 0.054726
0.069652 0.074627
0.039801 0.089552
0.0099502 0.10448
0 0.13433
0.0099502 0.16418
0.0199 0.19403
0.034826 0.22388
0.044776 0.25373
0.069652 0.27861
0.099502 0.29353
0.12935 0.29851
0.1592 0.30846
0.18408 0.32836
0.19403 0.35821
0.21891 0.37811
0.24876 0.39303
0.27861 0.39801
0.30846 0.40796
0.33831 0.41294
0.36816 0.41791
0.39801 0.42289
0.42786 0.42786
0.44279 0.44776
0.44279 0.47761
0.44279 0.50746
0.44279 0.53731
0.44279 0.55721
# triangles
71 92 96
68 70 99
70 98 99
70 71 96
70 96 98
71 72 92
72 73 92
66 67 68
74 91 92
73 74 92
96 97 98
10 12 13
10 13 14
8 15 16
68 69 70
74 76 91
74 75 76
46 47 48
46 48 49
30 64 65
30 65 66
30 66 68
0 1 8
1 7 8
3 4 5
2 3 5
92 95 96
92 94 95
92 93 94
80 85 86
80 84 85
9 14 15
9 10 14
8 9 15
76 77 91
80 81 84
81 82 83
81 83 84
45 49 50
45 46 49
0 25 105
68 99 100
30 68 100
30 100 101
2 5 6
1 6 7
1 2 6
10 11 12
86 88 89
55 57 58
55 56 57
40 55 58
44 50 51
44 45 50
44 51 52
44 52 53
43 44 53
34 59 60
34 58 59
34 40 58
30 31 64
19 20 21
26 104 105
25 26 105
16 17 23
29 30 101
29 101 102
28 29 102
86 87 88
78 79 90
86 89 90
80 86 90
79 80 90
42 53 54
42 43 53
35 36 40
34 35 40
31 32 33
33 63 64
31 33 64
60 61 62
34 60 62
33 62 63
33 34 62
18 19 21
18 21 22
17 22 23
17 18 22
27 28 102
27 102 103
26 27 104
27 103 104
16 23 24
0 24 25
0 8 24
8 16 24
37 38 39
41 42 54
41 54 55
40 41 55
77 78 90
77 90 91
36 39 40
36 37 39
