# points
0.45631 0.54369
0.45146 0.57282
0.42233 0.57282
0.3932 0.57282
0.36408 0.58252
0.34466 0.60194
0.36893 0.62136
0.39806 0.62621
0.42718 0.63107
0.45631 0.63107
0.46602 0.65534
0.46602 0.68447
0.47087 0.71359
0.48058 0.74272
0.50971 0.74272
0.51942 0.71845
0.52427 0.68932
0.52427 0.66019
0.53398 0.63107
0.56311 0.63592
0.59223 0.63592
0.62136 0.63592
0.63107 0.6068
0.61165 0.58738
0.58252 0.58252
0.5534 0.57767
0.52427 0.56796
0.52427 0.53883
0.52427 0.50971
0.52427 0.48058
0.52427 0.45146
0.52913 0.42233
0.55825 0.41262
0.58738 0.40777
0.6165 0.40777
0.64563 0.40777
0.67476 0.40777
0.70388 0.40777
0.73301 0.40777
0.76214 0.39806
0.79126 0.38835
0.81068 0.36408
0.81553 0.33495
0.82039 0.30583
0.83981 0.28641
0.86893 0.28155
0.89806 0.26699
0.92718 0.25243
0.95631 0.24272
0.98544 0.22816
1 0.20388
0.99515 0.17476
0.97573 0.14563
0.9466 0.12136
0.91748 0.10194
0.88835 0.092233
0.85922 0.07767
0.8301 0.067961
0.80097 0.058252
0.77184 0.048544
0.74272 0.029126
0.71359 0.014563
0.68447 0.0048544
0.65534 0
0.62621 0
0.59709 0
0.56796 0
0.53883 0
0.50971 0
0.48058 0.0048544
0.45146 0.0097087
0.42233 0.0097087
0.3932 0.014563
0.36408 0.019417
0.33495 0.019417
0.30583 0.024272
0.2767 0.029126
0.24757 0.033981
0.21845 0.038835
0.18932 0.043689
0.16019 0.043689
0.13107 0.043689
0.10194 0.058252
0.072816 0.063107
0.043689 0.07767
0.014563 0.1068
0 0.13592
0.0048544 0.16505
0.019417 0.19417
0.038835 0.2233
0.067961 0.24757
0.097087 0.26214
0.12621 0.2767
0.15534 0.28641
0.17961 0.30583
0.19903 0.33495
0.22816 0.36408
0.25728 0.3932
0.28641 0.40291
0.31553 0.40777
0.34466 0.41262
0.37379 0.41262
0.40291 0.41262
0.43204 0.41262
0.45631 0.42233
0.45631 0.45146
0.45631 0.48058
0.45631 0.50971
0.45631 0.53883
0.45631 0.54369
# triangles
85 86 87
48 51 52
83 84 88
84 85 88
85 87 88
49 50 51
48 49 51
70 71 72
9 18 26
11 16 17
4 5 6
3 4 6
1 9 26
3 6 7
45 46 55
35 61 64
62 63 64
61 62 64
18 25 26
11 12 16
2 3 7
10 11 17
9 10 18
10 17 18
73 74 75
82 83 88
70 72 103
35 60 61
35 43 60
44 56 57
44 45 55
44 55 56
47 54 55
46 47 55
47 53 54
47 48 52
47 52 53
34 35 64
33 65 66
34 64 65
33 34 65
33 66 67
67 68 69
31 32 103
32 67 69
32 33 67
32 69 70
32 70 103
18 19 25
12 15 16
13 14 15
12 13 15
0 1 26
2 7 8
1 8 9
1 2 8
82 90 91
80 81 82
80 82 91
73 99 101
73 75 96
73 96 99
73 101 102
72 73 102
72 102 103
31 103 104
30 31 104
30 104 105
20 21 22
20 22 23
43 59 60
43 44 59
19 24 25
19 20 24
20 23 24
82 88 89
82 89 90
80 91 92
79 80 92
79 92 93
78 79 93
77 78 93
75 76 94
76 77 94
77 93 94
75 94 96
94 95 96
99 100 101
96 97 98
96 98 99
35 36 43
36 37 43
39 40 41
44 57 58
44 58 59
0 26 27
0 27 108
37 42 43
37 39 42
39 41 42
37 38 39
29 30 105
29 105 106
29 106 107
28 29 107
27 107 108
27 28 107
