# points
0.11009 0.41743
0.13303 0.44954
0.15596 0.48165
0.1789 0.50459
0.20642 0.5367
0.23394 0.56422
0.26606 0.58716
0.29817 0.60092
0.33028 0.59633
0.36239 0.61009
0.3945 0.62844
0.42661 0.65596
0.45872 0.68349
0.48624 0.70183
0.51376 0.72477
0.5367 0.74771
0.55963 0.77523
0.58716 0.79817
0.61927 0.79817
0.65138 0.79358
0.68349 0.7844
0.7156 0.78899
0.74771 0.78899
0.77982 0.7844
0.81193 0.77523
0.83486 0.74771
0.84404 0.7156
0.84862 0.68349
0.84404 0.65138
0.83486 0.61927
0.82569 0.58716
0.81193 0.55505
0.78899 0.52294
0.77982 0.49083
0.77523 0.45872
0.77523 0.42661
0.77064 0.3945
0.7844 0.37615
0.79358 0.3945
0.80734 0.41743
0.83945 0.41743
0.84862 0.44954
0.87156 0.47248
0.8945 0.44495
0.92661 0.46789
0.95413 0.48165
0.96789 0.45872
0.94954 0.43578
0.92661 0.40826
0.94954 0.40367
0.98165 0.40826
1 0.38991
0.97248 0.36697
0.94037 0.36239
0.90826 0.33486
0.88073 0.30734
0.84862 0.29358
0.81651 0.2844
0.7844 0.27523
0.75229 0.27523
0.72018 0.27523
0.69725 0.24771
0.6789 0.2156
0.66055 0.18807
0.68349 0.17431
0.7156 0.16972
0.74771 0.16972
0.77064 0.15596
0.76606 0.12385
0.74312 0.11468
0.77523 0.1055
0.80275 0.091743
0.79817 0.059633
0.76606 0.059633
0.73853 0.077982
0.70642 0.082569
0.67431 0.082569
0.6422 0.073394
0.65596 0.059633
0.66972 0.041284
0.65138 0.018349
0.61927 0.022936
0.58716 0.03211
0.55505 0.03211
0.52294 0.03211
0.49083 0.027523
0.45872 0.022936
0.42661 0.018349
0.3945 0.0091743
0.36239 0.0045872
0.33028 0
0.29817 0.0045872
0.26606 0.0091743
0.23394 0.018349
0.20183 0.027523
0.16972 0.036697
0.13761 0.050459
0.1055 0.068807
0.082569 0.10092
0.087156 0.13303
0.059633 0.13761
0.027523 0.1422
0 0.16514
0 0.19725
0.013761 0.22936
0.027523 0.26147
0.041284 0.29358
0.055046 0.32569
0.073394 0.3578
0.091743 0.38991
0.11009 0.41743
# triangles
6 7 8
5 6 8
22 26 27
22 27 28
4 5 8
3 4 8
12 13 33
13 32 33
23 24 25
23 25 26
22 23 26
95 96 99
99 106 107
96 97 99
99 100 104
89 90 91
0 89 91
8 62 63
3 8 63
10 60 61
13 14 32
10 11 34
11 12 33
11 33 34
9 10 61
8 9 62
9 61 62
21 22 28
16 17 18
16 18 19
0 93 109
0 91 93
91 92 93
93 99 109
99 107 108
99 108 109
97 98 99
99 105 106
99 104 105
0 1 87
1 3 87
0 87 89
87 88 89
3 63 87
63 86 87
1 2 3
63 83 84
40 54 55
40 48 54
48 53 54
70 73 74
37 57 58
37 56 57
37 55 56
37 40 55
15 20 32
14 15 32
15 19 20
15 16 19
100 103 104
100 101 103
101 102 103
94 95 99
93 94 99
78 80 81
63 77 83
77 82 83
77 78 81
77 81 82
78 79 80
63 85 86
63 84 85
64 76 77
63 64 77
69 70 74
65 66 69
48 49 53
49 52 53
50 51 52
49 50 52
71 72 73
70 71 73
37 59 60
37 58 59
65 69 75
64 75 76
64 65 75
69 74 75
66 67 68
66 68 69
20 29 30
21 28 29
20 21 29
20 31 32
20 30 31
37 38 40
38 39 40
44 46 47
41 42 43
43 47 48
43 44 47
40 43 48
40 41 43
44 45 46
36 37 60
10 36 60
10 34 36
34 35 36
