# points
0.081633 0.44388
0.066327 0.47959
0.045918 0.51531
0.015306 0.54592
0 0.57653
0.02551 0.58163
0.061224 0.55612
0.05102 0.59184
0.035714 0.62755
0.056122 0.63776
0.081633 0.60204
0.11224 0.57653
0.10714 0.59694
0.10204 0.63265
0.12755 0.63265
0.13776 0.59694
0.14286 0.56122
0.16837 0.58673
0.17347 0.55612
0.15816 0.52551
0.15816 0.4898
0.19388 0.47959
0.22449 0.4898
0.21939 0.52551
0.20918 0.56122
0.20408 0.59694
0.19898 0.63265
0.18878 0.66837
0.18367 0.70408
0.16837 0.7398
0.15816 0.77551
0.16327 0.81122
0.17857 0.84184
0.20918 0.87245
0.2449 0.88265
0.28061 0.87755
0.31633 0.87245
0.35204 0.87755
0.38776 0.88265
0.42347 0.87755
0.45918 0.84694
0.46429 0.81122
0.47449 0.77551
0.5051 0.7449
0.53061 0.70918
0.56633 0.69898
0.60204 0.67857
0.63776 0.65816
0.67347 0.62755
0.70918 0.59694
0.7449 0.61224
0.78061 0.60714
0.81633 0.58163
0.84184 0.54592
0.86735 0.5102
0.88265 0.47449
0.89796 0.43878
0.90816 0.40306
0.91327 0.36735
0.92857 0.33163
0.92347 0.29592
0.90816 0.2602
0.89796 0.22959
0.92347 0.19388
0.94388 0.15816
0.96939 0.12245
0.9949 0.086735
1 0.05102
0.97449 0.035714
0.93878 0.040816
0.90306 0.056122
0.86735 0.071429
0.83163 0.091837
0.79592 0.10204
0.7602 0.12245
0.7398 0.091837
0.71429 0.066327
0.67857 0.05102
0.64286 0.035714
0.60714 0.030612
0.57143 0.02551
0.53571 0.020408
0.5 0.02551
0.46429 0.02551
0.42857 0.02551
0.39286 0.010204
0.35714 0
0.35204 0.035714
0.38776 0.05102
0.36224 0.076531
0.32653 0.081633
0.29082 0.081633
0.2551 0.081633
0.21939 0.081633
0.19898 0.10714
0.23469 0.12245
0.27041 0.12755
0.29592 0.13776
0.29082 0.16837
0.32653 0.17347
0.35204 0.18367
0.36224 0.20918
0.38776 0.22449
0.39286 0.2398
0.36735 0.26531
0.33673 0.29592
0.31633 0.33163
0.29592 0.36735
0.2602 0.35714
0.22449 0.36224
0.18878 0.37245
0.15306 0.38776
0.11735 0.40816
0.081633 0.43878
0.081633 0.44388
# triangles
32 33 34
66 67 68
66 68 69
65 66 69
58 59 60
58 60 61
62 73 74
58 61 74
61 62 74
57 58 74
32 34 35
63 64 72
62 72 73
62 63 72
64 65 70
65 69 70
92 93 95
93 94 95
49 55 56
49 74 103
49 56 57
49 57 74
48 49 104
49 103 104
80 102 103
79 80 103
64 71 72
64 70 71
0 112 113
0 20 112
20 111 112
22 44 107
3 4 5
92 95 96
89 90 99
85 86 87
36 37 42
22 107 108
22 108 109
80 82 102
82 83 102
74 77 103
77 79 103
74 75 77
75 76 77
0 1 20
24 25 44
20 21 111
21 110 111
21 22 109
21 109 110
28 35 36
28 29 35
28 36 42
27 28 42
26 27 42
29 30 31
31 32 35
29 31 35
91 92 96
97 98 99
90 97 99
90 91 97
91 96 97
89 99 100
100 101 102
89 100 102
83 88 102
88 89 102
85 87 88
44 46 107
39 40 41
37 41 42
104 105 106
48 106 107
48 104 106
80 81 82
77 78 79
22 23 44
23 24 44
83 84 88
84 85 88
47 48 107
46 47 107
38 39 41
37 38 41
44 45 46
49 51 52
49 54 55
1 19 20
3 5 6
1 6 19
6 11 19
6 10 11
12 13 14
25 43 44
26 42 43
25 26 43
49 50 51
49 52 53
49 53 54
2 3 6
1 2 6
6 7 10
7 8 9
7 9 10
11 16 19
16 18 19
16 17 18
11 15 16
11 12 15
12 14 15
