# points
0.033708 0.47191
0.05618 0.51124
0.073034 0.55056
0.10112 0.58989
0.12921 0.62921
0.16854 0.65169
0.20787 0.6573
0.24719 0.64607
0.28652 0.67978
0.32584 0.71348
0.36517 0.73596
0.40449 0.75281
0.44382 0.76966
0.47191 0.80899
0.50562 0.8427
0.51124 0.88202
0.52247 0.92135
0.5618 0.94944
0.60112 0.95506
0.64045 0.94944
0.67978 0.94382
0.7191 0.94944
0.75843 0.95506
0.79775 0.9382
0.83146 0.91011
0.8427 0.87079
0.84831 0.83146
0.83708 0.79213
0.82022 0.75281
0.80899 0.71348
0.80337 0.67416
0.79775 0.63483
0.79213 0.59551
0.7809 0.55618
0.77528 0.51685
0.81461 0.51124
0.85393 0.52809
0.8427 0.5618
0.82584 0.60112
0.8427 0.62921
0.87079 0.60674
0.87079 0.64607
0.90449 0.66292
0.90449 0.62921
0.91011 0.61798
0.9382 0.6573
0.97191 0.67416
0.96629 0.63483
0.95506 0.59551
0.99438 0.61798
1 0.57865
0.96629 0.53933
0.94944 0.5
0.92697 0.46067
0.88764 0.42697
0.84831 0.40449
0.80899 0.39326
0.76966 0.38202
0.73034 0.3764
0.69101 0.38202
0.67416 0.3427
0.64607 0.30337
0.61798 0.26966
0.58427 0.24719
0.60112 0.23034
0.62921 0.21348
0.62921 0.17978
0.66854 0.17416
0.70787 0.16292
0.69101 0.12921
0.73034 0.11798
0.74719 0.08427
0.70787 0.073034
0.66854 0.073034
0.62921 0.067416
0.58989 0.044944
0.62921 0.022472
0.61236 0
0.57303 0
0.53371 0.011236
0.49438 0.011236
0.45506 0.011236
0.41573 0.005618
0.3764 0.011236
0.33708 0.016854
0.29775 0.02809
0.25843 0.044944
0.22472 0.067416
0.19663 0.10112
0.16854 0.11236
0.12921 0.11236
0.089888 0.10674
0.050562 0.10674
0.016854 0.13483
0.016854 0.17416
0.02809 0.21348
0.039326 0.25281
0.005618 0.28652
0 0.32584
0.005618 0.36517
0.016854 0.40449
0.02809 0.44382
0.033708 0.47191
# triangles
21 22 23
7 63 88
7 8 63
96 97 98
90 95 96
90 91 95
63 80 81
1 2 7
3 4 7
2 3 7
4 5 7
89 90 96
88 89 96
91 94 95
92 93 94
91 92 94
63 81 83
63 83 84
63 85 88
63 84 85
63 64 80
64 65 66
8 9 59
88 96 101
7 88 101
1 7 101
96 100 101
0 1 101
5 6 7
23 24 25
21 23 25
21 25 27
25 26 27
96 98 99
96 99 100
81 82 83
86 87 88
85 86 88
69 72 73
66 67 69
64 66 75
64 75 80
75 79 80
75 78 79
75 77 78
75 76 77
14 28 29
14 29 30
13 14 30
48 49 50
48 50 51
37 38 40
14 20 28
20 21 27
20 27 28
67 68 69
66 74 75
66 69 74
69 73 74
11 12 59
38 39 40
12 32 33
14 19 20
36 53 54
35 36 54
36 52 53
36 51 52
36 37 40
36 40 44
36 48 51
36 44 48
12 33 34
12 34 59
34 58 59
34 35 56
44 47 48
44 45 47
45 46 47
61 62 63
8 61 63
8 59 61
9 10 59
10 11 59
12 31 32
12 13 31
13 30 31
35 54 55
35 55 56
34 57 58
34 56 57
41 42 43
40 41 43
40 43 44
59 60 61
15 16 17
15 17 18
15 18 19
14 15 19
70 71 72
69 70 72
