# points
0.032967 0.47802
0.054945 0.51648
0.071429 0.55495
0.098901 0.59341
0.12637 0.63187
0.16484 0.65385
0.2033 0.65934
0.24176 0.64835
0.28022 0.68132
0.31868 0.71429
0.35714 0.73626
0.3956 0.75275
0.43407 0.76923
0.46154 0.80769
0.49451 0.84066
0.5 0.87912
0.51099 0.91758
0.54945 0.94505
0.58791 0.95055
0.62637 0.94505
0.66484 0.93956
0.7033 0.94505
0.74176 0.95055
0.78022 0.93407
0.81319 0.90659
0.82418 0.86813
0.82967 0.82967
0.81868 0.79121
0.8022 0.75275
0.7967 0.71429
0.78571 0.67582
0.78022 0.63736
0.77473 0.5989
0.76374 0.56044
0.75824 0.52198
0.7967 0.51648
0.83516 0.53297
0.82418 0.56593
0.80769 0.6044
0.82418 0.63187
0.85165 0.60989
0.85165 0.64835
0.86264 0.68681
0.89011 0.67582
0.88462 0.63736
0.88462 0.62088
0.91209 0.65385
0.93956 0.69231
0.96154 0.67033
0.94505 0.63187
0.93956 0.6044
0.97802 0.63187
1 0.61538
0.98352 0.58242
0.95055 0.54945
0.92857 0.51099
0.91209 0.47253
0.87363 0.43956
0.83516 0.41758
0.7967 0.4011
0.75824 0.39011
0.71978 0.38462
0.68132 0.3956
0.65934 0.35714
0.63736 0.31868
0.6044 0.28571
0.57692 0.25824
0.58242 0.24176
0.60989 0.22527
0.62088 0.1978
0.64835 0.18681
0.68681 0.18132
0.68132 0.14835
0.70879 0.13736
0.74725 0.13187
0.78571 0.11538
0.76374 0.087912
0.72527 0.087912
0.68681 0.087912
0.64835 0.087912
0.60989 0.082418
0.58242 0.054945
0.62088 0.038462
0.61538 0
0.57692 0.010989
0.53846 0.027473
0.5 0.027473
0.46154 0.027473
0.42308 0.021978
0.38462 0.027473
0.34615 0.032967
0.30769 0.038462
0.26923 0.054945
0.23077 0.071429
0.2033 0.098901
0.1978 0.13736
0.17033 0.17582
0.13736 0.20879
0.1044 0.24725
0.071429 0.28022
0.032967 0.28022
0.0054945 0.30769
0 0.34615
0.010989 0.38462
0.021978 0.42308
0.027473 0.46154
0.032967 0.47802
# triangles
74 75 76
74 76 77
36 56 57
10 11 62
9 10 62
8 63 65
8 9 62
8 62 63
21 22 23
14 19 20
12 13 31
12 33 34
11 12 62
12 34 62
66 90 95
90 92 95
35 36 57
35 57 58
92 93 95
93 94 95
14 28 29
14 20 28
13 30 31
13 14 30
14 29 30
12 32 33
12 31 32
70 71 72
36 55 56
36 54 55
66 89 90
90 91 92
82 83 84
66 67 89
67 87 89
34 61 62
34 60 61
34 59 60
34 35 59
35 58 59
2 3 7
5 6 7
3 4 7
4 5 7
7 65 66
7 8 65
99 103 104
99 102 103
99 101 102
99 100 101
66 95 96
20 21 27
20 27 28
36 45 54
15 18 19
14 15 19
15 17 18
15 16 17
73 74 77
73 77 78
72 73 78
87 88 89
67 69 80
67 68 69
69 70 80
72 78 79
70 72 79
70 79 80
63 64 65
1 2 7
1 7 98
1 98 99
1 99 104
7 97 98
7 66 97
66 96 97
21 23 25
21 25 27
23 24 25
36 37 40
36 40 45
37 38 40
38 39 40
51 52 53
50 53 54
45 50 54
50 51 53
46 47 48
45 46 50
67 86 87
25 26 27
41 42 43
46 49 50
46 48 49
81 85 86
81 84 85
67 80 81
67 81 86
81 82 84
41 43 44
1 104 105
0 1 105
40 41 44
40 44 45
