# points
0.1866 0.50239
0.16746 0.53589
0.13397 0.56459
0.10526 0.59809
0.086124 0.63636
0.066986 0.67464
0.052632 0.71292
0.047847 0.7512
0.043062 0.78947
0.038278 0.82775
0.028708 0.86603
0.038278 0.90431
0.057416 0.94258
0.095694 0.95694
0.13397 0.96172
0.17225 0.96172
0.21053 0.96651
0.24402 0.99522
0.2823 1
0.32057 0.99522
0.3445 0.96172
0.34928 0.92344
0.37799 0.88995
0.41627 0.85646
0.44498 0.81818
0.48325 0.78947
0.52153 0.77033
0.55981 0.7512
0.59809 0.73206
0.63636 0.69856
0.66986 0.66507
0.69856 0.66507
0.72249 0.69856
0.76077 0.70335
0.79904 0.67943
0.82297 0.64115
0.83732 0.60287
0.86603 0.56459
0.89474 0.5311
0.91866 0.49282
0.93301 0.45455
0.9378 0.41627
0.92823 0.37799
0.90909 0.33971
0.8756 0.30144
0.87081 0.26316
0.86603 0.22488
0.85167 0.1866
0.82775 0.14833
0.79904 0.1244
0.76077 0.11005
0.72249 0.11005
0.68421 0.095694
0.64593 0.08134
0.60766 0.07177
0.56938 0.066986
0.5311 0.062201
0.49282 0.057416
0.45455 0.038278
0.41627 0.019139
0.37799 0
0.35407 0.014354
0.38278 0.047847
0.34928 0.057416
0.311 0.033493
0.27751 0.023923
0.28708 0.057416
0.32536 0.08134
0.30144 0.10048
0.32536 0.13397
0.36364 0.15311
0.37321 0.1866
0.41148 0.19139
0.43541 0.21531
0.43062 0.24402
0.39234 0.25837
0.35407 0.2823
0.32057 0.31579
0.29665 0.311
0.27273 0.27273
0.24402 0.24402
0.2201 0.21053
0.1866 0.1866
0.14833 0.1866
0.11005 0.19139
0.07177 0.2201
0.033493 0.22967
0 0.23923
0.023923 0.26316
0.062201 0.26316
0.057416 0.28708
0.019139 0.29665
0.023923 0.33014
0.062201 0.32536
0.095694 0.32057
0.11962 0.33971
0.15311 0.30622
0.17225 0.33971
0.20096 0.37799
0.20096 0.41627
0.20096 0.45455
0.19139 0.49282
0.1866 0.50239
# triangles
30 74 77
30 44 74
39 43 44
27 77 101
1 2 24
40 41 42
39 42 43
39 40 42
53 54 73
38 39 44
27 28 29
29 30 77
27 29 77
31 33 34
31 32 33
18 19 20
0 25 101
1 24 25
0 1 25
77 78 99
78 98 99
81 82 96
80 81 96
82 83 96
80 96 97
85 89 96
85 86 89
91 92 93
90 91 93
44 51 74
48 49 51
49 50 51
56 57 73
31 34 35
31 35 36
16 17 18
26 27 101
25 26 101
77 100 101
77 99 100
84 85 96
83 84 96
78 79 98
79 97 98
79 80 97
74 75 77
75 76 77
89 94 96
89 90 94
94 95 96
90 93 94
86 87 88
86 88 89
51 52 74
52 73 74
52 53 73
44 45 51
45 46 51
47 48 51
46 47 51
37 38 44
30 37 44
30 31 37
31 36 37
4 5 22
4 22 23
4 23 24
2 4 24
2 3 4
16 21 22
18 20 21
16 18 21
5 7 22
7 8 16
7 16 22
54 55 73
55 56 73
62 63 70
59 60 62
60 61 62
70 71 72
57 72 73
8 15 16
5 6 7
67 68 69
63 67 70
67 69 70
64 65 66
63 64 67
64 66 67
58 62 70
57 58 72
58 70 72
58 59 62
8 9 15
9 14 15
9 10 11
11 12 13
9 13 14
9 11 13
