# points
0.059908 0.41935
0.032258 0.447
0.02765 0.47465
0.050691 0.47465
0.082949 0.46083
0.10599 0.46083
0.13364 0.47005
0.15207 0.43779
0.17051 0.41935
0.20276 0.41475
0.19355 0.3871
0.22581 0.37788
0.22581 0.41014
0.2212 0.4424
0.21659 0.47465
0.21659 0.50691
0.19816 0.53917
0.17972 0.57143
0.1659 0.60369
0.15668 0.63594
0.15207 0.6682
0.14747 0.70046
0.15207 0.73272
0.1659 0.76498
0.19816 0.78341
0.23041 0.79263
0.26267 0.79263
0.29493 0.79263
0.32719 0.78802
0.35945 0.80184
0.39171 0.80184
0.42396 0.79263
0.447 0.76498
0.47005 0.74194
0.4977 0.71889
0.52535 0.69585
0.553 0.67281
0.58525 0.64516
0.61751 0.62212
0.64977 0.60369
0.68203 0.60369
0.71429 0.59908
0.74654 0.58065
0.77419 0.5576
0.80645 0.52535
0.82949 0.4977
0.85253 0.47005
0.88018 0.43779
0.89862 0.40553
0.92166 0.37327
0.93548 0.34101
0.95392 0.30876
0.96313 0.2765
0.98157 0.24424
0.99539 0.21198
1 0.17972
0.98618 0.14747
0.95392 0.13825
0.92166 0.14286
0.91705 0.11521
0.90783 0.082949
0.87558 0.059908
0.84332 0.046083
0.81106 0.032258
0.7788 0.023041
0.74654 0.013825
0.71429 0.0046083
0.68203 0
0.64977 0
0.61751 0.0092166
0.58525 0.013825
0.553 0.023041
0.52074 0.02765
0.48848 0.032258
0.45622 0.032258
0.42396 0.036866
0.39171 0.032258
0.35945 0.018433
0.3318 0.02765
0.32719 0.059908
0.35945 0.064516
0.33641 0.078341
0.30415 0.082949
0.27189 0.082949
0.23963 0.073733
0.21198 0.0553
0.19355 0.078341
0.20737 0.10138
0.23963 0.1106
0.24424 0.12442
0.22581 0.14286
0.23502 0.17051
0.26728 0.1659
0.29954 0.17512
0.3318 0.17972
0.32719 0.20276
0.30876 0.23502
0.29032 0.26728
0.25806 0.2765
0.22581 0.2765
0.19355 0.28111
0.16129 0.28571
0.12903 0.29954
0.096774 0.32258
0.069124 0.35023
0.036866 0.36866
0.0046083 0.37788
0 0.40553
0.032258 0.41014
0.064516 0.40092
0.059908 0.41935
# triangles
106 107 108
1 2 3
39 96 97
39 42 43
39 43 44
55 56 57
54 55 57
15 36 37
105 106 108
15 34 35
15 35 36
15 33 34
39 40 42
40 41 42
30 31 32
39 44 45
45 46 71
84 85 86
84 86 87
105 108 109
104 105 109
46 69 71
46 48 69
66 67 69
67 68 69
58 63 64
48 58 64
53 54 58
54 57 58
28 32 33
28 29 30
28 30 32
8 103 104
8 104 109
20 25 26
19 20 26
12 13 37
11 12 97
11 99 100
38 39 97
12 38 97
12 37 38
46 47 48
76 77 80
77 78 80
75 76 80
78 79 80
83 84 88
84 87 88
48 64 65
48 65 69
65 66 69
69 70 71
58 62 63
48 50 58
15 16 33
16 28 33
18 19 27
18 27 28
19 26 27
22 23 24
14 15 37
13 14 37
11 97 98
11 98 99
8 9 10
10 102 103
8 10 103
10 11 100
0 1 4
1 3 4
80 81 94
75 80 94
74 75 94
73 74 94
81 82 94
82 93 94
90 91 92
82 92 93
59 60 61
59 61 62
58 59 62
52 53 58
50 52 58
48 49 50
17 18 28
16 17 28
21 22 24
21 24 25
20 21 25
10 101 102
10 100 101
0 5 109
0 4 5
39 95 96
39 45 95
45 71 95
71 72 95
72 73 95
73 94 95
89 90 92
83 88 89
82 83 89
82 89 92
50 51 52
5 6 7
7 8 109
5 7 109
