# points
0.13569 0.50147
0.16814 0.51917
0.18879 0.55162
0.20649 0.58112
0.23304 0.60472
0.26549 0.62832
0.29794 0.64897
0.32448 0.67257
0.35103 0.70206
0.38348 0.73451
0.40708 0.76696
0.42773 0.79351
0.44838 0.82596
0.47493 0.85841
0.48673 0.89086
0.49263 0.9233
0.51327 0.9528
0.54277 0.9705
0.57522 0.96755
0.60767 0.96755
0.64012 0.9823
0.67257 0.9941
0.70501 1
0.73746 0.99115
0.75516 0.96165
0.76401 0.9292
0.76991 0.89676
0.76991 0.86431
0.76696 0.83186
0.76696 0.79941
0.76696 0.76696
0.76401 0.73451
0.75811 0.70206
0.74631 0.66962
0.73746 0.63717
0.72861 0.60472
0.72566 0.57227
0.72271 0.53982
0.72861 0.50737
0.73156 0.47493
0.74631 0.44248
0.77286 0.41298
0.80236 0.41003
0.82301 0.40118
0.84661 0.43068
0.87316 0.43068
0.85841 0.39823
0.88791 0.41003
0.9174 0.41298
0.89971 0.38348
0.88791 0.35693
0.9115 0.34218
0.88201 0.33038
0.85841 0.30088
0.82596 0.28319
0.79351 0.28024
0.76106 0.29204
0.73156 0.31268
0.70206 0.34218
0.67552 0.37168
0.65487 0.40413
0.63422 0.38053
0.61652 0.35398
0.59882 0.32743
0.56932 0.29499
0.60177 0.28319
0.63422 0.26254
0.66667 0.24189
0.69912 0.21829
0.70796 0.18584
0.73451 0.17404
0.71386 0.15634
0.70206 0.13569
0.73451 0.13864
0.75811 0.12094
0.73156 0.10324
0.72566 0.085546
0.70206 0.073746
0.66962 0.082596
0.63717 0.076696
0.60472 0.061947
0.57227 0.050147
0.53982 0.035398
0.50737 0.023599
0.47493 0.011799
0.44248 0.0058997
0.41003 0
0.37758 0
0.34513 0.0029499
0.31268 0.011799
0.28024 0.026549
0.24779 0.044248
0.21534 0.067847
0.18584 0.094395
0.15339 0.12094
0.12389 0.14159
0.10914 0.17109
0.079646 0.18879
0.047198 0.19174
0.014749 0.21239
0 0.24484
0.0058997 0.27729
0.011799 0.30973
0.017699 0.34218
0.032448 0.37463
0.053097 0.40708
0.073746 0.43953
0.10324 0.47198
0.13274 0.49853
0.13569 0.50147
# triangles
2 5 64
1 2 64
22 23 24
2 4 5
2 3 4
87 88 89
64 87 90
87 89 90
1 64 96
64 94 96
64 93 94
66 79 80
66 67 79
7 8 60
6 62 63
5 6 64
6 63 64
7 60 61
6 61 62
6 7 61
14 18 19
16 17 18
15 16 18
14 15 18
10 34 35
21 22 24
96 105 106
64 82 83
64 83 84
64 84 85
64 85 87
85 86 87
94 95 96
64 92 93
50 51 52
67 72 79
64 81 82
65 66 80
64 65 81
65 80 81
41 56 57
41 57 58
39 40 60
38 39 60
9 10 35
40 59 60
40 41 59
41 58 59
11 33 34
11 12 33
10 11 34
12 13 33
13 30 31
13 29 30
13 14 19
19 27 28
13 28 29
13 19 28
96 97 105
1 96 107
96 106 107
64 90 91
64 91 92
75 76 77
72 75 77
73 74 75
72 73 75
72 78 79
72 77 78
67 68 69
67 69 72
47 48 49
43 52 53
43 53 54
43 54 55
43 55 56
41 42 56
42 43 56
9 35 36
13 32 33
13 31 32
19 26 27
19 20 26
97 104 105
97 101 102
97 98 101
99 100 101
98 99 101
69 70 71
69 71 72
43 44 46
44 45 46
46 49 50
46 47 49
46 50 52
43 46 52
8 9 37
9 36 37
8 37 60
37 38 60
20 21 25
20 25 26
21 24 25
97 102 103
97 103 104
1 107 108
0 1 108
