# points
0.046729 0.42523
0.018692 0.45794
0.037383 0.47664
0.070093 0.46729
0.093458 0.46729
0.1215 0.47664
0.14019 0.44393
0.15888 0.42523
0.18692 0.41121
0.19626 0.38318
0.21963 0.3972
0.21495 0.42991
0.21028 0.46262
0.20561 0.49533
0.19626 0.52804
0.17757 0.56075
0.16355 0.59346
0.14953 0.62617
0.14486 0.65888
0.14019 0.69159
0.14019 0.7243
0.14953 0.75701
0.16822 0.78505
0.20093 0.79907
0.23364 0.80374
0.26636 0.80374
0.29907 0.79907
0.33178 0.81308
0.36449 0.8271
0.3972 0.82243
0.42056 0.79439
0.44393 0.76636
0.47196 0.74299
0.5 0.7243
0.52336 0.70093
0.55607 0.6729
0.58879 0.64953
0.6215 0.62617
0.65421 0.6028
0.68692 0.61215
0.71963 0.6028
0.75234 0.57944
0.78037 0.55607
0.80841 0.52336
0.83645 0.49065
0.85981 0.45794
0.87383 0.42523
0.88785 0.39252
0.90654 0.35981
0.92523 0.3271
0.9486 0.29439
0.97196 0.26168
0.99065 0.22897
1 0.19626
0.99533 0.16355
0.96729 0.14486
0.93458 0.14019
0.91121 0.13084
0.91589 0.098131
0.88785 0.065421
0.85514 0.051402
0.82243 0.037383
0.78972 0.023364
0.75701 0.018692
0.7243 0.0093458
0.69159 0.0046729
0.65888 0
0.62617 0.0046729
0.59346 0.0093458
0.56075 0.018692
0.52804 0.028037
0.49533 0.03271
0.46262 0.03271
0.42991 0.03271
0.3972 0.03271
0.36449 0.023364
0.33178 0.018692
0.29907 0.018692
0.26636 0.018692
0.24299 0.03271
0.2757 0.051402
0.30841 0.060748
0.34112 0.065421
0.33645 0.079439
0.30374 0.084112
0.27103 0.084112
0.23832 0.074766
0.20561 0.070093
0.18224 0.084112
0.21028 0.10748
0.24299 0.11682
0.21963 0.12617
0.18692 0.1215
0.15421 0.1215
0.15888 0.14953
0.19159 0.16355
0.2243 0.1729
0.25701 0.16822
0.28972 0.17757
0.32243 0.18224
0.31776 0.20561
0.29907 0.23832
0.28037 0.27103
0.24766 0.28037
0.21495 0.28037
0.18224 0.28505
0.14953 0.28972
0.11682 0.30374
0.084112 0.3271
0.056075 0.35514
0.023364 0.37383
0 0.40654
0.028037 0.41121
0.060748 0.41121
0.046729 0.42523
# triangles
53 54 55
21 22 23
0 1 2
20 21 23
38 101 102
37 38 102
27 28 30
28 29 30
20 23 24
72 73 99
92 93 94
38 100 101
38 70 100
38 42 43
46 47 70
71 72 99
71 99 100
70 71 100
47 69 70
67 68 69
47 67 69
38 41 42
38 40 41
38 39 40
108 109 113
27 30 31
9 106 107
9 107 108
13 34 35
13 14 34
75 76 82
73 83 99
74 75 82
74 82 83
73 74 83
78 79 80
91 96 97
38 43 44
38 44 70
44 46 70
47 65 67
65 66 67
63 64 65
47 63 65
91 92 95
91 95 96
92 94 95
110 112 113
109 110 113
110 111 112
14 31 32
14 32 34
32 33 34
9 105 106
7 108 113
7 9 108
11 35 36
0 2 3
0 3 113
77 78 80
83 84 99
90 91 97
84 85 90
44 45 46
57 58 59
57 59 60
47 48 63
48 57 63
48 49 57
9 103 104
9 104 105
6 7 113
12 13 35
11 12 35
10 11 36
10 37 102
10 36 37
10 102 103
9 10 103
7 8 9
19 20 24
16 18 26
15 16 26
26 27 31
14 26 31
14 15 26
16 17 18
77 80 81
76 81 82
76 77 81
85 86 90
86 87 89
86 89 90
90 97 98
84 90 98
84 98 99
87 88 89
53 55 56
61 62 63
57 61 63
57 60 61
4 5 6
3 4 113
4 6 113
18 25 26
19 24 25
18 19 25
51 56 57
52 53 56
51 52 56
49 50 57
50 51 57
