# points
0.23004 0.5019
0.20152 0.52852
0.17681 0.55894
0.15779 0.59125
0.12738 0.61597
0.093156 0.63308
0.058935 0.65399
0.024715 0.6749
0.0038023 0.69772
0.030418 0.71673
0.055133 0.68821
0.068441 0.69962
0.04943 0.72814
0.020913 0.74905
0 0.77376
0.019011 0.80038
0.051331 0.78897
0.062738 0.75856
0.089354 0.72624
0.089354 0.75095
0.064639 0.77567
0.08365 0.80038
0.11407 0.78897
0.11407 0.75665
0.13878 0.72624
0.14829 0.74525
0.17871 0.73384
0.18061 0.69962
0.18631 0.6654
0.19962 0.6654
0.19962 0.69962
0.19772 0.73384
0.19772 0.76806
0.19582 0.80228
0.19392 0.8365
0.19582 0.87072
0.19772 0.90494
0.20532 0.93916
0.22433 0.97148
0.25095 0.9981
0.28517 1
0.31939 0.98859
0.35361 0.97529
0.38783 0.96388
0.42205 0.95437
0.45627 0.94106
0.48289 0.91255
0.48479 0.87833
0.5 0.84601
0.51331 0.81179
0.51901 0.77757
0.53612 0.74335
0.55703 0.70913
0.57224 0.67871
0.59316 0.65019
0.61407 0.61597
0.63498 0.58175
0.6597 0.54753
0.68441 0.51901
0.71103 0.49049
0.73384 0.46198
0.75285 0.42966
0.76426 0.39544
0.77376 0.36122
0.78137 0.327
0.78897 0.29278
0.79468 0.25856
0.79848 0.22433
0.79848 0.19011
0.79468 0.15589
0.78897 0.12167
0.77376 0.089354
0.74144 0.068441
0.70722 0.058935
0.673 0.057034
0.65779 0.026616
0.62738 0.0057034
0.59316 0
0.55894 0.011407
0.52471 0.026616
0.49049 0.043726
0.45627 0.064639
0.42586 0.085551
0.39354 0.10266
0.36122 0.12548
0.3308 0.15019
0.30228 0.17681
0.27186 0.20532
0.24144 0.23384
0.20722 0.25095
0.20913 0.28327
0.19202 0.30418
0.1597 0.31749
0.1654 0.34981
0.19582 0.3346
0.21863 0.34981
0.25095 0.3365
0.27376 0.30989
0.29658 0.3384
0.30038 0.36692
0.27757 0.40114
0.25856 0.43536
0.24715 0.46958
0.23384 0.5
0.23004 0.5019
# triangles
13 14 15
68 69 74
67 68 74
38 39 40
38 40 41
37 38 41
36 37 41
66 67 74
65 66 74
64 65 82
82 83 98
69 70 73
69 73 74
56 57 99
29 52 103
29 51 52
29 30 51
30 50 51
35 36 42
36 41 42
34 35 42
34 42 43
62 98 99
60 61 62
59 60 62
59 62 99
18 23 24
24 26 27
24 25 26
13 15 16
65 74 81
65 81 82
70 71 72
70 72 73
74 75 76
54 55 102
83 84 98
84 85 98
85 86 98
86 87 97
86 97 98
87 88 97
52 53 103
53 54 102
53 102 103
32 48 49
32 49 50
31 32 50
30 31 50
62 63 98
63 64 82
63 82 98
1 29 103
1 2 29
2 3 29
12 17 18
12 13 17
13 16 17
19 22 23
18 19 23
19 21 22
19 20 21
57 58 99
58 59 99
55 101 102
56 99 100
55 56 100
55 100 101
92 93 94
88 89 90
88 90 97
33 34 43
33 43 47
32 33 48
33 47 48
43 44 47
44 45 47
45 46 47
0 1 103
3 28 29
24 27 28
5 24 28
4 5 28
3 4 28
11 18 24
5 11 24
11 12 18
6 7 10
5 6 11
6 10 11
7 9 10
7 8 9
74 76 78
74 78 79
74 80 81
74 79 80
94 95 96
90 96 97
76 77 78
91 94 96
90 91 96
91 92 94
