# points
0.43671 0.4557
0.43354 0.50316
0.41772 0.54114
0.37025 0.55063
0.32278 0.56329
0.27532 0.57278
0.22785 0.58544
0.18038 0.59494
0.13291 0.62025
0.085443 0.64873
0.037975 0.67722
0.012658 0.71519
0.0094937 0.76266
0.0063291 0.81013
0.0031646 0.85759
0 0.90506
0.041139 0.91139
0.088608 0.91139
0.13608 0.90823
0.18354 0.90823
0.23101 0.90823
0.27848 0.90823
0.32595 0.90506
0.37342 0.90506
0.42089 0.90506
0.46835 0.9019
0.51582 0.9019
0.56329 0.9019
0.61076 0.9019
0.65823 0.90506
0.7057 0.90506
0.75316 0.90506
0.80063 0.90506
0.8481 0.90823
0.89557 0.90823
0.94304 0.91139
0.9462 0.86392
0.95253 0.81646
0.95253 0.76899
0.93671 0.72152
0.89557 0.67722
0.8481 0.63924
0.80063 0.61392
0.75316 0.59494
0.7057 0.57595
0.65823 0.55696
0.63291 0.52215
0.63291 0.47468
0.63291 0.42722
0.62975 0.37975
0.62975 0.33228
0.62975 0.28481
0.62975 0.23734
0.62658 0.18987
0.62658 0.14241
0.66772 0.12025
0.71519 0.10443
0.76266 0.088608
0.81013 0.072785
0.85759 0.056962
0.90506 0.041139
0.95253 0.025316
1 0.0094937
0.99051 0
0.94304 0
0.89557 0
0.8481 0
0.80063 0
0.75316 0
0.7057 0
0.65823 0
0.61076 0
0.56329 0
0.51582 0
0.46835 0
0.42089 0
0.37342 0
0.32595 0
0.27848 0
0.23101 0
0.18354 0
0.13608 0
0.088608 0
0.041139 0
0.018987 0.0031646
0.066456 0.018987
0.11392 0.031646
0.16139 0.044304
0.20886 0.060127
0.25633 0.072785
0.3038 0.088608
0.35127 0.10127
0.39873 0.11392
0.4462 0.12975
0.45886 0.16456
0.4557 0.21203
0.45253 0.25949
0.44937 0.30696
0.4462 0.35443
0.44304 0.4019
0.43987 0.44937
0.43671 0.4557
# triangles
14 15 16
82 85 86
61 62 63
83 84 85
82 83 85
81 82 86
80 81 87
81 86 87
7 8 20
32 38 39
2 25 26
6 7 20
8 9 19
8 19 20
9 18 19
9 12 18
10 11 12
9 10 12
55 70 71
32 33 38
26 27 45
2 26 45
6 20 21
6 21 22
80 87 88
12 13 18
61 63 64
55 56 70
59 65 66
2 24 25
5 6 22
77 78 90
77 90 91
27 28 45
29 30 43
78 89 90
79 80 88
78 79 89
79 88 89
13 17 18
14 16 17
13 14 17
56 69 70
57 68 69
56 57 69
57 58 68
59 60 65
60 64 65
60 61 64
34 35 36
33 34 36
33 37 38
33 36 37
2 3 24
3 23 24
2 45 46
1 2 46
51 96 97
50 51 97
50 97 98
48 99 100
28 44 45
28 29 44
29 43 44
30 31 42
30 42 43
53 94 95
54 93 94
53 54 94
54 71 72
54 55 71
52 53 95
51 52 96
52 95 96
58 67 68
59 66 67
58 59 67
3 4 23
4 22 23
4 5 22
73 74 93
54 73 93
54 72 73
74 75 93
75 92 93
1 46 47
1 47 100
47 48 100
0 1 100
31 32 41
31 41 42
49 50 98
48 49 99
49 98 99
76 77 91
76 91 92
75 76 92
32 39 40
32 40 41
