# points
0.38056 0.5
0.37778 0.54444
0.375 0.58889
0.33056 0.60278
0.28611 0.61667
0.24167 0.62778
0.19722 0.64167
0.15278 0.65556
0.10833 0.68333
0.063889 0.71944
0.019444 0.75278
0.0083333 0.79444
0.0055556 0.83889
0.0027778 0.88333
0.0027778 0.92778
0 0.97222
0.013889 0.99444
0.058333 0.95833
0.097222 0.91944
0.14167 0.89167
0.18611 0.88611
0.23056 0.88611
0.275 0.88889
0.31944 0.88889
0.36389 0.89167
0.40833 0.89167
0.45278 0.89444
0.49722 0.89722
0.54167 0.89722
0.58611 0.9
0.63056 0.9
0.675 0.90278
0.70278 0.94167
0.73333 0.98056
0.77778 0.99444
0.82222 1
0.82778 0.95833
0.83056 0.91389
0.83333 0.86944
0.83056 0.825
0.81389 0.78056
0.77778 0.73611
0.73333 0.69167
0.68889 0.66944
0.64444 0.64722
0.6 0.625
0.55556 0.60278
0.55278 0.55833
0.55278 0.51389
0.55278 0.46944
0.55 0.425
0.55 0.38056
0.55 0.33611
0.55 0.29167
0.54722 0.24722
0.54722 0.20278
0.54722 0.15833
0.58056 0.13333
0.625 0.11389
0.66944 0.094444
0.71389 0.075
0.75833 0.058333
0.80278 0.038889
0.84722 0.019444
0.89167 0
0.84722 0
0.80278 0
0.75833 0
0.71389 0
0.66944 0
0.625 0
0.58056 0
0.53611 0
0.49167 0
0.44722 0
0.40278 0
0.35833 0
0.31389 0
0.26944 0
0.225 0
0.18056 0
0.13611 0
0.091667 0
0.047222 0
0.0027778 0
0.047222 0.016667
0.091667 0.033333
0.13611 0.05
0.18056 0.063889
0.225 0.080556
0.26944 0.097222
0.31389 0.11389
0.35833 0.13056
0.40278 0.14722
0.4 0.19167
0.39722 0.23611
0.39444 0.28056
0.39167 0.325
0.38889 0.36944
0.38611 0.41389
0.38333 0.45833
0.38056 0.5
# triangles
31 39 40
9 10 11
9 11 19
31 41 42
31 40 41
0 49 100
15 16 17
32 33 37
11 12 19
51 52 98
51 98 99
0 48 49
30 31 42
30 42 43
31 38 39
31 32 38
32 37 38
33 34 36
33 36 37
34 35 36
14 15 17
12 13 18
12 18 19
13 14 18
14 17 18
50 51 99
49 50 100
50 99 100
30 43 44
28 44 45
59 60 69
73 74 93
59 69 70
58 59 70
80 81 87
77 78 90
78 89 90
78 79 89
7 8 20
8 9 20
9 19 20
2 3 25
2 25 26
29 30 44
28 29 44
62 63 66
60 68 69
60 61 68
52 97 98
54 95 96
53 54 96
52 53 97
53 96 97
74 75 93
55 94 95
54 55 95
76 77 91
77 90 91
56 72 73
56 57 72
56 73 93
56 93 94
55 56 94
58 70 71
57 58 71
57 71 72
79 80 88
79 88 89
80 87 88
7 20 21
5 21 22
3 24 25
3 4 24
4 23 24
4 5 22
4 22 23
1 2 47
1 47 48
0 1 48
2 46 47
2 26 46
63 64 65
63 65 66
61 67 68
62 66 67
61 62 67
75 76 92
75 92 93
76 91 92
83 84 85
82 83 85
81 82 86
81 86 87
82 85 86
6 7 21
5 6 21
26 27 46
27 28 45
27 45 46
