# points
0.3844 0.49861
0.38162 0.54039
0.37883 0.58217
0.33983 0.59889
0.29805 0.61003
0.25627 0.62396
0.21448 0.6351
0.1727 0.64903
0.13092 0.66574
0.089136 0.69916
0.047354 0.72981
0.011142 0.76323
0.0083565 0.80501
0.005571 0.8468
0.0027855 0.88858
0.0027855 0.93036
0 0.97214
0.011142 1
0.052925 1
0.094708 0.99721
0.13649 0.99721
0.17827 0.99721
0.22006 0.99443
0.26184 0.99443
0.30362 0.99443
0.3454 0.99164
0.38719 0.99164
0.42897 0.99164
0.47075 0.99164
0.51253 0.99164
0.55432 0.99164
0.5961 0.99164
0.63788 0.99164
0.67967 0.99443
0.72145 0.99443
0.76323 0.99721
0.80501 0.99721
0.8273 0.9805
0.83287 0.93872
0.83565 0.89694
0.83565 0.85515
0.83008 0.81337
0.81337 0.77159
0.77437 0.72981
0.73259 0.68802
0.69081 0.66852
0.64903 0.64624
0.60724 0.62674
0.56546 0.60446
0.55432 0.56825
0.55432 0.52646
0.55432 0.48468
0.55432 0.4429
0.55153 0.40111
0.55153 0.35933
0.55153 0.31755
0.55153 0.27577
0.55153 0.23398
0.54875 0.1922
0.54875 0.15042
0.58496 0.13928
0.62674 0.1337
0.66852 0.12813
0.71031 0.12256
0.75209 0.11699
0.79387 0.11142
0.83565 0.10585
0.87187 0.097493
0.83008 0.086351
0.7883 0.077994
0.74652 0.066852
0.70474 0.05571
0.66295 0.047354
0.62117 0.036212
0.57939 0.02507
0.5376 0.013928
0.49582 0.005571
0.45404 0
0.41226 0.011142
0.37047 0.019499
0.32869 0.030641
0.28691 0.038997
0.24513 0.050139
0.20334 0.058496
0.16156 0.066852
0.11978 0.077994
0.077994 0.086351
0.036212 0.097493
0.011142 0.10585
0.052925 0.10864
0.094708 0.11421
0.13649 0.11699
0.17827 0.12256
0.22006 0.12535
0.26184 0.13092
0.30362 0.1337
0.3454 0.13928
0.38719 0.14206
0.40111 0.16992
0.39833 0.2117
0.39833 0.25348
0.39554 0.29526
0.39276 0.33705
0.38997 0.37883
0.38719 0.42061
0.3844 0.4624
0.3844 0.49861
# triangles
62 71 72
36 37 38
9 21 22
10 11 12
9 10 12
59 74 75
61 62 72
7 9 22
2 48 49
2 27 48
0 50 51
66 67 68
65 66 68
32 43 45
43 44 45
41 42 43
14 15 19
16 17 18
15 16 18
15 18 19
9 13 21
9 12 13
65 68 69
64 65 69
64 69 70
59 75 76
76 77 97
59 76 97
59 97 98
58 59 98
58 98 99
79 96 97
56 100 101
61 72 73
59 60 74
60 73 74
60 61 73
56 57 100
57 58 99
57 99 100
52 53 104
55 56 101
54 55 102
55 101 102
63 70 71
63 64 70
62 63 71
83 84 92
7 8 9
1 49 50
1 2 49
0 1 50
27 28 48
13 20 21
14 19 20
13 14 20
79 80 96
77 78 97
78 79 97
53 103 104
54 102 103
53 54 103
52 104 105
51 52 105
0 51 105
87 88 89
86 87 89
84 91 92
80 95 96
80 81 95
82 83 93
83 92 93
5 24 25
5 6 24
2 3 27
3 26 27
31 32 45
31 45 46
30 31 46
34 39 40
30 46 47
84 85 91
86 89 90
85 86 90
85 90 91
82 93 94
81 82 94
81 94 95
6 23 24
7 22 23
6 7 23
35 36 38
35 38 39
34 35 39
4 25 26
3 4 26
4 5 25
29 30 47
28 29 48
29 47 48
32 33 43
33 41 43
33 40 41
33 34 40
