# points
0 0.51003
0 0.53582
0 0.5616
0 0.58739
0 0.61318
0 0.63897
0 0.66476
0 0.69054
0 0.71633
0 0.74212
0 0.76791
0 0.7937
0 0.81948
0 0.84527
0 0.87106
0 0.89685
0 0.92264
0 0.94842
0 0.97421
0 1
0 0.9914
0 0.96562
0.0028653 0.93983
0.0028653 0.91404
0.0057307 0.88825
0.0057307 0.86246
0.008596 0.83668
0.008596 0.81089
0.011461 0.7851
0.028653 0.76218
0.054441 0.74212
0.080229 0.72493
0.10602 0.70487
0.13181 0.68481
0.15759 0.66762
0.18338 0.65903
0.20917 0.6533
0.23496 0.6447
0.26074 0.6361
0.28653 0.63037
0.31232 0.62178
0.33811 0.61318
0.3639 0.60745
0.38968 0.59885
0.38968 0.57307
0.39255 0.54728
0.39255 0.52149
0.39542 0.4957
0.39542 0.46991
0.39828 0.44413
0.39828 0.41834
0.40974 0.39255
0.4212 0.36676
0.43266 0.34097
0.44413 0.31519
0.45559 0.2894
0.46705 0.26361
0.47851 0.23782
0.48997 0.21203
0.50143 0.18625
0.51289 0.16046
0.50143 0.14613
0.47564 0.1404
0.44986 0.13181
0.42407 0.12321
0.39828 0.11461
0.37249 0.10888
0.3467 0.10029
0.32092 0.091691
0.29513 0.08596
0.26934 0.077364
0.24355 0.068768
0.21777 0.060172
0.19198 0.054441
0.16619 0.045845
0.1404 0.037249
0.11461 0.031519
0.088825 0.022923
0.063037 0.014327
0.037249 0.0057307
0.011461 0
0 0.008596
0 0.034384
0 0.060172
0 0.08596
0 0.11175
0 0.13754
0 0.16332
0 0.18911
0 0.2149
0 0.24069
0 0.26648
0 0.29226
0 0.31805
0 0.34384
0 0.36963
0 0.39542
0 0.4212
0 0.44699
0 0.47278
0 0.49857
0 0.51003
# triangles
50 94 95
53 68 69
80 81 82
79 80 82
69 70 92
5 6 32
52 53 69
51 52 92
52 69 92
49 50 97
49 97 98
37 38 99
38 98 99
54 55 66
55 56 66
56 65 66
72 73 89
78 82 83
78 79 82
78 83 84
59 60 61
56 57 64
56 64 65
51 92 93
50 51 93
50 93 94
7 30 31
6 7 31
6 31 32
4 5 33
5 32 33
3 4 33
3 33 34
2 3 34
1 2 34
41 44 45
41 42 44
42 43 44
50 95 96
50 96 97
36 37 100
37 99 100
72 89 90
71 72 90
54 66 67
53 67 68
53 54 67
73 88 89
75 76 86
76 85 86
77 78 84
77 84 85
76 77 85
57 58 63
57 63 64
9 10 29
9 29 30
7 8 30
8 9 30
12 26 27
14 15 24
16 17 22
0 1 35
1 34 35
0 35 100
35 36 100
41 45 46
40 41 46
39 40 46
39 46 47
38 48 98
48 49 98
38 39 48
39 47 48
70 91 92
70 71 91
71 90 91
75 86 87
58 59 62
58 62 63
59 61 62
10 28 29
14 24 25
12 13 26
13 14 25
13 25 26
15 16 23
15 23 24
16 22 23
17 21 22
18 20 22
74 87 88
73 74 88
74 75 87
10 11 28
11 12 27
11 27 28
