# points
0.31389 0.5
0.30278 0.54167
0.28611 0.57778
0.24444 0.60278
0.20278 0.625
0.16111 0.64722
0.11944 0.675
0.077778 0.70833
0.036111 0.73889
0.0083333 0.775
0.0083333 0.81667
0.0055556 0.85833
0.0027778 0.9
0 0.94167
0 0.98333
0.022222 1
0.063889 1
0.10556 0.99722
0.14722 0.99722
0.18889 0.99722
0.23056 0.99444
0.27222 0.99444
0.31389 0.99444
0.35556 0.99167
0.39722 0.99167
0.43889 0.99167
0.48056 0.99167
0.52222 0.99167
0.56389 0.99167
0.60556 0.99167
0.64722 0.99444
0.68889 0.99444
0.73056 0.99444
0.77222 0.99722
0.81389 1
0.825 0.96944
0.83056 0.92778
0.83333 0.88611
0.83333 0.84444
0.825 0.80278
0.80278 0.76111
0.76111 0.71944
0.71944 0.68611
0.67778 0.66667
0.63611 0.65
0.59444 0.63333
0.55278 0.61667
0.51111 0.6
0.46944 0.58333
0.44722 0.55556
0.45556 0.51389
0.46667 0.47222
0.47778 0.43056
0.48611 0.38889
0.49722 0.34722
0.50833 0.30556
0.51667 0.26389
0.52778 0.22222
0.53889 0.18056
0.55556 0.14167
0.59722 0.125
0.63889 0.10833
0.68056 0.088889
0.72222 0.072222
0.76389 0.055556
0.80556 0.038889
0.84722 0.019444
0.88889 0.0027778
0.85278 0
0.81111 0
0.76944 0
0.72778 0
0.68611 0
0.64444 0
0.60278 0
0.56111 0
0.51944 0
0.47778 0
0.43611 0
0.39444 0
0.35278 0
0.31111 0
0.26944 0
0.22778 0
0.18611 0
0.14444 0
0.10278 0
0.061111 0
0.019444 0
0.027778 0.0083333
0.069444 0.025
0.11111 0.038889
0.15278 0.055556
0.19444 0.069444
0.23611 0.086111
0.27778 0.1
0.31944 0.11667
0.36111 0.13056
0.40278 0.14722
0.39167 0.18889
0.38056 0.23056
0.36944 0.27222
0.36111 0.31389
0.35 0.35556
0.33889 0.39722
0.32778 0.43889
0.31944 0.48056
0.31389 0.5
# triangles
13 14 15
13 15 16
8 9 10
30 41 42
7 8 10
30 31 41
66 67 68
31 32 37
11 12 17
12 13 16
12 16 17
63 64 71
29 30 42
29 42 43
53 103 104
52 53 104
55 56 101
56 100 101
11 17 18
10 11 18
7 10 18
7 18 19
6 7 20
7 19 20
31 39 40
31 40 41
32 36 37
31 38 39
31 37 38
77 78 98
59 77 98
59 60 75
64 65 70
64 70 71
63 71 72
62 63 72
62 72 73
28 29 44
29 43 44
5 6 20
5 20 21
4 21 22
4 5 21
79 80 97
78 79 98
79 97 98
87 88 89
58 59 98
56 99 100
53 102 103
53 54 102
54 55 102
55 101 102
80 96 97
83 93 94
82 83 94
82 94 95
32 33 36
59 75 76
59 76 77
60 74 75
65 69 70
66 68 69
65 66 69
27 28 45
28 44 45
51 52 104
50 51 106
87 89 90
86 87 90
83 84 93
56 57 99
57 58 98
57 98 99
81 82 95
80 81 96
81 95 96
33 34 35
33 35 36
61 73 74
61 62 73
60 61 74
23 24 48
0 50 106
51 104 105
51 105 106
85 86 91
86 90 91
84 85 92
84 92 93
85 91 92
0 1 49
0 49 50
24 25 47
24 47 48
1 2 49
2 48 49
26 27 46
27 45 46
25 26 46
25 46 47
3 22 23
3 4 22
3 23 48
2 3 48
