# points
0.44167 0.5
0.40833 0.54444
0.37778 0.58889
0.33333 0.6
0.28889 0.61389
0.24444 0.62778
0.2 0.64167
0.15556 0.65556
0.11111 0.68333
0.066667 0.71667
0.022222 0.75
0.0083333 0.79167
0.0055556 0.83611
0.0027778 0.88056
0.0027778 0.925
0 0.96944
0.011111 1
0.055556 1
0.1 0.99722
0.14444 0.99722
0.18889 0.99722
0.23333 0.99444
0.27778 0.99444
0.32222 0.99167
0.36667 0.99167
0.41111 0.99167
0.45556 0.99167
0.5 0.99167
0.54444 0.99167
0.58889 0.99167
0.63333 0.99167
0.67778 0.99444
0.72222 0.99444
0.76667 0.99722
0.81111 1
0.825 0.96944
0.83056 0.925
0.83333 0.88056
0.83056 0.83611
0.81944 0.79167
0.78889 0.74722
0.74444 0.70278
0.7 0.675
0.65556 0.65278
0.61111 0.63056
0.56667 0.60833
0.56389 0.56944
0.58056 0.525
0.59722 0.48056
0.61389 0.43611
0.61667 0.39167
0.60278 0.34722
0.59167 0.30278
0.57778 0.25833
0.56667 0.21389
0.55278 0.16944
0.56944 0.13611
0.61389 0.11667
0.65833 0.1
0.70278 0.080556
0.74722 0.061111
0.79167 0.044444
0.83611 0.025
0.88056 0.0055556
0.85833 0
0.81389 0
0.76944 0
0.725 0
0.68056 0
0.63611 0
0.59167 0
0.54722 0
0.50278 0
0.45833 0
0.41389 0
0.36944 0
0.325 0
0.28056 0
0.23611 0
0.19167 0
0.14722 0
0.10278 0
0.058333 0
0.013889 0
0.036111 0.011111
0.080556 0.027778
0.125 0.044444
0.16944 0.061111
0.21389 0.077778
0.25833 0.094444
0.30278 0.11111
0.34722 0.125
0.39167 0.14167
0.41667 0.18056
0.43611 0.225
0.45556 0.26944
0.475 0.31389
0.49444 0.35833
0.51389 0.40278
0.48056 0.44722
0.44722 0.49167
0.44167 0.5
# triangles
60 61 66
15 16 17
14 15 17
14 17 18
38 39 40
31 38 40
62 63 64
9 19 20
9 12 19
31 32 38
30 40 41
30 31 40
61 65 66
61 62 65
62 64 65
30 41 42
13 14 18
13 18 19
12 13 19
3 24 25
28 29 43
29 42 43
29 30 42
28 43 44
9 11 12
9 10 11
5 22 23
79 80 87
7 8 21
8 20 21
8 9 20
26 27 45
27 28 44
27 44 45
32 37 38
32 36 37
33 35 36
32 33 36
33 34 35
57 58 69
52 53 96
46 47 100
0 46 100
49 50 98
48 49 98
50 51 98
3 4 24
4 23 24
4 5 23
6 7 21
6 21 22
5 6 22
78 79 88
79 87 88
58 59 68
58 68 69
53 95 96
55 93 94
55 92 93
2 26 45
2 3 25
2 25 26
47 99 100
47 48 99
48 98 99
80 86 87
78 88 89
59 60 67
59 67 68
60 66 67
53 54 95
54 55 94
54 94 95
0 1 46
1 45 46
1 2 45
52 96 97
51 52 97
51 97 98
82 83 84
82 84 85
81 82 85
80 81 86
81 85 86
74 91 92
73 74 92
76 90 91
77 78 89
77 89 90
76 77 90
57 69 70
57 70 71
56 57 71
55 56 92
56 73 92
75 76 91
74 75 91
56 72 73
56 71 72
