# points
0.38056 0.5
0.37778 0.54444
0.375 0.58889
0.33056 0.60278
0.28611 0.61667
0.24167 0.62778
0.19722 0.64167
0.15278 0.65556
0.10833 0.68333
0.063889 0.71944
0.019444 0.75278
0.0083333 0.79444
0.0055556 0.83889
0.0027778 0.88333
0.0027778 0.92778
0 0.97222
0.013889 1
0.058333 0.99444
0.10278 0.98611
0.14722 0.97222
0.19167 0.95556
0.23611 0.93889
0.28056 0.925
0.325 0.91111
0.36944 0.90278
0.41389 0.9
0.45833 0.90556
0.50278 0.91667
0.54722 0.93333
0.59167 0.94722
0.63611 0.96389
0.68056 0.975
0.725 0.98611
0.76944 0.99444
0.81389 1
0.825 0.96667
0.83056 0.92222
0.83333 0.87778
0.83056 0.83333
0.81944 0.78889
0.78611 0.74444
0.74167 0.7
0.69722 0.67222
0.65278 0.65
0.60833 0.62778
0.56389 0.60556
0.55278 0.56667
0.55278 0.52222
0.55278 0.47778
0.55 0.43333
0.55 0.38889
0.55 0.34444
0.55 0.3
0.54722 0.25556
0.54722 0.21111
0.54722 0.16667
0.57222 0.13611
0.61667 0.11667
0.66111 0.097222
0.70556 0.080556
0.75 0.061111
0.79444 0.041667
0.83889 0.025
0.88333 0.0055556
0.85556 0
0.81111 0
0.76667 0
0.72222 0
0.67778 0
0.63333 0
0.58889 0
0.54444 0
0.5 0
0.45556 0
0.41111 0
0.36667 0
0.32222 0
0.27778 0
0.23333 0
0.18889 0
0.14444 0
0.1 0
0.055556 0
0.011111 0
0.038889 0.013889
0.083333 0.030556
0.12778 0.044444
0.17222 0.061111
0.21667 0.077778
0.26111 0.094444
0.30556 0.11111
0.35 0.12778
0.39444 0.14444
0.4 0.18333
0.39722 0.22778
0.39444 0.27222
0.39167 0.31667
0.38889 0.36111
0.38611 0.40556
0.38333 0.45
0.38333 0.49444
0.38056 0.5
# triangles
3 24 25
62 63 64
15 16 17
27 28 43
2 3 25
3 4 24
28 42 43
28 29 42
30 40 41
29 30 41
29 41 42
2 25 26
74 91 92
73 74 92
53 54 94
54 93 94
55 92 93
54 55 93
51 52 96
51 96 97
76 89 90
4 23 24
6 22 23
38 39 40
32 36 37
31 37 38
31 32 37
30 31 40
31 38 40
12 19 20
9 12 20
2 45 46
2 26 45
74 75 91
75 76 90
75 90 91
52 95 96
52 53 95
53 94 95
72 73 92
55 72 92
55 56 72
56 71 72
50 51 97
48 49 99
79 80 87
79 87 88
5 6 23
4 5 23
32 33 36
13 18 19
12 13 19
6 7 22
26 27 44
26 44 45
27 43 44
56 70 71
62 64 65
58 68 69
49 50 98
49 98 99
50 97 98
1 2 46
1 46 47
47 48 100
48 99 100
1 47 100
81 82 85
80 86 87
80 81 86
81 85 86
76 77 89
33 34 35
33 35 36
14 17 18
13 14 18
14 15 17
9 11 12
9 10 11
7 21 22
7 8 21
9 20 21
8 9 21
56 57 70
57 69 70
57 58 69
61 62 65
58 59 68
59 67 68
59 60 67
0 1 100
82 83 84
82 84 85
78 79 88
78 88 89
77 78 89
61 65 66
60 66 67
60 61 66
