# points
0.38056 0.5
0.37778 0.54444
0.375 0.58889
0.33056 0.60278
0.28611 0.61389
0.24167 0.62778
0.19722 0.64167
0.15278 0.65556
0.10833 0.68333
0.063889 0.71944
0.019444 0.75278
0.0083333 0.79444
0.0055556 0.83889
0.0027778 0.88333
0.0027778 0.92778
0 0.97222
0.013889 1
0.058333 1
0.10278 1
0.14722 1
0.19167 1
0.23611 1
0.28056 1
0.325 0.99722
0.36944 0.98056
0.41389 0.95278
0.45833 0.92222
0.50278 0.89444
0.54722 0.875
0.59167 0.88056
0.63611 0.90556
0.67222 0.94444
0.71667 0.975
0.76111 0.99167
0.80556 0.99722
0.825 0.975
0.83056 0.93056
0.83333 0.88611
0.83333 0.84167
0.82222 0.79722
0.79444 0.75278
0.75 0.70833
0.70556 0.67778
0.66111 0.65556
0.61667 0.63333
0.57222 0.61111
0.55278 0.575
0.55278 0.53056
0.55278 0.48611
0.55 0.44167
0.55 0.39722
0.55 0.35278
0.55 0.30833
0.55 0.26389
0.54722 0.21944
0.54722 0.175
0.56389 0.13889
0.60833 0.11944
0.65278 0.10278
0.69722 0.083333
0.74167 0.063889
0.78611 0.047222
0.83056 0.027778
0.875 0.0083333
0.86389 0
0.81944 0
0.775 0
0.73056 0
0.68611 0
0.64167 0
0.59722 0
0.55278 0
0.50833 0
0.46389 0
0.41944 0
0.375 0
0.33056 0
0.28611 0
0.24167 0
0.19722 0
0.15278 0
0.10833 0
0.063889 0
0.019444 0
0.030556 0.011111
0.075 0.027778
0.11944 0.041667
0.16389 0.058333
0.20833 0.075
0.25278 0.091667
0.29722 0.10833
0.34167 0.125
0.38611 0.13889
0.4 0.175
0.39722 0.21944
0.39444 0.26389
0.39167 0.30833
0.38889 0.35278
0.38889 0.39722
0.38611 0.44167
0.38333 0.48611
0.38056 0.5
# triangles
62 63 64
33 34 35
62 64 65
61 62 65
22 23 24
5 24 25
5 22 24
29 42 43
29 41 42
3 26 27
28 29 43
58 59 69
58 69 70
57 58 70
9 10 11
5 6 22
13 18 19
12 13 19
9 11 12
9 12 19
8 9 20
9 19 20
33 35 36
31 37 38
28 43 44
27 28 45
28 44 45
2 45 46
2 3 27
2 27 45
3 4 26
4 5 25
4 25 26
51 52 96
59 60 68
59 68 69
81 82 85
81 85 86
15 16 17
7 8 21
8 20 21
6 7 21
6 21 22
29 30 41
30 40 41
30 39 40
30 38 39
30 31 38
32 33 36
32 36 37
31 32 37
55 56 92
56 73 92
73 74 92
49 50 98
47 48 100
51 96 97
52 53 95
52 95 96
61 65 66
60 61 66
56 72 73
79 87 88
82 83 84
82 84 85
77 89 90
14 15 17
14 17 18
13 14 18
76 77 90
55 92 93
54 93 94
54 55 93
1 2 46
1 46 47
49 98 99
60 67 68
60 66 67
56 71 72
57 70 71
56 57 71
80 81 86
80 86 87
79 80 87
78 79 88
77 78 89
78 88 89
76 90 91
0 47 100
0 1 47
75 76 91
74 75 92
75 91 92
50 97 98
50 51 97
54 94 95
53 54 95
48 99 100
48 49 99
