# points
0.38056 0.5
0.38056 0.53889
0.37778 0.57778
0.34722 0.59722
0.30833 0.60833
0.26944 0.61944
0.23056 0.63333
0.19167 0.64444
0.15278 0.65556
0.11389 0.68056
0.075 0.71111
0.036111 0.73889
0.011111 0.77222
0.0083333 0.81111
0.0055556 0.85
0.0027778 0.88889
0.0027778 0.92778
0 0.96667
0.0027778 1
0.041667 1
0.080556 1
0.11944 0.99722
0.15833 0.99722
0.19722 0.99722
0.23611 0.99444
0.275 0.99444
0.31389 0.99444
0.35278 0.99167
0.39167 0.99167
0.43056 0.99167
0.46944 0.99167
0.50833 0.99167
0.54722 0.99167
0.58611 0.99167
0.625 0.99167
0.66389 0.99444
0.70278 0.99444
0.74167 0.99722
0.78056 0.99722
0.81944 1
0.825 0.96667
0.83056 0.92778
0.83333 0.88889
0.83333 0.85
0.825 0.81111
0.80833 0.77222
0.77222 0.73333
0.73611 0.69444
0.69722 0.67222
0.65833 0.65278
0.61944 0.63333
0.58056 0.61389
0.55278 0.58889
0.55278 0.55
0.55278 0.51111
0.55278 0.47222
0.55 0.43333
0.55 0.39444
0.55 0.35556
0.55278 0.31667
0.57222 0.28056
0.61111 0.24722
0.65 0.21389
0.68889 0.17778
0.72778 0.14444
0.76667 0.11111
0.80556 0.077778
0.84444 0.044444
0.88333 0.011111
0.86389 0
0.825 0
0.78611 0
0.74722 0
0.70833 0
0.66944 0
0.63056 0
0.59167 0
0.55278 0
0.51389 0
0.475 0
0.43611 0
0.39722 0
0.35833 0
0.31944 0
0.28056 0
0.24167 0
0.20278 0
0.16389 0
0.125 0
0.086111 0
0.047222 0
0.0083333 0
0.036111 0.025
0.075 0.052778
0.11389 0.080556
0.15278 0.10833
0.19167 0.13611
0.23056 0.16667
0.26944 0.19444
0.30833 0.22222
0.34722 0.25
0.38611 0.27778
0.39167 0.31667
0.38889 0.35556
0.38611 0.39444
0.38611 0.43333
0.38333 0.47222
0.38056 0.5
# triangles
17 18 19
11 12 13
6 25 26
36 42 43
36 43 44
67 68 69
66 67 71
37 41 42
36 37 42
62 63 76
9 23 24
7 24 25
6 7 25
7 8 9
7 9 24
30 31 51
3 29 30
3 30 51
67 69 70
67 70 71
38 40 41
37 38 41
38 39 40
44 45 46
36 44 46
35 36 46
46 47 48
13 14 22
15 16 20
16 19 20
16 17 19
64 65 73
61 62 77
62 76 77
10 11 13
10 13 22
10 22 23
9 10 23
5 6 26
3 28 29
3 4 28
33 48 49
32 33 49
34 46 48
34 35 46
33 34 48
14 21 22
14 15 21
15 20 21
65 72 73
66 71 72
65 66 72
64 73 74
60 61 79
90 91 92
90 92 93
89 90 93
4 27 28
5 26 27
4 5 27
86 87 95
2 3 51
2 51 52
2 52 53
1 2 53
1 53 54
54 55 106
63 64 75
64 74 75
63 75 76
61 77 78
61 78 79
88 89 93
60 79 101
79 80 101
83 84 97
83 97 98
88 93 94
87 88 94
87 94 95
81 82 99
82 98 99
82 83 98
32 49 50
31 50 51
31 32 50
0 54 106
0 1 54
57 103 104
57 58 103
59 60 101
85 86 96
86 95 96
84 85 96
84 96 97
80 100 101
80 81 100
81 99 100
59 101 102
58 102 103
58 59 102
55 105 106
55 56 105
56 57 105
57 104 105
