# points
0.38162 0.49861
0.37883 0.54318
0.37604 0.58774
0.33148 0.60167
0.28691 0.6156
0.24234 0.62674
0.19777 0.64067
0.1532 0.6546
0.10864 0.68245
0.064067 0.71866
0.019499 0.75209
0.0083565 0.79387
0.005571 0.83844
0.0027855 0.88301
0.0027855 0.92758
0 0.97214
0.013928 1
0.058496 1
0.10306 0.99721
0.14763 0.99721
0.1922 0.99721
0.23677 0.99443
0.28134 0.99443
0.32591 0.99164
0.37047 0.99164
0.41504 0.99164
0.45961 0.99164
0.50418 0.99164
0.54875 0.99164
0.59331 0.99164
0.63788 0.99164
0.68245 0.99443
0.72702 0.99443
0.77159 0.99721
0.81616 1
0.8273 0.96657
0.83287 0.92201
0.83565 0.87744
0.83287 0.83287
0.82173 0.7883
0.7883 0.74373
0.74373 0.69916
0.69916 0.67131
0.6546 0.64903
0.61003 0.62674
0.56546 0.60446
0.55432 0.56546
0.55432 0.52089
0.55432 0.47632
0.55153 0.43175
0.55153 0.38719
0.55153 0.34262
0.55153 0.29805
0.54875 0.25348
0.54875 0.20891
0.54875 0.16435
0.57382 0.1337
0.61838 0.11421
0.66295 0.094708
0.70752 0.077994
0.75209 0.058496
0.79666 0.038997
0.84123 0.022284
0.88579 0.0027855
0.85794 0.005571
0.81337 0.013928
0.7688 0.019499
0.72423 0.027855
0.67967 0.036212
0.6351 0.044568
0.59053 0.052925
0.54596 0.061281
0.50139 0.069638
0.45682 0.072423
0.41226 0.064067
0.36769 0.05571
0.32312 0.050139
0.27855 0.041783
0.23398 0.036212
0.18942 0.027855
0.14485 0.019499
0.10028 0.013928
0.05571 0.005571
0.011142 0
0.038997 0.011142
0.083565 0.027855
0.12813 0.041783
0.1727 0.058496
0.21727 0.075209
0.26184 0.091922
0.30641 0.10864
0.35097 0.12535
0.39554 0.14206
0.40111 0.18106
0.39833 0.22563
0.39554 0.27019
0.39276 0.31476
0.38997 0.35933
0.38719 0.4039
0.3844 0.44847
0.3844 0.49304
0.38162 0.49861
# triangles
1 47 100
78 88 89
8 20 21
0 1 100
15 16 17
77 78 89
74 75 91
80 86 87
9 10 11
9 11 12
8 9 20
14 15 17
13 14 18
14 17 18
38 39 40
31 38 40
30 41 42
30 40 41
30 31 40
50 97 98
79 80 87
78 79 88
79 87 88
77 89 90
54 55 93
58 68 69
55 72 73
55 56 72
61 65 66
5 6 22
6 21 22
7 8 21
6 7 21
82 83 84
82 84 85
81 82 85
80 81 86
81 85 86
9 19 20
9 12 19
12 13 19
13 18 19
31 37 38
26 27 45
29 30 42
2 26 45
27 28 44
27 44 45
47 48 100
56 70 71
56 71 72
54 93 94
75 76 91
76 90 91
76 77 90
74 91 92
73 74 92
55 73 92
55 92 93
57 69 70
57 58 69
56 57 70
59 67 68
58 59 68
53 94 95
53 54 94
62 64 65
61 62 65
62 63 64
33 34 35
33 35 36
31 32 37
32 36 37
32 33 36
3 4 24
2 45 46
1 46 47
1 2 46
49 50 98
29 42 43
28 29 43
28 43 44
60 66 67
59 60 67
60 61 66
51 96 97
50 51 97
51 52 96
52 95 96
52 53 95
4 23 24
5 22 23
4 5 23
2 25 26
2 3 25
3 24 25
49 98 99
48 99 100
48 49 99
