# points
0.03886 0.50259
0.059585 0.52332
0.082902 0.53368
0.10622 0.53886
0.12953 0.54404
0.1399 0.56736
0.15803 0.57772
0.15803 0.60104
0.15803 0.62435
0.15803 0.64767
0.15803 0.67098
0.15803 0.6943
0.15803 0.71762
0.15803 0.74093
0.15803 0.76425
0.15803 0.78756
0.15803 0.81088
0.15803 0.8342
0.1399 0.84197
0.12435 0.8601
0.12435 0.88342
0.11399 0.90415
0.1114 0.92746
0.10104 0.95078
0.11399 0.96891
0.11917 0.98705
0.13731 1
0.16062 0.99741
0.18394 0.99741
0.20725 0.99482
0.21762 0.97668
0.23316 0.95855
0.23316 0.93523
0.23834 0.91192
0.24093 0.8886
0.24093 0.86528
0.22539 0.84456
0.22539 0.82124
0.22539 0.79793
0.22539 0.77461
0.22539 0.7513
0.22539 0.72798
0.22539 0.70466
0.22539 0.68135
0.22539 0.65803
0.22539 0.63472
0.2228 0.6114
0.2228 0.58808
0.2228 0.56477
0.2228 0.54145
0.24093 0.5285
0.26425 0.51813
0.28497 0.50259
0.30052 0.47927
0.30829 0.45596
0.31347 0.43264
0.30829 0.40933
0.30311 0.38601
0.29793 0.36269
0.28756 0.33938
0.28238 0.31606
0.28497 0.29275
0.29534 0.26943
0.30829 0.24611
0.31865 0.2228
0.32902 0.19948
0.3342 0.17617
0.33938 0.15285
0.33938 0.12953
0.33679 0.10622
0.33161 0.082902
0.31865 0.059585
0.30052 0.036269
0.2772 0.018135
0.25389 0.010363
0.23057 0.0025907
0.20725 0
0.18394 0
0.16062 0
0.13731 0
0.11399 0.0025907
0.090674 0.007772
0.067358 0.015544
0.044041 0.025907
0.023316 0.046632
0.010363 0.069948
0.0025907 0.093264
0 0.11658
0 0.1399
0.0025907 0.16321
0.010363 0.18653
0.020725 0.20984
0.031088 0.23316
0.041451 0.25648
0.049223 0.27979
0.049223 0.30311
0.041451 0.32642
0.031088 0.34974
0.020725 0.37306
0.012953 0.39637
0.010363 0.41969
0.012953 0.44301
0.018135 0.46632
0.028497 0.48964
0.03886 0.50259
# triangles
77 78 92
4 59 97
81 87 88
80 81 88
69 71 74
68 69 74
74 75 76
71 72 74
72 73 74
64 77 92
4 57 59
60 94 95
60 61 94
4 50 57
17 20 34
3 4 97
59 96 97
60 95 96
59 60 96
82 83 84
82 84 85
82 85 86
82 86 87
81 82 87
79 80 90
80 88 90
69 70 71
61 62 94
64 66 77
66 76 77
66 67 68
66 74 76
66 68 74
4 49 50
50 56 57
4 6 49
6 48 49
17 34 36
3 97 98
78 79 91
79 90 91
78 91 92
63 64 92
62 93 94
63 92 93
62 63 93
22 24 27
24 26 27
24 25 26
22 23 24
0 3 102
0 102 103
64 65 66
4 5 6
9 10 44
17 18 20
18 19 20
11 12 42
20 21 32
21 22 32
14 15 39
34 35 36
15 38 39
15 16 38
16 17 37
17 36 37
16 37 38
51 52 53
50 54 56
50 51 54
51 53 54
3 101 102
3 98 101
88 89 90
57 58 59
28 29 30
27 28 30
22 27 30
22 30 32
20 33 34
20 32 33
0 1 2
0 2 3
54 55 56
14 39 40
13 14 40
10 43 44
11 42 43
10 11 43
6 47 48
6 7 47
7 46 47
9 44 45
98 99 101
30 31 32
7 8 46
8 9 45
8 45 46
12 41 42
12 13 41
13 40 41
99 100 101
