# points
0.033854 0.27865
0.057292 0.29427
0.080729 0.30469
0.10417 0.3125
0.1276 0.3151
0.15104 0.3151
0.17448 0.3151
0.19792 0.3151
0.22135 0.3151
0.24479 0.32552
0.26562 0.34115
0.28646 0.35938
0.3099 0.375
0.33333 0.38542
0.35677 0.39062
0.38021 0.39062
0.40365 0.38281
0.42708 0.36458
0.45052 0.375
0.47396 0.38281
0.4974 0.39323
0.52083 0.40365
0.54427 0.41146
0.56771 0.42188
0.59115 0.42969
0.61458 0.4401
0.63802 0.44792
0.66146 0.45833
0.6849 0.46875
0.70833 0.47917
0.73177 0.48438
0.75521 0.49219
0.77865 0.50521
0.80208 0.51562
0.82552 0.52344
0.84896 0.52865
0.8724 0.53646
0.89583 0.54427
0.91927 0.55208
0.94271 0.55729
0.95312 0.53646
0.97396 0.52083
0.98438 0.4974
1 0.47917
0.98438 0.46354
0.96094 0.45573
0.94271 0.44531
0.94271 0.42188
0.92188 0.40885
0.90365 0.41927
0.89844 0.4375
0.875 0.42969
0.86458 0.41406
0.84896 0.39583
0.82552 0.39323
0.82031 0.41406
0.80469 0.41927
0.78125 0.42708
0.75781 0.41927
0.73438 0.40885
0.71094 0.39844
0.6875 0.38542
0.66406 0.375
0.64062 0.36198
0.61719 0.35417
0.59635 0.34375
0.57292 0.33333
0.54948 0.32031
0.52604 0.3099
0.5026 0.29948
0.49219 0.27604
0.47917 0.25521
0.48698 0.23177
0.48958 0.20833
0.48438 0.1849
0.47135 0.16146
0.45052 0.14844
0.42708 0.13802
0.40365 0.13281
0.38021 0.13021
0.35677 0.1276
0.33333 0.1224
0.3125 0.10938
0.29167 0.088542
0.27604 0.067708
0.25781 0.049479
0.23698 0.03125
0.21354 0.015625
0.1901 0.010417
0.16667 0.0026042
0.14323 0
0.11979 0.0026042
0.096354 0.0078125
0.072917 0.023438
0.057292 0.046875
0.044271 0.067708
0.03125 0.091146
0.020833 0.11458
0.013021 0.13802
0.0026042 0.16146
0 0.1849
0 0.20833
0.0026042 0.23177
0.013021 0.25521
0.028646 0.27344
0.033854 0.27865
# triangles
91 92 93
2 98 100
98 99 100
91 93 94
89 90 94
90 91 94
101 102 103
1 2 100
1 100 101
101 103 104
1 101 104
0 1 104
42 43 44
85 96 97
5 97 98
85 95 96
38 39 40
8 9 81
10 71 80
71 79 80
9 10 80
9 80 81
8 82 83
8 81 82
33 55 56
33 34 55
28 29 59
42 44 45
41 42 45
40 41 45
40 45 46
2 4 98
4 5 98
7 8 83
6 7 83
84 85 97
5 84 97
5 6 84
6 83 84
85 88 95
88 89 94
88 94 95
37 40 46
37 38 40
19 20 68
19 68 69
18 19 69
17 18 69
10 11 71
11 17 71
20 67 68
20 21 67
22 23 65
13 14 17
14 16 17
14 15 16
32 33 56
28 59 60
29 30 59
32 56 57
31 32 57
2 3 4
85 86 88
86 87 88
17 70 71
17 69 70
71 78 79
72 73 76
12 13 17
11 12 17
22 65 66
21 66 67
21 22 66
24 63 64
23 64 65
23 24 64
25 62 63
24 25 63
47 48 49
46 47 49
46 49 50
37 46 50
36 37 50
34 51 55
51 52 55
71 77 78
71 72 77
72 76 77
52 53 55
53 54 55
73 74 76
74 75 76
30 58 59
30 31 58
31 57 58
26 61 62
25 26 62
34 35 51
35 36 50
35 50 51
26 27 61
27 60 61
27 28 60
