# points
0.23971 0.50121
0.26634 0.51574
0.29298 0.53027
0.31961 0.54237
0.34625 0.55448
0.37288 0.56659
0.39952 0.57627
0.42615 0.58596
0.45278 0.59564
0.47458 0.61501
0.49395 0.6368
0.51816 0.66102
0.54237 0.68765
0.56659 0.71429
0.5908 0.7385
0.61259 0.76271
0.63438 0.7845
0.65375 0.80872
0.67312 0.82809
0.69976 0.85472
0.72639 0.87409
0.74818 0.89104
0.7724 0.91283
0.79903 0.9322
0.82082 0.95157
0.84746 0.97337
0.87409 0.99274
0.90073 1
0.92736 0.99274
0.954 0.98547
0.98063 0.98305
0.99274 0.95884
0.97821 0.93705
0.9661 0.92494
0.98547 0.91041
0.9661 0.89346
0.94673 0.87893
0.92252 0.87167
0.90799 0.8523
0.88136 0.84746
0.86199 0.82567
0.84019 0.83777
0.81598 0.83777
0.78935 0.83535
0.76513 0.81598
0.74334 0.79177
0.72397 0.76755
0.70702 0.74334
0.68523 0.71913
0.66586 0.69492
0.64165 0.66828
0.61985 0.64407
0.60291 0.61743
0.59806 0.5908
0.60775 0.56416
0.60291 0.53753
0.5908 0.5109
0.58596 0.48426
0.58596 0.45763
0.58596 0.43099
0.58354 0.40436
0.58354 0.37772
0.58111 0.35109
0.57627 0.32446
0.56901 0.29782
0.5569 0.27119
0.54722 0.24455
0.53753 0.21792
0.52542 0.19128
0.50847 0.16465
0.49153 0.13801
0.46973 0.1138
0.45036 0.089588
0.42373 0.065375
0.39952 0.046005
0.37288 0.029056
0.34625 0.016949
0.31961 0.0096852
0.29298 0.0024213
0.26634 0
0.23971 0
0.21308 0.0024213
0.18644 0.0096852
0.15981 0.014528
0.13317 0.029056
0.10654 0.043584
0.084746 0.062954
0.062954 0.084746
0.041162 0.11138
0.024213 0.13801
0.0096852 0.16465
0.0024213 0.19128
0 0.21792
0.0024213 0.24455
0.0096852 0.27119
0.021792 0.29782
0.03632 0.32446
0.053269 0.34867
0.077482 0.3753
0.099274 0.39952
0.12107 0.41889
0.1477 0.44068
0.17433 0.46005
0.20097 0.477
0.2276 0.49395
0.23971 0.50121
# triangles
30 31 32
29 30 32
71 100 101
63 64 65
89 90 91
89 94 95
88 89 95
89 91 92
88 95 96
26 27 28
77 99 100
77 98 99
77 78 79
71 73 100
69 70 71
3 4 61
3 63 65
0 66 104
67 69 103
66 67 104
67 103 104
89 92 93
89 93 94
87 96 97
87 88 96
87 97 98
86 87 98
80 81 82
77 82 98
75 76 77
74 77 100
73 74 100
74 75 77
71 72 73
3 61 62
3 62 63
0 1 66
1 65 66
8 56 57
5 6 59
7 8 57
8 9 56
67 68 69
71 101 102
69 71 102
69 102 103
26 28 37
25 26 37
84 86 98
82 84 98
84 85 86
82 83 84
2 3 65
1 2 65
6 58 59
6 7 58
7 57 58
4 5 60
5 59 60
4 60 61
11 12 52
12 51 52
15 16 48
28 33 37
29 32 33
28 29 33
33 34 35
9 55 56
12 13 51
11 52 53
53 54 55
9 53 55
16 17 47
16 47 48
14 15 49
15 48 49
24 25 37
19 20 44
20 43 44
23 41 42
22 23 42
22 42 43
10 11 53
9 10 53
33 36 37
33 35 36
17 18 46
17 46 47
14 49 50
13 14 50
13 50 51
37 38 39
24 37 39
39 40 41
23 39 41
23 24 39
21 22 43
20 21 43
18 19 45
18 45 46
19 44 45
77 79 82
79 80 82
