# points
0 0.33903
0.005698 0.36182
0.019943 0.38462
0.037037 0.40741
0.05698 0.4245
0.079772 0.4359
0.10256 0.44444
0.12536 0.45299
0.14815 0.45584
0.17094 0.45584
0.19373 0.45584
0.21652 0.45014
0.23932 0.44444
0.26211 0.4416
0.2849 0.44729
0.30484 0.46439
0.32764 0.48433
0.35043 0.50142
0.37322 0.50997
0.39601 0.51567
0.4188 0.51282
0.4416 0.50712
0.46439 0.49003
0.48433 0.46724
0.50712 0.47578
0.52991 0.48433
0.55271 0.49288
0.5755 0.50427
0.59829 0.51282
0.62108 0.52422
0.64387 0.53276
0.66667 0.54416
0.68946 0.55271
0.71225 0.56125
0.73504 0.57265
0.75783 0.5812
0.78063 0.58974
0.80057 0.60399
0.81197 0.62108
0.83191 0.62393
0.85185 0.63533
0.86895 0.64672
0.89174 0.64672
0.89744 0.66952
0.92023 0.67806
0.94017 0.66382
0.94302 0.64103
0.94302 0.61823
0.95442 0.59544
0.97151 0.57835
0.98291 0.55556
0.99145 0.53276
1 0.50997
0.99145 0.49003
0.96866 0.48433
0.95157 0.46724
0.92877 0.46439
0.92023 0.45869
0.89744 0.45869
0.87749 0.44444
0.85755 0.45014
0.8433 0.46154
0.82051 0.45299
0.79772 0.43875
0.77493 0.4302
0.75499 0.4188
0.73219 0.40741
0.7094 0.39601
0.68661 0.38746
0.66382 0.37607
0.64103 0.36467
0.61823 0.35613
0.59544 0.34473
0.5755 0.33333
0.5755 0.31054
0.5641 0.29345
0.56695 0.27066
0.56125 0.24786
0.55271 0.22507
0.53561 0.20228
0.51282 0.18519
0.49003 0.17664
0.46724 0.17094
0.44444 0.16524
0.42165 0.15954
0.40171 0.1453
0.38746 0.12251
0.37607 0.099715
0.35897 0.076923
0.34188 0.05698
0.31909 0.037037
0.2963 0.019943
0.2735 0.008547
0.25071 0.002849
0.22792 0
0.20513 0
0.18234 0.002849
0.15954 0.014245
0.13675 0.031339
0.11396 0.054131
0.096866 0.076923
0.082621 0.099715
0.068376 0.12251
0.054131 0.1453
0.034188 0.1567
0.034188 0.17949
0.031339 0.19943
0.022792 0.22222
0.014245 0.24501
0.005698 0.26781
0.002849 0.2906
0 0.31339
0 0.33618
0 0.33903
# triangles
3 4 5
95 96 97
0 1 112
2 3 5
2 111 112
1 2 112
42 46 47
42 44 45
42 45 46
91 92 93
23 73 75
108 109 110
2 5 110
2 110 111
15 16 23
42 43 44
6 7 8
5 6 110
6 108 110
93 94 98
94 95 98
95 97 98
75 76 77
73 74 75
30 31 66
36 61 62
36 37 61
25 72 73
16 18 23
103 104 105
103 105 106
12 106 107
12 103 106
75 81 82
75 77 81
30 66 67
27 28 70
28 69 70
77 78 79
79 80 81
77 79 81
35 36 62
34 35 62
31 32 66
34 62 63
58 59 60
58 60 61
37 39 61
39 48 58
39 58 61
37 38 39
23 24 73
24 25 73
25 26 72
18 22 23
16 17 18
11 12 107
28 68 69
28 29 68
30 67 68
29 30 68
26 71 72
27 70 71
26 27 71
50 51 54
51 52 54
52 53 54
48 56 58
56 57 58
48 49 56
49 50 56
50 54 56
54 55 56
34 63 64
39 40 48
40 42 47
40 47 48
40 41 42
20 21 22
18 20 22
18 19 20
9 107 108
9 11 107
6 8 9
6 9 108
12 13 103
13 85 103
88 100 101
86 101 102
86 88 101
75 82 83
23 75 83
33 34 64
32 65 66
32 33 65
33 64 65
9 10 11
88 89 100
86 87 88
13 14 85
14 15 23
14 23 83
90 98 99
90 99 100
89 90 100
90 91 93
90 93 98
14 84 85
14 83 84
85 86 103
86 102 103
