# points
0.0301 0.24415
0.046823 0.26087
0.070234 0.28094
0.093645 0.29431
0.11706 0.30769
0.14047 0.31104
0.16388 0.31438
0.18729 0.31773
0.2107 0.31438
0.23411 0.30769
0.25753 0.29766
0.28094 0.28428
0.301 0.26421
0.32441 0.26756
0.34783 0.27425
0.37124 0.28428
0.39465 0.29431
0.41806 0.301
0.44147 0.30769
0.46488 0.31773
0.48829 0.32776
0.51171 0.33445
0.53512 0.34448
0.55853 0.35117
0.58194 0.3612
0.60535 0.37124
0.62876 0.37793
0.64548 0.3913
0.64883 0.41137
0.67224 0.41472
0.68227 0.39799
0.699 0.39465
0.72241 0.40134
0.74582 0.41137
0.76923 0.41806
0.79264 0.42475
0.81605 0.43478
0.83946 0.44147
0.86288 0.45485
0.88294 0.46823
0.90635 0.46488
0.92977 0.47826
0.95318 0.48161
0.97659 0.47157
1 0.45819
1 0.43478
0.98328 0.41137
0.97993 0.3913
0.95652 0.38462
0.9398 0.39799
0.92308 0.39465
0.9097 0.37458
0.88629 0.37793
0.87291 0.3913
0.8495 0.38796
0.82609 0.38127
0.80268 0.37124
0.77926 0.3612
0.75585 0.35452
0.73244 0.34448
0.70903 0.33445
0.68562 0.32776
0.66221 0.31773
0.6388 0.30769
0.61538 0.301
0.59197 0.29097
0.56856 0.28094
0.54515 0.27425
0.52174 0.26421
0.49833 0.25418
0.47492 0.24749
0.45151 0.23746
0.42809 0.22742
0.40803 0.20736
0.3913 0.18729
0.36789 0.1806
0.34783 0.16722
0.35117 0.14381
0.34114 0.12375
0.32776 0.10702
0.32776 0.083612
0.31104 0.070234
0.29766 0.060201
0.29097 0.040134
0.26756 0.033445
0.25753 0.020067
0.23746 0.010033
0.21405 0.010033
0.19398 0
0.17057 0.0033445
0.14716 0.0033445
0.12709 0.006689
0.10368 0.010033
0.080268 0.020067
0.060201 0.036789
0.043478 0.050167
0.026756 0.070234
0.016722 0.090301
0.006689 0.11037
0 0.13378
0 0.15719
0.0033445 0.1806
0.010033 0.20401
0.020067 0.22742
0.0301 0.24415
# triangles
87 88 89
98 99 100
1 102 103
0 1 103
97 101 102
97 100 101
97 98 100
95 96 97
1 97 102
92 93 94
94 95 97
1 94 97
3 89 91
89 90 91
2 3 91
1 2 91
1 91 94
91 92 94
41 42 49
25 26 63
25 63 64
46 47 48
46 48 49
42 43 49
43 46 49
43 45 46
43 44 45
40 41 49
40 49 50
24 25 64
27 28 29
27 29 30
5 6 87
3 5 89
5 87 89
6 84 87
84 86 87
10 79 82
6 82 84
76 77 78
76 78 79
20 21 68
17 18 71
12 13 76
12 76 79
10 12 79
26 27 61
27 30 61
23 65 66
23 24 65
24 64 65
40 50 53
33 34 57
31 59 60
31 32 59
30 31 61
31 60 61
3 4 5
84 85 86
9 10 82
6 9 82
6 8 9
22 23 66
21 67 68
22 66 67
21 22 67
6 7 8
10 11 12
26 62 63
26 61 62
36 37 54
37 53 54
50 51 52
50 52 53
33 57 58
32 58 59
32 33 58
79 80 81
79 81 82
82 83 84
20 68 69
19 20 69
14 15 73
15 16 72
15 72 73
17 71 72
16 17 72
36 54 55
35 36 55
37 38 53
38 39 40
38 40 53
18 19 70
19 69 70
18 70 71
13 75 76
13 14 75
14 73 75
73 74 75
35 55 56
34 56 57
34 35 56
