# points
0.025723 0.30868
0.048232 0.32797
0.07074 0.34084
0.093248 0.3537
0.11576 0.36334
0.13826 0.36977
0.16077 0.37299
0.18328 0.37299
0.20579 0.36977
0.2283 0.36656
0.2508 0.36656
0.27331 0.37942
0.28939 0.39228
0.30547 0.40836
0.32797 0.42765
0.35048 0.44051
0.37299 0.44695
0.3955 0.44695
0.41801 0.44695
0.44051 0.4373
0.45981 0.42122
0.4791 0.41801
0.50161 0.42765
0.52412 0.4373
0.54662 0.45016
0.56913 0.46302
0.59164 0.47267
0.61415 0.48232
0.63666 0.49518
0.65916 0.50482
0.68167 0.51447
0.70418 0.52733
0.72669 0.53698
0.7492 0.54984
0.7717 0.55949
0.79421 0.5627
0.8135 0.57878
0.83601 0.58199
0.85531 0.59486
0.87138 0.6045
0.89389 0.60772
0.9164 0.61415
0.93569 0.60772
0.9582 0.60129
0.98071 0.59486
1 0.58521
1 0.5627
0.98714 0.54984
0.97428 0.53055
0.95498 0.5209
0.93248 0.51447
0.90997 0.50804
0.88746 0.50161
0.86817 0.49196
0.84566 0.48553
0.82637 0.49196
0.8135 0.50482
0.791 0.50161
0.76849 0.48875
0.74598 0.47588
0.72347 0.46302
0.70096 0.45338
0.67846 0.44051
0.65595 0.42765
0.63344 0.41479
0.61093 0.40514
0.58842 0.39228
0.56592 0.37942
0.54341 0.36977
0.52733 0.3537
0.51768 0.33119
0.5209 0.30868
0.52412 0.28617
0.52412 0.26367
0.51768 0.24116
0.50804 0.21865
0.49196 0.19936
0.46945 0.1865
0.44695 0.17685
0.42444 0.17042
0.40193 0.1672
0.37942 0.16399
0.35691 0.14791
0.34084 0.1254
0.33119 0.10289
0.31511 0.080386
0.29904 0.057878
0.27974 0.038585
0.25723 0.022508
0.23473 0.012862
0.21222 0.0032154
0.18971 0
0.1672 0
0.14469 0
0.12219 0.0064309
0.10289 0.019293
0.080386 0.038585
0.064309 0.061093
0.048232 0.083601
0.03537 0.10611
0.025723 0.12862
0.016077 0.15113
0.0096463 0.17363
0.0032154 0.19614
0 0.21865
0 0.24116
0.0032154 0.26367
0.012862 0.28617
0.025723 0.30868
0.025723 0.30868
# triangles
105 106 107
44 45 46
0 1 107
92 96 97
85 98 99
85 99 100
83 85 100
85 97 98
92 95 96
93 94 95
92 93 95
44 46 47
43 47 48
43 44 47
2 105 107
1 2 107
2 104 105
2 103 104
8 83 100
4 8 101
8 100 101
10 81 82
10 11 81
11 12 81
75 76 77
43 48 49
89 91 92
89 92 97
83 84 85
2 102 103
2 3 102
4 101 102
3 4 102
12 80 81
17 19 20
17 18 19
8 9 83
9 82 83
9 10 82
71 79 80
12 71 80
22 68 69
74 75 77
36 37 56
37 53 56
42 43 49
40 41 42
85 86 97
86 89 97
89 90 91
15 16 17
13 14 20
14 17 20
14 15 17
27 28 63
25 65 66
22 23 68
24 25 66
53 54 55
53 55 56
71 78 79
21 22 69
13 20 70
20 21 70
21 69 70
12 13 70
12 70 71
72 74 77
72 77 78
71 72 78
72 73 74
37 52 53
4 5 8
27 63 64
25 26 65
26 64 65
26 27 64
35 36 56
32 33 58
30 31 60
30 60 61
29 30 61
23 67 68
24 66 67
23 24 67
37 38 52
38 51 52
39 40 51
38 39 51
86 87 89
87 88 89
32 58 59
31 32 59
31 59 60
33 34 57
33 57 58
35 56 57
34 35 57
29 61 62
28 62 63
28 29 62
42 49 50
40 42 50
40 50 51
5 6 7
5 7 8
