# points
0.016779 0.33557
0.033557 0.35906
0.050336 0.37584
0.067114 0.38926
0.090604 0.39933
0.11409 0.41275
0.13758 0.41611
0.16107 0.42282
0.18456 0.42282
0.20805 0.41946
0.23154 0.41611
0.25503 0.4094
0.27852 0.41275
0.30201 0.42282
0.3255 0.4396
0.34899 0.45638
0.37248 0.4698
0.39597 0.47651
0.41946 0.47987
0.44295 0.48322
0.46644 0.49329
0.48993 0.50336
0.51342 0.51342
0.53691 0.52013
0.5604 0.5302
0.58389 0.54027
0.60738 0.55034
0.63087 0.5604
0.65436 0.57047
0.67785 0.58054
0.70134 0.5906
0.72483 0.60067
0.74832 0.61074
0.77181 0.62081
0.78523 0.63423
0.80872 0.63758
0.83221 0.64094
0.85235 0.65101
0.87584 0.65436
0.89597 0.66443
0.91946 0.66779
0.9396 0.66443
0.95638 0.64094
0.96644 0.61745
0.98322 0.59732
0.99664 0.57383
1 0.55034
0.97987 0.53691
0.96309 0.52013
0.94631 0.51342
0.93289 0.51342
0.91611 0.50336
0.89597 0.51007
0.88926 0.49329
0.87248 0.50671
0.84899 0.51007
0.8255 0.5
0.80201 0.48993
0.77852 0.47651
0.75503 0.46644
0.73154 0.45638
0.70805 0.44295
0.68792 0.43289
0.66443 0.42282
0.64094 0.4094
0.61745 0.39933
0.59396 0.38926
0.57383 0.37919
0.55705 0.36242
0.54698 0.33893
0.55369 0.31544
0.55705 0.29195
0.55369 0.26846
0.55369 0.24497
0.54362 0.22148
0.5302 0.2047
0.50671 0.18792
0.48322 0.17785
0.45973 0.1745
0.43624 0.17114
0.41275 0.16443
0.38926 0.14765
0.37584 0.12416
0.36242 0.10067
0.34564 0.077181
0.3255 0.060403
0.31208 0.043624
0.29195 0.026846
0.26846 0.013423
0.24832 0.0033557
0.22483 0
0.20134 0
0.17785 0
0.15436 0.0033557
0.13087 0.013423
0.11074 0.030201
0.087248 0.04698
0.063758 0.07047
0.04698 0.09396
0.036913 0.11745
0.026846 0.14094
0.013423 0.15772
0.0067114 0.18121
0.010067 0.20134
0.0033557 0.22483
0 0.24832
0 0.27181
0.0033557 0.29195
0.0067114 0.31544
0.016779 0.33557
# triangles
100 101 103
13 14 79
11 100 103
88 90 91
105 106 107
0 107 108
0 1 107
4 103 104
88 89 90
45 46 47
96 97 99
97 98 99
101 102 103
72 74 75
11 82 100
70 72 78
92 93 95
91 92 95
93 94 95
2 3 4
2 4 107
1 2 107
9 11 103
44 45 47
40 41 42
39 40 42
24 25 65
70 71 72
14 69 79
69 70 78
69 78 79
85 99 100
82 85 100
85 95 96
85 96 99
85 91 95
85 88 91
11 81 82
11 12 81
72 75 76
72 76 78
4 6 103
6 9 103
4 5 6
9 10 11
28 60 61
27 61 62
27 28 61
72 73 74
27 62 63
43 44 50
44 47 50
48 49 50
47 48 50
24 65 66
26 27 63
25 26 63
12 13 80
12 80 81
13 79 80
85 87 88
29 30 60
28 29 60
33 34 35
33 56 57
32 33 57
31 57 58
31 32 57
30 59 60
30 31 59
31 58 59
25 64 65
25 63 64
35 36 55
36 54 55
33 55 56
33 35 55
50 51 52
43 50 52
36 52 54
14 15 69
15 17 69
18 19 69
17 18 69
23 24 66
19 68 69
82 83 85
83 84 85
85 86 87
52 53 54
38 43 52
36 37 38
36 38 52
38 42 43
38 39 42
15 16 17
6 8 9
6 7 8
19 20 68
22 23 67
23 66 67
76 77 78
21 22 67
20 21 68
21 67 68
4 104 105
4 105 107
