# points
0.13228 0.50236
0.15118 0.52126
0.16063 0.53858
0.17638 0.55748
0.1811 0.5811
0.17638 0.60472
0.17008 0.62835
0.1622 0.65197
0.15276 0.67559
0.14488 0.69921
0.13701 0.72283
0.12913 0.74646
0.12126 0.77008
0.11339 0.7937
0.10551 0.81732
0.097638 0.84094
0.080315 0.85827
0.062992 0.85354
0.04252 0.86299
0.03622 0.87874
0.020472 0.89449
0.007874 0.90866
0.007874 0.93071
0.0062992 0.94803
0 0.97008
0.017323 0.98583
0.040945 0.99213
0.064567 1
0.083465 0.9937
0.094488 0.97323
0.10551 0.94961
0.11811 0.92598
0.12913 0.90551
0.14173 0.88189
0.15433 0.85827
0.1622 0.83465
0.17165 0.8126
0.1811 0.78898
0.19055 0.76535
0.2 0.74173
0.20945 0.71811
0.2189 0.69449
0.22835 0.67087
0.23622 0.64724
0.24724 0.62362
0.25669 0.6
0.26457 0.57638
0.28819 0.57638
0.31181 0.57165
0.33543 0.55906
0.35748 0.53858
0.37165 0.51654
0.3811 0.49291
0.3811 0.46929
0.37953 0.44567
0.38425 0.42205
0.3937 0.39843
0.4063 0.3748
0.4252 0.35118
0.44567 0.33071
0.46772 0.31339
0.48661 0.29606
0.50394 0.27402
0.51811 0.25039
0.53071 0.22677
0.53858 0.20315
0.54016 0.17953
0.54016 0.15591
0.53543 0.13228
0.52756 0.10866
0.51181 0.085039
0.48976 0.064567
0.46614 0.048819
0.44252 0.034646
0.42835 0.022047
0.41732 0.0062992
0.40315 0.017323
0.37953 0.007874
0.35591 0.0031496
0.33228 0
0.30866 0
0.28504 0.0015748
0.26142 0.0094488
0.2378 0.020472
0.21575 0.034646
0.19528 0.053543
0.17795 0.075591
0.16535 0.099213
0.15748 0.12283
0.15276 0.14646
0.15433 0.17008
0.15906 0.1937
0.16535 0.21732
0.17008 0.24094
0.17008 0.26457
0.16378 0.28819
0.15433 0.31181
0.14016 0.33543
0.12283 0.35906
0.11181 0.3811
0.10551 0.40472
0.10394 0.42835
0.10709 0.45197
0.11496 0.47559
0.13071 0.49921
0.13228 0.50236
# triangles
58 93 94
74 75 76
73 74 76
68 69 70
66 68 71
68 70 71
23 24 25
63 64 66
57 58 94
78 79 92
76 77 78
76 78 92
58 59 93
59 92 93
59 76 92
62 72 73
62 63 72
66 71 72
63 66 72
66 67 68
20 21 22
23 25 26
64 65 66
55 96 97
54 55 97
1 54 97
60 73 76
59 60 76
60 62 73
57 94 95
101 102 104
102 103 104
46 50 53
1 46 54
46 53 54
79 80 92
80 91 92
80 83 91
56 57 95
55 56 96
56 95 96
0 1 104
9 10 39
9 39 40
16 17 19
17 18 19
80 81 82
80 82 83
85 86 91
83 85 91
100 101 104
99 100 104
98 99 104
1 97 98
1 98 104
50 51 53
51 52 53
60 61 62
1 2 46
2 3 46
47 48 49
46 47 50
47 49 50
4 5 44
4 44 45
3 4 46
4 45 46
5 43 44
83 84 85
86 87 91
87 88 91
88 89 90
88 90 91
10 38 39
8 9 40
5 6 43
6 7 42
6 42 43
10 11 38
16 19 31
16 31 32
7 41 42
7 8 41
8 40 41
14 15 34
12 13 36
19 20 30
19 30 31
20 22 30
15 33 34
16 32 33
15 16 33
14 34 35
13 35 36
13 14 35
11 37 38
11 12 37
12 36 37
22 23 29
22 29 30
23 26 29
27 28 29
26 27 29
