# points
0.030233 0.35581
0.044186 0.37907
0.065116 0.40233
0.083721 0.42326
0.10233 0.43953
0.12791 0.45581
0.15349 0.46977
0.17907 0.48372
0.20465 0.4907
0.23023 0.49535
0.25581 0.5
0.2814 0.50465
0.30698 0.50233
0.33256 0.5
0.35814 0.49767
0.3814 0.48372
0.40698 0.47209
0.43256 0.46744
0.45814 0.4814
0.48372 0.49535
0.5093 0.5093
0.53488 0.52326
0.56047 0.53721
0.58605 0.55349
0.61163 0.56744
0.63721 0.5814
0.66279 0.59535
0.68837 0.6093
0.71395 0.62326
0.73721 0.62791
0.76279 0.64651
0.77907 0.66512
0.80465 0.66744
0.8186 0.67674
0.84419 0.67907
0.86047 0.68837
0.88605 0.6907
0.90465 0.70465
0.93023 0.7093
0.95581 0.70233
0.97907 0.6814
0.99767 0.65814
1 0.63256
0.98837 0.6093
0.97907 0.5907
0.96512 0.57442
0.94186 0.57674
0.92093 0.56512
0.89535 0.56512
0.87442 0.55116
0.85349 0.54884
0.82791 0.54419
0.8093 0.56279
0.78372 0.56744
0.75814 0.56279
0.73256 0.54651
0.7093 0.53023
0.68372 0.51395
0.65814 0.49767
0.63256 0.4814
0.60698 0.46512
0.5814 0.44884
0.55581 0.43023
0.53488 0.40465
0.53256 0.37907
0.52093 0.35581
0.51395 0.33256
0.52093 0.30698
0.5093 0.28837
0.51628 0.26279
0.52558 0.23721
0.51628 0.2186
0.50233 0.20465
0.49302 0.17907
0.49302 0.15349
0.47442 0.14419
0.45581 0.1186
0.43721 0.095349
0.42791 0.072093
0.40465 0.069767
0.37907 0.051163
0.35349 0.039535
0.34186 0.02093
0.32093 0.025581
0.29535 0.018605
0.26977 0.013953
0.24419 0.011628
0.22791 0
0.2093 0.013953
0.18372 0.016279
0.16047 0.016279
0.13953 0.011628
0.12093 0.027907
0.10465 0.048837
0.081395 0.05814
0.065116 0.074419
0.04186 0.086047
0.027907 0.10698
0.016279 0.12791
0.013953 0.15349
0.0023256 0.17907
0.0023256 0.20465
0 0.23023
0 0.25581
0.0023256 0.2814
0.0069767 0.30698
0.016279 0.33256
0.030233 0.35581
# triangles
3 4 5
81 83 84
90 91 92
90 92 93
93 101 102
0 105 106
26 56 57
41 42 43
40 41 43
81 82 83
32 34 52
93 99 101
99 100 101
0 104 105
88 93 102
0 88 102
0 1 2
0 2 88
2 81 84
2 3 5
2 5 81
18 19 63
17 18 63
23 24 59
76 77 79
77 78 79
6 7 8
5 6 81
6 79 81
9 10 68
9 76 79
6 8 9
6 9 79
26 27 56
30 31 32
27 55 56
24 58 59
20 21 61
40 43 46
79 80 81
43 44 46
44 45 46
9 75 76
9 68 75
68 69 72
46 47 48
93 94 95
93 95 99
0 102 103
0 103 104
89 90 93
88 89 93
86 87 88
13 14 15
21 22 61
32 33 34
25 26 57
24 25 58
25 57 58
10 11 12
12 13 15
10 12 68
12 15 68
29 30 53
32 52 53
30 32 53
27 28 55
66 67 68
20 61 62
19 62 63
19 20 62
69 70 71
69 71 72
68 72 73
68 73 75
73 74 75
50 51 52
34 50 52
34 48 50
36 46 48
36 40 46
34 36 48
36 39 40
36 38 39
36 37 38
95 96 97
97 98 99
95 97 99
85 86 88
2 84 85
2 85 88
16 17 66
15 16 68
16 66 68
22 60 61
23 59 60
22 23 60
34 35 36
28 29 54
28 54 55
29 53 54
17 65 66
17 63 65
63 64 65
48 49 50
