# points
0.033557 0.50336
0.033557 0.52349
0.053691 0.5302
0.073826 0.53691
0.09396 0.5302
0.11409 0.51007
0.12752 0.48993
0.14765 0.48322
0.16107 0.50336
0.16107 0.52349
0.16107 0.54362
0.16107 0.56376
0.16107 0.58389
0.16107 0.60403
0.16107 0.62416
0.16107 0.6443
0.16107 0.66443
0.16107 0.68456
0.16107 0.7047
0.16107 0.72483
0.16107 0.74497
0.16107 0.7651
0.16107 0.78523
0.16107 0.80537
0.16107 0.8255
0.16107 0.84564
0.16107 0.86577
0.16107 0.88591
0.16107 0.90604
0.1745 0.92617
0.18121 0.94631
0.18792 0.96644
0.20134 0.98658
0.22148 1
0.24161 1
0.25503 0.98658
0.24161 0.96644
0.2349 0.94631
0.2349 0.92617
0.2349 0.90604
0.22819 0.88591
0.22148 0.86577
0.22148 0.84564
0.22148 0.8255
0.22148 0.80537
0.22148 0.78523
0.22148 0.7651
0.22148 0.74497
0.22148 0.72483
0.22148 0.7047
0.22819 0.68456
0.22819 0.66443
0.22819 0.6443
0.22819 0.62416
0.22819 0.60403
0.22819 0.58389
0.22819 0.56376
0.22819 0.54362
0.24161 0.52349
0.26174 0.52349
0.28188 0.51678
0.30201 0.50336
0.32215 0.48322
0.32886 0.46309
0.32886 0.44295
0.32886 0.42282
0.32215 0.40268
0.30872 0.38255
0.30201 0.36242
0.2953 0.34228
0.2953 0.32215
0.2953 0.30201
0.30201 0.28188
0.32215 0.26174
0.33557 0.24161
0.34899 0.22148
0.3557 0.20134
0.36242 0.18121
0.36913 0.16107
0.37584 0.14094
0.37584 0.12081
0.37584 0.10067
0.36913 0.080537
0.36242 0.060403
0.34899 0.040268
0.32886 0.020134
0.30872 0.0067114
0.28859 0
0.26846 0.0067114
0.24832 0
0.22819 0
0.20805 0
0.18792 0
0.16779 0
0.14765 0
0.12752 0
0.10738 0
0.087248 0.0067114
0.067114 0.013423
0.04698 0.026846
0.026846 0.04698
0.013423 0.067114
0 0.087248
0 0.10738
0 0.12752
0 0.14765
0 0.16779
0 0.18792
0.013423 0.20805
0.020134 0.22819
0.033557 0.24832
0.053691 0.26174
0.073826 0.28188
0.080537 0.30201
0.080537 0.32215
0.080537 0.34228
0.073826 0.36242
0.060403 0.38255
0.060403 0.40268
0.04698 0.42282
0.040268 0.44295
0.040268 0.46309
0.033557 0.48322
0.033557 0.50336
0.033557 0.50336
# triangles
78 79 80
78 80 88
80 81 82
80 82 88
84 85 88
82 83 84
82 84 88
86 87 88
85 86 88
92 93 112
94 108 111
93 94 111
93 111 112
94 105 108
108 109 111
109 110 111
77 78 88
88 89 90
77 88 90
76 90 91
76 77 90
74 91 92
74 76 91
74 75 76
97 98 99
97 99 100
106 107 108
105 106 108
5 121 122
61 62 63
72 92 112
72 74 92
72 73 74
95 96 97
101 102 103
100 101 104
97 100 104
101 103 104
95 97 104
7 69 115
4 5 122
2 3 4
0 1 2
0 2 4
0 4 122
30 31 37
31 32 37
7 8 58
7 58 67
116 117 118
7 116 118
7 115 116
7 68 69
7 67 68
6 118 119
6 7 118
6 119 120
6 120 121
5 6 121
33 34 36
34 35 36
32 33 36
32 36 37
29 38 39
29 30 38
30 37 38
9 10 57
8 9 57
8 57 58
58 60 61
17 49 50
17 18 49
58 59 60
29 39 40
28 29 40
27 28 40
61 63 64
58 61 64
64 65 66
58 64 67
64 66 67
26 27 41
27 40 41
71 72 113
72 112 113
94 95 104
94 104 105
71 113 114
70 71 114
69 114 115
69 70 114
22 45 46
21 22 46
13 53 54
13 14 53
10 11 57
11 56 57
14 15 53
15 52 53
11 55 56
11 12 55
13 54 55
12 13 55
20 21 46
20 46 47
22 44 45
22 23 44
23 24 44
24 43 44
18 19 49
19 48 49
19 20 47
19 47 48
15 51 52
15 16 51
17 50 51
16 17 51
24 42 43
24 25 42
25 26 42
26 41 42
