# points
0.83756 0.49239
0.83249 0.51777
0.81726 0.54315
0.81726 0.5533
0.84264 0.54315
0.86802 0.52792
0.8934 0.51269
0.91878 0.48731
0.93909 0.46701
0.94924 0.44162
0.95939 0.41624
0.96954 0.39086
0.97462 0.36548
0.98477 0.3401
0.98985 0.31472
0.99492 0.28934
0.99492 0.26396
0.99492 0.23858
0.99492 0.2132
0.98477 0.18782
0.97462 0.16244
0.98477 0.14721
1 0.13706
1 0.11168
1 0.086294
1 0.060914
1 0.035533
1 0.010152
0.98477 0
0.95939 0
0.93401 0
0.90863 0
0.88325 0
0.85787 0
0.83249 0
0.80711 0
0.7868 0.0050761
0.7868 0.030457
0.7868 0.055838
0.7868 0.081218
0.7868 0.1066
0.7868 0.13198
0.79695 0.14721
0.81218 0.15736
0.80203 0.18274
0.77665 0.18782
0.75127 0.18782
0.72589 0.18782
0.70051 0.18782
0.67513 0.18782
0.64975 0.18782
0.62437 0.18782
0.59898 0.18782
0.5736 0.18782
0.54822 0.18782
0.52284 0.18782
0.49746 0.18782
0.47208 0.18782
0.4467 0.18782
0.42132 0.18782
0.39594 0.18782
0.37056 0.18782
0.34518 0.18782
0.3198 0.18782
0.29442 0.18782
0.26904 0.18782
0.24365 0.18782
0.21827 0.18782
0.19289 0.18782
0.16751 0.18782
0.14213 0.18782
0.11675 0.18782
0.091371 0.18782
0.06599 0.18782
0.040609 0.18782
0.015228 0.18782
0 0.19797
0 0.22335
0 0.24873
0 0.27411
0.010152 0.28934
0.035533 0.28934
0.060914 0.28934
0.086294 0.28934
0.11168 0.28934
0.13706 0.28934
0.16244 0.28934
0.18782 0.28934
0.2132 0.28934
0.23858 0.28934
0.26396 0.28934
0.28934 0.28934
0.31472 0.28934
0.3401 0.28934
0.36548 0.28934
0.39086 0.28934
0.41624 0.28934
0.44162 0.28934
0.46701 0.28934
0.49239 0.28934
0.51777 0.28934
0.54315 0.28934
0.56853 0.28934
0.59391 0.28934
0.61929 0.28934
0.64467 0.28934
0.67005 0.28934
0.69543 0.28934
0.72081 0.28934
0.74619 0.28934
0.77157 0.28934
0.79695 0.28934
0.81218 0.31472
0.82741 0.3401
0.84264 0.36548
0.84772 0.39086
0.85279 0.41624
0.85279 0.44162
0.84772 0.46701
0.83756 0.49239
0.83756 0.49239
# triangles
74 78 82
0 5 6
74 75 77
75 76 77
74 77 78
78 81 82
78 79 81
79 80 81
8 9 117
33 34 38
35 36 37
34 35 37
34 37 38
59 60 96
61 62 94
71 72 84
14 15 113
17 19 44
17 44 111
19 20 44
20 31 32
24 30 31
24 25 30
25 29 30
67 88 89
69 86 87
72 83 84
71 84 85
10 11 115
56 99 100
53 102 103
64 91 92
65 90 91
64 65 91
0 1 5
1 4 5
48 107 108
2 3 4
1 2 4
0 6 118
9 116 117
9 10 116
10 115 116
55 56 100
55 100 101
52 53 103
52 103 104
56 57 99
57 98 99
57 58 98
59 96 97
58 59 97
58 97 98
60 95 96
61 94 95
60 61 95
63 64 92
62 93 94
63 92 93
62 63 93
66 67 89
65 66 90
66 89 90
68 69 87
67 68 88
68 87 88
70 71 85
69 70 86
70 85 86
73 74 82
73 82 83
72 73 83
12 13 114
13 14 114
14 113 114
15 112 113
17 111 112
17 18 19
20 43 44
20 32 43
49 50 106
49 106 107
48 49 107
20 21 31
21 24 31
21 23 24
21 22 23
26 28 29
26 27 28
25 26 29
50 105 106
7 117 118
7 8 117
6 7 118
54 55 101
54 101 102
53 54 102
51 52 104
50 51 105
51 104 105
15 16 112
16 17 112
32 33 39
32 39 43
33 38 39
45 46 110
44 45 111
45 110 111
47 48 108
46 109 110
47 108 109
46 47 109
39 40 43
40 42 43
40 41 42
11 12 114
11 114 115
