# points
0.26904 0.51269
0.26904 0.53807
0.26904 0.56345
0.26904 0.58883
0.26904 0.61421
0.26904 0.63959
0.26904 0.66497
0.26904 0.69036
0.26904 0.71574
0.26904 0.74112
0.26904 0.7665
0.26904 0.79188
0.24873 0.80711
0.22335 0.82234
0.19797 0.84264
0.17259 0.84772
0.14721 0.85279
0.12183 0.85279
0.096447 0.84772
0.071066 0.84264
0.045685 0.83249
0.020305 0.81726
0 0.81218
0.015228 0.83756
0.030457 0.86294
0.045685 0.88832
0.06599 0.91371
0.086294 0.93401
0.11168 0.94924
0.13706 0.95939
0.16244 0.96447
0.18782 0.97462
0.2132 0.98477
0.23858 0.98985
0.26396 0.99492
0.28934 0.99492
0.31472 0.99492
0.3401 0.99492
0.36548 0.98985
0.39086 0.9797
0.41117 0.9797
0.41624 1
0.44162 1
0.46701 1
0.49239 1
0.51777 1
0.54315 1
0.55838 0.98985
0.55838 0.96447
0.55838 0.93909
0.55838 0.91371
0.55838 0.88832
0.55838 0.86294
0.55838 0.83756
0.55838 0.81218
0.55838 0.7868
0.53299 0.7868
0.50761 0.7868
0.48223 0.7868
0.45685 0.7868
0.43147 0.7868
0.41117 0.79188
0.40609 0.81726
0.38071 0.80203
0.37056 0.78173
0.37056 0.75635
0.37056 0.73096
0.37056 0.70558
0.37056 0.6802
0.37056 0.65482
0.37056 0.62944
0.37056 0.60406
0.37056 0.57868
0.37056 0.5533
0.37056 0.52792
0.37056 0.50254
0.37056 0.47716
0.37056 0.45178
0.37056 0.4264
0.37056 0.40102
0.37056 0.37563
0.37056 0.35025
0.37056 0.32487
0.37056 0.29949
0.37056 0.27411
0.37056 0.24873
0.37056 0.22335
0.37056 0.19797
0.37056 0.17259
0.37056 0.14721
0.37056 0.12183
0.37056 0.096447
0.37056 0.071066
0.37056 0.045685
0.37056 0.020305
0.36548 0
0.3401 0
0.31472 0
0.28934 0
0.26904 0.0050761
0.26904 0.030457
0.26904 0.055838
0.26904 0.081218
0.26904 0.1066
0.26904 0.13198
0.26904 0.15736
0.26904 0.18274
0.26904 0.20812
0.26904 0.2335
0.26904 0.25888
0.26904 0.28426
0.26904 0.30964
0.26904 0.33503
0.26904 0.36041
0.26904 0.38579
0.26904 0.41117
0.26904 0.43655
0.26904 0.46193
0.26904 0.48731
0.26904 0.51269
0.26904 0.51269
# triangles
20 23 24
21 22 23
20 21 23
76 77 117
79 80 114
84 85 109
79 114 115
46 47 48
75 76 118
76 117 118
40 50 51
44 49 50
40 41 42
91 92 102
92 101 102
92 93 101
86 87 107
98 99 100
78 79 115
82 83 111
78 115 116
77 116 117
77 78 116
84 109 110
83 84 110
83 110 111
81 82 112
82 111 112
45 46 48
45 48 49
44 45 49
13 33 34
13 34 35
43 44 50
40 43 50
40 42 43
86 107 108
85 108 109
85 86 108
89 90 104
93 97 101
97 100 101
97 98 100
81 112 113
80 113 114
80 81 113
0 75 118
1 73 74
0 74 75
0 1 74
1 2 73
14 32 33
13 14 33
12 35 36
12 13 35
11 63 64
36 37 63
37 38 63
12 36 63
11 12 63
38 39 63
10 11 64
91 102 103
90 91 103
90 103 104
87 88 106
87 106 107
93 94 96
93 96 97
94 95 96
14 31 32
14 30 31
16 29 30
16 28 29
39 40 62
39 62 63
40 51 62
51 52 62
89 104 105
88 89 105
88 105 106
14 15 30
15 16 30
17 27 28
16 17 28
17 26 27
52 58 62
58 59 62
18 25 26
17 18 26
8 66 67
10 64 65
60 61 62
59 60 62
8 9 66
9 10 65
9 65 66
18 19 25
19 24 25
19 20 24
54 55 56
3 4 71
7 8 67
7 67 68
6 7 68
3 71 72
2 3 72
2 72 73
4 5 70
4 70 71
6 68 69
5 6 69
5 69 70
52 53 57
52 57 58
53 54 56
53 56 57
