# points
0.28966 0.013793
0.26207 0.027586
0.23448 0.041379
0.2069 0.062069
0.17931 0.075862
0.15172 0.096552
0.13103 0.12414
0.11034 0.15172
0.096552 0.17931
0.075862 0.2069
0.055172 0.23448
0.048276 0.26207
0.034483 0.28966
0.034483 0.31724
0.027586 0.34483
0.027586 0.37241
0.027586 0.4
0.027586 0.42759
0.027586 0.45517
0.027586 0.48276
0.027586 0.51034
0 0.51724
0 0.54483
0 0.57241
0 0.6
0 0.62759
0 0.65517
0 0.68276
0.02069 0.68966
0.048276 0.68966
0.075862 0.68966
0.10345 0.68966
0.13103 0.68966
0.15862 0.68966
0.18621 0.68966
0.21379 0.68966
0.24138 0.68966
0.26897 0.68966
0.29655 0.68966
0.32414 0.68966
0.32414 0.66207
0.32414 0.63448
0.32414 0.6069
0.32414 0.57931
0.32414 0.55172
0.32414 0.52414
0.30345 0.51724
0.29655 0.48966
0.31724 0.47586
0.34483 0.47586
0.37241 0.47586
0.4 0.47586
0.42759 0.47586
0.45517 0.47586
0.48276 0.47586
0.51034 0.47586
0.53793 0.47586
0.56552 0.47586
0.5931 0.47586
0.62069 0.47586
0.64828 0.47586
0.67586 0.47586
0.70345 0.47586
0.73103 0.47586
0.75862 0.47586
0.78621 0.47586
0.81379 0.47586
0.84138 0.47586
0.86897 0.47586
0.89655 0.47586
0.92414 0.47586
0.95172 0.47586
0.97931 0.47586
1 0.46897
1 0.44138
1 0.41379
1 0.38621
1 0.35862
1 0.33103
0.98621 0.31724
0.95862 0.31724
0.93103 0.31724
0.90345 0.31724
0.87586 0.31724
0.84828 0.31724
0.82069 0.31724
0.7931 0.31724
0.76552 0.31724
0.73793 0.31724
0.71034 0.31724
0.68276 0.31724
0.65517 0.31724
0.62759 0.31724
0.6 0.31724
0.57241 0.31724
0.54483 0.31724
0.51724 0.31724
0.48966 0.31724
0.46207 0.31724
0.43448 0.31724
0.4069 0.31724
0.37931 0.31724
0.35172 0.31724
0.32414 0.31724
0.29655 0.31724
0.28966 0.28966
0.28966 0.26207
0.29655 0.23448
0.29655 0.2069
0.30345 0.17931
0.30345 0.15172
0.31034 0.12414
0.31724 0.096552
0.32414 0.068966
0.33103 0.041379
0.34483 0.013793
0.33793 0
0.31034 0.0068966
0.28966 0.013793
# triangles
26 27 28
20 21 22
20 33 46
66 85 86
63 64 88
54 55 97
43 44 46
44 45 46
57 58 94
7 8 108
15 16 104
20 22 23
25 26 29
26 28 29
38 39 40
64 87 88
69 82 83
70 76 81
69 70 82
70 81 82
65 66 86
64 65 87
65 86 87
68 69 83
68 83 84
62 89 90
63 88 89
62 63 89
53 98 99
53 54 98
54 97 98
52 53 99
0 1 113
55 56 96
55 96 97
58 93 94
59 92 93
58 59 93
0 113 114
6 7 108
50 51 101
50 101 102
20 46 47
19 20 47
16 47 104
47 48 104
8 9 106
13 15 104
23 24 31
20 23 31
67 68 84
67 84 85
66 67 85
59 60 92
60 91 92
51 100 101
51 52 100
52 99 100
6 108 109
2 3 111
2 111 112
1 112 113
1 2 112
0 114 117
115 116 117
114 115 117
49 50 102
16 17 47
8 107 108
8 106 107
48 103 104
49 102 103
48 49 103
9 10 11
13 14 15
20 32 33
20 31 32
24 25 30
24 30 31
25 29 30
35 43 46
71 72 74
72 73 74
70 75 76
70 71 75
71 74 75
61 90 91
60 61 91
61 62 90
5 6 110
6 109 110
3 110 111
56 95 96
56 57 95
57 94 95
18 19 47
17 18 47
11 13 105
13 104 105
9 105 106
9 11 105
11 12 13
33 34 46
34 35 46
4 5 110
3 4 110
77 78 79
77 79 80
76 77 81
77 80 81
37 40 41
37 38 40
37 41 42
36 37 42
35 42 43
35 36 42
