# points
0.21395 0.52093
0.21395 0.54884
0.21395 0.57674
0.21395 0.60465
0.21395 0.63256
0.21395 0.66047
0.21395 0.68837
0.21395 0.71628
0.21395 0.74419
0.21395 0.77209
0.21395 0.8
0.18605 0.80465
0.15814 0.8
0.13023 0.8
0.10233 0.79535
0.074419 0.78605
0.046512 0.7814
0.018605 0.77209
0 0.77209
0.0093023 0.8
0.018605 0.82791
0.037209 0.85581
0.055814 0.88372
0.07907 0.91163
0.10698 0.92558
0.13488 0.94419
0.16279 0.96279
0.1907 0.97209
0.2186 0.9814
0.24651 0.9814
0.27442 0.9814
0.30233 0.9814
0.33023 0.9814
0.34884 0.99535
0.37209 1
0.4 1
0.42791 1
0.45581 1
0.46512 0.9814
0.46512 0.95349
0.46512 0.92558
0.46512 0.89767
0.46512 0.86977
0.46512 0.84186
0.46512 0.81395
0.46512 0.78605
0.44186 0.7814
0.41395 0.7814
0.38605 0.7814
0.35814 0.7814
0.34419 0.8
0.32093 0.7907
0.32093 0.76279
0.32093 0.73488
0.32093 0.70698
0.32093 0.67907
0.32093 0.65116
0.32093 0.62326
0.32093 0.59535
0.32093 0.56744
0.32093 0.53953
0.32093 0.51163
0.32093 0.48372
0.32093 0.45581
0.32093 0.42791
0.32093 0.4
0.32093 0.37209
0.32093 0.34419
0.32093 0.31628
0.32093 0.28837
0.32093 0.26047
0.32093 0.23256
0.32093 0.20465
0.32093 0.17674
0.32093 0.14884
0.32093 0.12093
0.32093 0.093023
0.32093 0.065116
0.32093 0.037209
0.32093 0.0093023
0.30233 0
0.27442 0
0.24651 0
0.2186 0
0.21395 0.023256
0.21395 0.051163
0.21395 0.07907
0.21395 0.10698
0.21395 0.13488
0.21395 0.16279
0.21395 0.1907
0.21395 0.2186
0.21395 0.24651
0.21395 0.27442
0.21395 0.30233
0.21395 0.33023
0.21395 0.35814
0.21395 0.38605
0.21395 0.41395
0.21395 0.44186
0.21395 0.46977
0.21395 0.49767
0.21395 0.52093
# triangles
82 83 84
41 42 50
32 41 50
10 30 51
16 19 20
15 16 20
11 12 24
78 79 80
78 80 81
77 78 81
42 43 50
43 48 50
48 49 50
36 37 38
32 40 41
31 32 50
31 50 51
30 31 51
10 11 27
11 26 27
17 18 19
16 17 19
14 21 22
14 15 21
15 20 21
11 25 26
11 24 25
73 74 89
43 44 47
43 47 48
8 52 53
35 36 39
35 39 40
36 38 39
10 29 30
10 27 29
61 62 101
1 59 60
7 8 53
5 6 55
3 57 58
3 4 57
74 75 88
74 88 89
68 69 94
44 45 46
44 46 47
8 9 52
9 10 51
9 51 52
32 33 34
32 34 40
34 35 40
0 60 61
0 1 60
0 61 101
1 2 59
2 3 58
2 58 59
6 54 55
6 7 54
7 53 54
12 13 24
13 23 24
13 14 22
13 22 23
4 5 56
4 56 57
5 55 56
76 77 86
67 68 95
68 94 95
69 70 93
69 93 94
27 28 29
77 81 85
77 85 86
81 82 85
82 84 85
75 87 88
75 76 87
76 86 87
66 67 96
67 95 96
70 71 92
70 92 93
65 66 97
66 96 97
72 73 90
73 89 90
64 65 98
65 97 98
71 91 92
71 72 91
72 90 91
62 63 100
62 100 101
64 98 99
63 64 99
63 99 100
