# points
0.26316 0.57895
0.2924 0.5848
0.28655 0.5614
0.27485 0.53216
0.26901 0.50292
0.26316 0.47368
0.25731 0.44444
0.25146 0.4152
0.25146 0.38596
0.24561 0.35673
0.24561 0.32749
0.26901 0.31579
0.29825 0.31579
0.32749 0.31579
0.35673 0.31579
0.38596 0.31579
0.4152 0.31579
0.44444 0.31579
0.47368 0.31579
0.50292 0.31579
0.53216 0.31579
0.5614 0.31579
0.59064 0.31579
0.61988 0.31579
0.64912 0.31579
0.67836 0.31579
0.7076 0.31579
0.73684 0.31579
0.76608 0.31579
0.79532 0.31579
0.82456 0.31579
0.8538 0.31579
0.88304 0.31579
0.91228 0.31579
0.94152 0.31579
0.97076 0.31579
1 0.31579
1 0.28655
1 0.25731
1 0.22807
1 0.19883
0.9883 0.18129
0.95906 0.18129
0.92982 0.18129
0.90058 0.18129
0.87135 0.18129
0.84211 0.18129
0.81287 0.18129
0.78363 0.18129
0.75439 0.18129
0.72515 0.18129
0.69591 0.18129
0.66667 0.18129
0.63743 0.18129
0.60819 0.18129
0.57895 0.18129
0.54971 0.18129
0.52047 0.18129
0.49123 0.18129
0.46199 0.18129
0.43275 0.18129
0.40351 0.18129
0.37427 0.18129
0.34503 0.18129
0.31579 0.18129
0.28655 0.18129
0.25731 0.18129
0.25146 0.15205
0.27485 0.14035
0.27485 0.11111
0.27485 0.081871
0.27485 0.052632
0.27485 0.023392
0.26901 0
0.23977 0
0.21053 0
0.18129 0
0.15205 0
0.12281 0
0.093567 0
0.064327 0
0.035088 0
0.005848 0
0 0.023392
0 0.052632
0 0.081871
0 0.11111
0 0.14035
0.023392 0.15205
0.023392 0.18129
0.023392 0.21053
0.023392 0.23977
0.023392 0.26901
0.023392 0.29825
0.02924 0.32749
0.040936 0.35673
0.046784 0.38596
0.070175 0.4152
0.087719 0.44444
0.10526 0.47368
0.12865 0.50292
0.15789 0.52632
0.18713 0.53801
0.21637 0.5614
0.24561 0.5731
0.26316 0.57895
# triangles
81 82 83
67 70 76
67 69 70
67 76 77
6 100 101
35 36 37
72 73 74
71 72 74
71 74 75
70 75 76
70 71 75
3 103 104
0 3 104
78 79 88
80 81 84
81 83 84
67 88 89
66 67 89
33 34 43
38 39 43
34 38 43
30 46 47
30 31 46
31 45 46
31 32 45
19 20 57
20 56 57
19 57 58
5 6 101
5 101 102
0 1 2
0 2 3
10 66 91
18 19 58
18 58 59
16 60 61
79 80 85
80 84 85
79 85 88
66 90 91
66 89 90
33 43 44
32 33 44
32 44 45
39 40 42
40 41 42
39 42 43
4 5 102
4 102 103
3 4 103
6 7 100
7 99 100
10 11 66
11 12 65
11 65 66
14 62 63
17 18 59
17 59 60
16 17 60
86 87 88
85 86 88
25 51 52
12 64 65
67 68 69
12 13 64
13 63 64
13 14 63
7 98 99
9 97 98
95 96 97
10 94 95
10 91 92
15 61 62
15 16 61
14 15 62
27 49 50
23 53 54
8 9 98
7 8 98
10 93 94
10 92 93
29 47 48
29 30 47
25 26 51
26 50 51
26 27 50
21 55 56
20 21 56
23 24 53
24 52 53
24 25 52
27 28 49
28 48 49
28 29 48
21 22 55
22 54 55
22 23 54
77 78 88
67 77 88
34 35 38
35 37 38
9 95 97
9 10 95
