# points
0.50661 0.20705
0.52863 0.20705
0.55066 0.20705
0.57269 0.20705
0.59471 0.20705
0.61674 0.20705
0.63877 0.20705
0.66079 0.20705
0.68282 0.20705
0.70485 0.20705
0.72687 0.20705
0.7489 0.20705
0.77093 0.20705
0.79295 0.20705
0.81498 0.20705
0.837 0.20705
0.85903 0.20705
0.88106 0.20705
0.90308 0.20705
0.92511 0.20705
0.94714 0.20705
0.96916 0.20705
0.99119 0.20264
1 0.18062
1 0.15859
0.98678 0.14097
0.96476 0.14097
0.94273 0.14097
0.9207 0.14097
0.89868 0.14097
0.87665 0.14097
0.85463 0.14097
0.8326 0.14097
0.81057 0.14097
0.78855 0.14097
0.76652 0.14097
0.74449 0.14097
0.72247 0.14097
0.70044 0.14097
0.67841 0.14097
0.65639 0.14097
0.63436 0.14097
0.61233 0.14097
0.59031 0.14097
0.56828 0.14097
0.54626 0.14097
0.52423 0.14097
0.5022 0.14097
0.48018 0.14097
0.45815 0.14097
0.43612 0.14097
0.4141 0.14097
0.39207 0.14097
0.37004 0.14097
0.34802 0.14097
0.32599 0.14097
0.30396 0.14097
0.28194 0.14097
0.25991 0.14097
0.23789 0.14097
0.21586 0.14097
0.19383 0.14097
0.17181 0.14097
0.14978 0.14097
0.13216 0.13216
0.14097 0.11013
0.15859 0.088106
0.163 0.066079
0.163 0.044053
0.15419 0.022026
0.13656 0.0044053
0.11454 0
0.092511 0
0.070485 0
0.048458 0
0.026432 0.0044053
0.0044053 0.022026
0 0.044053
0 0.066079
0 0.088106
0.017621 0.11013
0.022026 0.13216
0.022026 0.15419
0.022026 0.17621
0.026432 0.19824
0.026432 0.22026
0.035242 0.24229
0.048458 0.26432
0.070485 0.28634
0.092511 0.30837
0.11454 0.32159
0.13656 0.3348
0.15859 0.3348
0.18062 0.33921
0.18062 0.31718
0.163 0.29515
0.15419 0.27313
0.14097 0.2511
0.13656 0.22907
0.13656 0.20705
0.15859 0.20705
0.18062 0.20705
0.20264 0.20705
0.22467 0.20705
0.2467 0.20705
0.26872 0.20705
0.29075 0.20705
0.31278 0.20705
0.3348 0.20705
0.35683 0.20705
0.37885 0.20705
0.40088 0.20705
0.42291 0.20705
0.44493 0.20705
0.46696 0.20705
0.48899 0.20705
0.50661 0.20705
# triangles
75 76 77
21 22 23
74 75 77
74 77 78
21 23 26
23 24 26
24 25 26
86 87 98
18 28 29
85 86 99
86 98 99
78 79 80
87 88 98
12 13 34
17 18 29
17 29 30
19 27 28
18 19 28
68 69 71
69 70 71
47 48 115
13 33 34
89 90 96
73 74 78
73 78 80
84 85 99
83 84 99
88 97 98
89 96 97
88 89 97
3 43 44
2 44 45
2 3 44
5 41 42
3 4 43
4 5 42
4 42 43
8 9 38
5 6 41
6 40 41
6 7 40
0 46 47
0 47 115
49 50 113
15 16 31
16 30 31
16 17 30
19 20 27
20 26 27
20 21 26
67 68 71
67 71 72
65 72 73
65 73 80
65 66 67
65 67 72
53 54 109
53 109 110
54 55 108
54 108 109
8 38 39
7 39 40
7 8 39
9 37 38
12 34 35
11 12 35
11 35 36
15 31 32
13 14 33
14 15 32
14 32 33
92 93 94
90 91 95
90 95 96
91 92 95
92 94 95
0 1 46
1 2 45
1 45 46
49 113 114
48 49 114
48 114 115
55 56 107
55 107 108
59 60 103
64 80 81
64 65 80
64 81 82
63 64 99
64 82 83
64 83 99
61 62 101
51 52 111
52 53 110
52 110 111
51 111 112
50 112 113
50 51 112
10 11 36
10 36 37
9 10 37
63 99 100
62 63 100
62 100 101
61 101 102
60 102 103
60 61 102
57 58 105
59 103 104
58 59 104
58 104 105
57 105 106
56 57 106
56 106 107
