# points
0.48899 0.20705
0.51101 0.20705
0.53304 0.20705
0.55507 0.20705
0.57709 0.20705
0.59912 0.20705
0.62115 0.20705
0.64317 0.20705
0.6652 0.20705
0.68722 0.20705
0.70925 0.20705
0.73128 0.20705
0.7533 0.20705
0.77533 0.20705
0.79736 0.20705
0.81938 0.20705
0.84141 0.20705
0.86344 0.20705
0.86344 0.22907
0.85903 0.2511
0.84581 0.27313
0.837 0.29515
0.81938 0.31718
0.81938 0.33921
0.84141 0.3348
0.86344 0.3348
0.88546 0.32159
0.90749 0.30837
0.92952 0.28634
0.95154 0.26432
0.96476 0.24229
0.97357 0.22026
0.97357 0.19824
0.97797 0.17621
0.97797 0.15419
0.97797 0.13216
0.98238 0.11013
1 0.088106
1 0.066079
1 0.044053
0.99559 0.022026
0.97357 0.0044053
0.95154 0
0.92952 0
0.90749 0
0.88546 0
0.86344 0.0044053
0.84581 0.022026
0.837 0.044053
0.837 0.066079
0.84141 0.088106
0.85903 0.11013
0.86784 0.13216
0.85022 0.14097
0.82819 0.14097
0.80617 0.14097
0.78414 0.14097
0.76211 0.14097
0.74009 0.14097
0.71806 0.14097
0.69604 0.14097
0.67401 0.14097
0.65198 0.14097
0.62996 0.14097
0.60793 0.14097
0.5859 0.14097
0.56388 0.14097
0.54185 0.14097
0.51982 0.14097
0.4978 0.14097
0.47577 0.14097
0.45374 0.14097
0.43172 0.14097
0.40969 0.14097
0.38767 0.14097
0.36564 0.14097
0.34361 0.14097
0.32159 0.14097
0.29956 0.14097
0.27753 0.14097
0.25551 0.14097
0.23348 0.14097
0.21145 0.14097
0.18943 0.14097
0.1674 0.14097
0.14537 0.14097
0.12335 0.14097
0.10132 0.14097
0.079295 0.14097
0.057269 0.14097
0.035242 0.14097
0.013216 0.14097
0 0.15859
0 0.18062
0.0088106 0.20264
0.030837 0.20705
0.052863 0.20705
0.07489 0.20705
0.096916 0.20705
0.11894 0.20705
0.14097 0.20705
0.163 0.20705
0.18502 0.20705
0.20705 0.20705
0.22907 0.20705
0.2511 0.20705
0.27313 0.20705
0.29515 0.20705
0.31718 0.20705
0.33921 0.20705
0.36123 0.20705
0.38326 0.20705
0.40529 0.20705
0.42731 0.20705
0.44934 0.20705
0.47137 0.20705
0.48899 0.20705
# triangles
39 40 41
39 41 42
38 39 42
90 91 92
21 24 25
93 94 95
90 92 93
90 93 95
44 49 51
17 30 31
22 23 24
21 22 24
21 25 26
73 112 113
75 110 111
80 105 106
1 68 69
43 44 51
38 42 43
36 37 38
36 38 43
36 43 51
17 31 32
36 51 52
18 29 30
17 18 30
10 11 59
11 58 59
89 96 97
89 90 96
90 95 96
71 114 115
72 73 113
71 72 114
72 113 114
74 75 111
73 74 112
74 111 112
79 80 106
79 106 107
75 76 110
76 109 110
76 77 109
70 71 115
0 1 69
0 70 115
0 69 70
2 67 68
1 2 68
2 3 67
9 10 60
10 59 60
44 45 49
45 48 49
45 47 48
45 46 47
7 62 63
6 7 63
3 66 67
4 65 66
3 4 66
49 50 51
34 35 52
35 36 52
17 52 53
17 32 33
17 33 52
33 34 52
18 28 29
20 21 26
20 26 27
4 5 65
7 8 62
86 99 100
78 79 107
77 108 109
78 107 108
77 78 108
8 61 62
9 60 61
8 9 61
5 64 65
6 63 64
5 6 64
18 19 28
19 27 28
19 20 27
16 17 53
85 100 101
85 86 100
88 89 97
88 97 98
87 98 99
86 87 99
87 88 98
11 12 58
12 57 58
12 13 57
14 15 55
84 101 102
84 85 101
13 56 57
13 14 56
14 55 56
15 54 55
16 53 54
15 16 54
83 102 103
83 84 102
82 103 104
82 83 103
81 82 104
80 81 105
81 104 105
