# points
0.19535 0.0046512
0.16744 0.018605
0.13953 0.037209
0.11163 0.051163
0.088372 0.07907
0.069767 0.10698
0.051163 0.13488
0.037209 0.16279
0.023256 0.1907
0.018605 0.2186
0.018605 0.24651
0.018605 0.27442
0.018605 0.30233
0.018605 0.33023
0 0.34419
0 0.37209
0 0.4
0 0.42791
0 0.45581
0.023256 0.46047
0.051163 0.46047
0.07907 0.46047
0.10698 0.46047
0.13488 0.46047
0.16279 0.46047
0.1907 0.46047
0.2186 0.46047
0.2186 0.43256
0.2186 0.40465
0.2186 0.37674
0.2186 0.34884
0.2 0.33488
0.21395 0.31628
0.24186 0.31628
0.26977 0.31628
0.29767 0.31628
0.32558 0.31628
0.35349 0.31628
0.3814 0.31628
0.4093 0.31628
0.43721 0.31628
0.46512 0.31628
0.49302 0.31628
0.52093 0.31628
0.54884 0.31628
0.57674 0.31628
0.60465 0.31628
0.63256 0.31628
0.66047 0.31628
0.68837 0.31628
0.71628 0.31628
0.74419 0.31628
0.77209 0.31628
0.8 0.31628
0.82791 0.31628
0.85581 0.31628
0.88372 0.31628
0.91163 0.31628
0.93953 0.31628
0.96744 0.31628
0.99535 0.31628
1 0.29302
1 0.26512
1 0.23721
1 0.2093
0.97209 0.2093
0.94419 0.2093
0.91628 0.2093
0.88837 0.2093
0.86047 0.2093
0.83256 0.2093
0.80465 0.2093
0.77674 0.2093
0.74884 0.2093
0.72093 0.2093
0.69302 0.2093
0.66512 0.2093
0.63721 0.2093
0.6093 0.2093
0.5814 0.2093
0.55349 0.2093
0.52558 0.2093
0.49767 0.2093
0.46977 0.2093
0.44186 0.2093
0.41395 0.2093
0.38605 0.2093
0.35814 0.2093
0.33023 0.2093
0.30233 0.2093
0.27442 0.2093
0.24651 0.2093
0.2186 0.2093
0.19535 0.2
0.19535 0.17209
0.2 0.14419
0.20465 0.11628
0.2093 0.088372
0.21395 0.060465
0.22326 0.032558
0.23256 0.0046512
0.2186 0
0.19535 0.0046512
# triangles
63 64 65
2 3 96
15 16 21
16 20 21
17 18 19
17 19 20
16 17 20
54 70 71
2 96 97
2 97 98
1 2 98
57 67 68
42 82 83
39 40 85
35 89 90
39 85 86
99 100 101
0 99 101
0 1 99
1 98 99
3 4 96
5 94 95
4 95 96
4 5 95
34 35 90
34 90 91
42 43 82
43 81 82
47 48 77
53 54 71
54 55 70
55 69 70
58 62 66
57 58 67
58 66 67
51 73 74
48 76 77
48 49 76
49 75 76
40 84 85
41 42 83
41 83 84
40 41 84
37 87 88
37 38 87
38 86 87
38 39 86
5 6 94
6 7 94
43 44 81
45 46 79
51 52 73
50 51 74
49 50 75
50 74 75
56 57 68
56 68 69
55 56 69
59 60 61
59 61 62
58 59 62
25 26 27
36 37 88
35 36 89
36 88 89
8 9 93
7 93 94
7 8 93
33 34 91
45 79 80
44 45 80
44 80 81
46 78 79
47 77 78
46 47 78
53 71 72
52 53 72
52 72 73
22 23 31
23 29 31
31 32 93
32 92 93
33 91 92
32 33 92
13 14 15
13 21 22
13 15 21
13 22 31
12 13 31
29 30 31
11 31 93
11 12 31
9 10 93
10 11 93
62 63 66
63 65 66
25 27 28
24 25 28
23 24 29
24 28 29
