# points
0.14721 0.25381
0.14721 0.27411
0.15228 0.29442
0.15736 0.31472
0.16244 0.33503
0.17259 0.35533
0.18274 0.37563
0.19797 0.39086
0.2132 0.40609
0.2335 0.42132
0.25381 0.43147
0.27411 0.44162
0.29442 0.45178
0.31472 0.46193
0.33503 0.46701
0.35533 0.47716
0.37563 0.48223
0.39594 0.48731
0.41624 0.49239
0.43655 0.49239
0.45685 0.49746
0.47716 0.49746
0.49746 0.49746
0.51777 0.49746
0.53807 0.49746
0.55838 0.49746
0.57868 0.49239
0.59898 0.49239
0.61929 0.49239
0.63959 0.48731
0.6599 0.48223
0.6802 0.47208
0.70051 0.46701
0.72081 0.45685
0.74112 0.4467
0.76142 0.43655
0.78173 0.4264
0.79695 0.41117
0.81726 0.39086
0.82741 0.37056
0.83756 0.35025
0.84772 0.32995
0.84772 0.30964
0.85279 0.28934
0.85787 0.26904
0.85787 0.24873
0.85787 0.22843
0.85787 0.20812
0.85787 0.18782
0.86802 0.17259
0.88832 0.17259
0.90863 0.17259
0.92893 0.17259
0.94924 0.16751
0.96954 0.16751
0.98985 0.15736
1 0.13706
1 0.11675
0.99492 0.096447
0.97462 0.081218
0.95431 0.071066
0.93401 0.060914
0.91371 0.055838
0.8934 0.050761
0.8731 0.045685
0.85279 0.040609
0.83249 0.040609
0.81218 0.035533
0.79188 0.030457
0.77157 0.030457
0.75127 0.025381
0.73096 0.025381
0.71066 0.025381
0.69036 0.025381
0.67005 0.025381
0.64975 0.025381
0.62944 0.025381
0.60914 0.025381
0.58883 0.025381
0.56853 0.025381
0.54822 0.025381
0.52792 0.025381
0.50761 0.025381
0.48731 0.030457
0.46701 0.030457
0.4467 0.025381
0.4264 0.020305
0.40609 0.020305
0.38579 0.015228
0.36548 0.015228
0.34518 0.010152
0.32487 0.010152
0.30457 0.0050761
0.28426 0.0050761
0.26396 0.0050761
0.24365 0.0050761
0.22335 0
0.20305 0
0.18274 0
0.16244 0
0.14213 0.0050761
0.12183 0.0050761
0.10152 0.010152
0.081218 0.015228
0.060914 0.020305
0.040609 0.030457
0.020305 0.040609
0.0050761 0.050761
0 0.071066
0 0.091371
0.0050761 0.11168
0.020305 0.13198
0.040609 0.14721
0.060914 0.16244
0.081218 0.17259
0.10152 0.18782
0.12183 0.19289
0.14213 0.20812
0.14213 0.22843
0.14721 0.24873
0.14721 0.25381
# triangles
57 58 59
29 30 31
31 32 33
106 108 109
105 106 109
104 105 112
23 24 83
24 26 83
26 27 31
27 29 31
27 28 29
31 76 77
31 33 76
42 43 76
12 14 87
11 12 87
106 107 108
31 77 78
26 31 78
94 95 117
95 96 97
95 97 117
97 116 117
97 98 116
24 25 26
8 9 10
2 3 10
105 111 112
105 109 111
109 110 111
26 81 83
93 94 117
91 93 117
98 100 116
100 101 102
22 23 83
21 22 83
85 86 87
14 85 87
14 84 85
34 35 42
33 34 76
34 42 76
35 36 37
67 68 69
48 67 69
43 75 76
47 48 73
48 49 67
49 66 67
49 65 66
49 50 63
53 57 59
12 13 14
3 4 5
0 1 2
26 80 81
91 92 93
98 99 100
81 82 83
14 16 84
16 17 84
14 15 16
17 18 19
17 19 84
19 20 21
19 83 84
19 21 83
35 39 42
35 37 39
37 38 39
43 45 75
45 46 75
43 44 45
46 74 75
46 47 74
47 73 74
50 62 63
49 64 65
49 63 64
53 59 60
51 61 62
50 51 62
5 6 7
7 8 10
3 7 10
3 5 7
100 102 114
114 115 116
100 114 116
103 104 112
103 112 113
102 103 114
103 113 114
89 91 117
117 118 119
89 117 119
87 89 119
11 87 119
10 11 119
2 10 119
0 2 119
69 70 71
48 69 71
89 90 91
40 41 42
39 40 42
52 60 61
51 52 61
52 53 60
54 55 56
48 72 73
48 71 72
26 78 79
26 79 80
87 88 89
53 54 57
54 56 57
