# points
0.12621 0.33981
0.12621 0.36408
0.12621 0.38835
0.12621 0.41262
0.12621 0.43689
0.13107 0.46117
0.13107 0.48544
0.13107 0.50971
0.13107 0.53398
0.13592 0.55825
0.14078 0.58252
0.15534 0.6068
0.17961 0.62136
0.20388 0.63107
0.22816 0.64078
0.25243 0.64563
0.2767 0.65049
0.30097 0.65534
0.32524 0.65534
0.34951 0.66019
0.37379 0.66019
0.39806 0.66505
0.42233 0.66505
0.4466 0.66505
0.47087 0.6699
0.49515 0.6699
0.51942 0.6699
0.54369 0.6699
0.56796 0.6699
0.59223 0.6699
0.6165 0.6699
0.64078 0.6699
0.66505 0.66505
0.68932 0.66505
0.71359 0.66505
0.73786 0.66019
0.76214 0.65534
0.78641 0.64563
0.81068 0.63107
0.8301 0.61165
0.83981 0.58738
0.84466 0.56311
0.84466 0.53883
0.84951 0.51456
0.84951 0.49029
0.85437 0.46602
0.85437 0.44175
0.85437 0.41748
0.85922 0.3932
0.85922 0.36893
0.86408 0.34466
0.86408 0.32039
0.86893 0.29612
0.86893 0.27184
0.87864 0.25243
0.90291 0.25243
0.92718 0.24757
0.95146 0.24272
0.97573 0.23301
0.99515 0.21359
1 0.18932
1 0.16505
0.99515 0.14078
0.98544 0.1165
0.97087 0.10194
0.95146 0.082524
0.93204 0.067961
0.90777 0.058252
0.8835 0.043689
0.85922 0.033981
0.83495 0.029126
0.81068 0.019417
0.78641 0.019417
0.76214 0.014563
0.73786 0.0097087
0.71359 0.0097087
0.68932 0.0097087
0.66505 0.0048544
0.64078 0.0048544
0.6165 0.0048544
0.59223 0.0097087
0.56796 0.0097087
0.54369 0.0097087
0.51942 0.014563
0.49515 0.014563
0.47087 0.019417
0.4466 0.019417
0.42233 0.014563
0.39806 0.0097087
0.37379 0.0048544
0.34951 0.0048544
0.32524 0
0.30097 0
0.2767 0
0.25243 0
0.22816 0.0048544
0.20388 0.0048544
0.17961 0.0097087
0.15534 0.014563
0.13107 0.024272
0.1068 0.033981
0.082524 0.043689
0.058252 0.053398
0.033981 0.072816
0.014563 0.097087
0 0.12136
0 0.14563
0 0.1699
0.019417 0.19417
0.038835 0.20388
0.063107 0.21359
0.087379 0.21359
0.11165 0.21359
0.12136 0.23301
0.12136 0.25728
0.12621 0.28155
0.12621 0.30583
0.12621 0.3301
0.12621 0.33981
# triangles
36 37 42
0 1 23
1 2 20
37 38 40
58 59 60
55 56 64
55 64 65
62 63 64
56 62 64
104 109 111
103 104 111
102 111 112
102 103 111
104 105 106
104 106 109
106 108 109
106 107 108
90 92 113
90 91 92
95 112 113
0 86 117
86 116 117
23 85 86
0 23 86
86 115 116
2 3 20
3 4 5
1 22 23
1 20 22
83 84 85
88 89 90
38 39 40
37 41 42
37 40 41
57 58 60
49 51 83
113 114 115
92 93 113
93 95 113
65 66 67
97 98 112
95 97 112
95 96 97
6 7 15
87 88 115
86 87 115
18 19 20
54 69 70
54 68 69
54 67 68
54 55 65
54 65 67
56 61 62
56 57 61
57 60 61
27 49 83
49 50 51
109 110 111
93 94 95
101 102 112
100 101 112
98 99 112
99 100 112
8 9 13
7 8 13
6 15 16
5 16 18
5 6 16
20 21 22
51 81 83
51 80 81
51 53 80
23 24 25
23 25 85
30 31 32
35 36 42
30 32 46
32 44 46
42 43 44
10 11 12
9 10 12
9 12 13
7 14 15
7 13 14
16 17 18
81 82 83
53 76 78
53 78 80
76 77 78
51 52 53
70 71 72
54 70 72
54 72 73
27 28 47
27 47 49
47 48 49
30 46 47
25 26 85
26 83 85
26 27 83
33 42 44
32 33 44
33 35 42
33 34 35
44 45 46
78 79 80
53 75 76
73 74 75
53 54 75
54 73 75
29 30 47
28 29 47
88 113 115
88 90 113
3 18 20
3 5 18
