# points
0.2093 0.28904
0.2093 0.31229
0.2093 0.33555
0.20598 0.3588
0.20598 0.38206
0.20598 0.40532
0.20598 0.42857
0.21262 0.45183
0.22259 0.47508
0.24252 0.49502
0.26578 0.51163
0.28904 0.52159
0.31229 0.52824
0.33555 0.53488
0.3588 0.53821
0.38206 0.54485
0.40532 0.5515
0.42857 0.55482
0.45183 0.56146
0.47508 0.56478
0.49834 0.57143
0.52159 0.56811
0.54485 0.57143
0.56811 0.57143
0.59136 0.56478
0.61462 0.55814
0.63787 0.54817
0.66113 0.53488
0.68439 0.51495
0.701 0.50166
0.71096 0.47841
0.72425 0.45515
0.7309 0.43189
0.73754 0.40864
0.74086 0.38538
0.74751 0.36213
0.75083 0.33887
0.75415 0.31561
0.77741 0.30897
0.80066 0.30897
0.82392 0.30565
0.84718 0.30233
0.87043 0.30233
0.89369 0.29568
0.91694 0.28904
0.9402 0.27907
0.96346 0.26578
0.98007 0.24917
0.99336 0.22591
1 0.20266
1 0.1794
0.99336 0.15615
0.98339 0.13289
0.96346 0.11296
0.94352 0.096346
0.92027 0.083056
0.89701 0.07309
0.87375 0.063123
0.8505 0.053156
0.82724 0.043189
0.80399 0.036545
0.78073 0.0299
0.75748 0.026578
0.73422 0.019934
0.71096 0.016611
0.68771 0.013289
0.66445 0.0066445
0.6412 0.0066445
0.61794 0.0033223
0.59468 0
0.57143 0
0.54817 0
0.52492 0
0.50166 0
0.47841 0
0.45515 0
0.43189 0
0.40864 0.0033223
0.38538 0.0066445
0.36213 0.0099668
0.33887 0.0099668
0.31561 0.013289
0.29236 0.019934
0.2691 0.023256
0.24585 0.026578
0.22259 0.0299
0.19934 0.036545
0.17608 0.043189
0.15282 0.049834
0.12957 0.059801
0.10631 0.069767
0.083056 0.086379
0.059801 0.099668
0.039867 0.1196
0.019934 0.14286
0.0066445 0.16611
0 0.18937
0.0033223 0.21262
0.016611 0.23588
0.039867 0.24585
0.063123 0.25249
0.086379 0.25249
0.10963 0.25581
0.13289 0.25581
0.15615 0.25914
0.1794 0.25581
0.20266 0.25581
0.2093 0.27575
0.2093 0.28904
# triangles
75 77 107
37 72 73
2 14 15
94 95 100
51 52 53
15 16 17
22 23 24
77 78 107
78 79 107
74 75 107
37 74 107
37 73 74
75 76 77
44 53 54
44 54 55
43 44 55
37 71 72
37 70 71
68 69 70
37 68 70
85 86 106
79 106 107
1 15 17
1 2 15
7 8 9
5 7 9
5 6 7
40 57 58
38 58 59
40 41 57
81 82 106
79 80 81
79 81 106
90 91 103
91 102 103
91 92 102
17 18 19
45 51 53
44 45 53
19 20 21
21 22 24
37 67 68
87 88 106
86 87 106
90 103 105
103 104 105
88 105 106
0 1 17
0 37 107
0 17 37
92 93 101
92 101 102
94 100 101
93 94 101
5 11 12
4 5 12
4 12 13
2 4 14
4 13 14
41 56 57
43 55 56
41 43 56
38 59 60
38 60 61
84 85 106
24 25 30
24 30 32
21 24 32
41 42 43
88 89 105
89 90 105
5 9 10
5 10 11
2 3 4
97 98 99
95 99 100
96 97 99
95 96 99
37 38 62
38 61 62
37 63 64
37 62 63
65 66 67
37 65 67
37 64 65
82 83 106
83 84 106
17 36 37
39 40 58
38 39 58
17 19 34
17 34 36
34 35 36
19 21 34
21 32 34
32 33 34
30 31 32
25 26 30
28 29 30
26 28 30
26 27 28
49 50 51
48 49 51
46 48 51
46 47 48
45 46 51
