# points
0.15789 0.42105
0.15789 0.44737
0.15789 0.47368
0.15789 0.5
0.15789 0.52632
0.15789 0.55263
0.14474 0.57895
0.14474 0.60526
0.14474 0.63158
0.14474 0.65789
0.13158 0.68421
0.13158 0.71053
0.13158 0.73684
0.13158 0.76316
0.14474 0.78947
0.17105 0.78947
0.19737 0.78947
0.22368 0.80263
0.25 0.80263
0.27632 0.80263
0.30263 0.80263
0.32895 0.81579
0.35526 0.81579
0.38158 0.81579
0.40789 0.81579
0.43421 0.81579
0.46053 0.81579
0.48684 0.81579
0.51316 0.81579
0.53947 0.81579
0.56579 0.81579
0.59211 0.81579
0.61842 0.81579
0.64474 0.81579
0.67105 0.81579
0.69737 0.81579
0.72368 0.81579
0.75 0.81579
0.77632 0.80263
0.80263 0.80263
0.82895 0.80263
0.84211 0.77632
0.84211 0.75
0.84211 0.72368
0.84211 0.69737
0.82895 0.67105
0.82895 0.64474
0.82895 0.61842
0.82895 0.59211
0.82895 0.56579
0.82895 0.53947
0.82895 0.51316
0.82895 0.48684
0.82895 0.46053
0.82895 0.43421
0.82895 0.40789
0.82895 0.38158
0.82895 0.35526
0.82895 0.32895
0.82895 0.30263
0.84211 0.27632
0.84211 0.25
0.84211 0.22368
0.85526 0.19737
0.86842 0.17105
0.89474 0.15789
0.92105 0.14474
0.94737 0.11842
0.97368 0.10526
0.98684 0.092105
1 0.065789
1 0.039474
1 0.013158
0.97368 0.013158
0.94737 0.013158
0.92105 0.013158
0.89474 0.026316
0.86842 0.039474
0.84211 0.039474
0.81579 0.039474
0.78947 0.052632
0.76316 0.052632
0.73684 0.065789
0.71053 0.065789
0.68421 0.065789
0.65789 0.078947
0.63158 0.078947
0.60526 0.078947
0.57895 0.078947
0.55263 0.078947
0.52632 0.078947
0.5 0.078947
0.47368 0.078947
0.44737 0.078947
0.42105 0.092105
0.39474 0.078947
0.36842 0.078947
0.34211 0.065789
0.31579 0.065789
0.28947 0.065789
0.26316 0.052632
0.23684 0.052632
0.21053 0.052632
0.18421 0.039474
0.15789 0.039474
0.13158 0.026316
0.10526 0.013158
0.078947 0.013158
0.052632 0
0.026316 0
0 0.013158
0 0.039474
0 0.065789
0.013158 0.078947
0.039474 0.10526
0.065789 0.11842
0.092105 0.13158
0.11842 0.15789
0.14474 0.17105
0.14474 0.19737
0.14474 0.22368
0.14474 0.25
0.15789 0.27632
0.15789 0.30263
0.15789 0.32895
0.15789 0.35526
0.15789 0.38158
0.15789 0.40789
0.15789 0.42105
# triangles
13 14 15
71 72 73
106 107 115
109 110 111
102 103 104
104 117 118
102 104 118
67 74 75
67 68 74
69 70 74
68 69 74
104 116 117
107 114 115
94 122 123
16 17 18
12 15 16
11 12 16
12 13 15
108 109 111
20 21 22
5 6 7
5 24 25
27 28 52
29 30 50
30 49 50
104 105 116
105 106 115
105 115 116
94 96 122
94 95 96
107 113 114
111 112 113
94 125 126
94 126 127
94 124 125
94 123 124
0 94 127
0 55 94
9 18 19
9 19 20
9 11 16
9 16 18
33 34 46
30 31 49
38 42 43
20 22 23
5 23 24
5 20 23
2 27 52
2 3 27
1 2 53
2 52 53
3 26 27
28 29 51
28 51 52
29 50 51
101 102 118
96 97 98
96 98 122
67 75 76
67 76 77
92 93 94
1 53 54
0 1 54
0 54 55
8 9 20
5 7 8
5 8 20
31 48 49
39 40 41
39 41 42
38 39 42
36 37 38
4 25 26
3 4 26
4 5 25
99 101 118
99 100 101
98 99 122
62 63 82
83 84 85
62 83 85
62 82 83
80 81 82
91 92 94
55 91 94
9 10 11
31 32 48
35 36 45
34 35 45
34 45 46
36 38 45
38 43 45
43 44 45
99 118 119
65 77 78
78 79 80
66 67 77
65 66 77
59 85 86
59 86 87
63 64 82
64 80 82
64 65 78
64 78 80
32 33 47
32 47 48
33 46 47
99 120 122
99 119 120
120 121 122
61 62 85
59 61 85
59 60 61
71 73 74
70 71 74
108 111 113
107 108 113
56 57 90
57 89 90
57 88 89
57 58 88
56 90 91
55 56 91
58 59 88
59 87 88
