# points
0.17742 0.29839
0.18145 0.32258
0.17742 0.34677
0.18145 0.37097
0.18548 0.39516
0.19355 0.41935
0.20161 0.44355
0.20968 0.46774
0.22581 0.4879
0.25 0.5121
0.27419 0.53226
0.29839 0.54839
0.32258 0.56048
0.34677 0.56855
0.37097 0.57661
0.39516 0.58065
0.41935 0.58468
0.44355 0.58871
0.46774 0.58871
0.49194 0.58871
0.51613 0.58871
0.54032 0.58871
0.56452 0.58871
0.58871 0.58468
0.6129 0.58468
0.6371 0.58065
0.66129 0.57661
0.68548 0.57258
0.70968 0.56452
0.73387 0.55645
0.75806 0.54435
0.78226 0.53629
0.79839 0.51613
0.81855 0.49597
0.83468 0.47177
0.84274 0.44758
0.85081 0.42339
0.85887 0.39919
0.8629 0.375
0.8629 0.35081
0.8629 0.32661
0.86694 0.30242
0.86694 0.27823
0.86694 0.25403
0.86694 0.22984
0.87903 0.21774
0.90323 0.22581
0.92742 0.22581
0.95161 0.21774
0.97581 0.20161
0.99194 0.17742
1 0.15323
1 0.12903
1 0.10484
0.9879 0.080645
0.96774 0.060484
0.94355 0.044355
0.91935 0.028226
0.89516 0.020161
0.87097 0.016129
0.84677 0.012097
0.82258 0.012097
0.79839 0.012097
0.77419 0.012097
0.75 0.020161
0.72581 0.024194
0.70161 0.028226
0.67742 0.03629
0.65323 0.040323
0.62903 0.048387
0.60484 0.052419
0.58065 0.060484
0.55645 0.064516
0.53226 0.068548
0.50806 0.072581
0.48387 0.076613
0.45968 0.076613
0.43548 0.080645
0.41129 0.084677
0.3871 0.084677
0.3629 0.084677
0.33871 0.084677
0.31452 0.076613
0.29032 0.068548
0.26613 0.060484
0.24194 0.052419
0.21774 0.040323
0.19355 0.028226
0.16935 0.020161
0.14516 0.0080645
0.12097 0.0040323
0.096774 0
0.072581 0
0.048387 0.0040323
0.028226 0.020161
0.012097 0.040323
0.0040323 0.064516
0 0.08871
0 0.1129
0.0080645 0.1371
0.020161 0.16129
0.040323 0.18548
0.064516 0.20565
0.08871 0.22177
0.1129 0.23387
0.1371 0.24597
0.16129 0.25403
0.18145 0.26613
0.18145 0.29032
0.17742 0.29839
# triangles
52 53 54
91 96 97
1 78 108
94 95 96
45 60 61
91 92 96
92 94 96
92 93 94
82 83 107
83 84 107
21 23 74
16 17 18
16 18 78
97 98 99
1 13 78
52 54 55
45 52 55
50 51 52
45 50 52
48 49 50
45 48 50
62 63 64
45 62 64
45 61 62
45 57 58
87 88 103
0 1 108
87 103 104
81 82 107
20 21 75
21 74 75
23 72 73
23 73 74
15 16 78
13 15 78
13 14 15
11 12 13
45 56 57
45 55 56
21 22 23
23 25 72
23 24 25
25 40 72
43 69 71
40 71 72
45 59 60
45 58 59
88 90 101
88 89 90
90 91 97
90 97 99
88 102 103
88 101 102
86 87 104
86 104 105
85 86 105
85 105 106
84 106 107
84 85 106
78 79 108
19 20 75
18 77 78
18 19 77
19 75 77
1 5 13
5 6 9
6 7 8
6 8 9
40 41 42
42 43 71
40 42 71
26 39 40
25 26 40
26 28 39
26 27 28
28 36 39
36 37 39
30 35 36
28 30 36
28 29 30
37 38 39
30 32 35
30 31 32
69 70 71
90 100 101
90 99 100
1 2 3
1 3 5
3 4 5
80 81 107
75 76 77
5 9 10
10 11 13
5 10 13
33 34 35
32 33 35
67 68 69
44 65 66
44 66 67
44 45 64
44 64 65
43 44 69
44 67 69
45 46 48
46 47 48
79 80 108
80 107 108
