# points
0.14575 0.51822
0.14575 0.55061
0.14575 0.583
0.1417 0.61538
0.13765 0.64777
0.1336 0.68016
0.12955 0.71255
0.12146 0.74494
0.11336 0.77733
0.10526 0.80972
0.097166 0.84211
0.08502 0.87449
0.076923 0.90688
0.089069 0.93117
0.12146 0.94737
0.15385 0.95547
0.18623 0.96761
0.21862 0.97166
0.25101 0.97976
0.2834 0.98381
0.31579 0.98785
0.34818 0.98785
0.38057 0.9919
0.41296 0.9919
0.44534 0.99595
0.47773 1
0.51012 1
0.54251 1
0.5749 0.99595
0.60729 0.99595
0.63968 0.99595
0.67206 0.9919
0.70445 0.98785
0.73684 0.98381
0.76923 0.97571
0.80162 0.96761
0.83401 0.95547
0.8502 0.92713
0.84211 0.89474
0.83401 0.86235
0.82996 0.82996
0.82186 0.79757
0.81377 0.76518
0.80972 0.73279
0.80567 0.7004
0.80162 0.66802
0.80162 0.63563
0.80162 0.60324
0.79757 0.57085
0.79757 0.53846
0.79757 0.50607
0.79757 0.47368
0.80162 0.4413
0.82186 0.42105
0.85425 0.417
0.88664 0.40891
0.91903 0.39271
0.95142 0.36437
0.96356 0.33198
0.96356 0.2996
0.94737 0.26721
0.92713 0.23887
0.90283 0.21457
0.87854 0.19028
0.8502 0.16599
0.81781 0.1417
0.78543 0.11741
0.75304 0.097166
0.72065 0.076923
0.68826 0.060729
0.65587 0.044534
0.62348 0.032389
0.59109 0.024291
0.5587 0.012146
0.52632 0.0080972
0.49393 0.0040486
0.46154 0
0.42915 0.0040486
0.39676 0.0080972
0.36437 0.016194
0.33198 0.02834
0.2996 0.040486
0.26721 0.048583
0.23482 0.064777
0.20243 0.080972
0.17004 0.10121
0.13765 0.11741
0.10526 0.13765
0.076923 0.15789
0.048583 0.18623
0.024291 0.21053
0.0080972 0.24291
0 0.2753
0 0.30769
0.012146 0.34008
0.036437 0.36842
0.068826 0.39271
0.10121 0.40486
0.1336 0.41296
0.1498 0.4413
0.14575 0.47368
0.14575 0.50607
0.14575 0.51822
# triangles
91 92 95
92 94 95
52 74 99
92 93 94
3 23 45
2 46 48
3 45 46
2 3 46
58 59 60
5 21 23
23 24 45
1 2 48
4 5 23
3 4 23
74 75 99
80 81 99
51 52 99
50 51 99
50 99 101
0 50 101
55 60 61
54 55 61
11 12 13
21 22 23
30 31 42
31 41 42
33 34 39
33 39 40
35 36 38
34 35 38
34 38 39
55 56 60
56 58 60
56 57 58
0 49 50
0 1 49
1 48 49
89 96 97
89 90 91
89 91 95
89 95 96
99 100 101
52 69 70
54 61 62
52 67 68
52 68 69
7 8 19
7 19 20
29 30 42
26 27 28
24 25 26
24 26 45
26 44 45
26 28 44
31 32 41
32 40 41
32 33 40
36 37 38
46 47 48
87 88 98
89 97 98
88 89 98
86 87 98
85 86 98
84 85 98
83 84 98
81 98 99
81 83 98
75 76 77
75 77 99
77 80 99
77 79 80
77 78 79
52 70 71
53 64 65
53 54 62
53 65 66
52 53 66
52 66 67
6 20 21
6 7 20
5 6 21
9 10 16
8 9 17
9 16 17
11 13 14
28 43 44
28 29 43
29 42 43
81 82 83
72 73 74
52 72 74
52 71 72
53 63 64
53 62 63
8 18 19
8 17 18
10 15 16
10 11 15
11 14 15
