# points
0.1844 0.39716
0.1844 0.42553
0.1844 0.4539
0.1773 0.48227
0.1773 0.51064
0.1773 0.53901
0.17021 0.56738
0.17021 0.59574
0.16312 0.62411
0.15603 0.65248
0.14894 0.68085
0.14894 0.70922
0.14894 0.73759
0.17021 0.75177
0.19858 0.75887
0.22695 0.75887
0.25532 0.76596
0.28369 0.76596
0.31206 0.76596
0.34043 0.76596
0.36879 0.76596
0.39716 0.77305
0.42553 0.77305
0.4539 0.77305
0.48227 0.77305
0.51064 0.77305
0.53901 0.77305
0.56738 0.77305
0.59574 0.77305
0.62411 0.77305
0.65248 0.77305
0.68085 0.77305
0.70922 0.76596
0.73759 0.76596
0.76596 0.76596
0.79433 0.76596
0.8227 0.75887
0.85106 0.75887
0.85816 0.73759
0.85816 0.70922
0.85106 0.68085
0.85106 0.65248
0.84397 0.62411
0.84397 0.59574
0.83688 0.56738
0.84397 0.53901
0.83688 0.51064
0.83688 0.48227
0.83688 0.4539
0.83688 0.42553
0.83688 0.39716
0.83688 0.36879
0.83688 0.34043
0.83688 0.31206
0.86525 0.30496
0.89362 0.30496
0.92199 0.30496
0.95035 0.29078
0.97163 0.2766
0.98582 0.25532
0.99291 0.22695
1 0.19858
0.99291 0.17021
0.97163 0.14184
0.95035 0.11348
0.92199 0.099291
0.89362 0.085106
0.86525 0.078014
0.83688 0.070922
0.80851 0.070922
0.78014 0.070922
0.75177 0.070922
0.7234 0.070922
0.69504 0.070922
0.66667 0.078014
0.6383 0.078014
0.60993 0.085106
0.58156 0.078014
0.55319 0.070922
0.52482 0.056738
0.49645 0.049645
0.46809 0.035461
0.43972 0.028369
0.41135 0.021277
0.38298 0.014184
0.35461 0.014184
0.32624 0.0070922
0.29787 0.0070922
0.2695 0
0.24113 0
0.21277 0
0.1844 0.0070922
0.15603 0.014184
0.12766 0.021277
0.099291 0.028369
0.070922 0.042553
0.049645 0.056738
0.021277 0.085106
0.0070922 0.11348
0 0.14184
0 0.17021
0.0070922 0.19858
0.014184 0.22695
0.035461 0.24823
0.056738 0.2695
0.085106 0.2766
0.11348 0.2766
0.14184 0.2766
0.17021 0.2766
0.1844 0.29787
0.1844 0.32624
0.1844 0.35461
0.1844 0.38298
0.1844 0.39716
# triangles
96 97 98
96 98 106
0 50 77
50 76 77
94 95 107
95 96 107
96 106 107
98 101 106
4 5 20
2 3 4
11 12 13
85 87 108
87 88 89
87 89 108
78 110 111
101 103 106
101 102 103
7 8 17
5 6 7
7 17 18
8 9 15
36 39 40
35 36 40
2 25 48
34 35 40
33 41 42
36 37 38
36 38 39
60 61 62
91 92 108
89 91 108
89 90 91
92 93 108
93 107 108
93 94 107
85 86 87
77 78 112
78 111 112
0 77 112
78 109 110
78 80 109
80 82 109
82 83 109
85 108 109
83 85 109
80 81 82
67 68 69
53 69 70
78 79 80
103 104 105
103 105 106
7 18 19
5 19 20
5 7 19
8 16 17
8 15 16
11 13 14
9 10 15
25 26 48
32 33 42
32 42 44
30 32 44
44 45 46
29 30 44
30 31 32
60 62 63
63 64 65
83 84 85
50 51 76
74 75 76
53 74 76
72 73 74
53 72 74
2 24 25
2 23 24
20 21 22
4 20 22
2 4 22
2 22 23
42 43 44
26 47 48
26 27 47
27 46 47
27 28 46
28 44 46
28 29 44
53 70 71
53 71 72
55 63 65
55 60 63
55 56 57
55 57 60
57 58 59
57 59 60
52 53 76
51 52 76
54 66 67
54 67 69
53 54 69
54 65 66
54 55 65
99 100 101
98 99 101
34 40 41
33 34 41
1 2 49
2 48 49
0 49 50
0 1 49
10 14 15
10 11 14
