# points
0.1746 0.23413
0.1746 0.25794
0.1746 0.28175
0.1746 0.30556
0.17857 0.32937
0.17857 0.35317
0.18651 0.37698
0.19444 0.40079
0.20635 0.42063
0.22222 0.44048
0.24603 0.46032
0.26984 0.47222
0.29365 0.48413
0.31746 0.49206
0.34127 0.49603
0.36508 0.5
0.38889 0.50397
0.4127 0.50397
0.43651 0.50794
0.46032 0.50794
0.48413 0.50794
0.50794 0.50794
0.53175 0.50794
0.55556 0.50397
0.57937 0.50397
0.60317 0.5
0.62698 0.49603
0.65079 0.49603
0.6746 0.49206
0.69841 0.48413
0.72222 0.47222
0.74603 0.46032
0.76984 0.44444
0.78968 0.4246
0.80556 0.40079
0.81349 0.37698
0.81746 0.35317
0.81746 0.32937
0.81746 0.30556
0.81746 0.28175
0.82143 0.25794
0.82143 0.23413
0.82143 0.21032
0.83333 0.19444
0.85714 0.19048
0.88095 0.18651
0.90476 0.17857
0.92857 0.17063
0.95238 0.1627
0.97222 0.15079
0.99206 0.13492
1 0.11111
1 0.087302
0.99206 0.063492
0.96825 0.047619
0.94444 0.039683
0.92063 0.031746
0.89683 0.027778
0.87302 0.02381
0.84921 0.019841
0.8254 0.015873
0.80159 0.015873
0.77778 0.011905
0.75397 0.0079365
0.73016 0.0079365
0.70635 0.0039683
0.68254 0.0039683
0.65873 0.0039683
0.63492 0.0039683
0.61111 0.0039683
0.5873 0
0.56349 0
0.53968 0
0.51587 0
0.49206 0
0.46825 0
0.44444 0
0.42063 0
0.39683 0
0.37302 0.0039683
0.34921 0.0039683
0.3254 0.0039683
0.30159 0.0079365
0.27778 0.0079365
0.25397 0.0079365
0.23016 0.011905
0.20635 0.015873
0.18254 0.019841
0.15873 0.02381
0.13492 0.027778
0.11111 0.031746
0.087302 0.039683
0.063492 0.047619
0.039683 0.059524
0.015873 0.075397
0 0.095238
0 0.11905
0.0039683 0.14286
0.027778 0.1627
0.051587 0.1746
0.075397 0.18254
0.099206 0.19048
0.12302 0.19444
0.14683 0.19841
0.17063 0.20635
0.17063 0.23016
0.1746 0.23413
# triangles
51 52 54
52 53 54
49 51 54
0 80 104
17 18 19
21 73 74
21 23 73
94 95 96
9 10 11
26 30 38
26 28 29
26 29 30
49 50 51
23 72 73
23 71 72
15 16 17
0 79 80
42 43 64
17 75 76
17 19 75
20 21 74
20 74 75
19 20 75
21 22 23
43 61 62
43 60 61
4 11 14
12 13 14
11 12 14
4 6 11
92 99 100
92 93 99
6 7 8
8 9 11
6 8 11
39 40 41
26 38 39
33 34 35
49 54 55
43 59 60
43 44 59
0 1 77
0 77 79
17 76 77
1 17 77
77 78 79
2 3 4
1 2 17
2 15 17
2 14 15
2 4 14
42 66 67
42 67 68
41 42 69
42 68 69
39 41 69
69 70 71
42 65 66
42 64 65
43 62 63
43 63 64
26 27 28
80 82 104
80 81 82
84 85 104
85 86 104
4 5 6
32 33 35
30 37 38
30 31 37
44 58 59
91 92 100
91 100 101
91 101 102
90 91 102
0 104 105
23 25 71
25 69 71
25 26 39
25 39 69
83 84 104
82 83 104
96 97 98
94 96 98
93 94 98
93 98 99
31 32 36
31 36 37
32 35 36
46 57 58
86 87 104
89 90 102
87 88 103
87 103 104
88 89 103
89 102 103
23 24 25
47 56 57
46 47 57
47 55 56
44 45 58
45 46 58
48 49 55
47 48 55
