# points
0.12121 0.2803
0.14394 0.29545
0.16667 0.30303
0.18939 0.31061
0.21212 0.33333
0.2197 0.35606
0.2197 0.37879
0.22727 0.40152
0.24242 0.42424
0.25758 0.44697
0.27273 0.4697
0.29545 0.48485
0.31818 0.5
0.34091 0.50758
0.36364 0.52273
0.38636 0.5303
0.40909 0.53788
0.43182 0.53788
0.45455 0.54545
0.47727 0.54545
0.5 0.54545
0.52273 0.54545
0.54545 0.54545
0.56818 0.54545
0.59091 0.54545
0.61364 0.54545
0.63636 0.53788
0.65909 0.53788
0.68182 0.5303
0.70455 0.52273
0.72727 0.51515
0.75 0.5
0.77273 0.48485
0.79545 0.4697
0.81818 0.44697
0.83333 0.42424
0.84091 0.40152
0.84848 0.37879
0.84848 0.35606
0.85606 0.33333
0.85606 0.31061
0.86364 0.28788
0.86364 0.26515
0.86364 0.24242
0.86364 0.2197
0.87121 0.19697
0.89394 0.17424
0.91667 0.15909
0.93939 0.13636
0.96212 0.11364
0.97727 0.090909
0.99242 0.068182
1 0.045455
1 0.022727
0.98485 0
0.96212 0
0.93939 0
0.91667 0
0.89394 0
0.87121 0
0.84848 0
0.82576 0
0.80303 0
0.7803 0
0.75758 0
0.73485 0
0.71212 0
0.68939 0
0.66667 0
0.64394 0
0.62121 0
0.59848 0
0.57576 0
0.55303 0
0.5303 0
0.50758 0
0.48485 0
0.46212 0
0.43939 0
0.41667 0
0.39394 0
0.37121 0
0.34848 0
0.32576 0
0.30303 0
0.2803 0
0.25758 0
0.23485 0
0.21212 0
0.18939 0
0.16667 0
0.14394 0.0075758
0.12121 0.0075758
0.098485 0.0075758
0.075758 0.015152
0.05303 0.022727
0.030303 0.037879
0.015152 0.060606
0.0075758 0.083333
0 0.10606
0 0.12879
0.0075758 0.15152
0.022727 0.17424
0.030303 0.19697
0.05303 0.2197
0.075758 0.24242
0.098485 0.26515
0.12121 0.2803
0.12121 0.2803
# triangles
17 20 76
15 16 17
13 15 17
13 14 15
11 12 13
23 24 26
23 26 72
26 27 28
26 28 29
24 25 26
17 18 19
17 19 20
20 21 75
21 74 75
20 75 76
21 22 74
3 84 85
3 83 84
4 82 83
3 4 83
4 81 82
91 104 105
49 50 57
44 67 68
44 66 67
44 68 69
40 43 70
40 70 71
26 71 72
26 40 71
34 35 36
33 34 36
22 73 74
22 23 73
23 72 73
9 10 11
9 11 13
8 9 13
5 8 13
5 7 8
5 6 7
5 13 17
5 17 76
5 76 77
4 5 77
3 86 87
3 85 86
4 78 79
4 77 78
4 79 80
4 80 81
89 105 106
89 91 105
0 89 106
0 88 89
102 103 104
91 102 104
50 51 56
50 56 57
47 48 59
48 58 59
49 57 58
48 49 58
47 59 60
46 47 60
45 65 66
44 45 66
45 46 62
38 39 40
26 29 38
26 38 40
36 37 38
0 1 2
0 2 88
2 87 88
2 3 87
89 90 91
91 92 102
92 94 102
92 93 94
94 98 102
98 101 102
52 53 55
51 52 55
51 55 56
53 54 55
46 61 62
46 60 61
45 64 65
29 30 31
29 31 38
32 33 36
32 36 38
31 32 38
40 42 43
40 41 42
45 62 63
45 63 64
95 96 97
43 69 70
43 44 69
98 100 101
98 99 100
94 95 97
94 97 98
