# points
0.084848 0.5
0.093939 0.52424
0.10606 0.54848
0.11515 0.57273
0.12424 0.59697
0.13333 0.62121
0.14545 0.64545
0.15455 0.6697
0.16364 0.69394
0.16364 0.71818
0.15455 0.74242
0.14545 0.76667
0.13636 0.79091
0.12424 0.81515
0.11515 0.83939
0.10606 0.86364
0.09697 0.88788
0.084848 0.91212
0.075758 0.93636
0.066667 0.96061
0.057576 0.98485
0.060606 1
0.084848 0.99697
0.10909 0.99697
0.13333 0.99394
0.15758 0.99091
0.18182 0.98788
0.20606 0.98182
0.2303 0.97576
0.25455 0.9697
0.27879 0.96364
0.30303 0.95152
0.32727 0.94242
0.35152 0.9303
0.37576 0.91818
0.4 0.90606
0.42424 0.89091
0.44848 0.8697
0.47273 0.85152
0.49394 0.8303
0.51515 0.80909
0.53636 0.78485
0.55455 0.76061
0.5697 0.73636
0.58182 0.71212
0.59394 0.68788
0.60606 0.66364
0.61212 0.63939
0.62121 0.61515
0.62424 0.59091
0.6303 0.56667
0.6303 0.54242
0.63333 0.51818
0.63333 0.49394
0.6303 0.4697
0.62727 0.44545
0.62424 0.42121
0.62121 0.39697
0.61515 0.37273
0.60606 0.34848
0.6 0.32424
0.59091 0.3
0.57879 0.27576
0.56667 0.25152
0.55152 0.22727
0.53333 0.20303
0.51515 0.17879
0.49091 0.15455
0.46667 0.13333
0.44545 0.11515
0.42121 0.09697
0.39697 0.081818
0.37273 0.069697
0.34848 0.057576
0.32424 0.048485
0.3 0.039394
0.27576 0.030303
0.25152 0.024242
0.22727 0.018182
0.20303 0.015152
0.17879 0.0090909
0.15455 0.0060606
0.1303 0.0030303
0.10606 0.0030303
0.081818 0
0.063636 0.0090909
0.057576 0.033333
0.051515 0.057576
0.045455 0.081818
0.039394 0.10606
0.036364 0.1303
0.030303 0.15455
0.024242 0.17879
0.018182 0.20303
0.012121 0.22727
0.0060606 0.25152
0 0.27576
0.0060606 0.3
0.015152 0.32424
0.024242 0.34848
0.033333 0.37273
0.045455 0.39697
0.054545 0.42121
0.063636 0.44545
0.072727 0.4697
0.081818 0.49394
0.084848 0.5
# triangles
84 85 86
9 36 37
20 21 22
6 49 51
49 50 51
0 63 104
68 69 101
69 70 101
70 71 101
71 72 101
65 103 104
83 84 86
83 86 87
6 47 49
6 7 47
67 68 103
65 66 67
65 67 103
63 64 104
64 65 104
68 101 102
68 102 103
59 60 61
0 59 62
59 61 62
0 62 63
74 93 99
74 75 93
81 82 87
82 83 87
79 80 89
7 44 45
7 45 47
9 37 38
9 38 39
8 9 39
8 39 40
8 40 41
8 41 42
7 8 44
9 35 36
9 34 35
10 11 33
9 10 34
10 33 34
0 2 59
0 1 2
0 104 105
75 92 93
75 76 92
94 98 99
93 94 99
77 78 91
77 91 92
76 77 92
81 87 88
80 81 88
80 88 89
79 89 90
78 90 91
78 79 90
45 46 47
8 43 44
8 42 43
11 12 31
2 55 56
2 56 59
56 58 59
56 57 58
3 54 55
2 3 55
19 20 22
95 97 98
94 95 98
95 96 97
47 48 49
12 30 31
4 51 54
3 4 54
4 6 51
14 15 28
17 18 24
17 24 25
15 27 28
16 17 25
15 16 27
11 32 33
11 31 32
13 14 29
14 28 29
12 13 29
12 29 30
4 5 6
18 19 23
18 23 24
19 22 23
16 25 26
16 26 27
72 73 101
73 100 101
73 74 99
73 99 100
51 52 54
52 53 54
