# points
0.0090909 0.5
0.0090909 0.52424
0.033333 0.54848
0.057576 0.57273
0.081818 0.59697
0.10606 0.62121
0.1303 0.64545
0.15455 0.66667
0.1303 0.68788
0.10606 0.70606
0.081818 0.72424
0.057576 0.74242
0.033333 0.76061
0.0090909 0.78182
0.0030303 0.80303
0.0030303 0.82727
0.0030303 0.85152
0.0030303 0.87576
0.0030303 0.9
0.0030303 0.92424
0.0030303 0.94848
0 0.97273
0 0.99697
0.024242 1
0.048485 0.99697
0.072727 0.99697
0.09697 0.99394
0.12121 0.98788
0.14545 0.98485
0.1697 0.97879
0.19394 0.97273
0.21818 0.96667
0.24242 0.95758
0.26667 0.94848
0.29091 0.93636
0.31515 0.92424
0.33939 0.91212
0.36364 0.89697
0.38788 0.87879
0.41212 0.86061
0.43636 0.83939
0.45758 0.81818
0.48182 0.79394
0.5 0.7697
0.51515 0.74545
0.5303 0.72121
0.54242 0.69697
0.55455 0.67273
0.56061 0.64848
0.5697 0.62424
0.57576 0.6
0.57879 0.57576
0.58182 0.55152
0.58485 0.52727
0.58485 0.50303
0.58182 0.47879
0.58182 0.45455
0.57879 0.4303
0.57273 0.40606
0.5697 0.38182
0.56061 0.35758
0.55455 0.33333
0.54545 0.30909
0.53333 0.28485
0.52121 0.26061
0.50909 0.23636
0.49091 0.21212
0.47273 0.18788
0.45455 0.16667
0.4303 0.14242
0.40606 0.12121
0.38182 0.10303
0.35758 0.087879
0.33333 0.075758
0.30909 0.063636
0.28485 0.051515
0.26061 0.042424
0.23636 0.033333
0.21212 0.027273
0.18788 0.021212
0.16364 0.015152
0.13939 0.012121
0.11515 0.0090909
0.090909 0.0060606
0.066667 0.0030303
0.042424 0
0.018182 0
0.018182 0.024242
0.015152 0.048485
0.015152 0.072727
0.015152 0.09697
0.015152 0.12121
0.015152 0.14545
0.015152 0.1697
0.015152 0.19394
0.012121 0.21818
0.012121 0.24242
0.012121 0.26667
0.012121 0.29091
0.012121 0.31515
0.012121 0.33939
0.012121 0.36364
0.012121 0.38788
0.0090909 0.41212
0.0090909 0.43636
0.0090909 0.46061
0.0090909 0.48485
0.0090909 0.5
# triangles
85 86 87
21 22 23
17 27 28
7 42 43
21 23 24
7 48 51
19 25 26
49 50 51
48 49 51
7 51 52
7 52 55
7 55 58
5 60 63
4 5 63
84 85 87
84 87 88
11 29 30
10 11 30
10 30 31
9 10 31
11 16 29
16 28 29
16 17 28
12 13 14
7 43 44
7 44 45
7 46 48
7 45 46
46 47 48
20 24 25
19 20 25
20 21 24
18 26 27
18 19 26
17 18 27
7 41 42
7 40 41
7 37 38
9 31 32
7 8 35
8 34 35
6 58 60
5 6 60
6 7 58
2 3 106
4 63 102
63 64 102
64 66 102
60 62 63
73 97 98
12 14 15
11 12 15
11 15 16
7 39 40
7 38 39
7 36 37
7 35 36
8 33 34
9 32 33
8 9 33
55 57 58
55 56 57
3 4 104
4 102 104
64 65 66
70 71 98
72 73 98
71 72 98
73 74 97
78 93 94
84 88 89
0 2 106
0 1 2
58 59 60
3 105 106
3 104 105
68 69 100
66 101 102
70 98 99
69 99 100
69 70 99
76 77 94
77 78 94
83 84 89
82 90 91
82 83 90
83 89 90
60 61 62
67 68 100
66 67 101
67 100 101
102 103 104
74 96 97
75 76 94
75 94 95
75 95 96
74 75 96
81 82 91
81 91 92
80 81 92
79 80 92
78 79 93
79 92 93
52 53 54
52 54 55
