# points
0.012121 0.5
0.0030303 0.52424
0.0090909 0.54848
0.015152 0.57273
0.021212 0.59697
0.027273 0.62121
0.033333 0.64545
0.039394 0.6697
0.045455 0.69394
0.051515 0.71818
0.060606 0.74242
0.063636 0.76667
0.054545 0.79091
0.048485 0.81515
0.042424 0.83939
0.033333 0.86364
0.027273 0.88788
0.021212 0.91212
0.012121 0.93636
0.0060606 0.96061
0 0.98485
0.0060606 1
0.030303 0.99697
0.054545 0.99697
0.078788 0.99394
0.10303 0.99091
0.12727 0.98788
0.15152 0.98182
0.17576 0.97576
0.2 0.9697
0.22424 0.96061
0.24848 0.95152
0.27273 0.94242
0.29697 0.9303
0.32121 0.91818
0.34545 0.90303
0.3697 0.88788
0.39394 0.8697
0.41818 0.85152
0.43939 0.8303
0.46364 0.80606
0.48182 0.78182
0.50303 0.75758
0.51818 0.73333
0.5303 0.70909
0.54242 0.68485
0.55152 0.66061
0.56061 0.63636
0.56667 0.61212
0.57273 0.58788
0.57576 0.56364
0.57879 0.53939
0.57879 0.51515
0.57576 0.49091
0.57576 0.46667
0.57273 0.44242
0.5697 0.41818
0.56364 0.39394
0.56061 0.3697
0.55152 0.34545
0.54242 0.32121
0.53333 0.29697
0.52121 0.27273
0.50909 0.24848
0.49394 0.22424
0.47576 0.2
0.45758 0.17576
0.43333 0.15152
0.41212 0.1303
0.38788 0.11212
0.36364 0.09697
0.33939 0.081818
0.31515 0.069697
0.29091 0.057576
0.26667 0.045455
0.24242 0.039394
0.21818 0.030303
0.19394 0.024242
0.1697 0.018182
0.14545 0.012121
0.12121 0.0090909
0.09697 0.0060606
0.072727 0.0030303
0.048485 0.0030303
0.024242 0
0.015152 0.012121
0.024242 0.036364
0.030303 0.060606
0.039394 0.084848
0.048485 0.10909
0.057576 0.13333
0.063636 0.15758
0.072727 0.18182
0.081818 0.20606
0.087879 0.2303
0.093939 0.25455
0.084848 0.27879
0.078788 0.30303
0.069697 0.32727
0.060606 0.35152
0.051515 0.37576
0.045455 0.4
0.036364 0.42424
0.027273 0.44848
0.021212 0.47273
0.012121 0.49697
0.012121 0.5
# triangles
20 21 22
19 20 22
19 22 23
48 49 50
17 24 25
4 48 50
4 5 48
4 50 104
83 84 85
67 68 95
10 39 41
8 10 41
7 8 41
18 23 24
17 18 24
18 19 23
16 17 25
3 4 104
7 41 44
6 7 44
83 85 86
66 67 95
64 65 97
65 95 97
65 66 95
68 69 95
69 70 95
95 96 97
60 97 98
53 55 101
55 57 101
57 99 101
10 36 37
10 37 39
8 9 10
10 11 36
11 35 36
14 15 27
14 27 28
0 2 3
0 1 2
0 104 105
0 3 104
6 44 46
5 6 46
46 47 48
5 46 48
53 54 55
79 89 90
60 61 97
61 62 97
63 64 97
62 63 97
53 101 102
50 53 102
50 102 104
102 103 104
99 100 101
37 38 39
11 33 34
11 34 35
11 31 32
11 32 33
16 25 26
12 13 30
44 45 46
39 40 41
41 43 44
41 42 43
81 87 88
78 79 90
70 71 95
75 92 93
75 76 92
13 29 30
14 28 29
13 14 29
81 82 87
82 86 87
82 83 86
79 80 89
80 88 89
80 81 88
76 77 92
77 91 92
77 90 91
77 78 90
55 56 57
57 58 59
59 60 98
57 59 99
59 98 99
73 93 94
73 75 93
73 74 75
71 72 95
72 94 95
72 73 94
50 52 53
50 51 52
11 12 30
11 30 31
15 16 26
15 26 27
