# points
0.0090909 0.5
0.0090909 0.52424
0.0090909 0.54848
0.0090909 0.57273
0.0060606 0.59697
0.0060606 0.62121
0.0060606 0.64545
0.0060606 0.6697
0.0060606 0.69394
0.0060606 0.71818
0.0060606 0.74242
0.0030303 0.76667
0.0030303 0.79091
0.0030303 0.81515
0.0030303 0.83939
0.0030303 0.86364
0.0030303 0.88788
0.0030303 0.91212
0.0030303 0.93636
0 0.96061
0 0.98485
0.012121 1
0.036364 0.99697
0.060606 0.98788
0.084848 0.97879
0.10909 0.96061
0.13333 0.93939
0.15152 0.91515
0.1697 0.89091
0.18485 0.86667
0.2 0.84242
0.21515 0.81818
0.2303 0.79394
0.24848 0.7697
0.2697 0.74545
0.29394 0.72424
0.31818 0.70909
0.34242 0.69394
0.36667 0.68485
0.39091 0.67273
0.41515 0.66364
0.43939 0.65455
0.46364 0.64848
0.48788 0.63636
0.51212 0.62727
0.53636 0.61212
0.55758 0.59394
0.57273 0.5697
0.58182 0.54545
0.58485 0.52121
0.58485 0.49697
0.58182 0.47273
0.57879 0.44848
0.57576 0.42424
0.57273 0.4
0.56667 0.37576
0.56061 0.35152
0.55152 0.32727
0.54242 0.30303
0.5303 0.27879
0.51818 0.25455
0.50303 0.2303
0.48788 0.20606
0.46667 0.18182
0.44545 0.15758
0.42121 0.13636
0.4 0.11818
0.37576 0.1
0.35152 0.084848
0.32727 0.072727
0.30303 0.060606
0.27879 0.048485
0.25455 0.039394
0.2303 0.033333
0.20606 0.024242
0.18182 0.018182
0.15758 0.015152
0.13333 0.0090909
0.10909 0.0060606
0.084848 0.0030303
0.060606 0.0030303
0.036364 0
0.018182 0.0060606
0.018182 0.030303
0.015152 0.054545
0.015152 0.078788
0.015152 0.10303
0.015152 0.12727
0.015152 0.15152
0.015152 0.17576
0.015152 0.2
0.012121 0.22424
0.012121 0.24848
0.012121 0.27273
0.012121 0.29697
0.012121 0.32121
0.012121 0.34545
0.012121 0.3697
0.012121 0.39394
0.0090909 0.41818
0.0090909 0.44242
0.0090909 0.46667
0.0090909 0.49091
0.0090909 0.5
# triangles
19 20 22
20 21 22
19 22 23
17 18 24
18 23 24
18 19 23
3 4 35
45 46 47
44 45 49
45 47 49
63 64 65
73 74 89
69 70 92
47 48 49
16 26 27
11 12 30
63 65 96
63 96 97
69 92 93
73 89 90
70 90 92
74 88 89
1 2 36
2 3 35
2 35 36
17 24 25
16 17 25
16 25 26
61 62 63
61 63 97
15 16 27
14 15 27
10 11 31
11 30 31
14 27 28
61 97 98
98 99 100
39 98 100
65 95 96
66 67 94
65 66 95
66 94 95
67 68 94
68 93 94
68 69 93
79 84 85
78 85 86
78 79 85
90 91 92
70 71 90
1 36 37
0 1 37
0 37 102
37 101 102
37 100 101
37 38 39
37 39 100
59 60 98
60 61 98
39 40 57
39 57 98
55 56 57
40 55 57
57 58 59
57 59 98
6 7 34
5 6 34
5 34 35
4 5 35
8 9 32
9 10 32
10 31 32
12 29 30
14 28 29
79 80 84
77 78 86
76 77 86
74 75 88
75 76 88
76 86 87
76 87 88
72 73 90
71 72 90
8 32 33
7 8 33
7 33 34
12 13 29
13 14 29
43 51 52
41 43 52
41 42 43
43 50 51
43 49 50
43 44 49
40 53 55
40 41 53
41 52 53
80 81 83
80 83 84
81 82 83
53 54 55
