# points
0.016588 0.44313
0.007109 0.46919
0.0023697 0.49526
0 0.52133
0.0023697 0.54739
0.0094787 0.57346
0.018957 0.59953
0.030806 0.62559
0.042654 0.65166
0.056872 0.67773
0.07346 0.70379
0.092417 0.72986
0.11137 0.75592
0.13033 0.78199
0.14929 0.80569
0.17062 0.83175
0.19431 0.85782
0.21801 0.87678
0.24408 0.88863
0.27014 0.88863
0.29621 0.87441
0.32227 0.85545
0.34834 0.83649
0.37441 0.81517
0.39573 0.79147
0.41469 0.7654
0.43128 0.73934
0.4455 0.71327
0.45972 0.6872
0.47156 0.66114
0.48341 0.63507
0.49526 0.609
0.51185 0.58294
0.5237 0.609
0.53555 0.63507
0.54976 0.66114
0.56161 0.6872
0.57583 0.71327
0.59242 0.73934
0.609 0.7654
0.63033 0.79147
0.65166 0.81754
0.67773 0.84123
0.70379 0.85782
0.72986 0.86967
0.75592 0.86967
0.78199 0.86019
0.80569 0.84123
0.82701 0.81754
0.84597 0.79147
0.86256 0.7654
0.87678 0.73934
0.89573 0.71327
0.91232 0.6872
0.92654 0.66114
0.94313 0.63507
0.95498 0.609
0.96682 0.58294
0.97867 0.55687
0.98578 0.53081
0.99289 0.50474
0.99763 0.47867
1 0.45261
0.99763 0.42654
0.99289 0.40047
0.98578 0.37441
0.97156 0.34834
0.95261 0.32227
0.93128 0.29621
0.90758 0.27014
0.88152 0.24408
0.85545 0.22275
0.83175 0.20379
0.80569 0.18483
0.77962 0.16588
0.75355 0.14929
0.72749 0.1327
0.70142 0.11848
0.67536 0.10427
0.64929 0.087678
0.62322 0.07109
0.59716 0.054502
0.57109 0.037915
0.54502 0.018957
0.51896 0
0.49763 0.0094787
0.47156 0.035545
0.44787 0.056872
0.4218 0.080569
0.39573 0.10427
0.36967 0.12559
0.3436 0.14692
0.31754 0.16825
0.29147 0.1872
0.2654 0.20853
0.23934 0.22986
0.21327 0.24882
0.1872 0.27251
0.16114 0.29384
0.13507 0.31754
0.11137 0.33886
0.090047 0.35782
0.063981 0.38389
0.037915 0.40995
0.021327 0.43602
0.016588 0.44313
# triangles
32 78 90
15 21 22
2 3 4
32 95 96
32 68 69
32 73 74
32 69 70
32 70 71
17 18 20
43 45 46
37 51 52
31 32 98
0 1 104
1 2 104
32 97 98
32 96 97
32 92 93
102 103 104
2 102 104
32 57 59
32 59 68
32 71 72
32 72 73
32 74 75
32 75 76
32 77 78
32 76 77
78 89 90
15 16 21
16 20 21
16 17 20
14 15 22
13 14 24
12 26 27
54 55 56
43 44 45
36 37 52
38 39 51
37 38 51
31 98 99
30 100 101
30 31 100
31 99 100
32 90 91
32 91 92
32 94 95
32 93 94
57 58 59
64 65 66
59 67 68
63 64 67
64 66 67
81 82 87
81 87 88
80 81 88
80 88 89
13 24 25
12 25 26
12 13 25
14 22 23
14 23 24
39 50 51
41 42 48
41 48 49
18 19 20
43 46 47
42 43 47
42 47 48
59 60 67
83 84 85
78 79 89
79 80 89
10 28 29
11 12 27
11 27 28
10 11 28
2 4 5
2 5 102
8 29 30
40 41 49
39 40 50
40 49 50
34 35 54
35 36 53
36 52 53
35 53 54
61 63 67
60 61 67
61 62 63
83 85 86
82 86 87
82 83 86
9 10 29
8 9 29
7 30 101
7 8 30
7 101 102
33 54 56
33 34 54
5 6 102
6 7 102
33 56 57
32 33 57
