# points
0.044855 0.49604
0.031662 0.52507
0.021108 0.55409
0.013193 0.58311
0.0079156 0.61214
0.0026385 0.64116
0 0.67018
0 0.69921
0.0026385 0.72823
0.005277 0.75726
0.0079156 0.78628
0.013193 0.8153
0.021108 0.84433
0.031662 0.87335
0.042216 0.90237
0.058047 0.9314
0.079156 0.96042
0.10818 0.98153
0.1372 0.99472
0.16623 1
0.19525 1
0.22427 0.99472
0.2533 0.98417
0.28232 0.97098
0.31135 0.95251
0.33773 0.92876
0.36412 0.90237
0.38259 0.87335
0.39842 0.84433
0.41161 0.8153
0.4248 0.78628
0.43536 0.75726
0.44591 0.72823
0.45646 0.69921
0.46702 0.67018
0.48285 0.65699
0.4934 0.68602
0.50396 0.71504
0.51451 0.74406
0.5277 0.77309
0.53826 0.80211
0.55409 0.83113
0.56728 0.86016
0.58575 0.88918
0.60686 0.91821
0.63325 0.94459
0.66227 0.9657
0.69129 0.97361
0.72032 0.97361
0.74934 0.96834
0.77836 0.95778
0.80739 0.94195
0.83641 0.92084
0.86544 0.89446
0.89182 0.86544
0.90765 0.83641
0.92084 0.80739
0.92876 0.77836
0.93668 0.74934
0.94195 0.72032
0.94459 0.69129
0.94723 0.66227
0.94723 0.63325
0.94459 0.60422
0.94195 0.5752
0.93668 0.54617
0.92876 0.51715
0.92084 0.48813
0.91029 0.4591
0.89974 0.43008
0.88654 0.40106
0.86807 0.37203
0.8496 0.34301
0.83113 0.31398
0.81003 0.28496
0.78364 0.25594
0.75726 0.22691
0.72823 0.19789
0.69921 0.17414
0.67018 0.1504
0.64116 0.12929
0.61214 0.10554
0.58311 0.084433
0.55409 0.060686
0.52507 0.034301
0.49604 0.0079156
0.4723 0
0.44855 0.029024
0.42744 0.055409
0.40369 0.084433
0.37731 0.11346
0.35092 0.14248
0.3219 0.1715
0.29551 0.20053
0.26649 0.22955
0.23747 0.25858
0.21108 0.2876
0.1847 0.31662
0.16095 0.34301
0.13456 0.37203
0.11082 0.40106
0.08971 0.43008
0.068602 0.4591
0.050132 0.48813
0.044855 0.49604
# triangles
12 13 25
35 72 73
35 71 72
35 95 96
35 94 95
35 93 94
35 78 93
35 75 76
15 16 17
45 48 49
35 96 97
0 1 103
35 67 68
35 66 67
35 74 75
35 73 74
35 68 69
35 69 71
35 77 78
35 76 77
37 61 62
37 62 63
10 11 27
11 12 27
12 25 27
5 6 31
6 7 31
8 30 31
7 8 31
17 18 19
15 17 19
53 54 55
41 53 55
42 52 53
41 42 53
13 24 25
13 23 24
13 14 22
13 22 23
14 15 22
15 21 22
35 97 98
69 70 71
82 83 89
82 89 90
79 80 92
79 92 93
78 79 93
55 56 57
41 55 57
39 59 60
39 58 59
39 57 58
25 26 27
8 9 29
8 29 30
9 10 28
10 27 28
9 28 29
4 5 31
2 3 33
1 2 33
1 33 103
15 20 21
15 19 20
80 91 92
81 82 90
80 81 91
81 90 91
85 86 87
84 85 87
38 39 60
37 38 61
38 60 61
40 41 57
39 40 57
44 50 51
44 45 49
44 49 50
43 44 51
43 51 52
42 43 52
4 31 32
3 4 32
3 32 33
34 102 103
33 34 103
34 101 102
34 100 101
34 99 100
34 35 98
34 98 99
45 47 48
45 46 47
84 87 88
83 88 89
83 84 88
36 64 65
36 63 64
36 37 63
35 36 66
36 65 66
