# points
0.047516 0.40821
0.032397 0.43629
0.019438 0.46436
0.010799 0.49244
0.0043197 0.52052
0.0021598 0.5486
0 0.57667
0.0021598 0.60475
0.0064795 0.63283
0.012959 0.66091
0.021598 0.68898
0.032397 0.71706
0.047516 0.74514
0.066955 0.77322
0.095032 0.79482
0.12311 0.80994
0.15119 0.81857
0.17927 0.82073
0.20734 0.82073
0.23542 0.81641
0.2635 0.80994
0.29158 0.79914
0.31965 0.78618
0.34773 0.7689
0.37581 0.74946
0.39525 0.72786
0.41685 0.69978
0.43413 0.67171
0.44924 0.64363
0.4622 0.61555
0.47516 0.58747
0.49028 0.5594
0.5054 0.53132
0.51836 0.5594
0.53132 0.58747
0.54644 0.61555
0.56156 0.64363
0.57667 0.67171
0.59611 0.69978
0.61555 0.72786
0.63931 0.75378
0.66739 0.77538
0.69546 0.7905
0.72354 0.79914
0.75162 0.8013
0.7797 0.79698
0.80778 0.7905
0.83585 0.78186
0.86393 0.7689
0.89201 0.75162
0.92009 0.73002
0.94384 0.70626
0.96328 0.67819
0.9784 0.65011
0.98704 0.62203
0.99352 0.59395
0.99784 0.56587
1 0.5378
0.99784 0.50972
0.99568 0.48164
0.9892 0.45356
0.98056 0.42549
0.96976 0.39741
0.9568 0.36933
0.94168 0.34125
0.92225 0.31317
0.89849 0.2851
0.87041 0.28726
0.84233 0.29806
0.81425 0.31102
0.78618 0.32613
0.7581 0.33909
0.73002 0.34989
0.7041 0.34125
0.7041 0.31317
0.71274 0.2851
0.72138 0.25702
0.73002 0.22894
0.73866 0.20086
0.74514 0.17279
0.73866 0.14471
0.71058 0.12743
0.68251 0.11015
0.65443 0.095032
0.62635 0.077754
0.59827 0.060475
0.57019 0.043197
0.54212 0.021598
0.51404 0
0.48812 0.012959
0.46436 0.036717
0.43629 0.062635
0.40821 0.088553
0.38013 0.11231
0.35205 0.13391
0.32397 0.15767
0.2959 0.17711
0.26998 0.1987
0.2419 0.22246
0.21598 0.2419
0.19006 0.26566
0.16199 0.28942
0.13391 0.31533
0.10799 0.34125
0.086393 0.36285
0.060475 0.39093
0.047516 0.40821
# triangles
32 74 94
56 57 58
56 58 72
7 8 23
32 73 74
74 75 92
30 31 102
32 98 99
32 97 98
32 94 95
74 93 94
74 92 93
8 9 22
8 22 23
55 56 72
3 5 27
3 4 5
5 26 27
5 6 7
1 2 3
0 1 105
32 33 73
33 72 73
31 32 101
31 101 102
30 102 103
29 30 103
29 103 104
3 27 28
1 3 28
1 28 105
28 104 105
28 29 104
32 96 97
32 95 96
75 84 92
7 23 25
5 7 25
5 25 26
9 10 21
9 21 22
50 54 72
54 55 72
12 13 14
11 12 17
12 14 17
52 53 54
50 51 52
50 52 54
63 64 69
63 69 70
61 70 71
60 61 71
59 60 71
58 71 72
58 59 71
32 99 100
32 100 101
75 76 83
75 83 84
23 24 25
10 11 19
41 42 45
14 15 17
15 16 17
36 37 72
49 50 72
64 65 68
64 68 69
76 77 83
77 82 83
61 62 70
62 63 70
86 90 91
85 91 92
85 86 91
84 85 92
78 79 81
77 78 81
77 81 82
79 80 81
10 20 21
10 19 20
11 17 18
11 18 19
42 43 45
35 36 72
38 48 49
38 39 46
37 38 72
38 49 72
40 41 45
40 45 46
39 40 46
65 66 67
65 67 68
87 89 90
86 87 90
87 88 89
43 44 45
33 34 72
34 35 72
38 47 48
38 46 47
