# points
0.22129 0.38095
0.22129 0.42577
0.22689 0.47059
0.21008 0.51541
0.19608 0.56022
0.17927 0.60504
0.14846 0.63585
0.10364 0.63866
0.058824 0.64706
0.014006 0.65266
0 0.68908
0.030812 0.71709
0.07563 0.71989
0.12045 0.73389
0.16527 0.7451
0.20168 0.7563
0.20728 0.72549
0.2521 0.70868
0.29412 0.68067
0.33613 0.65266
0.36695 0.62185
0.37255 0.60504
0.39776 0.57423
0.43137 0.55462
0.46218 0.52381
0.507 0.5098
0.55182 0.507
0.59664 0.51261
0.64146 0.51821
0.68627 0.51821
0.73109 0.5098
0.77591 0.5014
0.82073 0.51541
0.86555 0.52101
0.91036 0.51541
0.95518 0.5098
0.98039 0.48459
0.97759 0.45378
0.94118 0.43978
0.90196 0.43697
0.85714 0.45098
0.81232 0.47619
0.81232 0.45378
0.82353 0.40896
0.82633 0.36415
0.82353 0.31933
0.86835 0.32213
0.89076 0.29692
0.92437 0.27731
0.92997 0.23249
0.94118 0.18768
0.97199 0.15126
1 0.11765
0.97759 0.10364
0.93277 0.13165
0.91597 0.17367
0.89916 0.21849
0.86275 0.2437
0.84034 0.20728
0.85154 0.17367
0.86275 0.13165
0.83193 0.13445
0.80112 0.17647
0.81232 0.22129
0.79272 0.2465
0.7479 0.2465
0.70308 0.28011
0.66387 0.30812
0.62185 0.29972
0.57703 0.28291
0.53221 0.27451
0.48739 0.27451
0.44258 0.27731
0.40056 0.27171
0.40336 0.22689
0.41457 0.18207
0.42017 0.13725
0.43417 0.092437
0.44258 0.047619
0.42017 0.011204
0.38095 0
0.38095 0.028011
0.41176 0.064426
0.39496 0.10924
0.37535 0.15406
0.36134 0.19888
0.34454 0.2437
0.31373 0.28011
0.26891 0.2521
0.23249 0.21289
0.19888 0.17367
0.15966 0.13445
0.13165 0.092437
0.10364 0.061625
0.070028 0.042017
0.061625 0.07563
0.098039 0.10644
0.13445 0.15126
0.15966 0.19608
0.18768 0.2409
0.21569 0.28291
0.23529 0.32773
0.22409 0.37255
0.22129 0.38095
# triangles
9 10 11
79 80 81
4 5 18
5 6 16
3 4 21
1 2 24
3 21 22
2 3 22
59 61 62
58 59 62
50 55 56
30 31 42
30 42 43
33 34 40
1 24 87
6 7 13
6 13 14
6 14 16
14 15 16
5 17 18
5 16 17
2 23 24
2 22 23
4 18 19
4 19 21
19 20 21
59 60 61
48 56 57
51 52 53
48 49 56
49 50 56
34 35 38
35 36 38
36 37 38
34 39 40
34 38 39
93 94 95
89 90 99
90 98 99
7 12 13
7 8 12
8 9 11
8 11 12
31 41 42
31 32 41
33 40 41
32 33 41
47 48 57
46 47 57
57 58 63
57 63 64
58 62 63
45 46 57
45 57 64
45 64 65
45 65 66
44 45 66
50 54 55
50 51 54
51 53 54
92 96 97
93 95 96
92 93 96
91 92 97
91 97 98
90 91 98
87 88 101
89 99 100
88 89 100
88 100 101
25 26 70
77 82 83
77 78 82
78 79 82
79 81 82
87 101 102
0 1 102
1 87 102
24 25 72
26 27 68
74 85 86
73 86 87
24 73 87
24 72 73
73 74 86
27 28 67
27 67 68
28 29 67
29 30 67
30 43 67
43 44 67
44 66 67
26 69 70
26 68 69
75 84 85
74 75 85
76 83 84
75 76 84
76 77 83
25 70 71
25 71 72
