# points
0.13389 0.5007
0.15063 0.54254
0.16039 0.58438
0.16736 0.62762
0.17992 0.67085
0.21199 0.7099
0.24268 0.75174
0.25802 0.79777
0.27615 0.8424
0.28452 0.88563
0.24547 0.91353
0.20223 0.93166
0.16876 0.96374
0.19944 0.99303
0.24407 0.98605
0.28731 0.99163
0.32915 0.99303
0.35704 1
0.36402 0.95816
0.38354 0.91632
0.3947 0.87029
0.39749 0.82566
0.40028 0.78243
0.40307 0.7364
0.41423 0.69317
0.42538 0.65132
0.43933 0.6053
0.47141 0.56764
0.50907 0.53835
0.5537 0.50767
0.59275 0.47838
0.6304 0.44351
0.6569 0.40028
0.69596 0.37099
0.71688 0.33194
0.71269 0.2887
0.69038 0.25105
0.65969 0.21199
0.62483 0.17573
0.59833 0.13529
0.57183 0.097629
0.53417 0.073919
0.50209 0.089261
0.51325 0.12413
0.53556 0.16318
0.5523 0.20084
0.55509 0.22315
0.52301 0.18689
0.50767 0.14226
0.48257 0.106
0.44909 0.07113
0.4212 0.036262
0.38354 0.0083682
0.34589 0
0.35286 0.026499
0.39331 0.046025
0.42678 0.078103
0.45188 0.11994
0.47001 0.16318
0.47978 0.20642
0.46583 0.21757
0.4463 0.17852
0.4212 0.14644
0.37936 0.12692
0.3417 0.10181
0.30544 0.072524
0.27476 0.061367
0.23989 0.086471
0.27894 0.099024
0.32218 0.11576
0.35983 0.14365
0.39052 0.17992
0.41283 0.22036
0.42538 0.26499
0.43794 0.30823
0.42538 0.34589
0.3947 0.37657
0.35565 0.39749
0.31381 0.43096
0.28033 0.46862
0.24268 0.47978
0.21199 0.44491
0.18131 0.40446
0.15063 0.3682
0.12552 0.33054
0.096234 0.30404
0.064156 0.2887
0.062762 0.31381
0.10321 0.33752
0.1311 0.37378
0.15063 0.41841
0.17434 0.46025
0.16457 0.46444
0.13529 0.42538
0.10042 0.38773
0.072524 0.35286
0.04463 0.32357
0.0069735 0.3152
0 0.34589
0.041841 0.35286
0.078103 0.39191
0.096234 0.42957
0.11715 0.47141
0.13389 0.5007
# triangles
33 34 35
9 19 20
96 97 98
85 87 88
85 86 87
9 10 15
11 12 13
5 6 24
60 73 74
46 60 74
31 32 74
32 46 74
66 67 68
9 15 18
15 16 18
9 18 19
16 17 18
7 8 22
8 21 22
8 9 20
8 20 21
10 14 15
11 13 14
10 11 14
3 4 5
5 24 25
3 5 25
6 23 24
7 22 23
6 7 23
36 37 46
32 36 46
33 35 36
32 33 36
60 72 73
40 41 43
40 43 44
37 38 46
30 31 75
31 74 75
29 30 75
29 75 76
27 76 77
25 26 79
3 25 79
27 77 78
26 27 78
26 78 79
84 85 88
84 88 89
96 98 99
95 96 99
95 99 100
51 52 55
65 66 68
63 70 71
62 63 71
63 64 70
41 42 43
38 45 46
39 40 44
39 44 45
38 39 45
46 59 60
46 47 59
28 29 76
27 28 76
1 2 80
2 3 80
3 79 80
83 84 89
64 69 70
65 68 69
64 65 69
94 95 100
52 53 54
52 54 55
50 56 57
51 55 56
50 51 56
49 50 57
47 58 59
47 48 58
49 57 58
48 49 58
92 93 102
0 92 102
0 1 92
83 89 90
82 83 90
94 100 101
93 94 101
93 101 102
60 61 72
61 71 72
61 62 71
82 90 91
81 82 91
80 81 91
1 80 91
1 91 92
