# points
0 0.50476
0 0.54286
0 0.58095
0 0.61905
0.0095238 0.65714
0.019048 0.69524
0.028571 0.73333
0.047619 0.77143
0.066667 0.80952
0.095238 0.84762
0.12381 0.88571
0.1619 0.91429
0.2 0.94286
0.2381 0.9619
0.27619 0.98095
0.31429 0.99048
0.35238 1
0.39048 1
0.42857 1
0.46667 1
0.50476 1
0.54286 0.99048
0.58095 0.98095
0.61905 0.97143
0.65714 0.95238
0.69524 0.92381
0.73333 0.89524
0.7619 0.86667
0.79048 0.8381
0.81905 0.8
0.8381 0.7619
0.84762 0.72381
0.85714 0.68571
0.86667 0.64762
0.86667 0.60952
0.87619 0.57143
0.87619 0.53333
0.87619 0.49524
0.87619 0.45714
0.86667 0.41905
0.85714 0.38095
0.84762 0.34286
0.8381 0.30476
0.82857 0.26667
0.80952 0.22857
0.8 0.19048
0.79048 0.15238
0.77143 0.11429
0.75238 0.07619
0.73333 0.038095
0.70476 0.019048
0.66667 0.0095238
0.62857 0.019048
0.59048 0.019048
0.58095 0.047619
0.6 0.066667
0.6381 0.066667
0.67619 0.057143
0.68571 0.095238
0.64762 0.095238
0.60952 0.10476
0.59048 0.12381
0.6 0.1619
0.61905 0.2
0.62857 0.2381
0.6381 0.27619
0.6381 0.31429
0.64762 0.35238
0.65714 0.39048
0.65714 0.42857
0.65714 0.46667
0.65714 0.50476
0.64762 0.54286
0.64762 0.58095
0.62857 0.61905
0.60952 0.65714
0.58095 0.69524
0.54286 0.72381
0.50476 0.74286
0.46667 0.75238
0.42857 0.74286
0.39048 0.73333
0.35238 0.72381
0.31429 0.69524
0.28571 0.66667
0.25714 0.6381
0.2381 0.6
0.22857 0.5619
0.20952 0.52381
0.20952 0.48571
0.20952 0.44762
0.20952 0.40952
0.20952 0.37143
0.21905 0.33333
0.21905 0.29524
0.22857 0.25714
0.2381 0.21905
0.24762 0.18095
0.25714 0.14286
0.27619 0.10476
0.28571 0.066667
0.30476 0.028571
0.28571 0.0095238
0.24762 0.0095238
0.20952 0
0.17143 0.0095238
0.14286 0.028571
0.11429 0.057143
0.095238 0.095238
0.085714 0.13333
0.066667 0.17143
0.057143 0.20952
0.047619 0.24762
0.038095 0.28571
0.019048 0.32381
0.019048 0.3619
0.0095238 0.4
0.0095238 0.4381
0 0.47619
0 0.50476
# triangles
35 36 72
0 88 89
2 87 88
14 15 82
11 12 82
13 14 82
12 13 82
0 1 88
1 2 88
24 25 77
25 76 77
25 26 76
43 65 66
43 44 65
39 40 69
91 115 116
91 116 117
99 105 106
32 33 73
35 72 73
15 16 81
15 81 82
27 28 76
26 27 76
48 49 58
47 48 58
46 47 58
45 46 63
46 58 63
58 59 63
52 53 55
52 55 56
37 38 70
38 39 70
39 69 70
40 41 68
40 68 69
90 91 117
89 90 117
0 89 118
89 117 118
98 106 107
98 99 106
97 98 109
113 114 115
92 113 115
91 92 115
94 112 113
96 97 109
96 109 110
34 35 73
33 34 73
31 32 74
32 73 74
9 10 83
10 11 83
11 82 83
2 3 87
50 51 57
51 52 57
52 56 57
49 57 58
49 50 57
59 62 63
36 37 71
37 70 71
36 71 72
99 104 105
99 103 104
53 54 55
99 100 103
100 102 103
100 101 102
98 107 108
98 108 109
93 94 113
92 93 113
94 95 112
45 63 64
44 45 64
44 64 65
8 9 84
9 83 84
28 29 75
28 75 76
29 30 75
30 31 75
31 74 75
21 22 78
22 23 78
18 19 79
18 79 80
19 20 79
20 21 79
21 78 79
17 18 80
16 17 81
17 80 81
60 61 62
59 60 62
95 111 112
96 110 111
95 96 111
5 6 85
6 7 85
7 8 85
8 84 85
4 5 86
5 85 86
43 66 67
42 43 67
41 42 68
42 67 68
24 77 78
23 24 78
3 4 86
3 86 87
