# points
0.01 0.51
0.01 0.55
0.01 0.59
0.02 0.63
0.04 0.67
0.06 0.71
0.08 0.75
0.11 0.78
0.15 0.82
0.19 0.85
0.23 0.87
0.27 0.9
0.31 0.91
0.35 0.93
0.39 0.96
0.42 0.99
0.46 1
0.5 0.98
0.54 0.96
0.57 0.92
0.61 0.89
0.65 0.86
0.69 0.83
0.73 0.8
0.76 0.76
0.79 0.72
0.81 0.68
0.82 0.64
0.83 0.6
0.84 0.56
0.85 0.52
0.85 0.48
0.85 0.44
0.84 0.4
0.83 0.36
0.83 0.32
0.82 0.28
0.8 0.24
0.78 0.2
0.77 0.16
0.75 0.12
0.72 0.08
0.7 0.04
0.68 0
0.64 0.01
0.6 0.01
0.56 0.01
0.52 0.03
0.5 0.06
0.51 0.1
0.53 0.14
0.55 0.18
0.57 0.22
0.59 0.26
0.6 0.3
0.62 0.34
0.63 0.38
0.64 0.42
0.65 0.46
0.64 0.5
0.64 0.54
0.63 0.58
0.61 0.62
0.59 0.65
0.55 0.68
0.51 0.69
0.47 0.7
0.43 0.71
0.39 0.7
0.35 0.69
0.31 0.66
0.27 0.62
0.25 0.58
0.23 0.54
0.22 0.5
0.22 0.46
0.23 0.42
0.23 0.38
0.24 0.34
0.25 0.3
0.26 0.26
0.27 0.22
0.29 0.18
0.31 0.14
0.33 0.1
0.36 0.06
0.36 0.02
0.32 0.01
0.28 0.01
0.24 0.01
0.2 0.02
0.16 0.02
0.13 0.05
0.11 0.09
0.09 0.13
0.07 0.17
0.06 0.21
0.04 0.25
0.03 0.29
0.02 0.33
0.01 0.37
0 0.41
0 0.45
0 0.49
0.01 0.51
# triangles
12 13 68
13 67 68
14 19 67
13 14 67
22 23 63
37 38 54
85 86 87
40 41 52
6 7 71
9 10 70
14 17 19
17 18 19
15 16 17
14 15 17
19 65 66
19 66 67
19 20 65
23 24 63
25 26 62
24 25 62
24 62 63
20 64 65
20 21 64
21 22 64
22 63 64
39 40 52
38 53 54
38 39 53
39 52 53
0 102 103
0 1 74
5 6 71
5 71 72
8 9 70
10 69 70
12 68 69
11 12 69
10 11 69
41 44 50
44 45 50
41 42 44
42 43 44
45 49 50
45 46 49
78 79 97
1 73 74
75 101 102
0 75 102
0 74 75
4 5 72
4 72 73
3 4 73
26 61 62
28 60 61
32 33 58
84 85 87
84 87 88
84 88 89
83 84 89
47 48 49
46 47 49
41 50 51
41 51 52
90 92 93
82 90 93
82 83 90
83 89 90
90 91 92
79 80 96
79 96 97
76 77 100
75 76 100
75 100 101
78 97 98
77 78 98
1 2 73
2 3 73
28 29 60
26 27 61
27 28 61
30 31 58
31 32 58
30 58 59
29 30 59
29 59 60
34 35 56
81 94 95
77 99 100
77 98 99
34 56 57
33 34 57
33 57 58
35 36 55
35 55 56
36 37 55
37 54 55
8 70 71
7 8 71
81 95 96
80 81 96
81 82 94
82 93 94
