# points
0.025575 0.48593
0 0.51151
0.028133 0.52941
0.071611 0.52941
0.11253 0.5422
0.15601 0.55754
0.19693 0.57033
0.23785 0.58312
0.27621 0.59591
0.29668 0.62404
0.31714 0.66496
0.35294 0.69309
0.37084 0.73402
0.38875 0.77238
0.40409 0.81074
0.41432 0.84655
0.3913 0.88235
0.36061 0.92072
0.32992 0.94629
0.32992 0.98721
0.36573 1
0.40409 0.97442
0.44501 0.95652
0.48849 0.9335
0.51662 0.92327
0.50384 0.89514
0.5243 0.85934
0.53453 0.81586
0.54731 0.77749
0.54731 0.73913
0.54731 0.71611
0.54987 0.68031
0.54987 0.6445
0.56266 0.60358
0.59335 0.56522
0.62916 0.53197
0.67008 0.50639
0.70844 0.47826
0.74169 0.44246
0.76982 0.40665
0.81074 0.3913
0.85166 0.36317
0.88235 0.32737
0.90793 0.28645
0.88491 0.25831
0.84399 0.2711
0.81074 0.29923
0.78772 0.34015
0.77238 0.38107
0.76215 0.34271
0.73913 0.30691
0.70844 0.26854
0.71355 0.24041
0.71355 0.20972
0.74425 0.17903
0.72123 0.13811
0.70077 0.099744
0.69309 0.066496
0.70588 0.028133
0.68798 0
0.66752 0.030691
0.65985 0.071611
0.67263 0.10742
0.69054 0.14578
0.67263 0.18159
0.63427 0.16113
0.62916 0.1202
0.59591 0.094629
0.59079 0.13811
0.60358 0.17647
0.63939 0.19949
0.61893 0.22762
0.59335 0.25831
0.58568 0.29923
0.58056 0.3376
0.54731 0.35294
0.50639 0.37084
0.46547 0.3913
0.42711 0.42455
0.39386 0.45524
0.3555 0.45269
0.33504 0.41432
0.31714 0.37596
0.29412 0.34015
0.27877 0.29923
0.24297 0.28389
0.20205 0.28645
0.20205 0.30946
0.24552 0.30946
0.26598 0.34527
0.28133 0.38619
0.29668 0.42967
0.30946 0.47315
0.32225 0.51662
0.28133 0.53197
0.24041 0.52941
0.19949 0.5243
0.15601 0.51918
0.11509 0.51407
0.071611 0.49616
0.033248 0.49105
0.025575 0.48593
# triangles
18 19 20
85 86 87
13 14 28
36 37 74
36 74 75
84 85 88
85 87 88
9 11 93
4 97 98
43 44 45
42 43 45
35 36 75
14 27 28
40 41 47
11 12 31
0 1 100
8 9 93
9 10 11
6 7 95
1 2 100
13 28 29
11 31 32
32 33 93
11 32 93
33 34 78
34 77 78
38 50 74
37 38 74
38 49 50
39 40 48
40 47 48
38 39 48
38 48 49
16 17 22
17 21 22
18 20 21
17 18 21
33 79 93
33 78 79
81 82 91
23 24 25
16 22 23
16 23 25
7 94 95
7 8 94
8 93 94
4 5 97
3 98 99
3 4 98
35 75 76
34 35 76
34 76 77
41 46 47
41 42 46
42 45 46
51 73 74
50 51 74
51 72 73
54 55 63
12 30 31
12 13 30
13 29 30
15 16 25
15 25 26
14 15 27
15 26 27
79 80 93
80 81 91
82 90 91
6 95 96
5 96 97
5 6 96
82 83 90
58 59 60
51 71 72
52 70 71
51 52 71
57 61 62
57 58 60
57 60 61
56 62 63
55 56 63
56 57 62
52 53 70
53 64 70
53 54 63
53 63 64
65 69 70
64 65 70
65 68 69
80 92 93
80 91 92
83 89 90
84 88 89
83 84 89
66 67 68
65 66 68
2 3 100
3 99 100
