# points
0 0.52147
0 0.56442
0.006135 0.60736
0.018405 0.65031
0.03681 0.69325
0.042945 0.7362
0.06135 0.77301
0.079755 0.81595
0.11043 0.84663
0.1411 0.87117
0.15951 0.90798
0.19632 0.92638
0.23926 0.94479
0.27607 0.96319
0.31902 0.97546
0.36196 0.98773
0.40491 0.99387
0.44785 1
0.4908 1
0.53374 0.98773
0.57669 0.98773
0.61963 0.9816
0.66258 0.96319
0.70552 0.93865
0.74847 0.91411
0.78528 0.88344
0.81595 0.85276
0.84663 0.80982
0.86503 0.76687
0.88344 0.72393
0.90184 0.68098
0.91411 0.63804
0.92025 0.59509
0.92638 0.55215
0.92638 0.5092
0.92638 0.46626
0.92025 0.42331
0.91411 0.38037
0.90184 0.33742
0.89571 0.29448
0.8773 0.25153
0.8589 0.20859
0.84049 0.16564
0.82209 0.1227
0.79755 0.079755
0.77301 0.03681
0.7362 0.006135
0.69325 0
0.65031 0
0.60736 0
0.56442 0
0.53988 0.042945
0.55215 0.08589
0.58282 0.12883
0.62577 0.15951
0.64417 0.20245
0.67485 0.2454
0.69939 0.28834
0.71166 0.33129
0.72393 0.37423
0.73006 0.41718
0.7362 0.46012
0.7362 0.50307
0.7362 0.54601
0.72393 0.58896
0.71166 0.6319
0.69325 0.67485
0.66258 0.71779
0.61963 0.7546
0.57669 0.78528
0.53374 0.80368
0.49693 0.77301
0.45399 0.76687
0.41718 0.79755
0.37423 0.79141
0.33129 0.77301
0.28834 0.7362
0.25153 0.69325
0.22699 0.65031
0.21472 0.60736
0.20245 0.56442
0.19632 0.52147
0.20245 0.47853
0.20245 0.43558
0.21472 0.39264
0.22086 0.34969
0.23926 0.30675
0.2638 0.2638
0.28834 0.22086
0.31288 0.17791
0.34356 0.13497
0.38037 0.092025
0.37423 0.04908
0.34356 0.01227
0.30061 0.006135
0.25767 0.01227
0.21472 0.01227
0.17178 0.01227
0.14724 0.03681
0.13497 0.07362
0.10429 0.11656
0.092025 0.15951
0.067485 0.20245
0.04908 0.2454
0.03681 0.28834
0.030675 0.33129
0.01227 0.37423
0.006135 0.41718
0 0.46012
0 0.50307
0 0.52147
# triangles
26 27 67
45 46 47
83 84 105
83 105 106
92 93 94
87 88 101
27 66 67
3 4 79
88 100 101
96 97 98
83 106 107
83 107 108
25 26 67
25 67 68
24 25 68
30 31 64
31 32 64
2 3 80
3 79 80
1 2 80
4 5 78
4 78 79
86 102 103
87 101 102
86 87 102
49 50 51
48 49 53
84 85 105
85 104 105
85 103 104
85 86 103
89 95 96
45 47 54
47 48 54
48 53 54
34 35 62
43 55 56
42 43 56
39 40 58
18 19 70
19 20 70
17 18 73
18 70 73
70 71 73
71 72 73
23 24 68
27 28 66
28 29 66
29 30 65
30 64 65
29 65 66
32 33 63
32 63 64
33 34 63
34 62 63
11 12 75
11 75 76
12 13 75
0 1 81
1 80 81
0 81 109
5 6 78
6 77 78
9 76 77
8 9 77
9 10 11
9 11 76
96 98 99
89 96 99
88 99 100
88 89 99
35 61 62
39 58 59
44 45 54
44 54 55
43 44 55
20 21 70
16 17 73
15 16 73
13 74 75
13 14 74
14 15 74
15 73 74
22 23 69
23 68 69
21 22 69
21 69 70
82 108 109
81 82 109
82 83 108
7 8 77
6 7 77
90 94 95
89 90 95
90 92 94
90 91 92
49 51 52
49 52 53
35 36 61
38 39 59
36 37 60
36 60 61
37 38 60
38 59 60
40 41 57
40 57 58
41 42 57
42 56 57
