# points
0.074742 0.25
0.1134 0.25515
0.15206 0.26289
0.19072 0.27577
0.22938 0.28866
0.26804 0.30412
0.3067 0.31701
0.34536 0.32474
0.38402 0.34278
0.42268 0.35567
0.46134 0.35825
0.5 0.35309
0.53866 0.34794
0.57732 0.35052
0.61598 0.36082
0.64433 0.37887
0.65979 0.39948
0.67268 0.4201
0.70876 0.43041
0.73196 0.44845
0.77062 0.46649
0.80155 0.4768
0.82732 0.48969
0.86082 0.49485
0.89948 0.48454
0.93299 0.46392
0.97165 0.44845
1 0.43041
0.98711 0.39948
0.96392 0.38402
0.92784 0.39175
0.88918 0.39175
0.85052 0.39433
0.83247 0.35567
0.81959 0.31701
0.8067 0.27835
0.8067 0.23969
0.79897 0.20103
0.82732 0.19072
0.86598 0.18814
0.89948 0.15979
0.93557 0.13402
0.97165 0.10567
0.98196 0.069588
0.9433 0.07732
0.91753 0.10309
0.8866 0.13402
0.84794 0.14948
0.80928 0.14433
0.78866 0.12629
0.77835 0.087629
0.74227 0.069588
0.70361 0.054124
0.66495 0.072165
0.64175 0.10567
0.67784 0.10825
0.70619 0.087629
0.74227 0.10567
0.70876 0.12887
0.6701 0.14948
0.63144 0.14948
0.59278 0.15206
0.55412 0.15464
0.51804 0.15206
0.51804 0.12113
0.5567 0.12113
0.59536 0.10309
0.62629 0.06701
0.59536 0.056701
0.56443 0.087629
0.52577 0.092784
0.48711 0.092784
0.45103 0.097938
0.45103 0.1366
0.43557 0.17268
0.39691 0.1701
0.36598 0.13918
0.32732 0.11082
0.28866 0.10309
0.25 0.10052
0.21134 0.092784
0.17784 0.059278
0.14691 0.025773
0.1134 0
0.090206 0.015464
0.11856 0.046392
0.15206 0.074742
0.17784 0.11082
0.20361 0.14948
0.24227 0.15206
0.26546 0.18557
0.28093 0.22423
0.28866 0.26031
0.25 0.23969
0.21134 0.2268
0.17268 0.22165
0.1366 0.20876
0.097938 0.20103
0.061856 0.19845
0.023196 0.19845
0 0.21392
0.030928 0.23196
0.069588 0.24742
0.074742 0.25
# triangles
23 24 32
26 27 28
26 28 29
64 70 71
36 37 59
41 42 45
38 39 47
98 101 102
83 84 85
82 83 85
99 100 101
98 99 101
24 31 32
24 25 31
35 36 59
14 35 59
20 21 32
64 65 70
9 10 74
10 11 74
11 63 74
42 43 44
42 44 45
39 40 47
20 32 33
19 20 33
25 30 31
26 29 30
25 26 30
15 16 34
15 34 35
14 15 35
22 23 32
21 22 32
11 12 63
16 18 34
16 17 18
18 33 34
18 19 33
65 69 70
65 66 69
66 68 69
12 62 63
12 13 62
66 67 68
8 9 74
8 74 75
5 6 92
75 91 92
2 95 96
63 73 74
71 72 73
63 64 73
64 71 73
75 76 91
41 45 46
40 41 46
40 46 47
37 38 48
37 48 49
38 47 48
49 50 57
14 59 60
13 14 60
13 61 62
13 60 61
37 58 59
37 49 58
49 57 58
53 54 55
52 53 56
53 55 56
7 8 75
7 75 92
6 7 92
1 2 96
0 97 102
97 98 102
0 1 97
1 96 97
76 90 91
78 89 90
50 51 57
51 52 56
51 56 57
4 5 92
4 92 93
77 78 90
76 77 90
4 93 94
3 4 94
2 3 95
3 94 95
82 85 86
80 88 89
80 87 88
78 79 89
79 80 89
81 82 86
81 86 87
80 81 87
