# points
0 0.48387
0 0.52688
0 0.56989
0.010753 0.6129
0.021505 0.65591
0.032258 0.69892
0.053763 0.74194
0.064516 0.78495
0.086022 0.82796
0.10753 0.87097
0.12903 0.91398
0.16129 0.95699
0.19355 0.98925
0.23656 1
0.27957 1
0.32258 0.98925
0.36559 0.97849
0.39785 0.94624
0.39785 0.90323
0.37634 0.86022
0.34409 0.8172
0.32258 0.77419
0.31183 0.73118
0.29032 0.68817
0.27957 0.64516
0.26882 0.60215
0.25806 0.55914
0.24731 0.51613
0.24731 0.47312
0.24731 0.43011
0.25806 0.3871
0.27957 0.34409
0.32258 0.30108
0.36559 0.26882
0.4086 0.24731
0.45161 0.24731
0.49462 0.24731
0.53763 0.24731
0.58065 0.26882
0.62366 0.30108
0.65591 0.34409
0.67742 0.3871
0.68817 0.43011
0.68817 0.47312
0.69892 0.51613
0.68817 0.55914
0.68817 0.60215
0.67742 0.64516
0.66667 0.68817
0.65591 0.73118
0.63441 0.77419
0.62366 0.8172
0.5914 0.86022
0.56989 0.90323
0.54839 0.94624
0.55914 0.98925
0.60215 0.98925
0.64516 0.98925
0.68817 0.98925
0.73118 0.98925
0.76344 0.95699
0.80645 0.92473
0.8172 0.88172
0.84946 0.83871
0.86022 0.7957
0.88172 0.75269
0.89247 0.70968
0.90323 0.66667
0.90323 0.62366
0.91398 0.58065
0.92473 0.53763
0.92473 0.49462
0.92473 0.45161
0.91398 0.4086
0.91398 0.36559
0.90323 0.32258
0.89247 0.27957
0.88172 0.23656
0.86022 0.19355
0.82796 0.15054
0.7957 0.11828
0.75269 0.086022
0.70968 0.053763
0.66667 0.032258
0.62366 0.021505
0.58065 0.010753
0.53763 0.010753
0.49462 0
0.45161 0.010753
0.4086 0.010753
0.36559 0.021505
0.32258 0.032258
0.27957 0.043011
0.23656 0.064516
0.19355 0.096774
0.16129 0.12903
0.12903 0.16129
0.096774 0.19355
0.064516 0.23656
0.043011 0.27957
0.021505 0.32258
0.010753 0.36559
0 0.4086
0 0.45161
0 0.48387
# triangles
11 12 13
11 13 20
32 94 95
38 82 83
32 95 96
41 74 75
41 42 74
42 73 74
40 78 79
40 77 78
40 76 77
40 41 76
41 75 76
10 11 20
33 93 94
32 33 94
33 34 91
35 36 88
86 87 88
36 86 88
36 37 86
37 85 86
38 81 82
10 20 21
9 10 21
8 9 21
8 21 22
8 22 23
33 91 92
33 92 93
34 90 91
38 83 84
37 38 84
37 84 85
39 80 81
38 39 81
39 40 79
39 79 80
0 1 27
1 2 27
0 28 103
0 27 28
2 3 27
58 59 60
48 65 66
13 14 20
14 15 20
4 5 25
6 23 24
5 6 24
5 24 25
34 89 90
29 102 103
28 29 103
29 101 102
3 26 27
3 4 26
4 25 26
49 63 64
48 64 65
48 49 64
52 57 58
60 61 62
49 62 63
49 50 62
47 66 67
47 48 66
6 7 23
7 8 23
30 100 101
29 30 101
30 99 100
53 56 57
52 53 57
51 58 60
51 52 58
51 60 62
50 51 62
46 67 68
46 47 67
31 97 98
31 96 97
31 32 96
54 55 56
53 54 56
16 17 18
15 16 18
45 68 69
45 46 68
15 19 20
15 18 19
44 69 70
44 45 69
44 70 71
44 71 72
43 44 72
42 43 73
43 72 73
35 88 89
34 35 89
30 31 99
31 98 99
