# points
0.25387 0.3808
0.24149 0.43653
0.22291 0.49226
0.18576 0.54489
0.14241 0.59752
0.089783 0.55728
0.052632 0.50774
0 0.52012
0.003096 0.57276
0.006192 0.6192
0.024768 0.67492
0.040248 0.73065
0.068111 0.74613
0.12384 0.72755
0.17957 0.71207
0.23529 0.69969
0.28173 0.66873
0.33127 0.63467
0.387 0.6192
0.44272 0.60062
0.49845 0.58204
0.55418 0.57895
0.60991 0.58824
0.66563 0.59752
0.72136 0.59443
0.77709 0.58824
0.83282 0.57895
0.88854 0.58204
0.94118 0.56347
0.96904 0.51084
0.97523 0.45511
0.97214 0.39938
0.98452 0.34365
1 0.28793
1 0.2322
0.98762 0.18266
0.94427 0.20743
0.9257 0.26316
0.90093 0.31889
0.89164 0.37152
0.87926 0.42724
0.88545 0.48297
0.86997 0.53251
0.8452 0.52322
0.85139 0.46749
0.8452 0.41176
0.84211 0.35604
0.86687 0.30031
0.91331 0.25387
0.9257 0.19814
0.93808 0.14241
0.95046 0.086687
0.95046 0.034056
0.90402 0.012384
0.91022 0.058824
0.90712 0.11455
0.89164 0.17028
0.85759 0.22291
0.80805 0.26935
0.7678 0.31579
0.74923 0.27245
0.75851 0.21672
0.74923 0.16099
0.71827 0.10526
0.69969 0.049536
0.66873 0.0092879
0.613 0
0.64396 0.049536
0.67802 0.099071
0.69969 0.1548
0.6935 0.21053
0.67492 0.26625
0.66254 0.32198
0.62539 0.34985
0.56966 0.33127
0.51393 0.32508
0.4582 0.32817
0.42724 0.30031
0.43653 0.24458
0.43963 0.18885
0.44892 0.13313
0.4613 0.077399
0.44892 0.024768
0.39628 0.012384
0.41796 0.065015
0.41796 0.12074
0.40248 0.17647
0.3839 0.2322
0.36842 0.28793
0.33437 0.3065
0.27864 0.27245
0.22601 0.2322
0.21981 0.17647
0.24458 0.12384
0.28173 0.086687
0.24149 0.074303
0.19814 0.11146
0.18885 0.16718
0.17028 0.22291
0.19505 0.27554
0.24149 0.31889
0.25697 0.37461
0.25387 0.3808
# triangles
52 53 54
51 52 54
51 54 55
50 51 55
6 7 8
27 28 42
26 27 42
2 17 18
1 2 18
2 3 17
4 14 15
11 12 13
4 13 14
82 83 84
93 95 96
93 94 95
3 16 17
4 15 16
3 4 16
1 18 19
20 21 75
26 42 43
25 26 43
29 30 41
28 41 42
28 29 41
5 6 8
5 8 9
10 11 13
4 10 13
5 9 10
4 5 10
89 90 100
91 92 98
92 93 96
21 22 73
22 23 73
23 24 73
45 72 73
78 87 88
78 79 87
19 20 76
20 75 76
1 19 76
44 45 73
24 44 73
25 43 44
24 25 44
31 32 39
32 38 39
31 39 40
30 40 41
30 31 40
81 82 84
81 84 85
80 81 85
90 91 99
90 99 100
91 98 99
89 100 101
76 89 101
1 76 101
92 96 97
92 97 98
21 74 75
21 73 74
77 88 89
76 77 89
77 78 88
32 33 37
32 37 38
33 34 37
79 86 87
79 80 86
80 85 86
63 64 68
0 1 101
34 35 36
34 36 37
60 71 72
60 70 71
65 66 67
64 65 67
64 67 68
63 68 69
62 63 69
62 69 70
50 55 56
61 62 70
60 61 70
49 50 56
59 60 72
45 59 72
45 46 59
46 47 58
46 58 59
49 56 57
47 57 58
48 49 57
47 48 57
