# points
0 0.45316
0.0021786 0.50327
0.0087146 0.55338
0.041394 0.59913
0.091503 0.61438
0.14161 0.62092
0.19172 0.63399
0.24183 0.6427
0.29194 0.64488
0.34205 0.63617
0.39216 0.62309
0.44227 0.61656
0.49237 0.62092
0.53813 0.65577
0.57734 0.69935
0.60349 0.74946
0.6427 0.79521
0.69281 0.83224
0.74292 0.85839
0.79303 0.8671
0.8366 0.88889
0.86275 0.88453
0.88889 0.84096
0.93028 0.80174
0.97821 0.76471
1 0.7146
0.96514 0.68192
0.92593 0.7037
0.87582 0.71678
0.82571 0.73203
0.78867 0.69717
0.78649 0.64706
0.77996 0.59695
0.78431 0.54684
0.79085 0.49673
0.78431 0.44662
0.76471 0.39651
0.74074 0.34858
0.7342 0.29847
0.7342 0.24837
0.73203 0.19826
0.73856 0.14815
0.76906 0.10022
0.80174 0.061002
0.75163 0.050109
0.72985 0.089325
0.69499 0.13072
0.69499 0.18083
0.68627 0.23094
0.67538 0.28105
0.66667 0.23094
0.65359 0.18083
0.65577 0.13072
0.69063 0.082789
0.67538 0.056645
0.62745 0.076253
0.61656 0.122
0.61874 0.17211
0.62092 0.22222
0.62092 0.27233
0.62092 0.32244
0.60566 0.36166
0.55556 0.35948
0.50545 0.35294
0.45534 0.35512
0.40523 0.36383
0.35512 0.37908
0.30937 0.36819
0.2854 0.33769
0.27233 0.28758
0.2658 0.23747
0.26144 0.18736
0.27451 0.13725
0.30501 0.087146
0.34205 0.043573
0.2963 0.028322
0.26797 0.065359
0.23965 0.1024
0.22876 0.15251
0.21351 0.20261
0.19826 0.25272
0.21133 0.30283
0.18083 0.26797
0.15033 0.21786
0.12854 0.16993
0.12418 0.11983
0.12636 0.069717
0.15686 0.019608
0.122 0
0.091503 0.039216
0.084967 0.084967
0.089325 0.13508
0.093682 0.18519
0.093682 0.23529
0.11329 0.2854
0.13508 0.33551
0.122 0.38562
0.10458 0.43573
0.095861 0.41612
0.045752 0.40741
0.0043573 0.42266
0 0.45316
# triangles
0 97 99
97 98 99
12 13 61
24 25 27
25 26 27
0 99 100
2 4 97
12 61 62
12 62 63
0 1 97
1 2 97
2 3 4
11 64 65
12 63 64
11 12 64
20 21 22
87 88 89
86 87 89
7 8 67
8 9 67
35 36 61
36 37 61
37 60 61
37 49 60
38 39 49
37 38 49
53 54 55
49 59 60
4 5 97
23 24 27
13 33 61
13 32 33
73 74 75
9 66 67
9 10 66
11 65 66
10 11 66
23 27 28
22 28 29
22 23 28
18 19 29
19 20 22
19 22 29
17 18 29
34 35 61
33 34 61
17 29 30
16 17 30
15 16 30
15 30 31
13 14 32
14 31 32
14 15 31
86 89 90
73 75 76
51 57 58
42 43 44
68 69 81
5 6 97
6 67 97
6 7 67
84 85 91
85 86 90
85 90 91
84 91 92
67 96 97
67 68 96
81 95 96
68 81 96
72 73 77
73 76 77
50 51 58
50 58 59
49 50 59
52 56 57
51 52 57
52 55 56
52 53 55
40 41 47
70 71 79
70 79 80
69 70 80
69 80 81
40 47 48
39 40 48
39 48 49
41 42 45
42 44 45
41 46 47
41 45 46
71 78 79
72 77 78
71 72 78
81 82 95
82 94 95
83 93 94
82 83 94
83 92 93
83 84 92
