# points
0 0.52532
0.0063291 0.56962
0.012658 0.61392
0.025316 0.65823
0.037975 0.70253
0.056962 0.74684
0.075949 0.79114
0.10127 0.83544
0.13291 0.87975
0.17089 0.91139
0.20886 0.94304
0.25316 0.96835
0.29747 0.98101
0.34177 0.99367
0.38608 0.98734
0.43038 0.98101
0.47468 0.98734
0.51899 0.98734
0.56329 1
0.60759 0.99367
0.6519 0.97468
0.6962 0.94937
0.74051 0.92405
0.78481 0.88608
0.81646 0.8481
0.8481 0.8038
0.87975 0.75949
0.89873 0.71519
0.91772 0.67089
0.92405 0.62658
0.93038 0.58228
0.93671 0.53797
0.94304 0.49367
0.94304 0.44937
0.93671 0.40506
0.93038 0.36076
0.91772 0.31646
0.90506 0.27215
0.88608 0.22785
0.86709 0.18354
0.84177 0.13924
0.82278 0.094937
0.79747 0.050633
0.77215 0.0063291
0.72785 0.0063291
0.68354 0.012658
0.68987 0.056962
0.6962 0.10127
0.70886 0.14557
0.72152 0.18987
0.73418 0.23418
0.74684 0.27848
0.74684 0.32278
0.75316 0.36709
0.75949 0.41139
0.76582 0.4557
0.76582 0.5
0.75949 0.5443
0.75316 0.58861
0.74051 0.63291
0.71519 0.67722
0.68987 0.72152
0.6519 0.75949
0.60759 0.79747
0.56329 0.81646
0.51899 0.82911
0.47468 0.83544
0.43038 0.84177
0.38608 0.82911
0.34177 0.81013
0.29747 0.77215
0.25949 0.72785
0.22785 0.68354
0.20886 0.63924
0.18987 0.59494
0.17722 0.55063
0.17089 0.50633
0.16456 0.46203
0.16456 0.41772
0.16456 0.37342
0.17089 0.32911
0.17722 0.28481
0.18987 0.24051
0.20253 0.1962
0.22152 0.1519
0.24051 0.10759
0.25316 0.063291
0.25949 0.018987
0.22785 0
0.18354 0
0.14557 0.012658
0.11392 0.056962
0.088608 0.10127
0.06962 0.14557
0.050633 0.18987
0.031646 0.23418
0.018987 0.27848
0.0063291 0.32278
0 0.36709
0 0.41139
0 0.4557
0 0.5
0 0.52532
# triangles
85 89 90
82 83 94
85 90 91
10 11 69
35 36 53
83 84 92
84 91 92
84 85 91
86 87 88
86 88 89
85 86 89
32 55 56
32 33 55
35 53 54
82 94 95
83 92 93
83 93 94
11 12 69
25 60 61
25 26 60
26 27 60
27 59 60
39 40 50
38 39 50
44 45 46
42 43 44
42 44 46
34 35 54
33 34 55
34 54 55
17 65 66
16 17 66
14 15 67
79 97 98
79 98 99
78 79 99
78 99 100
77 78 100
79 80 97
24 25 61
24 61 62
23 24 62
31 56 57
30 31 57
31 32 56
29 58 59
29 30 58
30 57 58
28 29 59
27 28 59
40 49 50
36 52 53
36 37 52
20 63 64
19 20 64
18 19 64
22 23 62
22 62 63
14 67 68
13 14 68
12 68 69
12 13 68
77 100 101
80 96 97
81 82 95
81 95 96
80 81 96
40 41 48
40 48 49
38 50 51
37 38 51
37 51 52
20 21 63
21 22 63
0 1 76
1 75 76
0 76 101
76 77 101
3 73 74
42 46 47
41 42 47
41 47 48
1 2 75
2 74 75
2 3 74
10 69 70
9 10 70
8 9 70
8 70 71
7 8 71
5 72 73
5 6 72
6 7 71
6 71 72
4 5 73
3 4 73
15 66 67
15 16 66
17 64 65
17 18 64
