# points
0.037807 0.42533
0.071834 0.45558
0.10397 0.48771
0.13422 0.52174
0.1758 0.53875
0.20983 0.56144
0.22306 0.59357
0.2344 0.62571
0.22873 0.63516
0.19093 0.64272
0.15879 0.67297
0.18336 0.70888
0.22117 0.75047
0.25709 0.77694
0.29868 0.77505
0.33837 0.75236
0.37996 0.72968
0.42344 0.70888
0.46125 0.6862
0.49338 0.65028
0.52741 0.6087
0.55766 0.57089
0.59735 0.54253
0.63894 0.53875
0.68242 0.54064
0.72401 0.55388
0.76749 0.57089
0.81096 0.57278
0.85444 0.569
0.89792 0.56144
0.93573 0.54064
0.97164 0.52363
0.99811 0.51418
0.98299 0.47637
0.99055 0.43289
0.99622 0.39319
1 0.34972
0.97921 0.3138
0.94518 0.32325
0.93006 0.35728
0.90359 0.39698
0.87902 0.43289
0.83932 0.42722
0.80718 0.39319
0.77127 0.36295
0.75047 0.32514
0.72212 0.28544
0.6862 0.25709
0.6465 0.24008
0.60681 0.21928
0.57656 0.18904
0.5482 0.15501
0.51796 0.12287
0.49716 0.083176
0.49338 0.041588
0.49527 0
0.45558 0.013233
0.4518 0.05104
0.45747 0.090737
0.48015 0.12854
0.50851 0.16635
0.52552 0.20605
0.4896 0.17958
0.45369 0.15123
0.43289 0.11531
0.42911 0.071834
0.40454 0.066163
0.38374 0.10208
0.40265 0.13611
0.43289 0.17202
0.46125 0.20605
0.4896 0.23819
0.52552 0.27788
0.51985 0.3138
0.47826 0.34216
0.44423 0.36862
0.40832 0.40265
0.38185 0.44423
0.35161 0.47637
0.31569 0.48204
0.28355 0.4518
0.24764 0.42911
0.2155 0.39887
0.19282 0.36106
0.17958 0.32514
0.17958 0.28355
0.1758 0.24008
0.13422 0.26087
0.14178 0.29679
0.14178 0.33837
0.16068 0.37429
0.17958 0.41399
0.19471 0.45369
0.23062 0.48582
0.19849 0.48204
0.15879 0.4707
0.12098 0.45558
0.085066 0.42155
0.056711 0.38941
0.043478 0.34972
0.024575 0.32325
0 0.35539
0.024575 0.38563
0.037807 0.42155
0.037807 0.42533
# triangles
85 86 87
20 77 78
47 48 73
7 17 78
20 21 77
21 76 77
21 75 76
21 22 75
7 78 79
99 100 101
99 101 102
46 47 73
45 46 73
36 37 38
25 42 43
25 26 42
22 23 73
23 45 73
79 80 93
6 7 79
17 18 78
2 3 95
3 4 95
54 55 56
64 67 68
22 73 74
22 74 75
61 71 72
48 72 73
51 52 60
51 60 61
50 51 61
0 1 97
85 87 88
84 85 88
84 88 89
9 10 11
7 16 17
7 15 16
12 13 14
12 14 15
8 12 15
7 8 15
8 11 12
8 9 11
34 35 40
34 40 41
28 29 41
28 41 42
23 44 45
35 39 40
36 38 39
35 36 39
23 24 44
24 25 43
24 43 44
80 81 93
4 5 93
5 79 93
5 6 79
27 28 42
26 27 42
19 20 78
18 19 78
83 84 90
84 89 90
98 99 102
4 93 94
4 94 95
2 95 96
1 2 96
1 96 97
54 56 57
53 54 57
52 53 59
52 59 60
61 62 71
62 70 71
48 49 72
49 50 61
49 61 72
33 34 41
0 97 103
97 98 103
98 102 103
81 92 93
81 82 92
82 91 92
82 83 91
83 90 91
53 57 58
53 58 59
63 68 69
63 64 68
63 69 70
62 63 70
29 30 41
30 33 41
65 66 67
64 65 67
31 32 33
30 31 33
