# points
0 0.50847
0 0.54237
0.016949 0.57627
0.016949 0.61017
0.033898 0.64407
0.033898 0.67797
0.050847 0.71186
0.050847 0.74576
0.084746 0.77966
0.10169 0.81356
0.11864 0.84746
0.15254 0.86441
0.16949 0.88136
0.20339 0.91525
0.23729 0.9322
0.27119 0.94915
0.30508 0.9661
0.33898 0.98305
0.37288 0.98305
0.40678 1
0.44068 1
0.47458 1
0.50847 1
0.54237 1
0.57627 0.98305
0.61017 0.98305
0.64407 0.9661
0.67797 0.94915
0.71186 0.94915
0.74576 0.91525
0.76271 0.89831
0.79661 0.88136
0.83051 0.84746
0.86441 0.83051
0.88136 0.79661
0.89831 0.76271
0.91525 0.72881
0.9322 0.69492
0.9322 0.66102
0.94915 0.62712
0.94915 0.59322
0.9322 0.55932
0.9661 0.54237
0.9661 0.50847
0.94915 0.47458
0.9661 0.44068
0.9661 0.40678
0.9661 0.37288
0.9661 0.33898
0.94915 0.32203
0.91525 0.28814
0.94915 0.27119
0.94915 0.23729
0.94915 0.20339
0.9322 0.16949
0.91525 0.13559
0.89831 0.10169
0.89831 0.067797
0.88136 0.033898
0.84746 0.016949
0.81356 0.016949
0.77966 0.016949
0.74576 0
0.71186 0
0.67797 0.016949
0.66102 0.050847
0.66102 0.084746
0.66102 0.11864
0.67797 0.15254
0.67797 0.18644
0.69492 0.22034
0.71186 0.25424
0.71186 0.28814
0.72881 0.32203
0.72881 0.35593
0.72881 0.38983
0.71186 0.42373
0.71186 0.45763
0.69492 0.49153
0.67797 0.52542
0.66102 0.55932
0.62712 0.59322
0.59322 0.61017
0.55932 0.64407
0.52542 0.64407
0.49153 0.66102
0.45763 0.66102
0.42373 0.64407
0.38983 0.62712
0.35593 0.61017
0.32203 0.57627
0.30508 0.54237
0.27119 0.50847
0.27119 0.47458
0.25424 0.44068
0.25424 0.40678
0.25424 0.37288
0.25424 0.33898
0.23729 0.30508
0.23729 0.27119
0.25424 0.23729
0.25424 0.20339
0.27119 0.16949
0.27119 0.13559
0.28814 0.10169
0.30508 0.067797
0.30508 0.033898
0.30508 0
0.27119 0
0.23729 0
0.20339 0
0.16949 0
0.13559 0
0.10169 0
0.084746 0.033898
0.084746 0.067797
0.067797 0.10169
0.050847 0.13559
0.033898 0.16949
0.033898 0.20339
0.016949 0.23729
0.016949 0.27119
0.016949 0.30508
0 0.33898
0 0.37288
0 0.40678
0 0.44068
0 0.47458
0 0.50847
0 0.50847
# triangles
57 58 59
38 41 80
50 71 73
71 72 73
27 30 83
21 85 86
24 83 85
83 84 85
30 31 32
27 29 30
27 28 29
41 78 79
41 79 80
36 38 80
35 36 80
36 37 38
0 1 2
6 7 8
16 18 86
16 17 18
41 77 78
41 44 77
44 75 77
50 73 74
50 74 75
35 80 81
30 32 81
81 82 83
30 81 83
18 20 86
20 21 86
18 19 20
26 27 83
24 26 83
24 25 26
22 24 85
21 22 85
54 55 71
50 54 71
2 3 4
9 10 11
4 5 6
12 13 14
44 46 75
55 70 71
55 56 70
63 64 65
75 76 77
0 94 127
94 126 127
34 35 81
32 34 81
32 33 34
22 23 24
50 51 52
50 52 54
52 53 54
106 107 108
103 110 111
112 113 114
122 123 124
47 50 75
46 47 75
47 49 50
47 48 49
44 45 46
68 69 70
56 68 70
66 67 68
12 14 88
0 2 92
0 92 94
2 4 92
92 93 94
104 105 109
104 109 110
103 104 110
117 118 119
111 112 115
112 114 115
103 115 116
103 111 115
119 120 121
41 42 43
41 43 44
56 61 68
61 62 66
61 66 68
11 12 89
12 88 89
9 11 89
8 9 89
101 117 119
101 116 117
101 103 116
99 119 121
99 101 119
99 100 101
56 60 61
4 6 90
6 8 90
8 89 90
4 90 92
90 91 92
101 102 103
96 97 98
39 40 41
38 39 41
63 65 66
62 63 66
105 106 109
106 108 109
15 16 87
16 86 87
14 15 87
14 87 88
56 57 60
57 59 60
95 125 126
94 95 126
95 124 125
95 96 124
98 99 121
98 121 122
96 98 124
98 122 124
