# points
0 0.47748
0.009009 0.51351
0.009009 0.54955
0.018018 0.58559
0.027027 0.62162
0.045045 0.65766
0.063063 0.69369
0.081081 0.72973
0.10811 0.76577
0.13514 0.8018
0.16216 0.81982
0.18919 0.84685
0.22523 0.86486
0.26126 0.89189
0.2973 0.9009
0.33333 0.91892
0.36937 0.92793
0.40541 0.92793
0.44144 0.93694
0.47748 0.93694
0.51351 0.93694
0.54955 0.93694
0.58559 0.92793
0.62162 0.92793
0.65766 0.90991
0.69369 0.9009
0.72973 0.88288
0.76577 0.86486
0.8018 0.83784
0.83784 0.81982
0.85586 0.79279
0.89189 0.75676
0.91892 0.72072
0.93694 0.68468
0.96396 0.64865
0.97297 0.61261
0.99099 0.57658
0.99099 0.54054
1 0.5045
1 0.46847
1 0.43243
1 0.3964
1 0.36036
0.99099 0.32432
0.98198 0.28829
0.98198 0.25225
0.96396 0.21622
0.96396 0.18018
0.94595 0.14414
0.93694 0.10811
0.91892 0.081081
0.90991 0.045045
0.89189 0.018018
0.85586 0.018018
0.81982 0.018018
0.78378 0.009009
0.74775 0.018018
0.71171 0.009009
0.67568 0.018018
0.66667 0.045045
0.67568 0.081081
0.69369 0.11712
0.7027 0.15315
0.7027 0.18919
0.71171 0.22523
0.72072 0.26126
0.72973 0.2973
0.72973 0.33333
0.72973 0.36937
0.72973 0.40541
0.72973 0.44144
0.72072 0.47748
0.7027 0.51351
0.69369 0.54955
0.66667 0.57658
0.63964 0.6036
0.6036 0.63063
0.56757 0.63964
0.53153 0.64865
0.4955 0.64865
0.45946 0.63964
0.42342 0.63063
0.38739 0.61261
0.35135 0.58559
0.32432 0.55856
0.2973 0.52252
0.28829 0.48649
0.27928 0.45045
0.27928 0.41441
0.27027 0.37838
0.27027 0.34234
0.27027 0.30631
0.27928 0.27027
0.28829 0.23423
0.2973 0.1982
0.30631 0.16216
0.32432 0.12613
0.33333 0.09009
0.35135 0.054054
0.36036 0.018018
0.33333 0.009009
0.2973 0.009009
0.26126 0.009009
0.22523 0
0.18919 0
0.15315 0
0.12613 0.009009
0.10811 0.045045
0.09009 0.081081
0.072072 0.11712
0.054054 0.15315
0.045045 0.18919
0.036036 0.22523
0.018018 0.26126
0.018018 0.2973
0.009009 0.33333
0.009009 0.36937
0 0.40541
0 0.44144
0 0.47748
0 0.47748
# triangles
46 47 48
89 90 116
48 49 50
6 84 85
90 115 116
90 114 115
90 91 114
104 105 107
104 107 108
105 106 107
94 95 108
95 104 108
95 103 104
91 92 112
112 113 114
91 112 114
94 108 109
92 111 112
92 93 111
93 110 111
93 109 110
93 94 109
6 7 84
10 12 82
10 82 83
89 116 117
89 117 118
35 36 37
35 72 73
33 34 35
33 35 73
22 77 78
20 21 78
21 22 78
3 4 85
4 5 85
5 6 85
88 89 118
0 87 118
87 88 118
97 101 102
96 97 102
95 102 103
95 96 102
97 98 101
46 48 64
46 64 65
35 71 72
35 37 71
46 65 66
30 74 75
28 29 30
28 30 75
22 23 24
22 24 77
28 75 76
24 76 77
7 8 84
8 83 84
8 9 10
8 10 83
10 11 12
18 19 79
19 20 79
20 78 79
2 3 86
3 85 86
98 99 100
98 100 101
39 40 70
38 39 70
37 38 70
37 70 71
41 42 68
42 43 68
43 67 68
44 45 46
44 46 66
43 44 67
44 66 67
54 55 56
57 58 59
56 57 60
57 59 60
31 73 74
30 31 74
26 27 76
27 28 76
25 26 76
24 25 76
12 13 14
12 14 82
17 18 79
1 2 86
1 86 87
0 1 87
48 63 64
40 41 69
40 69 70
41 68 69
51 52 53
50 51 53
50 53 54
32 33 73
31 32 73
15 16 17
15 17 81
14 81 82
14 15 81
56 60 61
54 56 61
17 79 80
17 80 81
48 50 62
48 62 63
50 54 62
54 61 62
