# points
0.022989 0.42529
0.011494 0.45977
0 0.49425
0 0.52874
0 0.56322
0 0.5977
0.011494 0.63218
0.011494 0.66667
0.022989 0.70115
0.034483 0.73563
0.057471 0.77011
0.08046 0.8046
0.10345 0.83908
0.13793 0.87356
0.17241 0.90805
0.2069 0.93103
0.24138 0.95402
0.27586 0.96552
0.31034 0.97701
0.34483 0.98851
0.37931 1
0.41379 1
0.44828 1
0.48276 1
0.51724 1
0.55172 0.98851
0.58621 0.98851
0.62069 0.97701
0.65517 0.96552
0.68966 0.94253
0.71264 0.91954
0.74713 0.89655
0.78161 0.86207
0.8046 0.82759
0.82759 0.7931
0.83908 0.75862
0.86207 0.72414
0.87356 0.68966
0.87356 0.65517
0.88506 0.62069
0.88506 0.58621
0.88506 0.55172
0.88506 0.51724
0.87356 0.48276
0.87356 0.44828
0.87356 0.41379
0.85057 0.37931
0.83908 0.34483
0.83908 0.31034
0.82759 0.27586
0.81609 0.24138
0.8046 0.2069
0.7931 0.17241
0.78161 0.13793
0.7931 0.10345
0.7931 0.068966
0.77011 0.034483
0.74713 0
0.71264 0
0.67816 0.011494
0.64368 0.022989
0.6092 0.034483
0.58621 0.057471
0.56322 0.091954
0.56322 0.12644
0.56322 0.16092
0.56322 0.1954
0.57471 0.22989
0.58621 0.26437
0.5977 0.29885
0.6092 0.33333
0.62069 0.36782
0.63218 0.4023
0.63218 0.43678
0.63218 0.47126
0.63218 0.50575
0.63218 0.54023
0.62069 0.57471
0.6092 0.6092
0.58621 0.64368
0.55172 0.67816
0.51724 0.70115
0.48276 0.71264
0.44828 0.72414
0.41379 0.71264
0.37931 0.70115
0.34483 0.67816
0.32184 0.65517
0.29885 0.62069
0.27586 0.58621
0.26437 0.55172
0.26437 0.51724
0.26437 0.48276
0.26437 0.44828
0.27586 0.41379
0.28736 0.37931
0.29885 0.34483
0.31034 0.31034
0.32184 0.27586
0.33333 0.24138
0.34483 0.2069
0.35632 0.17241
0.35632 0.13793
0.35632 0.10345
0.34483 0.068966
0.31034 0.045977
0.27586 0.034483
0.24138 0.022989
0.2069 0.022989
0.17241 0.034483
0.13793 0.045977
0.12644 0.08046
0.11494 0.11494
0.11494 0.14943
0.10345 0.18391
0.091954 0.21839
0.08046 0.25287
0.068966 0.28736
0.057471 0.32184
0.045977 0.35632
0.034483 0.3908
0.022989 0.42529
0.022989 0.42529
# triangles
50 69 70
50 51 69
93 119 120
0 93 120
109 110 111
93 94 119
46 47 72
47 71 72
44 45 46
41 42 43
25 26 27
25 27 81
23 24 25
31 32 80
30 31 80
30 80 81
1 2 3
4 5 6
62 63 64
100 102 113
100 101 102
60 61 62
53 60 64
60 62 64
102 105 106
102 106 113
54 55 56
56 57 58
53 54 56
49 50 70
49 70 71
47 48 49
47 49 71
51 68 69
52 53 67
52 67 68
51 52 68
53 65 67
53 64 65
94 118 119
94 95 118
97 98 115
97 115 116
99 100 113
29 30 81
27 28 29
27 29 81
23 25 83
22 23 83
6 7 8
103 104 105
102 103 105
56 58 59
53 59 60
53 56 59
65 66 67
95 117 118
98 114 115
98 99 114
99 113 114
25 81 82
25 82 83
21 22 83
32 33 80
33 79 80
33 34 79
34 35 79
18 84 85
15 85 86
19 83 84
18 19 84
19 20 21
19 21 83
10 11 88
96 97 116
95 96 117
96 116 117
36 37 38
35 36 38
38 39 40
38 40 77
35 78 79
35 38 78
38 77 78
40 41 76
40 76 77
41 43 76
17 18 85
14 15 86
13 14 86
11 87 88
13 86 87
9 10 89
10 88 89
8 9 89
6 8 89
43 44 74
15 16 85
16 17 85
11 12 87
12 13 87
4 6 90
6 89 90
3 4 90
43 75 76
43 74 75
44 46 73
44 73 74
46 72 73
1 3 91
3 90 91
0 1 92
1 91 92
0 92 93
109 111 112
107 108 112
108 109 112
106 112 113
106 107 112
