# points
0.0051546 0.5
0 0.54124
0.0051546 0.58247
0.010309 0.62371
0.020619 0.66495
0.030928 0.70619
0.051546 0.74742
0.072165 0.78866
0.097938 0.8299
0.12887 0.87113
0.1701 0.90722
0.21134 0.93814
0.25258 0.95876
0.29381 0.97938
0.33505 0.98969
0.37629 1
0.41753 1
0.45876 1
0.5 0.98969
0.54124 0.97938
0.58247 0.96392
0.62371 0.9433
0.66495 0.91753
0.70619 0.88144
0.74227 0.84021
0.7732 0.79897
0.79381 0.75773
0.80928 0.71649
0.81959 0.67526
0.8299 0.63402
0.83505 0.59278
0.83505 0.55155
0.83505 0.51031
0.8299 0.46907
0.82474 0.42784
0.81959 0.3866
0.81443 0.34536
0.80412 0.30412
0.79381 0.26289
0.78351 0.22165
0.7732 0.18041
0.76289 0.13918
0.74742 0.097938
0.73196 0.056701
0.72165 0.015464
0.68557 0
0.64433 0
0.60309 0
0.56186 0
0.53608 0.010309
0.55155 0.051546
0.57216 0.092784
0.58763 0.13402
0.60309 0.17526
0.62371 0.21649
0.63402 0.25773
0.64433 0.29897
0.65464 0.34021
0.66495 0.38144
0.6701 0.42268
0.67526 0.46392
0.67526 0.50515
0.67526 0.54639
0.66495 0.58763
0.64948 0.62887
0.63402 0.66495
0.59794 0.70103
0.5567 0.73711
0.51546 0.75773
0.47423 0.76804
0.43299 0.7732
0.39175 0.7732
0.35052 0.76289
0.30928 0.74742
0.26804 0.7268
0.2268 0.68557
0.19588 0.64433
0.18041 0.60309
0.1701 0.56186
0.15979 0.52062
0.15979 0.47938
0.15979 0.43814
0.15979 0.39691
0.1701 0.35567
0.17526 0.31443
0.18557 0.2732
0.20103 0.23196
0.21134 0.19072
0.2268 0.14948
0.24227 0.10825
0.25773 0.06701
0.27835 0.025773
0.25258 0.0051546
0.21134 0.0051546
0.1701 0.010309
0.12887 0.0051546
0.10309 0.030928
0.092784 0.072165
0.07732 0.1134
0.06701 0.15464
0.056701 0.19588
0.041237 0.23711
0.036082 0.27835
0.025773 0.31959
0.015464 0.36082
0.010309 0.40206
0.0051546 0.4433
0.0051546 0.48454
0.0051546 0.5
# triangles
37 57 58
36 37 58
16 17 70
35 36 58
84 102 103
43 44 45
43 45 46
94 95 96
43 51 52
43 46 51
48 49 50
47 48 50
46 47 51
47 50 51
15 16 71
16 70 71
0 80 107
89 90 94
84 85 102
81 105 106
80 106 107
80 81 106
83 84 103
42 43 52
38 39 56
37 38 57
38 56 57
40 41 54
90 92 93
90 93 94
90 91 92
25 26 65
28 29 63
29 30 63
24 25 66
25 65 66
18 19 69
17 18 70
18 69 70
23 24 66
23 66 67
21 67 68
20 21 68
19 68 69
19 20 68
0 79 80
0 1 79
1 2 79
2 78 79
87 88 98
85 101 102
89 94 97
94 96 97
88 89 97
88 97 98
81 82 105
41 53 54
41 42 53
42 52 53
26 27 65
28 63 64
27 28 64
27 64 65
30 62 63
21 22 67
22 23 67
2 3 78
3 77 78
3 4 77
87 98 99
39 55 56
39 40 55
40 54 55
82 104 105
30 31 62
31 32 62
32 33 61
32 61 62
14 15 71
8 74 75
85 86 100
85 100 101
33 34 60
33 60 61
11 12 73
10 11 73
10 73 74
8 9 74
9 10 74
6 75 76
5 6 76
4 76 77
4 5 76
7 8 75
6 7 75
34 35 59
34 59 60
35 58 59
12 72 73
12 13 72
14 71 72
13 14 72
82 83 104
83 103 104
87 99 100
86 87 100
