# points
0.22289 0.40964
0.22289 0.45783
0.22289 0.50602
0.21084 0.55422
0.1988 0.60241
0.18072 0.6506
0.13253 0.63855
0.090361 0.61446
0.042169 0.59639
0 0.61446
0.0060241 0.66265
0.036145 0.71084
0.048193 0.75904
0.072289 0.8012
0.11446 0.8012
0.1506 0.83133
0.18675 0.8012
0.23494 0.78916
0.27711 0.75904
0.31928 0.72289
0.3494 0.6747
0.37952 0.64458
0.40964 0.62048
0.45181 0.63253
0.49398 0.60241
0.54217 0.63253
0.57831 0.65663
0.59036 0.61446
0.63253 0.60241
0.68072 0.61446
0.72892 0.61446
0.77711 0.60843
0.81928 0.65663
0.86747 0.66265
0.91566 0.6506
0.93976 0.60241
0.95181 0.55422
0.9759 0.50602
0.99398 0.45783
1 0.40964
0.98795 0.36145
0.9759 0.31928
0.95181 0.27711
0.93976 0.29518
0.93373 0.34337
0.90361 0.38554
0.89157 0.43373
0.87952 0.48193
0.88554 0.53012
0.86747 0.57831
0.83735 0.57229
0.8494 0.5241
0.86145 0.4759
0.86747 0.42771
0.86747 0.37952
0.87349 0.33133
0.90964 0.28313
0.90361 0.23494
0.89759 0.18675
0.89759 0.13855
0.89759 0.090361
0.88554 0.054217
0.85542 0.066265
0.86145 0.11446
0.85542 0.16265
0.8494 0.21084
0.8253 0.25904
0.78916 0.28916
0.74096 0.31928
0.75301 0.27108
0.75904 0.22289
0.74699 0.1747
0.72892 0.12651
0.71687 0.078313
0.69277 0.054217
0.68072 0.090361
0.69277 0.13855
0.6988 0.18675
0.68675 0.23494
0.6506 0.28313
0.62651 0.3253
0.59036 0.36145
0.54217 0.33133
0.49398 0.31325
0.44578 0.28916
0.40361 0.26506
0.40361 0.21687
0.40361 0.16867
0.39759 0.12048
0.39157 0.072289
0.39759 0.024096
0.36747 0.0060241
0.3494 0.03012
0.35542 0.078313
0.36145 0.12651
0.34337 0.1506
0.33133 0.10241
0.3253 0.054217
0.3253 0.0060241
0.27711 0
0.27711 0.042169
0.28313 0.090361
0.28313 0.13855
0.28313 0.18675
0.28916 0.23494
0.28916 0.28313
0.27108 0.3253
0.24096 0.36747
0.22289 0.40964
# triangles
41 42 43
7 10 11
39 40 45
41 43 44
40 44 45
40 41 44
34 35 49
35 36 49
0 1 107
8 9 10
7 8 10
6 7 11
6 11 12
5 17 18
5 18 19
5 16 17
2 3 21
4 5 20
5 19 20
3 4 20
3 20 21
1 2 22
2 21 22
22 24 83
37 38 46
39 45 46
38 39 46
96 101 102
89 90 92
95 102 103
95 96 102
60 61 62
60 62 63
5 6 14
5 14 16
6 12 14
12 13 14
14 15 16
22 23 24
33 34 49
32 33 49
24 27 81
27 28 81
28 29 81
55 56 66
31 50 51
31 32 50
32 49 50
37 46 47
36 48 49
36 37 48
37 47 48
89 92 93
90 91 92
56 57 66
24 25 27
25 26 27
30 31 51
97 100 101
96 97 101
98 99 100
97 98 100
84 85 106
84 106 107
1 84 107
1 22 84
22 83 84
85 105 106
57 65 66
51 52 68
30 51 68
29 68 81
29 30 68
73 74 75
72 73 75
85 104 105
95 103 104
88 89 93
86 87 95
86 95 104
85 86 104
57 58 65
52 53 68
53 54 68
24 82 83
24 81 82
68 78 79
72 75 76
71 76 77
71 72 76
87 94 95
87 88 94
88 93 94
59 60 63
58 64 65
59 63 64
58 59 64
68 80 81
68 79 80
70 71 77
70 77 78
55 66 67
54 55 67
54 67 68
68 69 78
69 70 78
