# points
0 0.44815
0 0.48519
0 0.52222
0 0.55926
0 0.5963
0 0.63333
0 0.67037
0 0.70741
0 0.74444
0 0.78148
0 0.81852
0 0.85556
0 0.89259
0.035185 0.89444
0.072222 0.89444
0.10926 0.89444
0.1463 0.89444
0.18333 0.89444
0.22037 0.89444
0.25741 0.89444
0.29444 0.89444
0.33148 0.89444
0.36852 0.89444
0.40556 0.89444
0.44259 0.89444
0.47963 0.89444
0.51667 0.89444
0.5537 0.89444
0.59074 0.89444
0.62778 0.89444
0.66481 0.89444
0.70185 0.89444
0.73889 0.89444
0.77593 0.89444
0.81296 0.89444
0.85 0.89444
0.88704 0.89444
0.92407 0.89444
0.96111 0.89444
0.99815 0.89444
1 0.85926
1 0.82222
1 0.78519
1 0.74815
1 0.71111
1 0.67407
1 0.63704
1 0.6
1 0.56296
1 0.52593
1 0.48889
1 0.45185
1 0.41481
1 0.37778
1 0.34074
1 0.3037
1 0.26667
1 0.22963
1 0.19259
1 0.15556
1 0.11852
1 0.081481
1 0.044444
1 0.0074074
0.97037 0
0.93333 0
0.8963 0
0.85926 0
0.82222 0
0.78519 0
0.74815 0
0.71111 0
0.67407 0
0.63704 0
0.6 0
0.56296 0
0.52593 0
0.48889 0
0.45185 0
0.41481 0
0.37778 0
0.34074 0
0.3037 0
0.26667 0
0.22963 0
0.19259 0
0.15556 0
0.11852 0
0.081481 0
0.044444 0
0.0074074 0
0 0.02963
0 0.066667
0 0.1037
0 0.14074
0 0.17778
0 0.21481
0 0.25185
0 0.28889
0 0.32593
0 0.36296
0 0.4
0 0.43704
0 0.44815
# triangles
38 39 40
26 76 77
11 12 13
0 24 78
56 57 70
3 4 21
38 40 41
0 1 24
25 26 77
25 77 78
24 25 78
27 75 76
26 27 76
27 51 75
27 28 51
6 7 18
8 9 16
9 15 16
11 13 14
83 84 97
84 96 97
4 5 20
4 20 21
2 3 22
3 21 22
28 50 51
29 49 50
28 29 50
7 8 17
8 16 17
7 17 18
10 11 14
10 14 15
9 10 15
84 85 96
83 97 98
80 100 101
80 81 100
81 99 100
79 80 101
56 70 71
62 63 64
59 60 67
5 19 20
5 6 19
6 18 19
1 2 23
2 22 23
1 23 24
30 48 49
29 30 49
30 31 48
31 47 48
31 32 47
32 46 47
34 44 45
88 92 93
87 88 93
87 93 94
86 87 94
85 95 96
85 86 95
86 94 95
82 83 98
82 98 99
81 82 99
79 101 102
78 79 102
0 78 102
55 71 72
55 56 71
51 52 75
61 62 65
62 64 65
57 58 69
57 69 70
33 45 46
32 33 46
33 34 45
37 41 42
36 37 42
37 38 41
36 42 43
88 89 92
54 55 72
54 72 73
53 54 73
52 74 75
52 53 74
53 73 74
61 65 66
60 61 66
60 66 67
58 68 69
58 59 68
59 67 68
35 36 43
35 43 44
34 35 44
89 90 91
89 91 92
