# points
0.21237 0.26598
0.26186 0.23093
0.31753 0.24536
0.30309 0.29072
0.24742 0.32784
0.2 0.31753
0.18351 0.30928
0.18763 0.35876
0.13402 0.33608
0.078351 0.31134
0.047423 0.34639
0.059794 0.3567
0.053608 0.39588
0 0.41649
0.0041237 0.4268
0.020619 0.46186
0.020619 0.51753
0.0041237 0.5732
0.057732 0.57113
0.1134 0.55464
0.15464 0.58351
0.2 0.61856
0.20412 0.56495
0.21237 0.51959
0.26804 0.53196
0.31546 0.55258
0.32371 0.49691
0.35052 0.44948
0.3567 0.48866
0.34639 0.54433
0.32784 0.6
0.31753 0.65361
0.3732 0.64948
0.42887 0.65155
0.48454 0.63505
0.54021 0.62062
0.55052 0.56701
0.52577 0.51134
0.57526 0.49691
0.63093 0.50103
0.63918 0.55464
0.67835 0.57732
0.70309 0.58969
0.73196 0.54021
0.74639 0.57938
0.74227 0.58969
0.77732 0.62887
0.83299 0.60412
0.88866 0.57732
0.94433 0.57113
1 0.57526
1 0.52165
0.96907 0.46804
0.92165 0.42474
0.93402 0.38969
0.90928 0.37938
0.85567 0.37938
0.82887 0.36907
0.8 0.4
0.74433 0.37938
0.73814 0.32784
0.68247 0.3299
0.6268 0.31134
0.57526 0.27423
0.63093 0.26598
0.6866 0.2701
0.74227 0.28454
0.79794 0.29278
0.85361 0.28866
0.90928 0.29897
0.94021 0.26598
0.94227 0.22474
0.93402 0.21443
0.89278 0.17526
0.88247 0.11959
0.87216 0.094845
0.81649 0.10928
0.76082 0.1299
0.7134 0.10515
0.69691 0.049485
0.68247 0
0.66598 0.043299
0.61856 0.094845
0.56495 0.11753
0.5299 0.10309
0.51959 0.061856
0.51959 0.11753
0.47423 0.14639
0.42062 0.12784
0.43093 0.084536
0.43093 0.074227
0.39588 0.037113
0.34021 0.065979
0.28454 0.070103
0.22887 0.059794
0.19175 0.012371
0.15258 0.047423
0.10722 0.092784
0.072165 0.12784
0.047423 0.16907
0.10103 0.2
0.1567 0.21649
0.2 0.22887
0.21237 0.26598
# triangles
97 98 100
16 17 18
16 18 19
98 99 100
15 16 19
2 92 93
79 80 81
78 79 81
78 81 82
73 76 77
67 73 77
2 87 88
2 88 92
94 95 96
94 96 97
7 26 27
94 97 101
94 101 102
97 100 101
12 15 19
12 14 15
12 13 14
27 28 37
7 23 26
19 20 23
12 19 23
7 12 23
38 39 62
65 77 78
53 56 58
74 75 76
73 74 76
88 89 92
89 91 92
89 90 91
27 37 63
37 38 63
38 62 63
3 27 63
2 3 63
2 63 87
63 86 87
41 42 43
7 8 12
4 7 27
3 4 27
24 25 26
23 24 26
84 85 86
39 40 43
40 41 43
39 43 59
43 58 59
43 48 58
48 53 58
56 57 58
63 83 86
83 84 86
63 64 83
64 82 83
64 78 82
64 65 78
8 11 12
8 9 11
9 10 11
28 29 37
30 31 32
29 30 32
29 32 33
20 21 22
20 22 23
34 35 36
34 36 37
29 34 37
29 33 34
39 61 62
39 59 61
44 45 46
43 44 47
43 47 48
44 46 47
48 52 53
53 54 55
53 55 56
67 68 73
68 72 73
70 71 72
68 69 70
68 70 72
5 6 7
4 5 7
0 1 102
1 2 93
1 93 94
1 94 102
59 60 61
49 51 52
48 49 52
49 50 51
66 67 77
65 66 77
