# points
0 0.47772
0 0.51515
0 0.55258
0 0.59002
0 0.62745
0 0.66488
0 0.70232
0 0.73975
0 0.77718
0 0.81462
0 0.85205
0 0.88948
0 0.92692
0.0089127 0.95544
0.046346 0.95544
0.083779 0.95544
0.12121 0.95544
0.15865 0.95544
0.19608 0.95544
0.23351 0.95544
0.27094 0.95544
0.30838 0.95544
0.34581 0.95544
0.38324 0.95544
0.42068 0.95544
0.45811 0.95544
0.49554 0.95544
0.53298 0.95544
0.57041 0.95544
0.60784 0.95544
0.64528 0.95544
0.68271 0.95544
0.72014 0.95544
0.75758 0.95544
0.79501 0.95544
0.83244 0.95544
0.86988 0.95544
0.90731 0.95544
0.94474 0.95544
0.98217 0.95544
1 0.93583
1 0.8984
1 0.86096
1 0.82353
1 0.7861
1 0.74866
1 0.71123
1 0.6738
1 0.63636
1 0.59893
1 0.5615
1 0.52406
1 0.48663
1 0.4492
1 0.41176
1 0.37433
1 0.3369
1 0.29947
1 0.26203
1 0.2246
1 0.18717
1 0.14973
1 0.1123
1 0.074866
1 0.037433
1 0
0.96257 0
0.92513 0
0.8877 0
0.85027 0
0.81283 0
0.7754 0
0.73797 0
0.70053 0
0.6631 0
0.62567 0
0.58824 0
0.5508 0
0.51337 0
0.47594 0
0.4385 0
0.40107 0
0.36364 0
0.3262 0
0.28877 0
0.25134 0
0.2139 0
0.17647 0
0.13904 0
0.1016 0
0.064171 0
0.026738 0
0 0.010695
0 0.048128
0 0.085561
0 0.12299
0 0.16043
0 0.19786
0 0.23529
0 0.27273
0 0.31016
0 0.34759
0 0.38503
0 0.42246
0 0.45989
0 0.47772
# triangles
91 92 93
6 7 19
8 9 17
9 16 17
1 2 24
0 1 25
1 24 25
0 79 104
7 8 18
7 18 19
8 17 18
12 13 14
10 15 16
9 10 16
3 4 22
3 22 23
2 3 23
2 23 24
5 6 20
6 19 20
0 26 79
0 25 26
26 78 79
80 103 104
79 80 104
80 81 103
83 100 101
85 98 99
85 86 98
81 102 103
82 83 101
82 101 102
81 82 102
11 14 15
10 11 15
11 12 14
29 49 50
29 30 49
4 5 21
4 21 22
5 20 21
28 50 51
28 29 50
86 97 98
84 85 99
84 99 100
83 84 100
89 94 95
88 95 96
88 89 95
31 47 48
30 31 48
30 48 49
32 46 47
32 33 46
31 32 47
34 44 45
33 34 45
33 45 46
35 43 44
34 35 44
27 52 78
26 27 78
27 51 52
27 28 51
90 93 94
89 90 94
90 91 93
87 88 96
87 96 97
86 87 97
64 65 66
35 36 43
37 41 42
36 37 42
36 42 43
37 38 41
38 40 41
38 39 40
58 71 72
58 59 71
53 54 77
54 76 77
55 74 75
55 56 74
55 75 76
54 55 76
52 77 78
52 53 77
61 62 68
61 68 69
58 72 73
57 58 73
56 73 74
56 57 73
63 67 68
62 63 68
63 66 67
63 64 66
61 69 70
60 61 70
59 70 71
59 60 70
