# points
0 0.42937
0 0.46654
0 0.50372
0 0.54089
0 0.57807
0 0.61524
0 0.65242
0 0.68959
0 0.72677
0 0.76394
0 0.80112
0 0.83829
0.016729 0.85874
0.053903 0.85874
0.091078 0.85874
0.12825 0.85874
0.16543 0.85874
0.2026 0.85874
0.23978 0.85874
0.27695 0.85874
0.31413 0.85874
0.3513 0.85874
0.38848 0.85874
0.42565 0.85874
0.46283 0.85874
0.5 0.85874
0.53717 0.85874
0.57435 0.85874
0.61152 0.85874
0.6487 0.85874
0.68587 0.85874
0.72305 0.85874
0.76022 0.85874
0.7974 0.85874
0.83457 0.85874
0.87175 0.85874
0.90892 0.85874
0.9461 0.85874
0.98327 0.85874
1 0.83829
1 0.80112
1 0.76394
1 0.72677
1 0.68959
1 0.65242
1 0.61524
1 0.57807
1 0.54089
1 0.50372
1 0.46654
1 0.42937
1 0.39219
1 0.35502
1 0.31784
1 0.28067
1 0.24349
1 0.20632
1 0.16914
1 0.13197
1 0.094796
1 0.057621
1 0.020446
0.98327 0
0.9461 0
0.90892 0
0.87175 0
0.83457 0
0.7974 0
0.76022 0
0.72305 0
0.68587 0
0.6487 0
0.61152 0
0.57435 0
0.53717 0
0.5 0
0.46283 0
0.42565 0
0.38848 0
0.3513 0
0.31413 0
0.27695 0
0.23978 0
0.2026 0
0.16543 0
0.12825 0
0.091078 0
0.053903 0
0.016729 0
0 0.020446
0 0.057621
0 0.094796
0 0.13197
0 0.16914
0 0.20632
0 0.24349
0 0.28067
0 0.31784
0 0.35502
0 0.39219
0 0.42937
0 0.42937
# triangles
31 32 45
61 62 63
27 50 73
31 45 46
37 38 39
80 96 97
85 91 92
87 88 89
56 67 68
11 12 13
29 30 47
30 46 47
30 31 46
27 28 49
27 49 50
34 35 42
35 41 42
35 36 41
32 33 44
32 44 45
81 95 96
80 81 96
79 97 98
79 80 97
87 89 90
85 86 91
86 90 91
86 87 90
58 59 65
58 65 66
55 56 68
55 68 69
51 72 73
50 51 73
10 13 14
10 11 13
5 18 19
29 47 48
28 29 48
28 48 49
36 37 40
36 40 41
37 39 40
34 42 43
33 34 43
33 43 44
82 94 95
81 82 95
78 98 99
78 79 98
59 64 65
60 61 63
60 63 64
59 60 64
57 58 66
57 66 67
56 57 67
53 70 71
54 55 69
54 69 70
53 54 70
52 53 71
52 71 72
51 52 72
8 15 16
3 20 21
4 5 19
4 19 20
3 4 20
1 22 23
0 1 23
83 93 94
82 83 94
0 77 99
77 78 99
0 23 77
6 17 18
5 6 18
9 14 15
8 9 15
9 10 14
2 3 21
2 21 22
1 2 22
83 84 93
84 92 93
84 85 92
7 8 16
7 16 17
6 7 17
25 26 74
25 74 75
26 27 74
27 73 74
24 25 76
25 75 76
23 24 76
23 76 77
