# points
0 0.47584
0 0.51301
0 0.55019
0 0.58736
0 0.62454
0 0.66171
0 0.69888
0 0.73606
0 0.77323
0 0.81041
0 0.84758
0 0.88476
0 0.92193
0.0092937 0.94981
0.046468 0.94981
0.083643 0.94981
0.12082 0.94981
0.15799 0.94981
0.19517 0.94981
0.23234 0.94981
0.26952 0.94981
0.30669 0.94981
0.34387 0.94981
0.38104 0.94981
0.41822 0.94981
0.45539 0.94981
0.49257 0.94981
0.52974 0.94981
0.56691 0.94981
0.60409 0.94981
0.64126 0.94981
0.67844 0.94981
0.71561 0.94981
0.75279 0.94981
0.78996 0.94981
0.82714 0.94981
0.86431 0.94981
0.90149 0.94981
0.93866 0.94981
0.97584 0.94981
1 0.9368
1 0.89963
1 0.86245
1 0.82528
1 0.7881
1 0.75093
1 0.71375
1 0.67658
1 0.63941
1 0.60223
1 0.56506
1 0.52788
1 0.49071
1 0.45353
1 0.41636
1 0.37918
1 0.34201
1 0.30483
1 0.26766
1 0.23048
1 0.19331
1 0.15613
1 0.11896
1 0.081784
1 0.04461
1 0.0074349
0.97026 0
0.93309 0
0.89591 0
0.85874 0
0.82156 0
0.78439 0
0.74721 0
0.71004 0
0.67286 0
0.63569 0
0.59851 0
0.56134 0
0.52416 0
0.48699 0
0.44981 0
0.41264 0
0.37546 0
0.33829 0
0.30112 0
0.26394 0
0.22677 0
0.18959 0
0.15242 0
0.11524 0
0.078067 0
0.040892 0
0.0037175 0
0 0.033457
0 0.070632
0 0.10781
0 0.14498
0 0.18216
0 0.21933
0 0.25651
0 0.29368
0 0.33086
0 0.36803
0 0.4052
0 0.44238
0 0.47584
# triangles
91 92 93
81 103 104
81 82 103
0 26 79
26 78 79
86 87 98
83 84 101
54 76 77
0 80 104
0 79 80
80 81 104
88 89 96
86 98 99
82 83 102
83 101 102
82 102 103
27 28 52
27 52 78
26 27 78
30 49 50
39 40 41
54 55 76
53 54 77
53 77 78
52 53 78
90 91 94
91 93 94
87 88 97
88 96 97
87 97 98
85 86 99
84 100 101
84 85 100
85 99 100
29 30 50
28 51 52
28 29 51
29 50 51
30 31 49
32 33 47
33 46 47
6 7 19
8 9 17
9 16 17
6 19 20
4 21 22
3 4 22
62 63 68
59 60 71
60 61 70
60 70 71
55 56 75
56 74 75
55 75 76
57 58 73
57 73 74
56 57 74
58 72 73
58 59 72
59 71 72
89 90 95
90 94 95
89 95 96
31 32 48
32 47 48
31 48 49
38 39 41
36 43 44
34 45 46
33 34 46
8 17 18
7 8 18
7 18 19
3 22 23
2 23 24
2 3 23
0 25 26
5 20 21
4 5 21
5 6 20
63 67 68
61 62 69
62 68 69
61 69 70
38 41 42
35 44 45
34 35 45
35 36 44
11 14 15
10 11 15
10 15 16
9 10 16
1 2 24
1 24 25
0 1 25
63 64 67
37 38 42
37 42 43
36 37 43
12 13 14
11 12 14
64 65 66
64 66 67
