# points
0 0.48829
0 0.52613
0 0.56396
0 0.6018
0 0.63964
0 0.67748
0 0.71532
0 0.75315
0 0.79099
0 0.82883
0 0.86667
0 0.9045
0 0.94234
0.0054054 0.97477
0.043243 0.97477
0.081081 0.97477
0.11892 0.97477
0.15676 0.97477
0.19459 0.97477
0.23243 0.97477
0.27027 0.97477
0.30811 0.97477
0.34595 0.97477
0.38378 0.97477
0.42162 0.97477
0.45946 0.97477
0.4973 0.97477
0.53514 0.97477
0.57297 0.97477
0.61081 0.97477
0.64865 0.97477
0.68649 0.97477
0.72432 0.97477
0.76216 0.97477
0.8 0.97477
0.83784 0.97477
0.87568 0.97477
0.91351 0.97477
0.95135 0.97477
0.98919 0.97477
1 0.94775
1 0.90991
1 0.87207
1 0.83423
1 0.7964
1 0.75856
1 0.72072
1 0.68288
1 0.64505
1 0.60721
1 0.56937
1 0.53153
1 0.49369
1 0.45586
1 0.41802
1 0.38018
1 0.34234
1 0.3045
1 0.26667
1 0.22883
1 0.19099
1 0.15315
1 0.11532
1 0.077477
1 0.03964
1 0.0018018
0.96396 0
0.92613 0
0.88829 0
0.85045 0
0.81261 0
0.77477 0
0.73694 0
0.6991 0
0.66126 0
0.62342 0
0.58559 0
0.54775 0
0.50991 0
0.47207 0
0.43423 0
0.3964 0
0.35856 0
0.32072 0
0.28288 0
0.24505 0
0.20721 0
0.16937 0
0.13153 0
0.093694 0
0.055856 0
0.018018 0
0 0.01982
0 0.057658
0 0.095495
0 0.13333
0 0.17117
0 0.20901
0 0.24685
0 0.28468
0 0.32252
0 0.36036
0 0.3982
0 0.43604
0 0.47387
0 0.48829
# triangles
2 23 24
1 2 24
26 52 78
0 26 79
26 78 79
52 53 78
6 7 19
8 9 17
9 16 17
29 49 50
2 3 23
4 5 21
0 1 25
0 25 26
1 24 25
28 29 50
84 98 99
83 84 99
59 60 71
9 10 16
8 17 18
7 8 18
7 18 19
31 32 47
32 46 47
29 30 49
4 21 22
3 4 22
3 22 23
5 6 20
5 20 21
6 19 20
26 27 52
28 50 51
27 28 51
27 51 52
84 85 98
85 86 97
85 97 98
79 80 103
81 82 101
83 99 100
82 83 100
82 100 101
62 63 68
62 68 69
54 55 76
53 77 78
53 54 77
54 76 77
55 75 76
56 57 74
56 74 75
55 56 75
57 73 74
12 13 14
11 12 14
11 14 15
10 11 15
10 15 16
35 36 43
32 33 46
33 45 46
33 34 45
31 47 48
30 31 48
30 48 49
88 94 95
90 92 93
90 91 92
86 96 97
0 79 104
79 103 104
80 81 102
80 102 103
81 101 102
63 67 68
60 70 71
61 62 69
61 69 70
60 61 70
57 58 73
35 43 44
34 35 44
34 44 45
89 93 94
89 90 93
88 89 94
86 87 96
87 95 96
87 88 95
63 64 67
58 72 73
58 59 72
59 71 72
38 40 41
37 38 41
38 39 40
37 41 42
36 37 42
36 42 43
64 65 66
64 66 67
