# points
0 0.45663
0 0.49427
0 0.53191
0 0.56956
0 0.6072
0 0.64484
0 0.68249
0 0.72013
0 0.75777
0 0.79542
0 0.83306
0 0.8707
0 0.90835
0.03437 0.91162
0.072013 0.91162
0.10966 0.91162
0.1473 0.91162
0.18494 0.91162
0.22259 0.91162
0.26023 0.91162
0.29787 0.91162
0.33552 0.91162
0.37316 0.91162
0.4108 0.91162
0.44845 0.91162
0.48609 0.91162
0.52373 0.91162
0.56137 0.91162
0.59902 0.91162
0.63666 0.91162
0.6743 0.91162
0.71195 0.91162
0.74959 0.91162
0.78723 0.91162
0.82488 0.91162
0.86252 0.91162
0.90016 0.91162
0.93781 0.91162
0.97545 0.91162
1 0.89853
1 0.86088
1 0.82324
1 0.7856
1 0.74795
1 0.71031
1 0.67267
1 0.63502
1 0.59738
1 0.55974
1 0.52209
1 0.48445
1 0.44681
1 0.40917
1 0.37152
1 0.33388
1 0.29624
1 0.25859
1 0.22095
1 0.18331
1 0.14566
1 0.10802
1 0.070376
1 0.032733
0.99509 0
0.95745 0
0.9198 0
0.88216 0
0.84452 0
0.80687 0
0.76923 0
0.73159 0
0.69394 0
0.6563 0
0.61866 0
0.58101 0
0.54337 0
0.50573 0
0.46809 0
0.43044 0
0.3928 0
0.35516 0
0.31751 0
0.27987 0
0.24223 0
0.20458 0
0.16694 0
0.1293 0
0.091653 0
0.05401 0
0.016367 0
0 0.021277
0 0.05892
0 0.096563
0 0.13421
0 0.17185
0 0.20949
0 0.24714
0 0.28478
0 0.32242
0 0.36007
0 0.39771
0 0.43535
0 0.45663
# triangles
11 12 13
0 24 77
7 8 17
9 10 15
5 6 19
6 18 19
6 7 18
7 17 18
4 5 20
5 19 20
0 1 24
0 77 78
24 25 77
25 76 77
25 26 76
79 99 100
78 79 100
55 56 70
53 72 73
51 74 75
27 51 75
26 27 75
26 75 76
62 63 64
57 68 69
56 57 69
56 69 70
8 16 17
8 9 16
9 15 16
10 14 15
10 11 14
11 13 14
4 20 21
33 44 45
27 28 50
28 49 50
27 50 51
29 30 48
29 48 49
28 29 49
1 2 23
1 23 24
85 93 94
84 85 94
82 83 96
0 78 101
78 100 101
79 80 99
80 81 98
80 98 99
55 70 71
52 73 74
52 53 73
51 52 74
53 54 72
54 71 72
54 55 71
60 61 65
61 64 65
61 62 64
60 65 66
58 67 68
57 58 68
3 4 21
33 34 44
30 47 48
31 46 47
30 31 47
2 22 23
2 3 22
3 21 22
85 86 93
84 94 95
83 84 95
83 95 96
81 82 97
81 97 98
82 96 97
58 59 67
59 66 67
59 60 66
36 41 42
36 37 41
37 40 41
35 36 42
34 43 44
34 35 43
35 42 43
32 45 46
31 32 46
32 33 45
87 91 92
86 87 92
86 92 93
87 88 91
88 90 91
88 89 90
38 39 40
37 38 40
