# points
0 0.43673
0 0.47347
0 0.5102
0 0.54694
0 0.58367
0 0.62041
0 0.65714
0 0.69388
0 0.73061
0 0.76735
0 0.80408
0 0.84082
0.0040816 0.87347
0.040816 0.87347
0.077551 0.87347
0.11429 0.87347
0.15102 0.87347
0.18776 0.87347
0.22449 0.87347
0.26122 0.87347
0.29796 0.87347
0.33469 0.87347
0.37143 0.87347
0.40816 0.87347
0.4449 0.87347
0.48163 0.87347
0.51837 0.87347
0.5551 0.87347
0.59184 0.87347
0.62857 0.87347
0.66531 0.87347
0.70204 0.87347
0.73878 0.87347
0.77551 0.87347
0.81224 0.87347
0.84898 0.87347
0.88571 0.87347
0.92245 0.87347
0.95918 0.87347
0.99592 0.87347
1 0.84082
1 0.80408
1 0.76735
1 0.73061
1 0.69388
1 0.65714
1 0.62041
1 0.58367
1 0.54694
1 0.5102
1 0.47347
1 0.43673
1 0.4
1 0.36327
1 0.32653
1 0.2898
1 0.25306
1 0.21633
1 0.17959
1 0.14286
1 0.10612
1 0.069388
1 0.032653
0.99592 0
0.95918 0
0.92245 0
0.88571 0
0.84898 0
0.81224 0
0.77551 0
0.73878 0
0.70204 0
0.66531 0
0.62857 0
0.59184 0
0.5551 0
0.51837 0
0.48163 0
0.4449 0
0.40816 0
0.37143 0
0.33469 0
0.29796 0
0.26122 0
0.22449 0
0.18776 0
0.15102 0
0.11429 0
0.077551 0
0.040816 0
0.0040816 0
0 0.032653
0 0.069388
0 0.10612
0 0.14286
0 0.17959
0 0.21633
0 0.25306
0 0.2898
0 0.32653
0 0.36327
0 0.4
0 0.43673
0 0.43673
# triangles
38 39 40
3 4 20
3 20 21
2 3 21
9 10 14
9 14 15
8 9 15
6 7 17
4 5 19
4 19 20
0 24 78
0 23 24
10 13 14
8 15 16
7 8 16
7 16 17
27 51 75
27 28 51
28 29 50
28 50 51
32 46 47
38 40 41
61 62 64
61 64 65
62 63 64
51 74 75
5 6 18
5 18 19
6 17 18
0 78 79
0 1 23
2 21 22
1 2 22
1 22 23
11 12 13
10 11 13
29 49 50
29 30 49
30 48 49
31 32 47
31 47 48
30 31 48
35 43 44
35 36 43
59 66 67
58 59 67
79 80 101
0 79 101
51 52 74
52 73 74
52 53 73
34 35 44
36 42 43
37 38 41
37 41 42
36 37 42
59 60 66
60 65 66
60 61 65
58 67 68
56 57 69
57 68 69
57 58 68
56 69 70
54 55 71
55 70 71
55 56 70
54 71 72
53 54 72
53 72 73
85 95 96
84 85 96
83 84 97
84 96 97
80 100 101
80 81 100
81 99 100
34 44 45
88 92 93
87 88 93
83 97 98
33 34 45
33 45 46
32 33 46
88 89 92
87 93 94
82 83 98
82 98 99
81 82 99
89 90 91
89 91 92
86 87 94
86 94 95
85 86 95
25 77 78
24 25 78
26 27 76
27 75 76
25 26 76
25 76 77
