# points
0.12635 0.19134
0.14079 0.23285
0.16426 0.26715
0.13899 0.30325
0.15523 0.34477
0.13357 0.38628
0.11552 0.4278
0.10108 0.46931
0.13177 0.4657
0.14982 0.42419
0.16968 0.38267
0.19675 0.35018
0.22744 0.31769
0.21661 0.27617
0.25451 0.27256
0.29603 0.27076
0.27978 0.30866
0.29783 0.34838
0.33935 0.35379
0.36823 0.31949
0.3556 0.27798
0.38267 0.26895
0.42419 0.26895
0.44404 0.27978
0.4278 0.31949
0.45307 0.3556
0.49458 0.35379
0.51625 0.31588
0.49639 0.27617
0.53791 0.27617
0.57942 0.28159
0.62094 0.28159
0.62274 0.3231
0.63177 0.36462
0.63177 0.40614
0.65884 0.40253
0.65884 0.36101
0.65162 0.31949
0.65523 0.28159
0.69675 0.27798
0.73827 0.27076
0.76534 0.28339
0.76715 0.32491
0.77437 0.36643
0.78159 0.40794
0.80505 0.38628
0.79964 0.34477
0.79242 0.30325
0.79422 0.26354
0.83574 0.26354
0.87726 0.26354
0.90253 0.27256
0.92058 0.31227
0.96209 0.31769
0.99097 0.28339
0.97834 0.24188
0.93863 0.22744
0.96209 0.18773
1 0.15343
0.99819 0.11733
0.95668 0.11372
0.91516 0.099278
0.87365 0.084838
0.88087 0.055957
0.87184 0.01444
0.83032 0
0.79422 0.027076
0.79783 0.068592
0.787 0.084838
0.74549 0.086643
0.70397 0.095668
0.66968 0.068592
0.63899 0.034296
0.61552 0.068592
0.57581 0.10108
0.5361 0.092058
0.51986 0.050542
0.49278 0.032491
0.46029 0.074007
0.42238 0.090253
0.39711 0.079422
0.40253 0.037906
0.36823 0.0090253
0.32671 0.021661
0.31588 0.063177
0.3213 0.092058
0.27978 0.092058
0.25271 0.077617
0.25271 0.036101
0.213 0.019856
0.17148 0.019856
0.18231 0.046931
0.22383 0.054152
0.22202 0.093863
0.18051 0.10108
0.14079 0.13357
0.10108 0.13357
0.059567 0.13177
0.018051 0.13177
0 0.15704
0.041516 0.15884
0.083032 0.15884
0.12455 0.16606
0.12635 0.19134
# triangles
58 59 60
16 18 19
16 19 20
15 20 85
15 16 20
79 80 85
20 21 85
21 79 85
21 22 79
80 82 84
80 84 85
57 58 60
30 31 74
48 68 69
98 99 100
97 98 100
16 17 18
4 5 10
80 81 82
82 83 84
88 89 92
51 55 56
51 53 54
51 54 55
22 28 79
28 75 79
25 26 27
24 25 27
39 40 70
40 48 69
40 69 70
38 39 70
31 38 74
38 70 74
63 64 65
50 51 56
48 49 68
49 62 68
49 50 62
4 10 11
3 4 11
2 3 11
5 9 10
75 78 79
70 73 74
89 90 91
89 91 92
87 88 92
51 52 53
29 30 74
29 74 75
28 29 75
23 24 27
23 27 28
22 23 28
31 32 37
31 37 38
32 33 37
57 60 61
56 57 61
50 56 61
50 61 62
62 63 67
62 67 68
65 66 67
63 65 67
2 12 13
2 11 12
5 6 9
6 7 8
6 8 9
76 77 78
75 76 78
70 71 73
71 72 73
0 94 95
0 1 94
1 2 13
97 100 101
96 97 101
87 92 93
13 14 93
1 13 93
1 93 94
43 44 45
40 41 48
41 47 48
41 42 47
33 36 37
95 96 102
0 95 102
96 101 102
86 87 93
15 85 86
14 15 86
14 86 93
42 43 46
42 46 47
43 45 46
33 34 35
33 35 36
