# points
0 0.5207
0 0.55338
0.0021786 0.58606
0.0065359 0.61874
0.010893 0.65142
0.019608 0.6841
0.028322 0.71678
0.039216 0.74946
0.052288 0.78214
0.069717 0.81481
0.089325 0.84749
0.091503 0.87364
0.058824 0.88235
0.026144 0.8976
0.0043573 0.92593
0.030501 0.95207
0.061002 0.939
0.082789 0.9695
0.11329 0.98039
0.14597 0.98693
0.17865 0.99129
0.21133 0.99346
0.24401 0.99782
0.27669 0.99782
0.30937 1
0.34205 1
0.37473 1
0.40741 0.99782
0.44009 0.99564
0.47277 0.99346
0.50545 0.98911
0.53813 0.98475
0.57081 0.97821
0.60349 0.97168
0.63617 0.95861
0.66885 0.939
0.66667 0.90632
0.63399 0.88671
0.60131 0.87582
0.58824 0.85839
0.60784 0.82571
0.64052 0.83007
0.6732 0.82135
0.70153 0.79085
0.72113 0.75817
0.7342 0.72549
0.74292 0.69281
0.75163 0.66013
0.75599 0.62745
0.76035 0.59477
0.76253 0.56209
0.76253 0.52941
0.76253 0.49673
0.76035 0.46405
0.75599 0.43137
0.74946 0.39869
0.74292 0.36601
0.73203 0.33333
0.71895 0.30065
0.69935 0.26797
0.66885 0.23965
0.63617 0.23312
0.60566 0.23312
0.58388 0.20044
0.55773 0.16776
0.52505 0.13508
0.49237 0.11111
0.45969 0.091503
0.42702 0.078431
0.39434 0.067538
0.42484 0.052288
0.45752 0.045752
0.4902 0.030501
0.46187 0.013072
0.42919 0.0065359
0.39651 0.0021786
0.36383 0
0.33115 0
0.29847 0.0021786
0.2658 0.0043573
0.23312 0.0087146
0.20044 0.017429
0.20697 0.041394
0.23965 0.050109
0.27233 0.054466
0.26797 0.074074
0.23529 0.087146
0.20261 0.10458
0.16993 0.12636
0.13725 0.15686
0.10893 0.18954
0.084967 0.22222
0.065359 0.2549
0.050109 0.28758
0.037037 0.32026
0.026144 0.35294
0.017429 0.38562
0.010893 0.4183
0.0043573 0.45098
0.0021786 0.48366
0 0.51634
0 0.5207
# triangles
0 40 62
0 1 40
10 39 40
80 81 82
54 55 62
11 12 16
51 52 62
40 50 51
40 51 62
53 54 62
52 53 62
57 58 62
59 60 61
58 59 62
59 61 62
0 62 99
62 97 99
62 95 96
62 96 97
62 90 91
62 94 95
62 93 94
12 13 16
13 14 15
13 15 16
10 25 39
25 26 39
1 2 40
5 6 40
40 49 50
40 45 46
40 46 47
40 41 43
55 56 62
56 57 62
71 72 73
71 73 74
70 71 74
70 74 75
69 75 76
69 70 75
0 99 100
97 98 99
62 92 93
62 91 92
66 68 87
80 82 83
77 78 84
69 76 77
69 77 84
78 79 84
79 80 83
79 83 84
9 10 40
8 9 40
6 7 40
7 8 40
11 18 19
2 3 40
3 5 40
3 4 5
40 47 48
40 48 49
40 44 45
40 43 44
41 42 43
62 63 90
63 64 90
68 69 85
69 84 85
66 67 68
26 27 39
27 28 39
28 29 39
31 38 39
31 32 38
32 33 38
11 16 17
11 17 18
10 11 21
10 24 25
10 23 24
64 65 89
64 89 90
66 87 89
65 66 89
68 86 87
68 85 86
30 31 39
29 30 39
34 35 36
34 36 37
34 37 38
33 34 38
10 22 23
10 21 22
87 88 89
11 19 20
11 20 21
