# points
0.02331 0.50117
0.016317 0.52681
0.009324 0.55245
0.004662 0.57809
0.002331 0.60373
0 0.62937
0 0.65501
0 0.68065
0.002331 0.70629
0.006993 0.73193
0.011655 0.75758
0.020979 0.78322
0.030303 0.80886
0.041958 0.8345
0.058275 0.86014
0.083916 0.88345
0.10956 0.8951
0.1352 0.89744
0.16084 0.88811
0.18648 0.88112
0.19114 0.90443
0.18415 0.92774
0.20979 0.94172
0.18415 0.94639
0.15851 0.95338
0.13753 0.9697
0.16317 0.98368
0.18881 0.98834
0.21445 0.99301
0.24009 0.99534
0.26573 0.99767
0.29138 0.99767
0.31702 1
0.34266 1
0.3683 1
0.39394 1
0.41958 0.99767
0.44522 0.99767
0.47086 0.99534
0.4965 0.99068
0.52214 0.98601
0.54779 0.98135
0.5641 0.9627
0.53846 0.95105
0.51282 0.94639
0.4965 0.93939
0.51981 0.92075
0.50583 0.89744
0.52448 0.87179
0.53846 0.84615
0.55245 0.82051
0.56177 0.79487
0.5711 0.76923
0.58042 0.74359
0.58741 0.71795
0.59441 0.69231
0.59907 0.66667
0.60373 0.64103
0.60606 0.61538
0.60839 0.58974
0.61072 0.5641
0.61305 0.53846
0.61305 0.51282
0.61305 0.48718
0.61072 0.46154
0.61072 0.4359
0.60839 0.41026
0.60373 0.38462
0.59907 0.35897
0.59441 0.33333
0.58974 0.30769
0.58275 0.28205
0.57343 0.25641
0.5641 0.23077
0.55245 0.20513
0.54079 0.17949
0.52681 0.15385
0.51049 0.12821
0.48951 0.10256
0.49417 0.076923
0.48951 0.051282
0.4662 0.027972
0.44056 0.016317
0.41492 0.006993
0.38928 0.002331
0.36364 0
0.338 0
0.31235 0.002331
0.28671 0.006993
0.26107 0.013986
0.23543 0.027972
0.21212 0.048951
0.20513 0.074592
0.21678 0.10023
0.1958 0.12587
0.17949 0.15152
0.16317 0.17716
0.15152 0.2028
0.13986 0.22844
0.13054 0.25408
0.12354 0.27972
0.11655 0.30536
0.10956 0.331
0.1049 0.35664
0.10023 0.38228
0.09324 0.40793
0.067599 0.42657
0.04662 0.45221
0.032634 0.47786
0.02331 0.50117
# triangles
19 22 32
4 5 19
19 56 105
3 19 105
3 4 19
41 42 43
19 32 33
19 33 47
19 49 51
5 6 19
11 12 19
9 11 19
19 20 22
20 21 22
64 104 105
69 101 102
0 105 108
105 107 108
0 1 105
60 61 105
59 60 105
56 58 105
58 59 105
19 51 52
19 55 56
19 54 55
39 44 45
45 46 47
19 47 48
19 48 49
49 50 51
8 9 19
9 10 11
24 25 26
23 24 26
13 14 18
14 15 18
12 18 19
12 13 18
15 16 18
16 17 18
23 26 27
22 27 28
22 23 27
22 31 32
22 30 31
22 28 29
22 29 30
61 62 105
105 106 107
66 67 104
70 71 101
69 70 101
67 68 104
79 80 81
85 86 93
89 90 93
90 91 93
91 92 93
71 100 101
2 3 105
1 2 105
56 57 58
19 53 54
19 52 53
39 40 44
40 41 43
40 43 44
37 38 45
38 39 45
6 7 19
7 8 19
63 64 105
62 63 105
64 65 104
65 66 104
68 103 104
68 69 103
69 102 103
77 94 95
78 85 93
78 84 85
77 78 94
78 93 94
78 83 84
78 82 83
78 81 82
78 79 81
88 89 93
71 72 100
72 99 100
74 97 98
95 96 97
36 37 45
36 45 47
35 36 47
33 34 47
34 35 47
86 87 93
87 88 93
76 77 95
75 95 97
74 75 97
75 76 95
73 74 98
73 98 99
72 73 99
