# points
0.0023364 0.3528
0 0.38084
0.0023364 0.40888
0.011682 0.43692
0.028037 0.46495
0.051402 0.49299
0.079439 0.51402
0.10748 0.5257
0.13551 0.53271
0.16355 0.53505
0.19159 0.53972
0.21729 0.56776
0.2243 0.59579
0.2243 0.62383
0.24065 0.65187
0.26869 0.6729
0.24299 0.69393
0.23832 0.72196
0.25935 0.74766
0.28738 0.76168
0.31542 0.77103
0.34346 0.78037
0.3715 0.78738
0.39953 0.79206
0.42757 0.79439
0.45561 0.79673
0.48364 0.79907
0.51168 0.8014
0.53972 0.8014
0.56776 0.8014
0.59579 0.79907
0.62383 0.79907
0.65187 0.79439
0.67991 0.79206
0.70794 0.78738
0.73598 0.78037
0.76402 0.77336
0.79206 0.76402
0.82009 0.75
0.84346 0.72664
0.84346 0.6986
0.82009 0.67523
0.83879 0.65654
0.85748 0.6285
0.86215 0.60047
0.86215 0.57243
0.89019 0.54439
0.91355 0.52336
0.94159 0.52336
0.96963 0.51636
0.98832 0.49533
1 0.46729
0.97664 0.46262
0.9486 0.46963
0.94626 0.4486
0.95561 0.42056
0.96028 0.39252
0.96262 0.36449
0.96262 0.33645
0.95794 0.30841
0.96028 0.28505
0.98832 0.29206
1 0.26402
0.9743 0.24065
0.94626 0.23598
0.9229 0.21963
0.90187 0.19159
0.8785 0.16355
0.85047 0.13785
0.82243 0.11682
0.79439 0.098131
0.76636 0.084112
0.73832 0.070093
0.7243 0.044393
0.69626 0.025701
0.66822 0.016355
0.64019 0.0093458
0.61215 0.0046729
0.58411 0.0023364
0.55607 0
0.52804 0
0.5 0.0023364
0.47196 0.0046729
0.44393 0.011682
0.41589 0.018692
0.38785 0.030374
0.36215 0.053738
0.34112 0.07243
0.31308 0.086449
0.28505 0.10047
0.25701 0.11916
0.22897 0.14019
0.20093 0.16822
0.17757 0.19626
0.15654 0.21729
0.1285 0.21963
0.10047 0.22897
0.07243 0.24299
0.044393 0.26636
0.023364 0.29439
0.0093458 0.32243
0.0023364 0.35047
0.0023364 0.3528
# triangles
11 45 87
11 15 27
11 87 88
15 18 19
0 100 101
0 99 100
0 1 4
0 4 99
45 72 87
30 41 45
30 32 41
41 44 45
45 66 68
50 51 52
11 27 28
11 28 45
11 88 90
11 12 15
16 17 18
15 16 18
15 19 20
5 6 7
4 5 7
1 2 3
1 3 4
57 58 59
60 61 62
15 21 22
15 20 21
30 31 32
42 43 44
41 42 44
34 35 41
35 36 41
47 53 54
49 50 53
50 52 53
46 47 54
45 46 66
46 54 66
45 71 72
54 56 66
54 55 56
56 57 59
56 59 66
59 65 66
59 60 65
60 64 65
66 67 68
29 30 45
28 29 45
12 14 15
12 13 14
15 26 27
15 25 26
15 24 25
84 85 86
72 79 80
72 80 87
83 84 86
83 86 87
90 91 92
11 90 92
10 11 92
60 62 63
60 63 64
15 22 23
15 23 24
32 33 41
33 34 41
37 38 41
36 37 41
48 49 53
47 48 53
45 68 69
45 69 71
9 10 94
8 9 94
88 89 90
80 81 87
81 83 87
81 82 83
10 93 94
10 92 93
94 95 96
96 98 99
96 97 98
4 96 99
4 7 96
8 94 96
7 8 96
72 78 79
72 77 78
72 74 75
72 73 74
72 76 77
72 75 76
69 70 71
38 40 41
38 39 40
