# points
0 0.50117
0 0.52681
0 0.55245
0.002331 0.57809
0.004662 0.60373
0.006993 0.62937
0.011655 0.65501
0.016317 0.68065
0.02331 0.70629
0.030303 0.73193
0.037296 0.75758
0.04662 0.78322
0.055944 0.80886
0.067599 0.8345
0.081585 0.86014
0.097902 0.88578
0.097902 0.90909
0.1049 0.9324
0.11189 0.94406
0.086247 0.94872
0.060606 0.95571
0.053613 0.97436
0.079254 0.98368
0.1049 0.98834
0.13054 0.99301
0.15618 0.99534
0.18182 0.99767
0.20746 1
0.2331 1
0.25874 1
0.28438 1
0.31002 1
0.33566 0.99767
0.36131 0.99534
0.38695 0.99301
0.41259 0.99068
0.43823 0.98601
0.46387 0.97669
0.4662 0.95804
0.44056 0.94872
0.41492 0.94406
0.41725 0.93473
0.43357 0.91375
0.41958 0.89277
0.44056 0.87879
0.4662 0.8951
0.49184 0.89744
0.51748 0.89044
0.54312 0.87179
0.5641 0.84615
0.57809 0.82051
0.58974 0.79487
0.59674 0.76923
0.60373 0.74359
0.60839 0.71795
0.61072 0.69231
0.61305 0.66667
0.61305 0.64103
0.61305 0.61538
0.61072 0.58974
0.60606 0.5641
0.6014 0.53846
0.59207 0.51282
0.58275 0.48718
0.5711 0.46154
0.55478 0.4359
0.52914 0.41259
0.51515 0.39161
0.51049 0.36597
0.50583 0.34033
0.49883 0.31469
0.49184 0.28904
0.48485 0.2634
0.47552 0.23776
0.4662 0.21212
0.45455 0.18648
0.44056 0.16084
0.42424 0.1352
0.40559 0.10956
0.40559 0.083916
0.40559 0.058275
0.38695 0.032634
0.36131 0.018648
0.33566 0.009324
0.31002 0.004662
0.28438 0
0.25874 0
0.2331 0.002331
0.20746 0.004662
0.18182 0.011655
0.15618 0.02331
0.13054 0.041958
0.11888 0.067599
0.12587 0.09324
0.10956 0.11888
0.090909 0.14452
0.076923 0.17016
0.062937 0.1958
0.053613 0.22145
0.041958 0.24709
0.034965 0.27273
0.027972 0.29837
0.020979 0.32401
0.013986 0.34965
0.011655 0.37529
0.006993 0.40093
0.004662 0.42657
0.002331 0.45221
0 0.47786
0 0.50117
# triangles
20 21 22
3 66 67
67 106 107
67 68 104
102 103 104
69 102 104
68 69 104
14 15 43
15 16 18
15 29 43
29 30 43
11 12 43
4 6 66
3 4 66
0 1 67
0 67 108
67 107 108
67 105 106
67 104 105
77 78 94
78 83 84
78 84 85
78 85 86
60 61 62
62 63 66
76 77 96
73 74 98
73 98 100
69 70 102
12 13 43
13 14 43
19 20 22
32 33 40
15 18 27
9 10 43
10 11 43
4 5 6
2 3 67
1 2 67
77 94 95
77 95 96
79 80 81
79 81 82
79 82 83
78 79 83
78 93 94
87 88 93
78 86 93
86 87 93
88 89 93
89 90 93
90 91 93
91 92 93
96 97 98
75 76 96
74 75 98
75 96 98
71 100 101
70 101 102
70 71 101
71 72 100
72 73 100
16 17 18
30 31 43
31 32 43
15 28 29
15 27 28
37 38 39
44 47 48
44 48 49
44 45 46
44 46 47
44 49 50
44 50 51
44 51 52
44 52 53
44 53 54
44 54 55
44 55 56
44 56 57
44 57 58
44 58 59
44 59 60
44 62 66
44 60 62
9 43 44
8 9 44
7 8 44
6 44 66
6 7 44
98 99 100
63 64 66
64 65 66
33 34 40
34 35 40
18 24 25
35 36 40
36 39 40
36 37 39
18 26 27
18 25 26
18 23 24
18 19 23
19 22 23
41 42 43
32 41 43
32 40 41
