# points
0 0.47619
0 0.49875
0 0.5213
0 0.54386
0.0025063 0.56642
0.0075188 0.58897
0.015038 0.61153
0.02005 0.63409
0.030075 0.65664
0.045113 0.6792
0.057644 0.70175
0.072682 0.72431
0.095238 0.74436
0.11779 0.75689
0.14035 0.76692
0.16291 0.77945
0.16792 0.79699
0.16541 0.81955
0.15038 0.8396
0.13033 0.86216
0.12782 0.88471
0.13033 0.90727
0.14286 0.92982
0.15789 0.95238
0.18045 0.96742
0.20301 0.98246
0.22556 0.98997
0.24812 0.99248
0.27068 1
0.29323 1
0.31579 0.99749
0.33835 0.99749
0.3609 0.99749
0.38346 0.98997
0.40602 0.98496
0.42857 0.97494
0.45113 0.95739
0.46617 0.93734
0.47368 0.91479
0.47368 0.89223
0.46617 0.86967
0.45113 0.84712
0.4411 0.82707
0.43609 0.80451
0.44361 0.78697
0.46617 0.77694
0.48872 0.76441
0.51128 0.75439
0.53383 0.73684
0.55388 0.71429
0.57143 0.69173
0.58396 0.66917
0.59649 0.64662
0.60652 0.62406
0.61654 0.6015
0.62155 0.57895
0.62657 0.55639
0.62657 0.53383
0.62657 0.51128
0.62657 0.48872
0.62657 0.46617
0.62155 0.44361
0.61654 0.42105
0.60902 0.3985
0.59649 0.37594
0.58897 0.35338
0.58145 0.33083
0.57143 0.30827
0.5614 0.28571
0.54637 0.26316
0.53383 0.2406
0.5213 0.21805
0.51128 0.19549
0.49624 0.17293
0.4787 0.15038
0.45865 0.12782
0.47368 0.10526
0.4812 0.082707
0.4787 0.06015
0.45865 0.0401
0.43609 0.025063
0.41353 0.015038
0.39098 0.012531
0.36842 0.0050125
0.34586 0.0025063
0.32331 0
0.30075 0
0.2782 0.0025063
0.25564 0.012531
0.23308 0.027569
0.21053 0.0401
0.19298 0.062657
0.18797 0.085213
0.19048 0.10777
0.20551 0.12782
0.18296 0.14787
0.16291 0.16792
0.14035 0.18797
0.1203 0.21053
0.10526 0.23308
0.085213 0.25564
0.067669 0.2782
0.057644 0.30075
0.047619 0.32331
0.035088 0.34586
0.022556 0.36842
0.015038 0.39098
0.0075188 0.41353
0.0025063 0.43609
0 0.45865
0 0.47619
# triangles
85 86 94
0 1 104
86 87 88
86 88 94
17 30 42
77 78 79
75 81 82
30 31 42
44 46 58
1 15 44
75 80 81
75 79 80
31 32 33
31 33 42
88 89 94
17 27 30
27 29 30
27 28 29
17 24 27
55 56 57
44 45 46
17 42 43
15 43 44
1 2 15
74 75 94
73 74 94
71 72 73
75 82 84
82 83 84
84 85 94
75 84 94
70 71 96
70 96 99
67 99 103
90 91 94
89 90 94
36 37 40
46 48 49
53 54 55
53 55 57
53 57 58
15 16 43
16 17 43
2 3 4
17 18 24
18 22 24
2 4 5
64 103 104
1 64 104
1 44 64
44 58 64
62 63 64
61 62 64
59 60 61
58 59 64
59 61 64
75 76 79
76 77 79
91 92 94
92 93 94
69 70 99
67 68 69
67 69 99
99 102 103
22 23 24
24 26 27
24 25 26
33 41 42
33 34 41
34 35 41
35 36 41
36 40 41
46 47 48
46 51 58
51 53 58
51 52 53
46 49 51
49 50 51
10 12 13
10 11 12
6 8 9
6 7 8
2 5 6
64 65 103
65 67 103
65 66 67
71 95 96
73 94 95
71 73 95
97 98 99
96 97 99
100 101 102
99 100 102
0 107 108
0 108 109
18 19 20
20 21 22
18 20 22
2 14 15
2 6 14
6 9 14
9 10 14
10 13 14
104 105 106
0 104 106
0 106 107
38 39 40
37 38 40
