# points
0.029703 0.48845
0.019802 0.51485
0.009901 0.54125
0.0033003 0.56766
0 0.59406
0 0.62046
0 0.64686
0.0066007 0.67327
0.013201 0.69967
0.023102 0.72607
0.033003 0.75248
0.049505 0.77888
0.069307 0.80528
0.09571 0.83168
0.11551 0.85479
0.089109 0.86799
0.062706 0.88449
0.049505 0.91089
0.059406 0.93729
0.085809 0.9571
0.11221 0.967
0.13861 0.9769
0.16502 0.9835
0.19142 0.9901
0.21782 0.9934
0.24422 0.9967
0.27063 1
0.29703 1
0.32343 1
0.34983 1
0.37624 0.9967
0.40264 0.9967
0.42904 0.9934
0.45545 0.9868
0.48185 0.9835
0.50825 0.9769
0.53465 0.967
0.56106 0.9538
0.58416 0.93069
0.59076 0.90429
0.57096 0.87789
0.54455 0.86469
0.53135 0.84818
0.55776 0.82508
0.58086 0.79868
0.60066 0.77228
0.61716 0.74587
0.62706 0.71947
0.63696 0.69307
0.64356 0.66667
0.64686 0.64026
0.64686 0.61386
0.64686 0.58746
0.64026 0.56106
0.63366 0.53465
0.62376 0.50825
0.61386 0.48185
0.61386 0.45545
0.61056 0.42904
0.60726 0.40264
0.60396 0.37624
0.60066 0.34983
0.59406 0.32343
0.58746 0.29703
0.58086 0.27063
0.57096 0.24422
0.56106 0.21782
0.54785 0.19142
0.53465 0.16502
0.52145 0.13861
0.50165 0.11221
0.47855 0.085809
0.49835 0.062706
0.49175 0.036304
0.46535 0.019802
0.43894 0.013201
0.41254 0.0066007
0.38614 0.0033003
0.35974 0
0.33333 0
0.30693 0
0.28053 0
0.25413 0.0033003
0.22772 0.0066007
0.20132 0.013201
0.17492 0.019802
0.14851 0.036304
0.14191 0.062706
0.16832 0.082508
0.14851 0.10891
0.12871 0.13531
0.11221 0.16172
0.09901 0.18812
0.085809 0.21452
0.075908 0.24092
0.066007 0.26733
0.059406 0.29373
0.052805 0.32013
0.046205 0.34653
0.042904 0.37294
0.039604 0.39934
0.036304 0.42574
0.033003 0.45215
0.033003 0.47855
0.029703 0.48845
# triangles
16 18 19
97 98 99
62 97 99
16 17 18
15 16 19
13 14 42
0 13 42
35 41 42
37 38 40
37 40 41
82 83 88
81 82 88
83 84 88
84 85 88
85 86 88
60 62 99
5 6 7
0 1 13
1 2 5
1 5 7
14 28 42
14 27 28
29 30 42
28 29 42
36 37 41
35 36 41
44 45 47
45 46 47
47 48 51
44 47 55
42 44 55
0 55 56
0 42 55
67 68 92
63 96 97
62 63 97
63 65 96
63 64 65
42 43 44
86 87 88
68 89 90
65 66 94
66 67 94
94 95 96
65 94 96
60 61 62
59 100 101
59 60 100
60 99 100
0 56 103
3 4 5
2 3 5
1 9 13
9 11 13
7 8 9
1 7 9
9 10 11
11 12 13
14 26 27
14 25 26
38 39 40
58 59 101
56 57 58
56 58 103
58 101 103
80 81 88
79 80 88
71 78 79
71 77 78
71 79 88
71 88 89
71 76 77
71 75 76
71 74 75
71 73 74
71 72 73
68 91 92
68 90 91
67 92 93
67 93 94
51 52 53
47 51 53
47 53 55
53 54 55
101 102 103
14 20 21
14 15 20
15 19 20
14 22 23
14 21 22
14 23 24
14 24 25
32 33 42
49 50 51
48 49 51
68 70 89
70 71 89
68 69 70
30 31 42
31 32 42
33 34 42
34 35 42
