# points
0 0.32343
0 0.34983
0.0033003 0.37624
0.0033003 0.40264
0.009901 0.42904
0.016502 0.45545
0.026403 0.48185
0.046205 0.50825
0.072607 0.49505
0.092409 0.48515
0.11881 0.50495
0.14521 0.52475
0.17162 0.53795
0.19802 0.55116
0.22442 0.56436
0.25083 0.57426
0.27723 0.58086
0.30363 0.59076
0.33003 0.59736
0.35644 0.60066
0.38284 0.60726
0.40924 0.61056
0.43564 0.61056
0.46205 0.61386
0.48845 0.61716
0.51485 0.62706
0.54125 0.63696
0.56766 0.64356
0.59406 0.64686
0.62046 0.64686
0.64686 0.64686
0.67327 0.64026
0.69967 0.63366
0.72607 0.62376
0.75248 0.61386
0.77888 0.59736
0.80528 0.57756
0.83168 0.55116
0.85479 0.53135
0.86799 0.55776
0.88449 0.58416
0.91089 0.59736
0.93729 0.58746
0.9571 0.56106
0.967 0.53465
0.9769 0.50825
0.9835 0.48185
0.9901 0.45545
0.9934 0.42904
0.9967 0.40264
1 0.37624
1 0.34983
1 0.32343
1 0.29703
0.9967 0.27063
0.9967 0.24422
0.9934 0.21782
0.9868 0.19142
0.9835 0.16502
0.9769 0.13861
0.967 0.11221
0.9538 0.085809
0.93069 0.062706
0.90429 0.056106
0.87789 0.075908
0.86469 0.10231
0.84818 0.11551
0.82508 0.089109
0.79868 0.066007
0.77228 0.046205
0.74587 0.029703
0.71947 0.019802
0.69307 0.009901
0.66667 0.0033003
0.64026 0
0.61386 0
0.58746 0
0.56106 0.0066007
0.53465 0.013201
0.50825 0.023102
0.48185 0.033003
0.45545 0.033003
0.42904 0.036304
0.40264 0.039604
0.37624 0.042904
0.34983 0.046205
0.32343 0.052805
0.29703 0.059406
0.27063 0.066007
0.24422 0.075908
0.21782 0.085809
0.19142 0.09901
0.16502 0.11221
0.13861 0.12541
0.11221 0.14521
0.085809 0.16832
0.062706 0.14851
0.036304 0.15512
0.019802 0.18152
0.013201 0.20792
0.0066007 0.23432
0.0033003 0.26073
0 0.28713
0 0.31353
0 0.32343
# triangles
38 52 66
37 38 66
38 50 51
38 51 52
38 49 50
38 48 49
38 46 47
38 47 48
38 45 46
38 44 45
56 57 66
57 58 66
66 68 79
68 71 79
55 56 66
54 55 66
40 41 42
38 39 44
25 26 29
22 80 82
24 79 80
24 66 79
24 37 66
24 25 37
6 7 8
5 6 8
0 1 9
1 2 9
2 3 9
5 8 9
95 97 98
95 102 103
0 95 103
0 9 95
9 10 95
58 59 66
61 62 64
62 63 64
69 70 71
68 69 71
71 77 79
52 53 66
53 54 66
25 33 37
29 30 31
25 29 31
25 31 33
31 32 33
39 43 44
40 42 43
39 40 43
27 28 29
26 27 29
80 81 82
19 84 86
19 20 22
22 23 80
23 24 80
10 12 92
4 5 9
3 4 9
95 96 97
95 98 99
95 99 100
95 101 102
95 100 101
66 67 68
60 61 65
61 64 65
59 65 66
59 60 65
71 75 77
71 72 75
75 76 77
73 74 75
72 73 75
35 36 37
33 35 37
33 34 35
77 78 79
19 22 83
19 83 84
22 82 83
84 85 86
20 21 22
17 18 19
10 11 12
13 14 89
10 92 94
10 94 95
14 15 16
14 16 89
16 19 86
16 17 19
12 91 92
12 13 91
92 93 94
16 86 87
16 87 89
13 89 90
13 90 91
87 88 89
