# points
0.029703 0.48845
0.019802 0.51485
0.009901 0.54125
0.0033003 0.56766
0 0.59406
0 0.62046
0 0.64686
0.0066007 0.67327
0.013201 0.69967
0.023102 0.72607
0.033003 0.75248
0.049505 0.77888
0.069307 0.80528
0.09571 0.83168
0.12211 0.85479
0.09571 0.86799
0.069307 0.88449
0.056106 0.91089
0.066007 0.93729
0.092409 0.9571
0.11881 0.967
0.14521 0.9769
0.17162 0.9835
0.19802 0.9901
0.22442 0.9934
0.25083 0.9967
0.27723 1
0.30363 1
0.33003 1
0.35644 1
0.38284 0.9967
0.40924 0.9967
0.43564 0.9934
0.46205 0.9868
0.48845 0.9835
0.51485 0.9769
0.54125 0.967
0.56766 0.9538
0.59076 0.93069
0.59736 0.90429
0.57756 0.87789
0.55116 0.86469
0.53135 0.84818
0.55776 0.82508
0.58086 0.79868
0.60066 0.77228
0.61716 0.74587
0.62706 0.71947
0.63696 0.69307
0.64356 0.66667
0.64686 0.64026
0.64686 0.61386
0.64686 0.58746
0.64026 0.56106
0.63366 0.53465
0.62376 0.50825
0.61386 0.48185
0.61386 0.45545
0.61056 0.42904
0.60726 0.40264
0.60396 0.37624
0.60066 0.34983
0.59406 0.32343
0.58746 0.29703
0.58086 0.27063
0.57096 0.24422
0.56106 0.21782
0.54785 0.19142
0.53465 0.16502
0.52145 0.13861
0.50165 0.11221
0.47855 0.085809
0.50165 0.066007
0.50165 0.039604
0.47525 0.023102
0.44884 0.013201
0.42244 0.0066007
0.39604 0.0033003
0.36964 0
0.34323 0
0.31683 0
0.29043 0
0.26403 0.0033003
0.23762 0.0066007
0.21122 0.013201
0.18482 0.019802
0.15842 0.033003
0.14521 0.059406
0.17162 0.082508
0.14851 0.10891
0.12871 0.13531
0.11221 0.16172
0.09901 0.18812
0.085809 0.21452
0.075908 0.24092
0.066007 0.26733
0.059406 0.29373
0.052805 0.32013
0.046205 0.34653
0.042904 0.37294
0.039604 0.39934
0.036304 0.42574
0.033003 0.45215
0.033003 0.47855
0.029703 0.48845
# triangles
37 38 40
14 26 27
0 14 42
38 39 40
16 17 18
14 25 26
14 24 25
14 22 23
14 23 24
14 21 22
14 20 21
16 18 19
71 75 76
71 74 75
30 31 42
33 34 42
49 50 51
48 49 51
0 56 103
0 1 14
1 13 14
1 9 13
9 10 11
9 11 13
11 12 13
34 35 42
15 16 19
14 15 20
15 19 20
71 77 78
71 76 77
68 89 90
68 70 89
70 71 89
68 90 91
68 91 92
42 43 44
14 27 28
14 28 42
31 32 42
32 33 42
42 44 55
0 55 56
0 42 55
60 61 62
59 60 100
1 7 9
71 88 89
86 87 88
68 69 70
71 72 74
72 73 74
67 68 92
66 67 94
94 95 96
37 40 41
36 37 41
35 41 42
35 36 41
45 46 47
47 48 51
44 45 47
44 47 55
29 30 42
28 29 42
56 58 103
56 57 58
51 52 53
47 51 53
53 54 55
47 53 55
60 62 99
60 99 100
1 5 7
1 2 5
5 6 7
3 4 5
2 3 5
7 8 9
71 80 88
67 92 93
67 93 94
65 66 94
65 94 96
63 64 65
63 65 96
58 101 103
59 100 101
58 59 101
62 97 99
62 63 97
63 96 97
71 78 79
71 79 80
81 82 88
80 81 88
82 83 88
83 84 88
101 102 103
97 98 99
85 86 88
84 85 88
