# points
0 0.36364
0 0.38928
0.002331 0.41492
0.002331 0.44056
0.004662 0.4662
0.006993 0.49184
0.011655 0.51748
0.018648 0.54312
0.032634 0.56643
0.04662 0.54312
0.053613 0.51748
0.058275 0.49184
0.074592 0.51748
0.097902 0.50583
0.12354 0.52214
0.14918 0.53613
0.17483 0.55012
0.20047 0.55944
0.22611 0.5711
0.25175 0.57809
0.27739 0.58508
0.30303 0.59207
0.32867 0.59907
0.35431 0.6014
0.37995 0.60606
0.40559 0.60839
0.43124 0.61072
0.45688 0.61305
0.48252 0.61305
0.50816 0.61305
0.5338 0.61305
0.55944 0.61072
0.58508 0.60839
0.61072 0.60373
0.63636 0.6014
0.662 0.59674
0.68765 0.58974
0.71329 0.58275
0.73893 0.57576
0.76457 0.56643
0.79021 0.55478
0.81585 0.54312
0.84149 0.52914
0.86713 0.51282
0.89277 0.49417
0.91841 0.49184
0.94406 0.49184
0.96737 0.47086
0.98368 0.44522
0.99068 0.41958
0.99767 0.39394
1 0.3683
1 0.34266
0.99767 0.31702
0.99301 0.29138
0.98601 0.26573
0.97669 0.24009
0.95571 0.21445
0.93007 0.20513
0.90443 0.21445
0.87879 0.19814
0.85315 0.18182
0.82751 0.1655
0.80186 0.15385
0.77622 0.14219
0.75058 0.13287
0.72494 0.12354
0.6993 0.11655
0.67366 0.11189
0.64802 0.1049
0.62238 0.10023
0.59674 0.097902
0.57809 0.072261
0.55245 0.051282
0.52681 0.034965
0.50117 0.025641
0.47552 0.016317
0.44988 0.009324
0.42424 0.004662
0.3986 0.002331
0.37296 0
0.34732 0
0.32168 0
0.29604 0.002331
0.2704 0.006993
0.24476 0.011655
0.21911 0.018648
0.19347 0.027972
0.16783 0.041958
0.14219 0.058275
0.11888 0.081585
0.1049 0.10723
0.10256 0.13287
0.11189 0.15851
0.12121 0.18415
0.097902 0.19347
0.074592 0.18182
0.060606 0.20746
0.053613 0.18648
0.04662 0.16084
0.032634 0.13753
0.018648 0.16084
0.011655 0.18648
0.006993 0.21212
0.004662 0.23776
0.002331 0.2634
0.002331 0.28904
0 0.31469
0 0.34033
0 0.36364
# triangles
79 80 94
71 79 94
17 19 94
23 71 94
23 24 71
15 17 94
34 35 68
95 96 97
13 94 95
99 100 101
26 27 71
17 18 19
21 23 94
21 22 23
13 14 94
14 15 94
15 16 17
0 1 13
1 11 13
1 2 11
7 8 9
33 34 68
82 83 94
87 88 94
52 53 59
53 54 59
56 57 59
57 58 59
95 97 106
95 106 107
95 107 108
0 13 108
13 95 108
98 102 103
97 98 103
89 90 93
88 93 94
88 89 93
90 91 93
91 92 93
71 72 73
71 75 76
71 73 75
73 74 75
71 76 77
24 25 71
25 26 71
19 20 94
20 21 94
97 105 106
4 5 11
11 12 13
33 68 69
31 32 71
32 33 71
80 81 94
81 82 94
45 46 47
45 47 48
45 48 49
44 51 52
44 52 59
44 50 51
44 49 50
44 45 49
55 56 59
54 55 59
71 78 79
71 77 78
97 103 104
97 104 105
2 3 11
3 4 11
27 28 71
28 29 71
30 31 71
29 30 71
33 70 71
33 69 70
86 87 94
85 86 94
83 84 94
84 85 94
41 61 63
61 62 63
35 36 68
44 59 60
43 60 61
43 44 60
38 39 65
40 41 63
40 63 64
40 64 65
39 40 65
37 38 65
37 65 66
37 66 67
36 37 68
37 67 68
41 42 61
42 43 61
5 6 11
6 10 11
6 7 9
6 9 10
98 101 102
98 99 101
