# points
0 0.55607
0.0023364 0.58411
0.0046729 0.61215
0.0093458 0.64019
0.016355 0.66822
0.025701 0.69626
0.044393 0.7243
0.070093 0.73832
0.084112 0.76636
0.098131 0.79439
0.11682 0.82243
0.13785 0.85047
0.16355 0.8785
0.19159 0.90187
0.21963 0.9229
0.23598 0.94626
0.24065 0.9743
0.26402 1
0.29206 0.98832
0.28505 0.96028
0.30841 0.95794
0.33645 0.96262
0.36449 0.96262
0.39252 0.96028
0.42056 0.95561
0.4486 0.94626
0.46963 0.9486
0.46262 0.97664
0.46729 1
0.49533 0.98832
0.51636 0.96963
0.52336 0.94159
0.52336 0.91355
0.54439 0.89019
0.57243 0.86215
0.60047 0.86215
0.6285 0.85748
0.65654 0.83879
0.67523 0.82009
0.6986 0.84346
0.72664 0.84346
0.75 0.82009
0.76402 0.79206
0.77336 0.76402
0.78037 0.73598
0.78738 0.70794
0.79206 0.67991
0.79439 0.65187
0.79907 0.62383
0.79907 0.59579
0.8014 0.56776
0.8014 0.53972
0.8014 0.51168
0.79907 0.48364
0.79673 0.45561
0.79439 0.42757
0.79206 0.39953
0.78738 0.3715
0.78037 0.34346
0.77103 0.31542
0.76168 0.28738
0.74766 0.25935
0.72196 0.23832
0.69393 0.24299
0.6729 0.26869
0.65187 0.24065
0.62383 0.2243
0.59579 0.2243
0.56776 0.21729
0.53972 0.19159
0.53505 0.16355
0.53271 0.13551
0.5257 0.10748
0.51402 0.079439
0.49299 0.051402
0.46495 0.028037
0.43692 0.011682
0.40888 0.0023364
0.38084 0
0.3528 0.0023364
0.32477 0.0093458
0.29673 0.021028
0.26869 0.042056
0.24533 0.070093
0.22897 0.098131
0.21963 0.12617
0.21729 0.15421
0.1986 0.17523
0.17056 0.1986
0.14252 0.22664
0.1215 0.25467
0.1028 0.28271
0.086449 0.31075
0.07243 0.33879
0.056075 0.36215
0.03271 0.38551
0.018692 0.41355
0.011682 0.44159
0.0070093 0.46963
0.0023364 0.49766
0 0.5257
0 0.55374
0 0.55607
# triangles
7 34 68
60 61 64
8 10 34
7 8 34
7 68 93
75 78 79
34 50 51
34 51 68
5 6 7
34 49 50
34 38 49
7 93 94
72 74 75
69 86 87
52 64 68
51 52 68
8 9 10
4 5 7
3 4 7
10 11 34
11 13 34
13 20 23
13 14 20
14 19 20
14 15 19
16 17 19
15 16 19
68 90 91
68 69 90
68 92 93
68 91 92
7 94 101
0 1 101
1 7 101
75 76 78
76 77 78
69 70 86
70 71 86
72 73 74
75 79 80
69 87 88
88 89 90
69 88 90
17 18 19
11 12 13
38 47 49
64 67 68
61 63 64
80 81 82
20 22 23
38 41 42
38 42 43
38 44 45
38 43 44
38 45 46
38 46 47
34 35 38
35 37 38
35 36 37
94 95 96
64 65 67
65 66 67
61 62 63
2 3 7
1 2 7
84 85 86
83 84 86
80 82 83
71 72 83
71 83 86
59 60 64
58 59 64
56 57 64
57 58 64
52 53 64
53 54 64
55 56 64
54 55 64
27 28 29
26 27 29
26 31 32
20 21 22
47 48 49
13 33 34
94 96 97
94 100 101
94 99 100
25 26 32
25 32 33
23 24 25
13 23 25
13 25 33
26 29 30
26 30 31
94 98 99
94 97 98
38 39 40
38 40 41
75 80 83
72 75 83
