# points
0 0.5207
0 0.55338
0.0021786 0.58606
0.0043573 0.61874
0.010893 0.65142
0.017429 0.6841
0.026144 0.71678
0.037037 0.74946
0.054466 0.78214
0.08061 0.81481
0.11329 0.83007
0.14597 0.82353
0.16993 0.84967
0.16993 0.87364
0.13725 0.88453
0.10458 0.89978
0.089325 0.93028
0.11765 0.95643
0.15033 0.96732
0.18301 0.97603
0.21569 0.98257
0.24837 0.98911
0.28105 0.99346
0.31373 0.99564
0.34641 0.99782
0.37908 1
0.41176 1
0.44444 1
0.47712 1
0.5098 0.99782
0.54248 0.99564
0.57516 0.99129
0.60784 0.98693
0.64052 0.98257
0.6732 0.97386
0.69281 0.94553
0.72549 0.95207
0.75381 0.93464
0.7451 0.90196
0.71242 0.88453
0.67974 0.87582
0.66667 0.85621
0.68845 0.82353
0.70588 0.79085
0.71895 0.75817
0.73203 0.72549
0.74074 0.69281
0.74946 0.66013
0.75599 0.62745
0.76035 0.59477
0.76253 0.56209
0.76253 0.52941
0.76253 0.49673
0.75817 0.46405
0.75381 0.43137
0.74946 0.39869
0.74074 0.36601
0.72985 0.33333
0.71895 0.30065
0.7037 0.26797
0.68627 0.23529
0.66449 0.20261
0.63834 0.16993
0.60566 0.13725
0.57298 0.11111
0.54031 0.093682
0.50763 0.078431
0.4793 0.065359
0.5098 0.052288
0.54248 0.045752
0.57298 0.028322
0.54248 0.010893
0.5098 0.0043573
0.47712 0.0021786
0.44444 0
0.41176 0
0.37908 0.0021786
0.34641 0.0043573
0.31373 0.0087146
0.28105 0.019608
0.29194 0.041394
0.32462 0.050109
0.3573 0.056645
0.34858 0.074074
0.3159 0.084967
0.28322 0.1024
0.25054 0.12418
0.21786 0.15468
0.18736 0.18736
0.16558 0.22004
0.13943 0.23747
0.10675 0.23529
0.074074 0.2549
0.050109 0.28758
0.034858 0.32026
0.023965 0.35294
0.015251 0.38562
0.0087146 0.4183
0.0043573 0.45098
0.0021786 0.48366
0 0.51634
0 0.5207
# triangles
56 57 89
69 70 71
5 6 11
0 1 11
0 11 89
11 12 46
12 44 46
36 37 38
12 26 41
54 56 89
53 54 89
67 73 74
0 89 99
89 90 99
90 92 93
90 91 92
8 9 11
9 10 11
4 5 11
1 2 11
2 3 4
2 4 11
51 53 89
11 51 89
11 50 51
51 52 53
12 41 42
44 45 46
54 55 56
65 66 83
66 67 83
63 65 87
57 59 89
0 99 100
90 93 94
90 94 95
90 96 97
90 95 96
90 97 98
90 98 99
6 7 11
7 8 11
11 49 50
11 48 49
11 46 47
11 47 48
12 43 44
12 42 43
32 40 41
67 82 83
76 77 82
77 81 82
77 78 81
78 79 80
78 80 81
65 83 85
65 85 87
85 86 87
68 72 73
67 68 73
87 88 89
63 64 65
62 63 87
61 62 89
62 87 89
57 58 59
60 61 89
59 60 89
15 16 17
14 15 17
30 31 41
31 32 41
35 39 40
35 36 38
35 38 39
26 27 41
27 28 41
29 30 41
28 29 41
12 23 24
67 74 75
67 75 82
75 76 82
83 84 85
13 21 22
12 22 23
12 13 22
13 20 21
13 14 18
14 17 18
12 25 26
12 24 25
13 19 20
13 18 19
33 34 35
32 33 40
33 35 40
68 69 71
68 71 72
