# points
0 0.30827
0 0.33083
0.0025063 0.35338
0.0075188 0.37594
0.012531 0.3985
0.017544 0.42105
0.027569 0.44361
0.045113 0.46617
0.067669 0.4812
0.090226 0.4812
0.11278 0.46617
0.13534 0.46617
0.15789 0.48371
0.18045 0.49875
0.20301 0.51378
0.22556 0.52632
0.24812 0.53885
0.27068 0.55138
0.29323 0.56391
0.31579 0.57393
0.33835 0.58396
0.3609 0.59148
0.38346 0.6015
0.40602 0.61153
0.42857 0.61905
0.45113 0.62406
0.47368 0.62657
0.49624 0.62657
0.5188 0.62657
0.54135 0.62657
0.56391 0.62406
0.58647 0.62155
0.60902 0.61404
0.63158 0.60401
0.65414 0.59148
0.67669 0.58145
0.69925 0.56391
0.7218 0.54887
0.74185 0.52632
0.75689 0.50376
0.76942 0.4812
0.77945 0.45865
0.79198 0.43609
0.81203 0.43609
0.83459 0.4411
0.85464 0.45865
0.87719 0.47118
0.89975 0.47368
0.92231 0.47118
0.94486 0.46366
0.96241 0.44361
0.97995 0.42105
0.98997 0.3985
0.99248 0.37594
0.99749 0.35338
0.99749 0.33083
1 0.30827
1 0.28571
1 0.26316
0.99248 0.2406
0.98997 0.21805
0.97995 0.19549
0.96241 0.17293
0.94486 0.15288
0.92231 0.13784
0.89975 0.13033
0.87719 0.13033
0.85464 0.13534
0.83459 0.15789
0.81203 0.16541
0.78947 0.17043
0.77694 0.15539
0.76692 0.13283
0.75439 0.11028
0.73684 0.087719
0.71679 0.065163
0.69424 0.055138
0.67168 0.0401
0.64912 0.025063
0.62657 0.017544
0.60401 0.010025
0.58145 0.0075188
0.5589 0.0025063
0.53634 0
0.51378 0
0.49123 0
0.46867 0
0.44612 0
0.42356 0.0050125
0.401 0.0075188
0.37845 0.017544
0.35589 0.032581
0.33333 0.0401
0.31078 0.052632
0.28822 0.065163
0.26566 0.077694
0.24311 0.097744
0.22055 0.11529
0.19799 0.13283
0.17544 0.15288
0.15539 0.17293
0.13784 0.19549
0.11779 0.19549
0.095238 0.18797
0.072682 0.18797
0.050125 0.2005
0.032581 0.22306
0.02005 0.24561
0.0050125 0.26817
0 0.29073
0 0.30827
# triangles
41 42 71
44 56 69
43 44 69
44 55 56
44 53 55
44 45 50
1 2 101
48 49 50
56 57 69
57 58 59
59 61 62
59 60 61
85 86 91
41 71 84
25 26 27
0 107 109
107 108 109
42 43 70
43 69 70
42 70 71
53 54 55
44 51 53
44 50 51
27 28 41
28 34 41
34 36 41
34 35 36
45 47 50
47 48 50
45 46 47
91 92 93
86 87 88
86 88 91
88 90 91
88 89 90
19 93 94
19 94 96
2 11 101
23 24 27
24 25 27
16 97 98
15 16 98
15 98 99
102 106 107
0 102 107
0 1 102
1 101 102
71 81 84
62 63 68
59 62 68
57 68 69
57 59 68
51 52 53
36 38 39
36 37 38
94 95 96
18 19 96
2 3 11
6 7 10
5 6 10
3 10 11
15 100 101
15 99 100
14 15 101
82 83 84
81 82 84
74 75 76
72 73 76
73 74 76
71 72 76
71 76 81
63 64 68
64 65 68
66 67 68
65 66 68
28 30 34
36 40 41
36 39 40
17 18 96
16 17 97
17 96 97
21 85 91
21 91 93
19 21 93
19 20 21
4 5 10
3 4 10
103 104 105
103 105 106
102 103 106
79 80 81
77 78 79
77 79 81
76 77 81
30 33 34
28 29 30
22 23 27
22 27 41
22 41 84
22 84 85
21 22 85
11 12 101
30 31 32
30 32 33
13 14 101
12 13 101
7 9 10
7 8 9
