# points
0 0.55607
0 0.58411
0.0023364 0.61215
0.0046729 0.64019
0.0070093 0.66822
0.011682 0.69626
0.018692 0.7243
0.023364 0.75234
0.03271 0.78037
0.044393 0.80841
0.063084 0.83645
0.091121 0.84813
0.11682 0.83178
0.13551 0.8271
0.16121 0.8528
0.18925 0.86215
0.21729 0.85514
0.24533 0.8785
0.27336 0.90187
0.27804 0.92991
0.28037 0.95794
0.29439 0.98598
0.32243 1
0.34112 0.98832
0.33411 0.96028
0.34112 0.94159
0.36916 0.95327
0.3972 0.95794
0.42523 0.96262
0.45327 0.96262
0.48131 0.96028
0.50935 0.95327
0.51168 0.97664
0.5257 0.99766
0.55374 0.98364
0.56542 0.95794
0.57009 0.92991
0.59813 0.91121
0.62617 0.89019
0.65421 0.86215
0.67757 0.83411
0.69626 0.80607
0.71262 0.77804
0.72664 0.75
0.74533 0.73131
0.76869 0.70794
0.78271 0.67991
0.78972 0.65187
0.79439 0.62383
0.79907 0.59579
0.8014 0.56776
0.8014 0.53972
0.8014 0.51168
0.79673 0.48364
0.79206 0.45561
0.78738 0.42757
0.7757 0.39953
0.75935 0.3715
0.73364 0.3528
0.72196 0.32477
0.70794 0.29673
0.68925 0.26869
0.67056 0.24065
0.64486 0.21262
0.61682 0.18692
0.58879 0.16589
0.58411 0.14019
0.5771 0.11215
0.56542 0.084112
0.54673 0.056075
0.51869 0.030374
0.49065 0.014019
0.46262 0.0046729
0.43458 0
0.40654 0
0.3785 0.0070093
0.35047 0.018692
0.32243 0.037383
0.29673 0.065421
0.28037 0.093458
0.27103 0.1215
0.26636 0.14953
0.26636 0.17757
0.24766 0.20327
0.21963 0.23131
0.19159 0.22196
0.16355 0.23131
0.13785 0.25467
0.11916 0.25467
0.093458 0.23598
0.065421 0.24766
0.046729 0.27336
0.035047 0.3014
0.025701 0.32944
0.018692 0.35748
0.011682 0.38551
0.0093458 0.41355
0.0046729 0.44159
0.0023364 0.46963
0 0.49766
0 0.5257
0 0.55374
0 0.55607
# triangles
9 10 12
8 9 12
7 8 13
8 12 13
5 6 13
6 7 13
84 97 98
76 77 78
76 78 80
84 87 97
87 96 97
10 11 12
4 5 13
3 4 13
2 13 16
2 3 13
25 27 31
84 100 101
0 16 101
16 84 101
84 98 99
84 99 100
87 95 96
87 94 95
73 74 75
78 79 80
72 75 76
72 76 80
72 73 75
67 72 80
61 62 63
51 52 53
13 14 16
18 19 25
21 22 24
22 23 24
19 24 25
27 28 29
27 29 31
29 30 31
32 33 34
31 32 34
16 17 42
59 61 84
0 1 16
1 2 16
88 89 90
88 90 91
88 91 92
84 86 87
84 85 86
65 82 83
64 65 83
63 64 83
61 83 84
61 63 83
65 66 82
66 67 82
67 80 81
67 81 82
70 71 72
56 57 58
51 53 58
16 58 84
58 59 84
20 21 24
19 20 24
25 26 27
44 45 46
59 60 61
88 92 93
87 93 94
87 88 93
67 68 72
68 70 72
54 55 56
54 56 58
53 54 58
16 42 43
16 43 58
43 51 58
43 50 51
43 49 50
14 15 16
44 46 47
31 34 35
31 35 36
31 36 37
25 31 37
18 25 37
68 69 70
17 41 42
17 40 41
17 39 40
17 18 39
18 37 39
37 38 39
43 44 48
44 47 48
43 48 49
