# points
0.012121 0.23939
0.0090909 0.26364
0.0090909 0.28788
0.0090909 0.31212
0 0.33636
0.0030303 0.36061
0.0090909 0.38485
0.0090909 0.40909
0.012121 0.43333
0.027273 0.45455
0.051515 0.46061
0.075758 0.46061
0.1 0.46364
0.12424 0.46667
0.14848 0.46667
0.17273 0.46667
0.19697 0.46667
0.22121 0.4697
0.24545 0.4697
0.2697 0.47273
0.29394 0.47273
0.31818 0.4697
0.33636 0.44848
0.33636 0.42424
0.33939 0.4
0.33939 0.37576
0.34242 0.35152
0.36061 0.33636
0.38485 0.33333
0.40909 0.3303
0.43333 0.33333
0.44242 0.31212
0.46061 0.29394
0.48485 0.29394
0.50909 0.29394
0.53333 0.29394
0.55758 0.29697
0.58182 0.29697
0.60606 0.29697
0.6303 0.29697
0.65455 0.29697
0.67879 0.29697
0.70303 0.29697
0.72727 0.29697
0.75152 0.29697
0.77576 0.29697
0.8 0.29697
0.82424 0.29697
0.84848 0.29697
0.87273 0.29697
0.89697 0.29394
0.92121 0.29394
0.94545 0.29697
0.9697 0.29091
0.99394 0.27273
1 0.24848
1 0.22424
0.99697 0.2
0.98485 0.17576
0.96061 0.16667
0.93636 0.16667
0.91212 0.16667
0.88788 0.16667
0.86364 0.16667
0.83939 0.16667
0.81515 0.16667
0.79091 0.16667
0.76667 0.16667
0.74242 0.16667
0.71818 0.16667
0.69394 0.16667
0.6697 0.16364
0.64545 0.16364
0.62121 0.16364
0.59697 0.16364
0.57273 0.16364
0.54848 0.16364
0.52424 0.16364
0.5 0.16364
0.47576 0.16364
0.45455 0.15152
0.43939 0.13333
0.41515 0.1303
0.39091 0.12424
0.36667 0.12121
0.34242 0.10909
0.33636 0.084848
0.3303 0.060606
0.32727 0.036364
0.32424 0.012121
0.30303 0
0.27879 0
0.25455 0
0.2303 0
0.20606 0
0.18182 0
0.15758 0
0.13333 0
0.10909 0
0.084848 0.0030303
0.060606 0.0060606
0.036364 0.0090909
0.015152 0.021212
0.0090909 0.045455
0.0090909 0.069697
0.012121 0.093939
0.0090909 0.11818
0.0090909 0.14242
0.0090909 0.16667
0.0090909 0.19091
0.0090909 0.21515
0.012121 0.23939
0.012121 0.23939
# triangles
53 54 55
8 9 10
7 8 10
3 13 14
0 1 26
0 26 85
57 58 59
7 10 11
6 7 11
3 14 15
15 16 26
3 4 5
3 5 6
19 20 23
20 22 23
20 21 22
85 108 109
101 102 103
97 105 106
97 106 107
88 90 91
87 91 92
87 88 91
87 92 93
85 109 110
0 85 110
26 27 85
88 89 90
6 11 12
3 12 13
3 6 12
2 15 26
2 3 15
1 2 26
85 94 95
85 95 108
97 98 105
98 99 105
99 100 105
100 101 103
100 104 105
100 103 104
28 31 32
28 32 82
41 70 71
49 62 63
48 63 64
48 49 63
37 74 75
43 44 68
39 72 73
36 37 75
96 97 107
96 107 108
95 96 108
86 87 93
86 93 94
85 86 94
27 84 85
27 28 84
80 81 82
32 80 82
17 18 25
16 25 26
16 17 25
18 24 25
18 19 24
19 23 24
29 30 31
28 29 31
56 57 60
57 59 60
50 61 62
49 50 62
43 68 69
46 65 66
44 67 68
41 42 70
42 69 70
42 43 69
46 47 65
47 48 64
47 64 65
44 45 67
45 46 66
45 66 67
39 40 72
40 41 71
40 71 72
37 38 74
38 73 74
38 39 73
34 77 78
28 82 83
28 83 84
32 79 80
36 75 76
52 53 55
51 60 61
50 51 61
51 56 60
51 55 56
51 52 55
35 36 76
34 35 77
35 76 77
32 33 79
33 34 78
33 78 79
