# points
0.0050891 0.25445
0.0050891 0.27481
0.017812 0.29517
0.033079 0.31298
0.050891 0.33079
0.066158 0.35115
0.083969 0.36896
0.10433 0.38422
0.12468 0.40204
0.14504 0.41476
0.16539 0.42748
0.18575 0.43511
0.20611 0.45038
0.22646 0.45293
0.24682 0.45038
0.26718 0.43511
0.28499 0.4173
0.30534 0.40204
0.3257 0.38677
0.34351 0.36641
0.35878 0.34606
0.37659 0.3257
0.39695 0.30789
0.4173 0.29771
0.43766 0.29517
0.45802 0.29517
0.47837 0.28753
0.49873 0.27481
0.51908 0.27226
0.53944 0.27226
0.5598 0.27226
0.58015 0.27226
0.60051 0.27481
0.62087 0.2799
0.64122 0.28244
0.66158 0.28244
0.68193 0.28499
0.70229 0.29008
0.72265 0.29262
0.743 0.29262
0.76336 0.29517
0.78372 0.30025
0.80407 0.3028
0.82443 0.3028
0.84478 0.30789
0.86514 0.31043
0.8855 0.31043
0.90585 0.31552
0.92621 0.31807
0.94656 0.31807
0.96692 0.31298
0.98728 0.30534
1 0.28499
0.99491 0.26463
0.97455 0.24682
0.9542 0.23664
0.93384 0.23155
0.91349 0.23155
0.89313 0.22901
0.87277 0.22901
0.85242 0.22646
0.83206 0.21628
0.81425 0.19847
0.79389 0.19593
0.77354 0.19593
0.75318 0.20611
0.73282 0.20611
0.71247 0.19084
0.69211 0.19084
0.67176 0.1883
0.6514 0.1883
0.63104 0.19338
0.61323 0.2112
0.59288 0.2112
0.57252 0.20865
0.55216 0.20611
0.53181 0.20102
0.51145 0.19593
0.49109 0.18066
0.48601 0.16031
0.46565 0.15267
0.44529 0.14758
0.42494 0.14249
0.40458 0.13486
0.38422 0.11959
0.3715 0.099237
0.35623 0.07888
0.34351 0.058524
0.32316 0.038168
0.3028 0.022901
0.28244 0.010178
0.26209 0.0025445
0.24173 0
0.22137 0
0.20102 0.0025445
0.18066 0.010178
0.16031 0.017812
0.13995 0.02799
0.11959 0.035623
0.10178 0.053435
0.081425 0.071247
0.063613 0.089059
0.043257 0.10687
0.025445 0.12723
0.012723 0.14758
0.0050891 0.16794
0.0025445 0.1883
0 0.20865
0.0025445 0.22901
0.0025445 0.24936
0.0050891 0.25445
# triangles
0 1 2
51 52 53
49 54 55
104 105 106
103 104 106
102 103 106
49 50 54
50 51 53
50 53 54
11 12 13
48 49 55
44 45 59
106 107 108
4 101 108
0 108 109
101 102 108
102 106 108
4 7 20
90 91 92
89 92 93
89 90 92
40 41 63
37 38 66
36 37 66
33 34 72
70 71 72
0 2 3
0 3 108
3 4 108
9 10 11
32 72 73
32 33 72
45 46 59
48 55 56
38 39 66
7 19 20
11 13 15
13 14 15
35 69 70
34 35 72
35 70 72
36 66 68
35 68 69
35 36 68
88 89 95
93 94 95
89 93 95
4 100 101
4 20 100
31 32 73
31 73 74
30 31 74
78 80 81
26 27 78
24 78 81
24 25 26
24 26 78
22 83 84
20 84 100
84 85 100
42 43 61
41 42 61
61 62 63
41 61 63
44 59 60
43 44 60
43 60 61
46 47 57
47 48 57
48 56 57
39 40 65
39 65 66
40 63 65
63 64 65
11 15 16
9 11 16
66 67 68
85 99 100
97 98 99
29 75 76
29 30 75
30 74 75
78 79 80
28 29 76
27 77 78
28 76 77
27 28 77
22 23 83
23 24 81
20 21 84
21 22 84
46 58 59
46 57 58
9 16 17
8 9 17
7 8 17
7 17 19
17 18 19
86 97 99
85 86 99
86 96 97
86 95 96
86 88 95
86 87 88
23 81 82
23 82 83
5 6 7
4 5 7
