# points
0 0.2799
0.0025445 0.3028
0.0050891 0.3257
0.010178 0.3486
0.017812 0.3715
0.02799 0.3944
0.043257 0.4173
0.058524 0.4402
0.081425 0.4631
0.099237 0.48346
0.12214 0.50127
0.14504 0.51399
0.16794 0.52417
0.19084 0.53181
0.21374 0.5369
0.23664 0.53944
0.25954 0.54198
0.28244 0.54198
0.30534 0.54453
0.32824 0.54453
0.35115 0.54707
0.37405 0.54707
0.39695 0.54707
0.41985 0.54198
0.4402 0.52417
0.45038 0.50127
0.45038 0.47837
0.45547 0.45547
0.46819 0.43257
0.48092 0.40967
0.49873 0.38931
0.52163 0.38422
0.54453 0.38422
0.56743 0.38677
0.59033 0.38677
0.61323 0.3715
0.63613 0.36641
0.65903 0.35369
0.68193 0.3486
0.70483 0.35623
0.72774 0.35878
0.75064 0.36387
0.77354 0.37405
0.79644 0.37405
0.81934 0.37913
0.84224 0.37659
0.86514 0.36896
0.88804 0.35878
0.91094 0.36387
0.93384 0.36387
0.95674 0.3486
0.97964 0.33079
1 0.31043
0.98219 0.29008
0.95929 0.26972
0.93639 0.24682
0.91349 0.25191
0.89059 0.257
0.86768 0.24682
0.84478 0.24427
0.82188 0.24682
0.79898 0.23155
0.77608 0.22901
0.75318 0.23155
0.73028 0.23664
0.70738 0.23155
0.68448 0.24427
0.66158 0.23919
0.63868 0.22901
0.61578 0.22137
0.59288 0.2112
0.56997 0.19593
0.54707 0.19338
0.52417 0.19338
0.50127 0.19338
0.48855 0.17303
0.48092 0.15013
0.47583 0.12723
0.47583 0.10433
0.47583 0.081425
0.47583 0.058524
0.46056 0.038168
0.43766 0.02799
0.41476 0.020356
0.39186 0.012723
0.36896 0.0076336
0.34606 0.0050891
0.32316 0.0025445
0.30025 0
0.27735 0
0.25445 0
0.23155 0.0025445
0.20865 0.0050891
0.18575 0.012723
0.16285 0.020356
0.13995 0.030534
0.11705 0.045802
0.094148 0.063613
0.071247 0.083969
0.053435 0.10687
0.038168 0.12977
0.025445 0.15267
0.015267 0.17557
0.0076336 0.19847
0.0025445 0.22137
0.0025445 0.24427
0 0.26718
0 0.2799
# triangles
51 52 53
51 53 54
38 66 67
75 100 105
102 103 105
103 104 105
75 99 100
101 102 105
100 101 105
97 98 99
75 97 99
50 51 54
35 69 70
32 35 70
32 70 72
70 71 72
32 72 73
94 95 96
75 96 97
4 5 6
3 4 6
75 91 93
93 94 96
75 93 96
91 92 93
75 76 91
76 89 91
76 88 89
89 90 91
13 14 15
37 38 67
37 67 68
36 37 68
35 68 69
35 36 68
64 65 66
1 2 3
1 3 6
1 75 105
1 6 75
77 83 84
48 49 50
54 55 56
50 54 56
48 50 56
47 48 57
48 56 57
8 11 12
8 12 13
8 13 15
8 9 10
8 10 11
6 7 8
8 15 29
8 29 75
6 8 75
15 16 17
31 32 73
32 33 35
33 34 35
22 24 25
22 23 24
38 39 66
39 64 66
44 45 60
43 44 60
60 61 62
77 84 85
77 85 86
76 77 87
77 86 87
76 87 88
77 78 83
41 63 64
41 62 63
41 60 62
41 42 43
41 43 60
45 46 60
19 20 27
17 27 28
15 28 29
15 17 28
21 22 26
22 25 26
20 21 26
20 26 27
31 73 74
30 31 74
29 74 75
29 30 74
47 57 58
46 47 58
79 80 81
39 40 64
40 41 64
17 18 27
18 19 27
46 59 60
46 58 59
79 81 82
1 105 106
0 1 106
78 79 82
78 82 83
