# points
0 0.24497
0 0.26846
0.0033557 0.29195
0.0033557 0.31544
0.010067 0.33893
0.016779 0.36242
0.02349 0.38591
0.033557 0.4094
0.053691 0.41946
0.077181 0.4396
0.10067 0.44966
0.12416 0.45973
0.14765 0.4698
0.17114 0.47315
0.19463 0.47987
0.21812 0.48658
0.24161 0.48993
0.2651 0.49329
0.28859 0.48993
0.31208 0.47987
0.33221 0.45973
0.35235 0.4396
0.36577 0.41611
0.38255 0.39262
0.39597 0.36913
0.41611 0.35235
0.4396 0.35235
0.45638 0.33557
0.47987 0.3255
0.50336 0.32215
0.52685 0.31544
0.55034 0.30872
0.57383 0.31544
0.59732 0.32215
0.62081 0.32215
0.6443 0.32215
0.66443 0.30201
0.68792 0.29195
0.71141 0.29195
0.7349 0.30537
0.75839 0.32215
0.78188 0.32215
0.80537 0.30872
0.82886 0.29195
0.85235 0.29195
0.87584 0.29866
0.89933 0.29195
0.92282 0.29195
0.94631 0.28859
0.9698 0.26846
0.98993 0.25168
1 0.22819
0.99329 0.2047
0.9698 0.18456
0.94631 0.17785
0.92282 0.1745
0.89933 0.1745
0.87584 0.1745
0.85235 0.1745
0.82886 0.1745
0.80537 0.1745
0.78188 0.1745
0.75839 0.1745
0.7349 0.1745
0.71141 0.1745
0.68792 0.1745
0.66443 0.1745
0.64094 0.1745
0.61745 0.1745
0.59396 0.1745
0.57047 0.1745
0.54698 0.1745
0.52349 0.1745
0.5 0.1745
0.47651 0.1745
0.45302 0.1745
0.42953 0.1745
0.40604 0.1745
0.38591 0.15772
0.37919 0.13423
0.36913 0.11074
0.36242 0.087248
0.35235 0.063758
0.33557 0.040268
0.31879 0.016779
0.2953 0
0.27181 0
0.24832 0
0.22483 0
0.20134 0.0033557
0.17785 0.010067
0.15436 0.016779
0.13087 0.02349
0.10738 0.030201
0.083893 0.043624
0.060403 0.053691
0.036913 0.067114
0.016779 0.090604
0.010067 0.11409
0.0067114 0.13758
0.0033557 0.16107
0 0.18456
0 0.20805
0 0.23154
0 0.24497
# triangles
50 51 52
50 52 53
6 7 8
0 2 78
0 1 2
96 97 98
49 50 53
13 24 78
2 13 78
80 88 89
5 6 8
25 26 27
80 81 88
80 89 90
95 96 98
81 82 87
81 87 88
47 48 49
32 33 68
2 3 4
78 92 102
15 16 22
18 19 20
20 21 22
16 20 22
33 34 68
25 27 77
24 77 78
24 25 77
80 90 91
79 80 91
78 91 92
78 79 91
82 83 87
39 40 41
44 45 46
47 49 55
32 68 69
11 12 13
2 11 13
0 78 103
78 102 103
14 15 22
13 14 22
13 23 24
13 22 23
27 76 77
28 75 76
27 28 76
92 94 100
100 101 102
92 100 102
92 93 94
83 84 86
83 86 87
84 85 86
49 53 54
49 54 55
44 46 57
34 35 36
34 36 68
36 67 68
31 32 70
32 69 70
8 9 10
4 5 10
5 8 10
2 4 10
2 10 11
94 99 100
95 98 99
94 95 99
39 41 42
39 42 61
42 43 61
38 63 64
43 59 60
43 60 61
44 57 58
46 56 57
36 37 67
37 66 67
30 31 72
39 61 62
38 39 62
38 62 63
37 65 66
31 70 71
31 71 72
29 30 73
30 72 73
28 29 74
29 73 74
28 74 75
16 17 20
17 18 20
43 44 58
43 58 59
47 55 56
46 47 56
37 38 65
38 64 65
