# points
0.014409 0.25648
0.011527 0.28242
0.0028818 0.30836
0 0.33429
0 0.36023
0.0086455 0.38617
0.014409 0.4121
0.040346 0.42651
0.066282 0.42939
0.092219 0.43228
0.11816 0.43516
0.14409 0.43516
0.17003 0.43804
0.19597 0.44092
0.2219 0.4438
0.24784 0.44669
0.27378 0.44957
0.29971 0.44957
0.32565 0.44957
0.35159 0.45245
0.37752 0.45245
0.40058 0.43804
0.40922 0.4121
0.4121 0.38617
0.4121 0.36023
0.41499 0.33429
0.43228 0.31124
0.45821 0.317
0.48415 0.32565
0.51009 0.32565
0.53602 0.30836
0.56196 0.29971
0.5879 0.30259
0.61383 0.30548
0.63977 0.31124
0.66571 0.31124
0.69164 0.31124
0.71758 0.31412
0.74352 0.31412
0.76945 0.31124
0.79539 0.31412
0.82133 0.317
0.84726 0.31412
0.8732 0.31412
0.89914 0.31412
0.92507 0.317
0.95101 0.31988
0.97695 0.30836
0.99424 0.2853
1 0.25937
0.99712 0.23343
0.98847 0.20749
0.96542 0.18732
0.93948 0.18732
0.91354 0.18732
0.88761 0.18156
0.86167 0.17867
0.83573 0.17867
0.8098 0.17579
0.78386 0.17579
0.75793 0.17291
0.73199 0.17291
0.70605 0.17003
0.68012 0.17003
0.65418 0.17003
0.62824 0.16427
0.60231 0.16427
0.57637 0.17003
0.55043 0.17003
0.53602 0.14697
0.51009 0.13545
0.48415 0.13833
0.45821 0.14986
0.43228 0.14986
0.42939 0.12392
0.43228 0.097983
0.43228 0.072046
0.43516 0.04611
0.42075 0.020173
0.39481 0.0057637
0.36888 0
0.34294 0
0.317 0
0.29107 0
0.26513 0
0.23919 0
0.21326 0.0028818
0.18732 0.0057637
0.16138 0.0057637
0.13545 0.0086455
0.10951 0.0086455
0.083573 0.0086455
0.057637 0.0086455
0.0317 0.014409
0.023055 0.040346
0.017291 0.066282
0.011527 0.092219
0.011527 0.11816
0.014409 0.14409
0.014409 0.17003
0.014409 0.19597
0.017291 0.2219
0.014409 0.24784
0.014409 0.25648
# triangles
5 6 7
3 4 5
1 10 11
25 73 101
13 25 101
0 1 11
15 16 25
5 7 8
3 5 8
18 19 23
19 22 23
73 85 86
73 86 101
86 87 101
73 84 85
73 74 84
74 83 84
0 11 12
12 13 101
0 12 101
0 101 102
92 93 94
13 14 25
14 15 25
3 8 9
2 3 9
1 2 9
1 9 10
16 17 25
18 23 24
17 24 25
17 18 24
25 26 73
74 82 83
74 81 82
74 75 81
87 88 99
88 89 98
88 98 99
87 100 101
87 99 100
19 20 22
20 21 22
45 48 49
45 49 50
45 47 48
45 46 47
44 45 54
41 42 57
42 56 57
76 80 81
75 76 81
76 79 80
76 77 78
76 78 79
89 97 98
91 92 94
35 36 63
36 62 63
26 72 73
26 27 72
44 54 55
45 50 53
45 53 54
51 52 53
50 51 53
43 44 55
42 43 56
43 55 56
34 35 64
35 63 64
33 64 65
33 34 64
36 61 62
36 37 61
37 38 61
38 60 61
33 65 66
32 66 67
32 33 66
31 32 67
89 90 97
90 96 97
91 94 95
90 95 96
90 91 95
38 39 60
31 67 68
68 71 72
27 68 72
68 69 70
68 70 71
39 59 60
40 41 57
40 57 58
40 58 59
39 40 59
30 31 68
27 30 68
28 29 30
27 28 30
