# points
0 0.24534
0.0062112 0.26708
0.021739 0.28571
0.043478 0.30124
0.065217 0.31366
0.086957 0.32919
0.1087 0.34472
0.1118 0.36646
0.12733 0.38509
0.13975 0.40683
0.15217 0.42857
0.17391 0.44099
0.19565 0.45963
0.21739 0.46584
0.23913 0.45652
0.25466 0.43478
0.26708 0.41925
0.2795 0.39752
0.30124 0.38509
0.32298 0.37267
0.34472 0.37267
0.36646 0.36957
0.38509 0.35093
0.40683 0.34472
0.42857 0.34161
0.45031 0.32298
0.47205 0.31366
0.49379 0.31366
0.51553 0.31677
0.53727 0.32298
0.55901 0.32298
0.58075 0.32298
0.60248 0.32298
0.62422 0.32609
0.64596 0.32609
0.6677 0.32609
0.68944 0.32919
0.71118 0.32919
0.73292 0.32919
0.75466 0.32919
0.7764 0.3323
0.79814 0.3323
0.81988 0.3323
0.84161 0.3323
0.86335 0.3354
0.88509 0.3354
0.90683 0.3354
0.92857 0.3354
0.95031 0.3354
0.97205 0.3323
0.99379 0.31677
1 0.29503
1 0.27329
1 0.25155
0.98758 0.22981
0.96584 0.21118
0.9441 0.20186
0.92236 0.20186
0.90062 0.20807
0.87888 0.21429
0.85714 0.21118
0.8354 0.21429
0.81366 0.21739
0.79193 0.21118
0.77019 0.19876
0.74845 0.18944
0.72671 0.18323
0.70497 0.17702
0.68323 0.18012
0.66149 0.17702
0.63975 0.17702
0.61801 0.17702
0.59627 0.18012
0.57453 0.17391
0.5528 0.17391
0.53106 0.16149
0.51242 0.14286
0.49379 0.12422
0.47205 0.12112
0.45031 0.11491
0.42857 0.10248
0.40683 0.090062
0.38509 0.083851
0.36335 0.080745
0.34161 0.065217
0.31988 0.043478
0.30435 0.024845
0.28261 0.0062112
0.26087 0
0.23913 0
0.21739 0.0031056
0.19565 0.0062112
0.17702 0.02795
0.16149 0.043478
0.15217 0.065217
0.13043 0.080745
0.12422 0.10248
0.1087 0.12112
0.086957 0.13043
0.065217 0.13975
0.043478 0.14907
0.021739 0.16149
0.0062112 0.18323
0.0031056 0.20497
0.0031056 0.22671
0 0.24534
# triangles
49 50 51
52 53 54
52 54 55
48 49 51
48 51 52
12 13 14
25 79 80
25 26 79
26 78 79
47 52 55
47 48 52
30 31 72
30 72 73
19 20 22
20 21 22
12 14 15
9 16 17
22 80 83
19 22 83
23 24 25
23 25 80
22 23 80
37 38 65
35 36 68
76 77 78
26 76 78
26 75 76
29 30 74
30 73 74
0 1 104
1 2 104
84 85 94
6 19 97
6 18 19
6 17 18
6 8 17
8 9 17
11 15 16
9 11 16
11 12 15
45 46 59
44 45 59
37 65 66
66 67 68
36 37 66
36 66 68
55 56 57
47 55 57
34 69 70
35 68 69
34 35 69
26 27 75
27 74 75
100 103 104
99 100 104
85 92 94
89 90 92
92 93 94
90 91 92
19 83 96
19 96 97
83 84 96
84 94 96
94 95 96
43 44 59
4 98 99
6 7 8
9 10 11
86 87 88
86 88 89
86 89 92
85 86 92
80 82 83
80 81 82
43 60 61
43 59 60
38 64 65
43 61 62
42 43 62
41 42 62
40 62 63
40 41 62
39 40 63
38 39 64
39 63 64
33 70 71
33 34 70
28 29 74
27 28 74
101 102 103
100 101 103
2 3 104
3 99 104
3 4 99
5 6 97
5 97 98
4 5 98
47 57 58
46 47 58
46 58 59
32 71 72
32 33 71
31 32 72
