# points
0.16863 0.38235
0.11961 0.40784
0.064706 0.42745
0.013725 0.45294
0 0.47843
0.052941 0.44902
0.10588 0.43333
0.1549 0.41569
0.20588 0.39412
0.2549 0.37255
0.3 0.33725
0.33529 0.29804
0.36275 0.26275
0.38431 0.22941
0.40196 0.1902
0.42941 0.15098
0.46863 0.1098
0.51176 0.078431
0.56471 0.062745
0.61765 0.060784
0.67255 0.064706
0.72353 0.084314
0.76667 0.11373
0.78627 0.15294
0.7902 0.1902
0.78235 0.22549
0.77255 0.27059
0.73333 0.28235
0.68431 0.27059
0.62941 0.27843
0.58039 0.28039
0.60392 0.31373
0.54902 0.33725
0.50588 0.35686
0.54902 0.36471
0.56275 0.37255
0.58039 0.38039
0.63137 0.37059
0.67451 0.34902
0.69412 0.37843
0.70588 0.41373
0.68431 0.44902
0.66667 0.48431
0.62549 0.52157
0.58824 0.55294
0.54314 0.5451
0.49412 0.52941
0.44706 0.55294
0.40196 0.56078
0.40784 0.58235
0.4098 0.59804
0.37451 0.6098
0.32353 0.6
0.27451 0.58627
0.22157 0.57647
0.17255 0.5549
0.15098 0.56471
0.20392 0.58431
0.23137 0.61569
0.26863 0.65686
0.31961 0.68039
0.37059 0.69412
0.42157 0.70588
0.47647 0.71373
0.52941 0.70588
0.58235 0.68627
0.63529 0.67059
0.6902 0.65882
0.74118 0.6549
0.77451 0.62353
0.81961 0.5902
0.86471 0.55882
0.89608 0.52157
0.91961 0.48039
0.92745 0.43529
0.93333 0.39216
0.94118 0.35686
0.93922 0.31569
0.97451 0.27843
0.9902 0.24902
0.97059 0.20588
1 0.19804
0.9549 0.17059
0.9 0.16863
0.88039 0.12745
0.85098 0.090196
0.80784 0.054902
0.76078 0.027451
0.70784 0.0098039
0.6549 0
0.6 0.0019608
0.5451 0.013725
0.49216 0.029412
0.43922 0.058824
0.39216 0.090196
0.35882 0.13529
0.33333 0.18039
0.31176 0.22353
0.29216 0.26471
0.26471 0.3
0.23333 0.34118
0.1902 0.37059
0.16863 0.38235
# triangles
53 58 59
51 60 61
51 61 62
41 70 71
40 71 72
40 41 71
40 72 73
16 93 94
15 16 94
80 81 82
78 79 80
53 54 58
41 42 70
2 5 6
3 4 5
2 3 5
21 87 88
54 57 58
55 56 57
54 55 57
1 6 7
1 2 6
0 7 8
0 8 101
0 1 7
15 94 95
14 15 95
12 13 97
10 11 99
51 52 60
52 53 59
52 59 60
44 65 66
44 66 67
43 44 67
40 73 74
42 69 70
67 68 69
43 67 69
42 43 69
20 88 89
20 21 88
13 14 96
13 96 97
14 95 96
8 9 100
8 100 101
9 10 100
10 99 100
11 98 99
11 12 98
12 97 98
50 51 62
50 62 63
50 63 64
47 50 64
45 64 65
44 45 65
45 46 47
45 47 64
32 33 34
26 75 76
40 74 75
26 40 75
26 76 77
18 90 91
47 48 49
47 49 50
32 34 35
26 39 40
78 80 83
77 78 83
80 82 83
23 84 85
17 91 92
17 18 91
16 17 93
17 92 93
18 19 90
19 89 90
19 20 89
26 27 39
27 38 39
27 28 38
21 22 87
22 86 87
22 85 86
22 23 85
31 37 38
31 36 37
31 32 35
31 35 36
25 26 77
25 77 83
28 29 38
29 31 38
29 30 31
24 25 83
24 83 84
23 24 84
