# points
0.16986 0.53425
0.12055 0.56986
0.063014 0.6
0.013699 0.63562
0 0.66849
0.054795 0.6274
0.10959 0.60548
0.1589 0.57808
0.21096 0.54521
0.25753 0.51507
0.30411 0.46849
0.33425 0.41644
0.36164 0.36986
0.38082 0.32329
0.39726 0.27123
0.42466 0.21918
0.46027 0.16438
0.50411 0.11507
0.5589 0.090411
0.6137 0.082192
0.67123 0.090411
0.72329 0.11781
0.76438 0.1589
0.78356 0.20822
0.7863 0.26301
0.78356 0.31507
0.77534 0.36712
0.73699 0.40548
0.69863 0.37534
0.6411 0.3863
0.5863 0.3863
0.60822 0.4274
0.5589 0.46575
0.51507 0.49863
0.53973 0.51233
0.56438 0.50959
0.56986 0.53425
0.62466 0.52329
0.66849 0.49589
0.68767 0.51233
0.71233 0.56164
0.69315 0.61096
0.66849 0.66027
0.6411 0.71233
0.60274 0.75616
0.55616 0.78082
0.51507 0.74247
0.45753 0.7589
0.4137 0.78356
0.41644 0.8137
0.4 0.82466
0.3863 0.84932
0.33699 0.8411
0.28493 0.8274
0.23288 0.81644
0.18356 0.77808
0.14521 0.7863
0.2 0.81644
0.23014 0.86027
0.26575 0.91233
0.31507 0.94795
0.36986 0.96712
0.41918 0.98356
0.47671 0.99726
0.53151 0.98356
0.5863 0.95616
0.6411 0.93425
0.69863 0.92329
0.75068 0.91233
0.77808 0.86301
0.82466 0.81918
0.86575 0.77534
0.89315 0.72329
0.91507 0.66849
0.92603 0.61096
0.93151 0.55342
0.93699 0.50137
0.93425 0.44658
0.96712 0.39452
0.99452 0.35616
0.9726 0.30137
1 0.28767
0.96438 0.24384
0.90959 0.23288
0.88767 0.19452
0.86301 0.14521
0.82192 0.093151
0.77808 0.052055
0.72603 0.021918
0.67123 0.0054795
0.6137 0
0.55616 0.016438
0.50137 0.035616
0.44658 0.073973
0.4 0.12055
0.36712 0.17534
0.34247 0.23014
0.31781 0.28493
0.30137 0.33973
0.27945 0.39178
0.25205 0.44384
0.21644 0.49315
0.16986 0.53425
0.16986 0.53425
# triangles
53 58 59
53 54 58
51 60 61
51 61 62
51 62 63
45 46 47
42 70 71
17 92 93
8 9 101
16 17 93
14 15 96
14 96 97
13 14 97
19 89 90
24 83 84
21 87 88
21 86 87
80 81 82
80 82 83
54 57 58
51 52 60
52 53 59
52 59 60
31 37 38
40 41 73
44 67 69
67 68 69
44 66 67
44 45 66
45 65 66
49 51 63
45 47 49
47 48 49
43 44 69
42 43 70
43 69 70
16 93 94
17 18 92
19 20 89
20 88 89
20 21 88
24 25 83
25 80 83
29 30 31
29 31 38
21 22 86
41 72 73
42 71 72
41 42 72
55 56 57
54 55 57
31 32 37
32 33 34
26 27 77
40 74 75
40 73 74
45 64 65
45 49 64
49 63 64
49 50 51
0 8 101
0 7 8
13 97 98
11 98 99
10 11 99
2 3 5
2 5 6
3 4 5
15 16 95
16 94 95
15 95 96
18 91 92
19 90 91
18 19 91
23 24 84
28 29 38
27 28 38
22 85 86
23 84 85
22 23 85
25 26 78
26 77 78
25 78 80
35 36 37
32 35 37
32 34 35
27 38 39
27 39 40
27 76 77
40 75 76
27 40 76
10 99 100
9 100 101
9 10 100
1 2 6
1 6 7
0 1 7
12 13 98
11 12 98
78 79 80
