# points
0.033203 0.29883
0 0.33594
0.013672 0.35938
0.041016 0.37695
0.070312 0.41797
0.12305 0.42188
0.16797 0.44141
0.21289 0.47461
0.25781 0.50586
0.30273 0.53516
0.35156 0.55469
0.4043 0.57227
0.45703 0.58008
0.50977 0.58008
0.5625 0.58984
0.61523 0.59375
0.66211 0.56836
0.71484 0.55273
0.76758 0.54297
0.82031 0.53125
0.87109 0.50781
0.91016 0.46875
0.94727 0.42773
0.9668 0.38086
0.96094 0.33008
0.95898 0.28516
0.9707 0.24609
0.93945 0.27344
0.91406 0.31641
0.875 0.35742
0.8418 0.39453
0.80469 0.40234
0.79297 0.38281
0.77344 0.36719
0.73242 0.38086
0.68164 0.38477
0.66016 0.42969
0.62109 0.44531
0.56836 0.43945
0.51562 0.42969
0.46484 0.41016
0.41211 0.39062
0.38867 0.35156
0.39453 0.33203
0.44727 0.32617
0.49414 0.30664
0.47461 0.28906
0.48828 0.2832
0.51953 0.25781
0.47266 0.26367
0.41992 0.26953
0.39258 0.25
0.36133 0.25
0.30859 0.27148
0.27734 0.30664
0.23828 0.31445
0.18945 0.28711
0.14648 0.25586
0.11328 0.21484
0.10352 0.16797
0.12305 0.11914
0.16797 0.082031
0.21875 0.058594
0.27148 0.048828
0.32422 0.052734
0.37695 0.064453
0.42773 0.080078
0.47852 0.097656
0.53125 0.11914
0.58398 0.13086
0.63672 0.14453
0.6875 0.15234
0.74023 0.15234
0.78906 0.14844
0.8418 0.14258
0.89453 0.13281
0.94727 0.12109
1 0.11914
0.99609 0.10742
0.94336 0.10938
0.89062 0.11523
0.83789 0.12305
0.78516 0.125
0.73242 0.12305
0.67969 0.11328
0.62695 0.099609
0.57422 0.082031
0.52734 0.058594
0.47656 0.039062
0.42383 0.019531
0.37109 0.0058594
0.31836 0
0.26562 0
0.21289 0.0058594
0.16016 0.021484
0.10938 0.039062
0.0625 0.074219
0.03125 0.11719
0.017578 0.16602
0.017578 0.21484
0.029297 0.26367
0.033203 0.29883
0.033203 0.29883
# triangles
60 96 97
60 95 96
8 9 41
8 41 42
9 10 41
66 67 88
59 60 97
58 59 99
63 92 93
62 63 93
63 91 92
60 61 95
10 11 41
11 40 41
11 12 40
66 88 89
15 16 37
34 35 36
16 17 36
16 36 37
14 15 37
14 37 38
69 70 85
69 85 86
68 69 86
67 87 88
67 68 87
68 86 87
21 22 30
20 21 30
22 29 30
17 18 36
18 34 36
0 1 2
59 97 98
59 98 99
8 42 54
7 8 54
65 66 89
61 94 95
62 93 94
61 62 94
47 48 49
13 14 38
22 23 29
31 32 34
18 31 34
18 19 31
20 30 31
19 20 31
74 80 81
70 84 85
32 33 34
72 82 83
70 71 84
71 72 83
71 83 84
58 99 100
57 58 100
0 57 100
5 6 56
5 56 57
6 7 55
7 54 55
6 55 56
42 53 54
42 43 53
63 64 91
65 89 90
64 90 91
64 65 90
46 47 49
44 45 46
23 28 29
25 27 28
76 77 78
76 78 79
74 75 80
75 79 80
75 76 79
0 3 57
3 5 57
3 4 5
0 2 3
13 38 39
12 39 40
12 13 39
72 73 82
73 74 81
73 81 82
23 24 28
24 25 28
25 26 27
43 52 53
43 51 52
46 49 50
44 46 50
43 44 50
43 50 51
