# points
0 0.38838
0.0030581 0.43731
0.018349 0.48624
0.051988 0.53517
0.10092 0.56881
0.10398 0.59939
0.10092 0.6422
0.14985 0.64832
0.16208 0.66055
0.19878 0.64526
0.24771 0.66972
0.28135 0.64526
0.32722 0.65138
0.37615 0.66055
0.42508 0.66667
0.47401 0.66972
0.52294 0.66667
0.57187 0.66055
0.6208 0.65138
0.66972 0.63609
0.71865 0.61774
0.68807 0.64832
0.63914 0.66055
0.63914 0.70642
0.68196 0.74312
0.73089 0.77064
0.77982 0.77676
0.82875 0.75535
0.86239 0.7156
0.88073 0.66667
0.88991 0.61774
0.88991 0.56881
0.88991 0.51988
0.87768 0.47095
0.88991 0.42202
0.91437 0.37309
0.95107 0.32416
0.98777 0.29969
1 0.25994
0.98165 0.24465
0.95719 0.23242
0.9419 0.25382
0.91743 0.23853
0.89602 0.27217
0.87156 0.27829
0.89602 0.30887
0.8685 0.3578
0.82263 0.40061
0.7737 0.39755
0.72477 0.39755
0.67584 0.40061
0.62691 0.40979
0.5841 0.40061
0.61468 0.37615
0.62997 0.33028
0.60856 0.33028
0.59021 0.31498
0.56881 0.31804
0.55046 0.3211
0.52294 0.30887
0.5107 0.34251
0.48624 0.35168
0.5107 0.3945
0.48624 0.4159
0.43731 0.4159
0.46789 0.3792
0.44954 0.36697
0.44037 0.36086
0.44343 0.32722
0.40979 0.36086
0.3792 0.36086
0.36697 0.34557
0.32722 0.38532
0.29358 0.43119
0.24465 0.45872
0.19572 0.46483
0.14679 0.44954
0.10703 0.41284
0.085627 0.36391
0.097859 0.31498
0.13761 0.27217
0.18043 0.24159
0.22936 0.21407
0.27523 0.19266
0.3211 0.17125
0.37003 0.14985
0.41896 0.12538
0.46483 0.097859
0.50153 0.051988
0.4893 0.0030581
0.44037 0
0.39755 0.027523
0.44343 0.015291
0.48624 0.036697
0.44648 0.079511
0.39755 0.10703
0.34862 0.12232
0.29969 0.13761
0.25076 0.14985
0.20183 0.1682
0.15291 0.18654
0.10398 0.21407
0.058104 0.25076
0.024465 0.29969
0.0061162 0.34862
0 0.38838
# triangles
0 1 77
13 14 64
20 26 27
20 33 48
39 40 41
4 5 9
78 103 104
0 78 104
0 77 78
3 4 76
3 76 77
9 10 11
9 11 74
11 12 74
16 17 63
15 16 63
14 15 64
15 63 64
20 50 51
20 48 49
20 49 50
41 42 43
83 97 98
85 86 95
85 95 96
90 91 92
89 90 92
64 70 72
7 8 9
5 7 9
5 6 7
1 2 77
2 3 77
4 75 76
9 74 75
4 9 75
17 52 63
52 62 63
19 20 51
67 68 69
64 69 70
64 67 69
20 29 30
20 30 31
33 47 48
70 71 72
83 84 97
84 85 96
84 96 97
86 87 94
86 94 95
87 88 94
78 79 103
82 83 98
82 98 99
64 72 73
12 73 74
13 64 73
12 13 73
18 19 51
18 51 52
17 18 52
64 66 67
64 65 66
58 59 60
52 60 62
52 58 60
20 27 28
20 28 29
20 32 33
20 31 32
33 34 47
34 46 47
43 44 45
41 43 45
36 41 45
36 37 41
37 38 39
37 39 41
88 93 94
88 89 93
89 92 93
79 102 103
80 101 102
79 80 102
81 100 101
80 81 101
81 99 100
81 82 99
53 54 55
55 56 57
52 57 58
52 53 57
53 55 57
60 61 62
34 35 46
35 45 46
35 36 45
20 25 26
21 23 24
21 22 23
20 21 25
21 24 25
