# points
0.27778 0.48611
0.25463 0.50926
0.23148 0.53241
0.21759 0.55093
0.19907 0.57407
0.18056 0.59722
0.1713 0.62037
0.16204 0.64352
0.15278 0.66667
0.13426 0.68981
0.11574 0.70833
0.097222 0.72685
0.078704 0.75
0.069444 0.77315
0.055556 0.7963
0.037037 0.81944
0.027778 0.84259
0.018519 0.86574
0.0092593 0.88889
0 0.91204
0 0.93519
0 0.95833
0.013889 0.98148
0.037037 0.98148
0.060185 0.98148
0.083333 0.97685
0.10648 0.96759
0.12963 0.95833
0.15278 0.94444
0.1713 0.92593
0.18981 0.90741
0.21296 0.89352
0.23611 0.87037
0.25926 0.84722
0.28241 0.82407
0.30093 0.80093
0.31944 0.78241
0.33796 0.76852
0.36111 0.76389
0.38426 0.75463
0.40741 0.75463
0.43056 0.74074
0.4537 0.73148
0.47685 0.71296
0.49074 0.68981
0.50463 0.66667
0.50926 0.64352
0.49537 0.625
0.47222 0.61574
0.49074 0.60648
0.51389 0.59722
0.53704 0.58796
0.56019 0.5787
0.58333 0.56944
0.60648 0.55093
0.625 0.53241
0.64352 0.50926
0.65741 0.48611
0.67593 0.46759
0.69444 0.44444
0.70833 0.4213
0.72685 0.39815
0.74537 0.375
0.75926 0.35648
0.77315 0.33333
0.78704 0.31019
0.80556 0.28704
0.81019 0.26389
0.80093 0.25463
0.82407 0.24074
0.84722 0.22685
0.87037 0.20833
0.89352 0.19444
0.91667 0.17593
0.93519 0.16204
0.95833 0.14352
0.98148 0.125
1 0.10185
0.99537 0.078704
0.98611 0.055556
0.96759 0.032407
0.94444 0.013889
0.9213 0.0046296
0.89815 0
0.875 0.013889
0.85185 0.032407
0.8287 0.050926
0.80556 0.069444
0.78241 0.092593
0.75926 0.11574
0.74074 0.13426
0.71759 0.15741
0.69444 0.18056
0.6713 0.18981
0.68056 0.16667
0.68056 0.14815
0.65741 0.15741
0.63426 0.1713
0.61111 0.18056
0.58796 0.19444
0.56481 0.20833
0.54167 0.22222
0.51852 0.24537
0.49537 0.26389
0.47222 0.27315
0.44907 0.28704
0.43056 0.30556
0.41204 0.3287
0.40278 0.35185
0.38889 0.375
0.375 0.39815
0.37037 0.4213
0.35185 0.43981
0.33333 0.45833
0.31481 0.48148
0.30093 0.50463
0.28704 0.52778
0.26389 0.53241
0.27778 0.50926
0.28241 0.48611
0.27778 0.48611
# triangles
76 77 78
76 78 79
19 20 24
75 79 80
75 76 79
21 22 23
20 21 23
20 23 24
75 80 85
60 102 103
16 17 27
50 51 111
0 118 119
0 1 118
65 68 92
65 92 93
64 65 93
65 66 68
93 94 96
94 95 96
17 26 27
18 19 24
18 24 25
17 18 26
18 25 26
72 73 87
82 83 84
81 82 84
73 86 87
74 75 85
73 74 86
74 85 86
52 53 54
51 52 111
55 56 108
63 64 93
61 93 100
60 61 102
61 100 102
56 57 108
57 103 108
15 16 29
68 91 92
68 90 91
71 72 88
72 87 88
93 98 99
93 99 100
100 101 102
93 97 98
93 96 97
52 109 111
109 110 111
52 54 109
54 55 109
55 108 109
48 115 116
48 114 115
44 45 48
48 113 114
43 44 48
48 112 113
14 15 29
11 12 13
1 2 117
1 117 118
62 63 93
61 62 93
103 106 108
103 104 106
104 105 106
106 107 108
57 58 103
4 5 6
16 27 28
16 28 29
66 67 68
70 71 89
71 88 89
45 46 47
45 47 48
14 29 30
13 30 31
13 14 30
13 31 32
11 13 32
2 3 117
3 4 117
4 37 117
4 6 37
37 38 116
37 116 117
59 60 103
58 59 103
8 9 35
9 34 35
9 10 33
9 33 34
42 43 48
38 39 116
39 48 116
68 69 90
69 89 90
69 70 89
49 50 111
49 111 112
48 49 112
8 35 36
6 7 37
7 8 36
7 36 37
39 40 41
41 42 48
39 41 48
80 84 85
80 81 84
10 32 33
10 11 32
