# points
0.22187 0.51562
0.25312 0.50938
0.28437 0.5
0.30625 0.475
0.325 0.44375
0.35625 0.47187
0.34687 0.50313
0.3375 0.53438
0.33125 0.56563
0.33125 0.59688
0.34063 0.62813
0.3625 0.65312
0.39375 0.675
0.425 0.69063
0.45625 0.70937
0.48438 0.73125
0.51562 0.75
0.54375 0.76875
0.575 0.78438
0.60625 0.79688
0.60938 0.76875
0.59375 0.7375
0.57812 0.70625
0.5625 0.675
0.5875 0.68125
0.61562 0.70937
0.64375 0.73125
0.67188 0.75938
0.7 0.79063
0.725 0.82188
0.74062 0.85
0.76562 0.88125
0.78438 0.9125
0.8 0.94375
0.81563 0.975
0.84375 0.99375
0.875 1
0.90625 0.98438
0.93437 0.9625
0.95312 0.93125
0.95 0.9
0.93125 0.86875
0.90625 0.84062
0.875 0.81563
0.84375 0.79375
0.8125 0.76875
0.78125 0.7375
0.75313 0.71562
0.73125 0.6875
0.70312 0.65938
0.68125 0.62813
0.65625 0.6
0.6625 0.58437
0.69375 0.59688
0.725 0.60938
0.74375 0.59688
0.725 0.56563
0.70312 0.53438
0.675 0.50625
0.65312 0.47813
0.62187 0.44688
0.59375 0.41875
0.5625 0.39687
0.53125 0.39062
0.5 0.39062
0.47187 0.36875
0.45312 0.3375
0.425 0.30625
0.43438 0.30312
0.4625 0.32812
0.49375 0.34063
0.50313 0.325
0.475 0.29688
0.45 0.26875
0.425 0.2375
0.39687 0.20625
0.36875 0.175
0.3375 0.1625
0.30625 0.16562
0.275 0.15937
0.25 0.12812
0.22187 0.1
0.19375 0.071875
0.16562 0.05
0.13437 0.03125
0.10625 0.015625
0.075 0.003125
0.04375 0
0.0125 0.0125
0 0.04375
0.0125 0.075
0.028125 0.10625
0.034375 0.1375
0.059375 0.15937
0.08125 0.18125
0.10312 0.2125
0.13125 0.24063
0.15313 0.26875
0.18438 0.3
0.20625 0.33125
0.18125 0.3625
0.16562 0.39375
0.15625 0.425
0.15 0.45625
0.16562 0.4875
0.19687 0.50625
0.22187 0.51562
# triangles
87 88 89
37 38 41
35 36 37
38 39 40
38 40 41
33 37 41
33 34 35
33 35 37
0 1 105
8 9 11
9 10 11
4 66 67
1 2 3
5 6 64
23 60 64
6 23 64
67 74 75
53 56 57
52 53 57
31 32 43
6 13 23
6 7 13
67 73 74
5 64 65
4 5 65
4 65 66
4 67 99
67 75 99
15 16 23
53 54 56
54 55 56
31 43 44
30 44 45
30 31 44
32 42 43
32 33 42
33 41 42
52 57 58
23 51 60
51 52 60
18 19 20
29 30 45
81 94 95
91 92 93
14 15 23
13 14 23
7 12 13
8 11 12
7 8 12
67 68 73
69 70 71
60 61 64
75 76 78
75 78 99
3 4 101
1 3 101
85 86 90
85 90 91
87 89 90
86 87 90
16 22 23
27 28 47
52 59 60
52 58 59
83 93 94
68 69 72
68 72 73
69 71 72
61 63 64
61 62 63
76 77 78
4 99 100
4 100 101
1 102 105
1 101 102
102 104 105
102 103 104
23 24 51
24 25 50
24 50 51
16 17 22
18 20 21
17 18 21
17 21 22
29 45 46
28 29 46
28 46 47
27 47 48
26 27 48
84 85 91
84 91 93
83 84 93
81 82 94
82 83 94
81 95 96
79 96 97
80 81 96
79 80 96
26 48 49
25 49 50
25 26 49
79 97 98
78 98 99
78 79 98
