# points
0.19355 0.5
0.21505 0.52688
0.24194 0.54301
0.26882 0.55376
0.2957 0.55376
0.32258 0.55376
0.34946 0.53226
0.37097 0.54839
0.37634 0.57527
0.38172 0.60215
0.39247 0.62903
0.41935 0.65591
0.44086 0.6828
0.46237 0.7043
0.48925 0.72581
0.51613 0.74731
0.53763 0.76344
0.56452 0.77957
0.5914 0.79032
0.61828 0.80645
0.64516 0.81183
0.66667 0.80108
0.6828 0.77419
0.7043 0.78495
0.72043 0.81183
0.73656 0.83871
0.75806 0.85484
0.77957 0.87634
0.80108 0.90323
0.82796 0.91935
0.85484 0.93011
0.88172 0.93548
0.9086 0.94086
0.93548 0.93548
0.96237 0.91935
0.98925 0.89785
1 0.87097
1 0.84409
0.99462 0.8172
0.98925 0.79032
0.97312 0.76344
0.95161 0.73656
0.92473 0.70968
0.89785 0.68817
0.87097 0.67742
0.84409 0.66667
0.8172 0.65591
0.79032 0.64516
0.76344 0.62366
0.73656 0.60753
0.72581 0.58065
0.75269 0.5914
0.77957 0.59677
0.79032 0.56989
0.76882 0.54301
0.74731 0.51613
0.72581 0.48925
0.69892 0.46237
0.67204 0.44624
0.65054 0.43011
0.62366 0.4086
0.59677 0.39785
0.56989 0.39247
0.54301 0.3871
0.52151 0.37097
0.49462 0.34946
0.46774 0.32258
0.44086 0.2957
0.41935 0.26882
0.43011 0.25806
0.45699 0.26882
0.44086 0.24194
0.41398 0.21505
0.39247 0.18817
0.37097 0.16667
0.34409 0.16667
0.3172 0.16129
0.29032 0.14516
0.26344 0.12366
0.23656 0.096774
0.20968 0.075269
0.1828 0.05914
0.15591 0.037634
0.12903 0.021505
0.10215 0.010753
0.075269 0
0.048387 0
0.021505 0.010753
0 0.032258
0.0053763 0.05914
0.0053763 0.086022
0.0053763 0.1129
0.010753 0.13978
0.032258 0.16667
0.043011 0.19355
0.05914 0.22043
0.080645 0.24731
0.10215 0.27419
0.12366 0.30108
0.14516 0.32796
0.17204 0.35484
0.18817 0.38172
0.17204 0.4086
0.17204 0.43548
0.17742 0.46237
0.18817 0.48925
0.19355 0.5
# triangles
34 37 38
34 35 36
34 36 37
50 56 57
87 88 89
86 87 89
85 86 89
91 92 93
83 91 93
68 100 101
101 104 105
6 101 105
83 90 91
77 98 99
80 95 96
68 72 73
68 76 100
76 77 99
76 99 100
6 65 66
6 7 65
69 70 71
69 71 72
68 69 72
6 66 67
6 67 101
67 68 101
0 1 2
2 6 105
0 2 105
14 15 50
13 14 50
11 59 62
50 57 58
50 58 59
18 19 22
19 21 22
22 23 47
15 49 50
15 16 49
24 26 45
84 85 89
84 89 90
83 84 90
79 80 96
81 94 95
80 81 95
81 93 94
101 103 104
101 102 103
68 73 75
68 75 76
73 74 75
27 41 42
26 27 42
27 29 41
30 31 38
31 34 38
31 32 33
31 33 34
12 13 50
12 50 59
11 12 59
8 11 62
8 9 11
7 8 63
8 62 63
7 63 64
7 64 65
17 18 22
16 17 49
17 22 49
19 20 21
22 47 48
22 48 49
26 44 45
42 43 44
26 42 44
23 46 47
23 24 46
24 45 46
77 78 98
78 97 98
78 96 97
78 79 96
82 83 93
81 82 93
50 55 56
50 54 55
29 40 41
29 30 40
38 39 40
30 38 40
27 28 29
9 10 11
59 61 62
59 60 61
24 25 26
50 51 54
51 53 54
2 4 6
4 5 6
51 52 53
2 3 4
