# points
0.23786 0.32524
0.25728 0.33981
0.2767 0.33981
0.29612 0.33981
0.31553 0.33495
0.33495 0.3301
0.35437 0.32524
0.37379 0.3301
0.3932 0.33981
0.41262 0.34951
0.42718 0.36893
0.44175 0.38835
0.46117 0.40777
0.47573 0.42233
0.49515 0.43204
0.51456 0.4466
0.53398 0.45631
0.5534 0.46602
0.57282 0.47573
0.59223 0.48544
0.61165 0.49029
0.63107 0.5
0.65049 0.50485
0.6699 0.51456
0.68932 0.51942
0.70874 0.52913
0.72816 0.52913
0.72816 0.50971
0.71359 0.49029
0.72816 0.48544
0.74757 0.49515
0.76699 0.51456
0.78641 0.52427
0.80583 0.53398
0.82524 0.54854
0.84466 0.55825
0.86408 0.56796
0.8835 0.57767
0.90291 0.58252
0.92233 0.58738
0.94175 0.59223
0.96117 0.59223
0.98058 0.58738
0.99515 0.57282
1 0.5534
1 0.53398
0.99029 0.51456
0.97573 0.49515
0.95631 0.48058
0.93689 0.47087
0.91748 0.45631
0.89806 0.4466
0.87864 0.43689
0.85922 0.43204
0.83981 0.42718
0.82039 0.41748
0.80097 0.41262
0.78155 0.40291
0.76214 0.3932
0.74272 0.3835
0.7233 0.37379
0.70388 0.35922
0.7233 0.34951
0.74272 0.34466
0.74272 0.32524
0.7233 0.31068
0.70388 0.30097
0.68447 0.29126
0.66505 0.28641
0.64563 0.27184
0.62621 0.26699
0.6068 0.26214
0.58738 0.25243
0.56796 0.25243
0.54854 0.25243
0.52913 0.25243
0.50971 0.24272
0.49029 0.22816
0.47087 0.21845
0.45146 0.20874
0.43204 0.19417
0.41262 0.17961
0.42718 0.16505
0.40777 0.14563
0.38835 0.13107
0.36893 0.12136
0.34951 0.11165
0.3301 0.1068
0.31068 0.1068
0.29126 0.097087
0.27184 0.097087
0.25243 0.092233
0.23301 0.087379
0.21359 0.072816
0.19417 0.063107
0.17476 0.053398
0.15534 0.038835
0.13592 0.033981
0.1165 0.024272
0.097087 0.019417
0.07767 0.014563
0.058252 0.0097087
0.038835 0.0048544
0.019417 0
0 0.0048544
0 0.024272
0.014563 0.043689
0.024272 0.063107
0.043689 0.082524
0.058252 0.10194
0.07767 0.12136
0.097087 0.14078
0.1165 0.15534
0.13592 0.17476
0.15534 0.18932
0.17476 0.20874
0.18932 0.2233
0.20388 0.23786
0.21845 0.25728
0.2233 0.2767
0.22816 0.29612
0.23301 0.31553
0.23786 0.32524
# triangles
103 104 105
41 44 46
40 41 46
44 45 46
6 7 80
0 1 2
9 76 77
103 105 106
88 117 118
0 2 121
61 66 67
18 19 61
22 28 61
17 18 61
21 22 61
24 25 28
85 86 88
81 83 84
81 82 83
81 84 85
6 80 81
81 88 118
81 85 88
9 77 78
8 9 78
16 17 71
14 74 75
10 11 75
9 10 76
10 75 76
12 14 75
11 12 75
102 103 106
95 111 112
88 90 117
91 92 115
91 115 116
90 116 117
90 91 116
5 6 81
5 81 118
5 118 119
4 5 119
17 70 71
17 61 70
19 20 61
20 21 61
22 23 28
23 24 28
39 40 46
39 46 47
39 47 48
38 39 48
7 79 80
7 8 79
8 78 79
14 15 71
15 16 71
71 72 73
14 71 73
14 73 74
12 13 14
97 110 111
95 97 111
97 109 110
94 112 113
94 95 112
88 89 90
92 114 115
4 119 120
2 120 121
68 69 70
61 68 70
61 67 68
38 48 49
35 50 51
32 33 54
99 108 109
93 94 113
93 113 114
92 93 114
86 87 88
2 3 120
3 4 120
28 60 61
28 29 60
35 36 50
36 49 50
30 31 56
29 30 57
29 57 58
30 56 57
34 51 52
34 35 51
25 27 28
25 26 27
97 98 109
98 99 109
99 100 108
95 96 97
62 64 65
62 63 64
29 58 59
29 59 60
33 53 54
33 34 53
34 52 53
32 54 55
31 32 55
31 55 56
37 38 49
36 37 49
101 106 107
101 102 106
41 42 43
41 43 44
61 62 66
62 65 66
101 107 108
100 101 108
