# points
0.25175 0.14685
0.25874 0.16783
0.26573 0.18881
0.28322 0.20979
0.3042 0.21678
0.32517 0.21678
0.34615 0.2028
0.36014 0.18182
0.37063 0.16434
0.38811 0.17133
0.4021 0.19231
0.41958 0.20979
0.44056 0.22727
0.46154 0.23427
0.48252 0.24476
0.5035 0.24825
0.52448 0.25175
0.54545 0.25524
0.56643 0.25874
0.58741 0.26224
0.60839 0.26573
0.62937 0.26923
0.65035 0.26923
0.67133 0.26923
0.69231 0.25874
0.70979 0.24825
0.69231 0.23427
0.67133 0.22028
0.65385 0.2028
0.67483 0.2028
0.6958 0.20629
0.71678 0.22028
0.73776 0.23077
0.75874 0.24476
0.77972 0.25524
0.8007 0.26573
0.82168 0.26923
0.84266 0.27622
0.86364 0.27972
0.88462 0.27972
0.90559 0.28322
0.92657 0.27972
0.94755 0.27622
0.96853 0.26573
0.98951 0.25874
1 0.24126
0.9965 0.22028
0.97902 0.1993
0.95804 0.18881
0.93706 0.17832
0.91608 0.16783
0.8951 0.16084
0.87413 0.15734
0.85315 0.15385
0.83217 0.15035
0.81119 0.14685
0.79021 0.14685
0.76923 0.14336
0.74825 0.14336
0.72727 0.14336
0.70629 0.14336
0.68531 0.14336
0.66434 0.13636
0.68531 0.12937
0.70629 0.12587
0.70629 0.10839
0.68531 0.097902
0.66434 0.090909
0.64336 0.083916
0.62238 0.076923
0.6014 0.073427
0.58042 0.066434
0.55944 0.062937
0.53846 0.052448
0.51748 0.052448
0.4965 0.052448
0.47552 0.059441
0.45455 0.066434
0.43357 0.066434
0.41259 0.059441
0.39161 0.055944
0.37063 0.048951
0.34965 0.045455
0.32867 0.041958
0.33217 0.027972
0.31818 0.013986
0.2972 0.01049
0.27622 0.006993
0.25524 0.0034965
0.23427 0
0.21329 0
0.19231 0.013986
0.17133 0.013986
0.15035 0.01049
0.12937 0.006993
0.10839 0.006993
0.087413 0.01049
0.066434 0.01049
0.045455 0.017483
0.024476 0.020979
0.0034965 0.031469
0 0.052448
0.017483 0.073427
0.038462 0.083916
0.059441 0.090909
0.08042 0.097902
0.1014 0.1014
0.12238 0.10839
0.14336 0.11189
0.16434 0.11538
0.18531 0.11888
0.20629 0.12238
0.22727 0.12937
0.24825 0.13986
0.25175 0.14685
# triangles
99 100 101
99 101 102
44 45 46
89 90 91
98 99 102
98 102 103
43 44 46
43 46 47
2 4 6
94 106 107
94 95 106
97 98 104
98 103 104
43 47 48
42 43 48
40 41 49
41 48 49
41 42 48
92 108 109
91 109 110
91 92 109
83 86 87
83 87 113
83 85 86
4 5 6
8 82 83
92 93 108
93 107 108
93 94 107
96 97 104
95 96 106
2 3 4
17 28 70
13 14 15
87 88 112
87 112 113
83 84 85
11 12 13
13 76 77
11 13 77
9 77 78
8 80 81
8 81 82
9 78 79
8 9 79
8 79 80
0 1 8
0 83 113
0 8 83
1 7 8
2 6 7
1 2 7
96 105 106
96 104 105
36 53 54
35 36 54
34 54 55
34 35 54
39 49 50
39 40 49
39 50 51
39 51 52
38 39 52
29 61 62
28 29 62
62 67 68
62 68 69
28 62 70
62 69 70
33 34 56
34 55 56
20 21 28
19 20 28
16 17 72
15 16 72
91 110 111
89 91 111
88 89 111
88 111 112
72 73 74
74 75 76
15 72 74
13 74 76
13 15 74
9 10 77
10 11 77
37 38 52
36 37 53
37 52 53
32 33 56
32 56 57
23 24 26
24 25 26
29 30 61
22 23 27
23 26 27
21 27 28
21 22 27
17 70 71
17 71 72
63 65 66
63 64 65
17 18 28
18 19 28
30 31 59
32 57 58
31 32 58
31 58 59
30 60 61
30 59 60
62 63 67
63 66 67
