# points
0.24573 0.31058
0.25597 0.33447
0.27645 0.35154
0.30034 0.36177
0.32423 0.37884
0.34812 0.37884
0.3686 0.35836
0.38567 0.33788
0.3959 0.32082
0.40614 0.34471
0.41297 0.3686
0.42321 0.39249
0.44027 0.41638
0.46075 0.43686
0.48464 0.45051
0.50853 0.46075
0.53242 0.46758
0.55631 0.47782
0.5802 0.48805
0.6041 0.49488
0.62799 0.50171
0.65188 0.51195
0.67577 0.51877
0.69966 0.5256
0.72355 0.52901
0.7372 0.51195
0.72355 0.49147
0.69966 0.47099
0.69625 0.45734
0.72014 0.47099
0.74403 0.48805
0.76109 0.51195
0.78157 0.53242
0.80205 0.55631
0.82594 0.57679
0.84983 0.59727
0.87372 0.61092
0.89761 0.62457
0.9215 0.6314
0.94539 0.6314
0.96928 0.61433
0.98294 0.59386
0.99317 0.56997
1 0.54608
0.99317 0.52218
0.97611 0.49829
0.95222 0.47782
0.92833 0.46416
0.90444 0.4471
0.88055 0.43686
0.85666 0.42662
0.83276 0.41638
0.80887 0.40956
0.78498 0.3959
0.76109 0.37884
0.7372 0.36177
0.75085 0.35836
0.77474 0.3686
0.79522 0.3686
0.7884 0.34471
0.77133 0.32423
0.74744 0.30717
0.72355 0.2901
0.69966 0.27304
0.67577 0.25597
0.65188 0.23549
0.62799 0.22184
0.6041 0.20478
0.5802 0.19454
0.55631 0.18771
0.53242 0.18771
0.50853 0.19454
0.48464 0.18771
0.46075 0.17747
0.43686 0.16382
0.43345 0.14676
0.42321 0.13311
0.39932 0.11945
0.37543 0.1058
0.35154 0.095563
0.32765 0.081911
0.30375 0.064846
0.27986 0.054608
0.25597 0.064846
0.23208 0.054608
0.20819 0.040956
0.1843 0.027304
0.16041 0.017065
0.13652 0.0068259
0.11263 0.003413
0.088737 0
0.064846 0
0.040956 0.003413
0.017065 0.013652
0 0.03413
0.003413 0.05802
0.010239 0.081911
0.027304 0.1058
0.051195 0.12628
0.075085 0.13993
0.098976 0.157
0.12287 0.17747
0.14676 0.19113
0.17065 0.20478
0.19454 0.21843
0.21843 0.23208
0.22526 0.25597
0.23208 0.27986
0.24232 0.30375
0.24573 0.31058
# triangles
91 92 96
93 94 95
92 95 96
92 93 95
38 39 40
91 96 97
90 91 97
90 97 98
38 40 41
85 100 101
37 38 41
42 44 45
42 43 44
10 11 12
85 101 102
80 83 105
83 104 105
67 68 71
87 99 100
16 17 64
17 18 28
15 16 66
66 67 71
10 12 66
10 66 71
56 60 61
17 55 64
17 28 55
28 54 55
55 61 62
55 56 61
56 59 60
83 103 104
84 85 102
84 102 103
83 84 103
8 107 108
8 106 107
8 74 106
8 73 74
12 14 66
14 15 66
85 86 100
86 87 100
89 90 98
89 98 99
28 29 54
29 53 54
20 21 28
16 64 65
16 65 66
55 63 64
55 62 63
33 34 49
34 48 49
34 47 48
34 35 47
79 80 105
78 79 105
77 105 106
77 78 105
74 77 106
74 76 77
80 81 83
81 82 83
9 10 71
8 9 71
0 8 108
0 1 2
4 5 6
74 75 76
12 13 14
87 88 99
88 89 99
31 51 52
21 27 28
57 58 59
56 57 59
18 19 28
19 20 28
36 46 47
35 36 47
36 45 46
36 42 45
36 37 41
36 41 42
0 2 3
0 3 8
3 4 6
30 31 52
30 52 53
29 30 53
32 50 51
31 32 51
32 33 49
32 49 50
3 7 8
3 6 7
8 71 72
8 72 73
23 26 27
21 22 27
22 23 27
23 24 26
24 25 26
68 69 70
68 70 71
