# points
0.27365 0.21959
0.28716 0.24324
0.2973 0.27027
0.31419 0.2973
0.33784 0.32432
0.36149 0.35135
0.38851 0.36824
0.41554 0.38514
0.43919 0.39527
0.43243 0.36824
0.41554 0.34459
0.41216 0.31757
0.40541 0.29054
0.41554 0.26351
0.42568 0.24662
0.43581 0.27365
0.45946 0.30068
0.47973 0.3277
0.50676 0.33784
0.53378 0.34459
0.56081 0.34797
0.58784 0.34797
0.61486 0.34122
0.64189 0.33108
0.66892 0.3277
0.69595 0.32095
0.7027 0.2973
0.67568 0.28041
0.65878 0.26351
0.68581 0.26689
0.71284 0.27365
0.73986 0.27703
0.76689 0.29054
0.79392 0.30405
0.82095 0.31757
0.84797 0.33108
0.875 0.34459
0.90203 0.35135
0.92905 0.34122
0.95608 0.33446
0.98311 0.32432
0.99662 0.2973
1 0.27027
0.99324 0.24324
0.97297 0.21622
0.94932 0.19257
0.9223 0.18581
0.89527 0.17568
0.86824 0.1723
0.84122 0.16892
0.81419 0.16892
0.78716 0.16216
0.76014 0.15878
0.73649 0.14865
0.72973 0.13514
0.75 0.12162
0.72973 0.10135
0.7027 0.091216
0.67568 0.081081
0.64865 0.070946
0.62162 0.064189
0.59459 0.057432
0.56757 0.047297
0.54054 0.047297
0.51351 0.050676
0.48649 0.060811
0.45946 0.064189
0.43243 0.060811
0.40541 0.050676
0.37838 0.047297
0.35135 0.043919
0.32432 0.040541
0.34122 0.030405
0.36824 0.030405
0.39527 0.033784
0.4223 0.037162
0.44932 0.040541
0.47635 0.040541
0.47297 0.023649
0.44595 0.02027
0.41892 0.02027
0.39189 0.016892
0.36486 0.010135
0.33784 0.0067568
0.31081 0
0.28378 0.0033784
0.25676 0.016892
0.22973 0.027027
0.2027 0.027027
0.17568 0.023649
0.14865 0.027027
0.12162 0.027027
0.094595 0.030405
0.067568 0.037162
0.040541 0.043919
0.016892 0.064189
0 0.091216
0.013514 0.11149
0.037162 0.13176
0.050676 0.15541
0.077703 0.1723
0.10473 0.16892
0.13176 0.17905
0.15878 0.18919
0.18581 0.19595
0.21284 0.20946
0.23986 0.21284
0.26689 0.21622
0.27365 0.21959
# triangles
71 83 84
0 70 71
39 40 41
39 41 42
39 42 43
39 43 44
95 96 97
92 93 98
93 94 98
94 95 98
95 97 98
71 84 85
71 72 83
104 105 106
31 32 51
89 90 102
91 92 101
90 101 102
90 91 101
92 98 101
99 100 101
98 99 101
89 102 103
71 87 106
87 104 106
63 64 65
72 82 83
76 78 79
14 67 68
14 66 67
14 65 66
0 71 107
71 106 107
38 39 44
36 37 38
54 57 58
54 56 57
54 55 56
31 51 52
87 88 104
88 89 103
88 103 104
76 77 78
3 4 12
2 3 13
3 12 13
5 10 11
4 5 11
4 11 12
5 6 10
14 68 69
0 69 70
0 14 69
75 79 80
75 76 79
0 1 14
1 2 13
1 13 14
28 59 60
28 58 59
28 54 58
21 22 28
28 29 53
28 53 54
44 45 46
38 44 46
35 47 48
35 46 47
35 36 38
35 38 46
30 31 52
29 30 53
30 52 53
71 85 86
71 86 87
7 9 10
6 7 10
7 8 9
14 28 61
61 63 65
14 61 65
61 62 63
28 60 61
20 21 28
19 20 28
22 23 28
23 24 27
23 27 28
24 25 27
25 26 27
32 33 50
33 49 50
32 50 51
34 35 48
34 48 49
33 34 49
16 17 18
16 18 19
16 19 28
14 16 28
14 15 16
73 81 82
72 73 82
74 80 81
73 74 81
74 75 80
