# points
0.20833 0.17917
0.23333 0.18333
0.25833 0.18333
0.27917 0.2
0.28333 0.225
0.2875 0.25
0.29583 0.275
0.32083 0.29583
0.34583 0.3
0.37083 0.3
0.39583 0.2875
0.41667 0.2625
0.41667 0.2375
0.425 0.2125
0.45 0.2125
0.45 0.2375
0.4625 0.2625
0.47083 0.28333
0.49167 0.30417
0.51667 0.30833
0.54167 0.3125
0.56667 0.31667
0.59167 0.31667
0.61667 0.3125
0.64167 0.3125
0.66667 0.30833
0.69167 0.30417
0.70833 0.28333
0.68333 0.26667
0.65833 0.25
0.64583 0.22917
0.67083 0.23333
0.69583 0.2375
0.72083 0.24167
0.74583 0.24583
0.77083 0.24583
0.79583 0.25417
0.82083 0.2625
0.84583 0.275
0.87083 0.27917
0.89583 0.29167
0.92083 0.30417
0.94583 0.3125
0.97083 0.31667
0.98333 0.29583
0.98333 0.27083
0.98333 0.24583
0.99167 0.22083
1 0.19583
0.98333 0.17917
0.95833 0.17083
0.93333 0.17083
0.90833 0.17083
0.88333 0.17083
0.85833 0.175
0.83333 0.175
0.80833 0.175
0.78333 0.17083
0.75833 0.1625
0.73333 0.15417
0.70833 0.15
0.68333 0.14167
0.67917 0.12917
0.70417 0.12917
0.7125 0.11667
0.6875 0.1
0.6625 0.0875
0.6375 0.079167
0.6125 0.066667
0.5875 0.0625
0.5625 0.0625
0.5375 0.066667
0.5125 0.079167
0.4875 0.083333
0.4625 0.079167
0.4375 0.070833
0.4125 0.066667
0.3875 0.0625
0.3625 0.058333
0.3375 0.05
0.3125 0.041667
0.3 0.029167
0.325 0.033333
0.35 0.0375
0.375 0.0375
0.4 0.041667
0.41667 0.033333
0.39167 0.029167
0.36667 0.020833
0.34167 0.0125
0.31667 0.0041667
0.29167 0
0.26667 0
0.25417 0.020833
0.22917 0.029167
0.20417 0.033333
0.17917 0.029167
0.15417 0.029167
0.12917 0.025
0.10417 0.029167
0.079167 0.029167
0.054167 0.033333
0.029167 0.045833
0.0083333 0.066667
0 0.091667
0.020833 0.1125
0.045833 0.125
0.070833 0.14167
0.095833 0.14167
0.12083 0.15
0.14583 0.1625
0.17083 0.17083
0.19583 0.175
0.20833 0.17917
# triangles
103 104 105
5 7 8
102 103 105
47 48 49
81 91 92
101 102 106
102 105 106
5 6 7
81 90 91
30 70 72
5 8 12
106 107 108
30 69 70
70 71 72
13 74 75
20 21 30
32 33 59
13 75 76
83 88 89
4 5 12
4 12 13
95 111 112
0 95 112
0 1 94
0 94 95
1 2 94
100 101 106
100 106 108
99 100 108
95 110 111
95 96 110
96 97 110
97 109 110
21 22 30
22 23 30
13 14 74
14 73 74
14 72 73
14 30 72
14 20 30
16 17 19
14 15 16
16 19 20
14 16 20
17 18 19
26 27 28
25 26 28
32 59 60
30 31 61
31 32 60
31 60 61
67 68 69
30 67 69
33 58 59
33 34 58
34 57 58
41 45 46
38 39 54
83 84 88
81 92 93
97 98 109
98 108 109
98 99 108
10 11 12
8 10 12
8 9 10
24 25 29
25 28 29
23 29 30
23 24 29
63 64 65
62 65 66
62 66 67
62 63 65
30 61 62
30 62 67
47 49 50
37 38 54
34 35 57
35 56 57
35 36 56
42 43 44
42 44 45
41 42 45
40 41 46
39 40 52
39 53 54
39 52 53
84 85 87
84 87 88
85 86 87
2 79 80
2 80 94
80 81 93
80 93 94
40 51 52
40 46 51
46 47 51
47 50 51
37 54 55
36 55 56
36 37 55
82 83 89
82 89 90
81 82 90
13 76 77
13 77 78
2 3 79
3 78 79
3 13 78
3 4 13
