# points
0.20896 0.5
0.18905 0.53483
0.1791 0.56965
0.14428 0.56965
0.10945 0.56965
0.074627 0.57711
0.039801 0.59701
0.014925 0.62438
0.0024876 0.6592
0 0.69403
0.0049751 0.72886
0.0199 0.76368
0.044776 0.79851
0.079602 0.83085
0.11443 0.85323
0.14677 0.88557
0.18159 0.91294
0.21642 0.93781
0.25124 0.9602
0.28607 0.97761
0.3209 0.99005
0.35572 1
0.39055 1
0.42537 1
0.4602 0.99502
0.49502 0.99005
0.52985 0.97761
0.56468 0.95771
0.5995 0.93284
0.62935 0.90299
0.66169 0.87811
0.69652 0.85572
0.73134 0.84826
0.76617 0.85323
0.801 0.8607
0.83582 0.86318
0.85323 0.83333
0.8408 0.79851
0.82338 0.76368
0.81841 0.73134
0.85075 0.70647
0.86816 0.67164
0.86318 0.63682
0.83582 0.60448
0.801 0.5796
0.76617 0.5597
0.76119 0.52985
0.77861 0.49502
0.80846 0.4602
0.8408 0.42537
0.86318 0.39055
0.86816 0.35572
0.86816 0.3209
0.85572 0.28607
0.82338 0.26866
0.78856 0.27363
0.75373 0.28607
0.71891 0.29851
0.68408 0.30846
0.64925 0.31343
0.61443 0.30846
0.5796 0.28109
0.55721 0.24627
0.55224 0.21393
0.58706 0.20647
0.62189 0.19652
0.65672 0.18657
0.69154 0.17662
0.72637 0.16418
0.76119 0.15174
0.79602 0.13184
0.81343 0.099502
0.77861 0.077114
0.74378 0.057214
0.70896 0.039801
0.67413 0.024876
0.6393 0.014925
0.60448 0.0049751
0.56965 0
0.53483 0
0.5 0.0049751
0.46517 0.017413
0.43035 0.029851
0.39552 0.044776
0.3607 0.059701
0.32587 0.072139
0.29104 0.079602
0.25871 0.10199
0.23383 0.13682
0.21642 0.17164
0.199 0.20647
0.18159 0.24129
0.15423 0.27363
0.1194 0.27363
0.099502 0.29851
0.13433 0.31095
0.16915 0.31095
0.20398 0.31343
0.23881 0.31592
0.27363 0.32587
0.29851 0.35572
0.28856 0.39055
0.26617 0.42537
0.23881 0.4602
0.21393 0.49502
0.20896 0.5
# triangles
3 10 11
93 94 95
2 3 13
30 31 45
31 39 45
39 40 43
40 41 42
40 42 43
3 11 12
3 12 13
2 13 14
24 26 27
2 22 24
24 25 26
39 44 45
39 43 44
70 71 72
29 30 104
2 29 104
2 24 29
27 28 29
24 27 29
6 7 8
5 8 9
5 6 8
4 5 9
4 9 10
3 4 10
1 2 104
30 45 103
30 103 104
85 87 88
85 86 87
92 93 95
85 88 99
2 19 22
2 16 17
2 15 16
2 14 15
22 23 24
64 77 78
33 37 38
32 33 38
31 32 39
32 38 39
0 1 104
45 102 103
89 90 99
88 89 99
90 91 98
90 98 99
20 21 22
19 20 22
2 18 19
2 17 18
64 65 77
64 78 79
65 76 77
65 66 76
33 34 37
34 35 36
34 36 37
91 92 97
91 97 98
46 60 101
46 101 102
45 46 102
63 79 80
63 64 79
63 80 81
63 81 82
63 82 83
63 85 99
63 99 100
62 63 100
61 62 100
60 61 101
61 100 101
66 75 76
66 67 75
67 74 75
67 68 74
51 52 55
52 54 55
52 53 54
47 48 58
48 57 58
48 49 57
92 95 96
92 96 97
63 84 85
63 83 84
68 73 74
69 70 72
69 72 73
68 69 73
50 51 56
51 55 56
49 50 56
49 56 57
47 58 59
46 59 60
46 47 59
