# points
0.12834 0.5
0.13102 0.53476
0.13102 0.56952
0.12567 0.60428
0.1123 0.63904
0.093583 0.6738
0.064171 0.70856
0.029412 0.73797
0 0.76738
0.0026738 0.80214
0.037433 0.82888
0.072193 0.85294
0.10428 0.88235
0.13904 0.90909
0.1738 0.93316
0.20856 0.95722
0.24332 0.97326
0.27807 0.9893
0.31283 0.99733
0.34759 1
0.38235 1
0.41711 0.99733
0.45187 0.99198
0.48663 0.98396
0.52139 0.97059
0.55615 0.9492
0.59091 0.91979
0.62299 0.89037
0.65775 0.86096
0.69251 0.83957
0.72727 0.8369
0.76203 0.84225
0.79679 0.85027
0.83155 0.85294
0.85561 0.82888
0.84759 0.79412
0.83155 0.75936
0.81283 0.7246
0.8369 0.69786
0.86631 0.66578
0.87433 0.63102
0.85829 0.59626
0.82888 0.56684
0.79412 0.54545
0.75936 0.52674
0.75668 0.49465
0.77273 0.45989
0.80214 0.42513
0.83422 0.39037
0.86096 0.35561
0.87166 0.32086
0.87166 0.2861
0.86898 0.25134
0.84492 0.21925
0.81016 0.2139
0.7754 0.22193
0.74064 0.23529
0.70588 0.24866
0.67112 0.25668
0.63636 0.26203
0.6016 0.25668
0.56684 0.23262
0.54278 0.19786
0.52941 0.1631
0.55615 0.14973
0.59091 0.14171
0.62567 0.13102
0.66043 0.12032
0.69519 0.10963
0.72995 0.09893
0.76471 0.082888
0.79947 0.061497
0.81016 0.029412
0.7754 0.010695
0.74064 0.0080214
0.70588 0.010695
0.67112 0.018717
0.63636 0.029412
0.6016 0.042781
0.56684 0.058824
0.53209 0.074866
0.49733 0.093583
0.46257 0.10963
0.42781 0.12299
0.39305 0.13369
0.35829 0.12567
0.33957 0.093583
0.3369 0.058824
0.3369 0.024064
0.31016 0
0.2754 0.0053476
0.24064 0.010695
0.20588 0.037433
0.18182 0.072193
0.1631 0.10695
0.13904 0.14171
0.10428 0.15775
0.069519 0.15241
0.042781 0.18717
0.029412 0.22193
0.029412 0.25668
0.040107 0.29144
0.05615 0.3262
0.074866 0.36096
0.093583 0.39572
0.10963 0.43048
0.12032 0.46524
0.12834 0.5
0.12834 0.5
# triangles
71 72 73
39 40 41
33 34 35
7 8 9
1 44 45
2 3 28
2 28 44
1 2 44
28 29 44
37 43 44
29 37 44
31 36 37
5 6 12
32 35 36
31 32 36
32 33 35
3 22 26
69 74 75
69 75 76
85 94 95
68 69 76
68 76 77
6 11 12
69 70 74
70 71 73
70 73 74
1 45 60
0 60 61
0 1 60
38 42 43
37 38 43
38 39 41
38 41 42
30 31 37
29 30 37
4 5 14
3 27 28
3 26 27
87 90 91
87 91 92
0 61 106
86 92 93
86 87 92
86 93 94
85 86 94
67 68 77
61 62 84
61 84 106
64 80 81
96 98 99
96 97 98
96 99 100
96 100 101
96 101 102
95 102 103
95 96 102
7 9 10
6 7 10
6 10 11
52 53 54
51 52 54
45 59 60
5 12 13
5 13 14
4 16 19
16 18 19
14 15 16
4 14 16
3 21 22
3 4 21
22 25 26
84 85 105
84 105 106
62 83 84
66 78 79
67 77 78
66 67 78
88 89 90
87 88 90
65 66 79
65 79 80
64 65 80
63 82 83
62 63 83
63 81 82
63 64 81
51 54 55
50 51 55
50 55 56
47 57 58
47 48 57
48 56 57
46 47 58
46 58 59
45 46 59
16 17 18
4 19 20
4 20 21
22 23 25
23 24 25
85 104 105
95 103 104
85 95 104
49 50 56
48 49 56
