# points
0.12794 0.50131
0.13316 0.53525
0.13316 0.56919
0.13055 0.60313
0.1201 0.63708
0.10183 0.67102
0.078329 0.70496
0.046997 0.73368
0.015666 0.75979
0 0.79373
0.028721 0.82245
0.062663 0.84334
0.096606 0.87467
0.12794 0.90339
0.16188 0.92689
0.19582 0.95039
0.22977 0.96867
0.26371 0.98433
0.29765 0.99478
0.33159 1
0.36554 1
0.39948 0.99739
0.43342 0.99478
0.46736 0.98695
0.50131 0.9765
0.53525 0.95822
0.56919 0.93211
0.60052 0.90339
0.63185 0.87728
0.6658 0.85379
0.69974 0.83812
0.73368 0.84334
0.76762 0.85117
0.80157 0.8564
0.83551 0.84856
0.83812 0.81462
0.82507 0.78068
0.80679 0.74674
0.80418 0.71802
0.83812 0.6893
0.8564 0.65535
0.85379 0.62141
0.82768 0.58747
0.79373 0.56136
0.75979 0.54308
0.7389 0.51958
0.74413 0.48564
0.71802 0.46736
0.69191 0.44125
0.68146 0.40731
0.66841 0.37337
0.64752 0.34204
0.61358 0.32637
0.57963 0.30809
0.55875 0.27415
0.54308 0.24021
0.53003 0.20627
0.53264 0.18016
0.56658 0.18538
0.60052 0.18799
0.63446 0.1906
0.66841 0.1906
0.70235 0.19321
0.73629 0.19321
0.77023 0.19321
0.80418 0.19321
0.83812 0.18799
0.86423 0.17232
0.83029 0.14883
0.79634 0.13055
0.7624 0.10966
0.72846 0.093995
0.69452 0.075718
0.66057 0.057441
0.62663 0.044386
0.59269 0.031332
0.55875 0.018277
0.5248 0.010444
0.49086 0.002611
0.45692 0
0.42298 0
0.38903 0.002611
0.35509 0.0078329
0.32115 0.015666
0.28721 0.023499
0.25326 0.028721
0.21932 0.046997
0.19321 0.078329
0.17232 0.11227
0.15405 0.14621
0.12533 0.17493
0.091384 0.17232
0.060052 0.18538
0.041775 0.21932
0.033943 0.25326
0.036554 0.28721
0.049608 0.32115
0.067885 0.35509
0.086162 0.38903
0.10183 0.42298
0.11749 0.45692
0.12533 0.49086
0.12794 0.50131
# triangles
3 27 28
3 4 27
66 67 68
65 66 68
3 28 48
56 83 84
84 85 87
56 84 88
56 88 89
84 87 88
0 1 53
65 68 69
63 70 71
30 38 44
50 51 52
48 52 53
28 45 48
30 44 45
2 3 48
1 2 53
2 48 53
57 80 81
57 79 80
57 81 82
57 78 79
56 57 83
57 82 83
57 77 78
57 76 77
57 75 76
90 98 99
89 90 99
85 86 87
0 53 101
4 15 16
4 5 15
5 14 15
5 6 13
5 13 14
4 20 21
18 19 20
17 18 20
4 16 20
16 17 20
21 23 26
23 25 26
4 26 27
4 21 26
23 24 25
6 12 13
6 11 12
61 71 72
59 73 74
59 60 73
60 72 73
60 61 72
53 54 101
54 100 101
64 65 69
64 69 70
63 64 70
61 62 71
62 63 71
38 43 44
49 50 52
48 49 52
28 29 45
29 30 45
45 47 48
45 46 47
57 58 75
58 74 75
58 59 74
21 22 23
6 7 11
7 10 11
30 37 38
30 31 37
31 32 37
32 36 37
32 33 36
33 34 35
33 35 36
38 39 42
38 42 43
55 56 89
55 89 99
55 99 100
54 55 100
90 97 98
90 96 97
90 95 96
90 91 93
91 92 93
8 9 10
7 8 10
39 40 41
39 41 42
90 93 94
90 94 95
