# points
0.57143 0.7381
0.61111 0.73016
0.65079 0.71429
0.69048 0.69048
0.73016 0.66667
0.76984 0.62698
0.80159 0.60317
0.84127 0.60317
0.88095 0.5873
0.92063 0.57937
0.96032 0.55556
1 0.53968
1 0.5
0.99206 0.46032
0.97619 0.42857
0.93651 0.44444
0.89683 0.46032
0.85714 0.48413
0.8254 0.46825
0.84127 0.42857
0.88095 0.4127
0.92063 0.38095
0.94444 0.34127
0.92857 0.30159
0.9127 0.2619
0.89683 0.22222
0.86508 0.2619
0.84127 0.30159
0.80159 0.3254
0.76984 0.30159
0.80952 0.26984
0.84127 0.23016
0.87302 0.19048
0.86508 0.15079
0.84921 0.11111
0.81746 0.079365
0.80159 0.071429
0.78571 0.11111
0.7619 0.15079
0.73016 0.19048
0.69048 0.22222
0.65079 0.20635
0.64286 0.1746
0.65873 0.13492
0.66667 0.095238
0.68254 0.055556
0.69048 0.015873
0.65873 0
0.61905 0
0.57937 0
0.57143 0.039683
0.56349 0.079365
0.54762 0.11905
0.50794 0.15873
0.48413 0.14286
0.46825 0.10317
0.46032 0.063492
0.45238 0.02381
0.43651 0
0.39683 0
0.35714 0.015873
0.34921 0.047619
0.34921 0.087302
0.36508 0.12698
0.37302 0.16667
0.38095 0.20635
0.34921 0.22222
0.30952 0.19048
0.28571 0.15079
0.2619 0.11111
0.23016 0.10317
0.19048 0.13492
0.16667 0.16667
0.19048 0.20635
0.21429 0.24603
0.24603 0.28571
0.2619 0.3254
0.22222 0.34127
0.18254 0.33333
0.14286 0.30159
0.11111 0.2619
0.087302 0.22222
0.055556 0.2619
0.031746 0.30159
0.02381 0.34127
0.063492 0.38095
0.10317 0.4127
0.14286 0.43651
0.18254 0.44444
0.22222 0.46032
0.22222 0.5
0.18254 0.50794
0.14286 0.50794
0.10317 0.50794
0.063492 0.5
0.02381 0.48413
0.0079365 0.5
0.0079365 0.53968
0 0.57937
0.02381 0.60317
0.063492 0.61905
0.10317 0.61905
0.14286 0.61905
0.18254 0.61905
0.22222 0.61905
0.2619 0.61111
0.29365 0.64286
0.33333 0.6746
0.37302 0.69841
0.4127 0.72222
0.45238 0.73016
0.49206 0.7381
0.53175 0.7381
0.57143 0.7381
0.57143 0.7381
# triangles
76 107 108
65 76 108
41 65 108
79 80 83
80 82 83
80 81 82
10 11 12
0 1 112
1 2 112
3 18 29
3 29 41
3 41 112
2 3 112
41 108 110
41 110 112
41 53 65
90 91 104
68 73 74
67 68 74
9 10 16
21 22 23
21 23 27
48 49 50
44 48 50
59 60 61
35 36 37
45 46 47
45 47 48
44 45 48
110 111 112
76 89 107
89 106 107
89 90 106
78 79 86
67 74 75
91 103 104
90 105 106
90 104 105
97 98 99
93 100 101
68 71 73
68 69 71
69 70 71
5 6 18
3 5 18
3 4 5
12 13 15
10 12 15
10 15 16
13 14 15
23 26 27
29 30 39
30 31 39
18 28 29
18 19 28
20 21 27
19 20 28
20 27 28
34 35 37
33 34 37
29 40 41
29 39 40
31 38 39
31 33 38
33 37 38
41 42 53
42 52 53
42 43 52
44 50 51
43 44 51
43 51 52
56 59 61
76 77 89
78 86 87
79 83 85
79 85 86
66 67 75
65 66 76
66 75 76
93 94 100
94 97 99
94 99 100
94 95 96
94 96 97
108 109 110
56 61 62
56 62 63
71 72 73
9 16 17
8 9 17
7 8 17
6 17 18
6 7 17
55 56 63
55 63 64
56 57 59
77 88 89
77 78 88
78 87 88
83 84 85
31 32 33
23 24 26
24 25 26
54 55 64
53 54 65
54 64 65
57 58 59
92 93 101
92 101 102
92 102 103
91 92 103
