# points
0.16 0.46286
0.21714 0.48
0.23429 0.53143
0.25143 0.58857
0.22857 0.64
0.17143 0.66857
0.11429 0.66857
0.057143 0.65714
0 0.62857
0.0057143 0.68571
0.034286 0.73143
0.091429 0.74857
0.14857 0.74857
0.20571 0.74286
0.26286 0.72
0.32 0.70286
0.37714 0.74286
0.35429 0.79429
0.30286 0.83429
0.24571 0.86857
0.18857 0.89143
0.13143 0.89714
0.10857 0.93714
0.16 0.97714
0.21714 0.96571
0.27429 0.94286
0.33143 0.90857
0.38857 0.87429
0.43429 0.82286
0.48 0.77143
0.53714 0.77143
0.56 0.82857
0.59429 0.88571
0.64571 0.94286
0.70286 0.98286
0.76 1
0.80571 0.97714
0.8 0.92571
0.74286 0.90857
0.68571 0.86857
0.64 0.81143
0.61714 0.75429
0.66286 0.70857
0.72 0.71429
0.77714 0.73714
0.83429 0.73714
0.89143 0.72571
0.94857 0.68
0.98857 0.62286
0.99429 0.56571
0.94857 0.54857
0.91429 0.59429
0.86286 0.64571
0.80571 0.65714
0.74857 0.63429
0.74857 0.57714
0.76 0.52
0.76 0.46286
0.78857 0.41714
0.84 0.36571
0.86857 0.30857
0.89143 0.25143
0.89714 0.19429
0.86857 0.13714
0.81714 0.16
0.81714 0.21714
0.8 0.27429
0.76571 0.33143
0.71429 0.34286
0.66857 0.28571
0.67429 0.24
0.70286 0.18286
0.70857 0.12571
0.69143 0.068571
0.65714 0.022857
0.6 0.034286
0.61143 0.091429
0.62857 0.14857
0.6 0.2
0.54286 0.22857
0.48571 0.22286
0.42857 0.23429
0.37143 0.21143
0.36 0.15429
0.36571 0.097143
0.37714 0.04
0.33714 0
0.29714 0.034286
0.28571 0.091429
0.28 0.14857
0.28571 0.20571
0.30857 0.26286
0.29714 0.32
0.26286 0.37714
0.21714 0.4
0.17143 0.34857
0.16 0.29143
0.16 0.23429
0.15429 0.17714
0.11429 0.16571
0.08 0.21143
0.08 0.26857
0.08 0.32571
0.097143 0.38286
0.13143 0.43429
0.16 0.46286
# triangles
98 99 100
97 98 100
7 8 9
7 9 10
7 10 11
97 100 101
85 86 87
56 68 93
95 103 104
94 95 104
29 30 42
17 18 27
18 19 26
18 26 27
35 36 37
1 93 94
1 2 93
0 94 104
0 1 94
3 29 42
3 42 55
2 3 93
3 56 93
3 55 56
47 48 51
42 54 55
42 43 54
47 51 52
95 102 103
30 41 42
17 27 28
3 15 16
3 16 29
16 28 29
16 17 28
19 20 25
19 25 26
6 7 11
6 11 12
68 69 79
69 78 79
72 73 77
71 72 77
56 57 68
57 58 68
48 49 50
48 50 51
46 47 52
43 44 53
43 53 54
96 101 102
95 96 102
96 97 101
30 31 41
31 32 40
31 40 41
21 22 23
20 21 23
3 4 15
4 14 15
84 85 87
84 87 88
83 84 88
81 91 92
81 92 93
68 81 93
68 79 81
82 83 90
82 90 91
81 82 91
58 67 68
69 70 78
70 71 77
70 77 78
73 76 77
74 75 76
73 74 76
61 65 66
45 46 52
45 52 53
44 45 53
32 33 39
32 39 40
20 24 25
20 23 24
5 13 14
4 5 14
5 12 13
5 6 12
83 89 90
83 88 89
79 80 81
62 63 64
62 64 65
61 62 65
58 59 67
59 66 67
34 35 38
35 37 38
33 34 38
33 38 39
60 61 66
59 60 66
