# points
0.06087 0.41739
0.013043 0.47826
0 0.53913
0.017391 0.6
0.069565 0.66087
0.13043 0.7
0.1913 0.72609
0.25217 0.74783
0.31304 0.76087
0.37391 0.76957
0.43478 0.77826
0.49565 0.77826
0.55652 0.77826
0.61739 0.76957
0.67826 0.76087
0.73913 0.74783
0.8 0.73043
0.86087 0.70435
0.92174 0.66522
0.97826 0.6087
1 0.54783
0.9913 0.48696
0.94783 0.42609
0.88696 0.37826
0.82609 0.35217
0.85217 0.2913
0.87391 0.23043
0.89565 0.16957
0.87391 0.11739
0.83478 0.16087
0.81304 0.22174
0.7913 0.28261
0.75217 0.3
0.77391 0.23913
0.8 0.17826
0.82174 0.11739
0.80435 0.069565
0.76522 0.086957
0.74348 0.14783
0.72174 0.2087
0.7 0.26957
0.67391 0.28696
0.69565 0.22609
0.71304 0.16522
0.72174 0.10435
0.72609 0.043478
0.66957 0.026087
0.66087 0.082609
0.65217 0.14348
0.63913 0.20435
0.61739 0.26522
0.60435 0.23913
0.62174 0.17826
0.63478 0.11739
0.63478 0.056522
0.61304 0.0086957
0.56957 0.013043
0.57391 0.073913
0.56957 0.13478
0.55217 0.19565
0.54348 0.25652
0.4913 0.2913
0.45652 0.25652
0.44783 0.19565
0.44783 0.13478
0.45217 0.073913
0.45217 0.013043
0.41304 0
0.3913 0.043478
0.38696 0.10435
0.38696 0.16522
0.38696 0.22609
0.39565 0.28696
0.34783 0.28696
0.33913 0.22609
0.33043 0.16522
0.33043 0.10435
0.33043 0.043478
0.29565 0.030435
0.26957 0.069565
0.26957 0.13043
0.26957 0.1913
0.28261 0.25217
0.28696 0.31304
0.24783 0.28696
0.24783 0.22609
0.24783 0.16522
0.23913 0.10435
0.23913 0.043478
0.17826 0.056522
0.18261 0.11739
0.18696 0.17826
0.18696 0.23913
0.18696 0.3
0.17826 0.34783
0.14783 0.3087
0.14783 0.24783
0.14348 0.18696
0.13913 0.12609
0.11304 0.086957
0.069565 0.11304
0.082609 0.17391
0.086957 0.23478
0.086957 0.29565
0.1 0.35652
0.073913 0.4087
0.06087 0.41739
# triangles
3 4 105
1 2 3
9 10 61
19 20 21
27 28 29
13 41 61
13 14 41
12 13 61
0 3 105
0 1 3
8 9 83
4 5 105
5 94 105
94 104 105
95 103 104
94 95 104
54 55 57
76 79 80
76 77 79
10 11 61
11 12 61
14 15 41
15 24 41
9 61 72
9 72 83
72 73 83
83 84 94
7 8 83
7 83 94
24 25 31
25 30 31
18 19 22
19 21 22
96 97 102
96 102 103
95 96 103
25 26 30
26 27 29
26 29 30
51 59 60
63 70 71
43 44 48
55 56 57
63 64 70
64 69 70
64 65 69
65 68 69
87 88 89
87 89 90
77 78 79
86 87 90
74 75 81
75 76 80
75 80 81
97 101 102
61 62 72
62 63 71
62 71 72
84 93 94
84 92 93
74 81 82
73 74 82
73 82 83
16 17 24
15 16 24
5 6 94
6 7 94
33 39 40
24 32 41
24 31 32
32 40 41
32 33 40
18 22 23
17 18 23
17 23 24
50 51 60
41 50 61
50 60 61
43 48 49
44 47 48
45 46 47
44 45 47
66 67 68
65 66 68
86 90 91
97 98 101
98 99 100
98 100 101
35 37 38
35 36 37
53 57 58
53 54 57
52 53 58
52 58 59
51 52 59
42 43 49
41 42 50
42 49 50
85 86 91
85 91 92
84 85 92
34 35 38
33 34 39
34 38 39
