# points
0 0.070288
0 0.089457
0.0095847 0.10863
0.0095847 0.1278
0.022364 0.14377
0.041534 0.14696
0.060703 0.14696
0.079872 0.14377
0.099042 0.14377
0.11821 0.14377
0.13738 0.14377
0.15655 0.14377
0.17572 0.14377
0.19489 0.14377
0.21406 0.14377
0.23323 0.14058
0.2524 0.14058
0.27157 0.14058
0.29073 0.14058
0.3099 0.14058
0.32907 0.13738
0.34824 0.13419
0.36741 0.13419
0.38658 0.13419
0.40575 0.13099
0.42492 0.13099
0.44409 0.13099
0.46326 0.13099
0.48243 0.1278
0.5016 0.1278
0.52077 0.1278
0.53994 0.1278
0.55911 0.1278
0.57827 0.1278
0.59744 0.1278
0.61661 0.1246
0.63578 0.1246
0.65495 0.1246
0.67412 0.1246
0.69329 0.1278
0.71246 0.1278
0.73163 0.1278
0.7508 0.1278
0.76997 0.1278
0.78914 0.1278
0.80831 0.1278
0.82748 0.1278
0.84665 0.1278
0.86581 0.1246
0.88498 0.11821
0.90415 0.12141
0.92332 0.1246
0.94249 0.1278
0.96166 0.1278
0.98083 0.11502
1 0.10224
0.99681 0.086262
0.97764 0.070288
0.95847 0.057508
0.9393 0.057508
0.92013 0.060703
0.90096 0.060703
0.88179 0.060703
0.86262 0.047923
0.84345 0.047923
0.82428 0.047923
0.80511 0.044728
0.78594 0.044728
0.76677 0.044728
0.7476 0.041534
0.72843 0.041534
0.70927 0.041534
0.6901 0.038339
0.67093 0.038339
0.65176 0.035144
0.63259 0.031949
0.61342 0.031949
0.59425 0.028754
0.57508 0.028754
0.55591 0.028754
0.53674 0.025559
0.51757 0.025559
0.4984 0.022364
0.47923 0.022364
0.46006 0.022364
0.44089 0.022364
0.42173 0.019169
0.40256 0.019169
0.38339 0.019169
0.36422 0.015974
0.34505 0.0095847
0.32588 0.0063898
0.30671 0.0063898
0.28754 0.0031949
0.26837 0.0031949
0.2492 0.0031949
0.23003 0.0031949
0.21086 0.0031949
0.19169 0.0031949
0.17252 0.0031949
0.15335 0
0.13419 0.0031949
0.11502 0
0.095847 0
0.076677 0
0.057508 0
0.038339 0
0.019169 0.0031949
0.0063898 0.019169
0.0063898 0.038339
0 0.057508
0 0.070288
# triangles
3 4 5
2 3 5
0 1 2
106 107 108
0 2 7
106 108 109
0 109 110
52 53 57
52 57 58
2 5 6
2 6 7
53 54 57
54 56 57
54 55 56
0 7 104
0 104 109
52 58 59
44 45 66
105 106 109
104 105 109
8 9 102
9 101 102
7 8 103
7 103 104
8 102 103
37 38 73
38 72 73
48 49 62
12 13 98
10 11 101
9 10 101
24 86 87
24 25 86
35 36 75
31 32 79
32 78 79
45 65 66
45 46 65
41 42 69
41 69 70
40 41 70
38 39 72
50 51 60
51 59 60
51 52 59
49 61 62
49 50 61
50 60 61
12 98 99
11 12 99
99 100 101
11 99 101
15 16 95
26 27 84
29 30 81
20 90 91
21 22 89
20 21 90
21 89 90
36 37 74
37 73 74
36 74 75
35 75 76
34 35 76
34 76 77
31 79 80
30 31 80
30 80 81
32 33 78
33 34 77
33 77 78
44 66 67
43 44 67
47 48 64
46 47 64
46 64 65
62 63 64
48 62 64
39 71 72
39 40 71
40 70 71
14 15 97
13 97 98
13 14 97
17 93 94
16 94 95
16 17 94
17 18 93
27 28 84
26 84 85
25 85 86
25 26 85
22 88 89
22 23 88
24 87 88
23 24 88
29 81 82
28 29 82
43 67 68
42 68 69
42 43 68
15 95 96
15 96 97
18 19 92
18 92 93
19 20 92
20 91 92
28 83 84
28 82 83
