# points
0.0063694 0.06051
0 0.079618
0.0031847 0.098726
0.012739 0.11783
0.028662 0.13694
0.047771 0.15287
0.066879 0.16242
0.085987 0.16561
0.1051 0.16879
0.1242 0.17197
0.14331 0.17197
0.16242 0.17197
0.18153 0.17197
0.20064 0.17516
0.21975 0.17197
0.23885 0.17197
0.25796 0.17197
0.27707 0.17197
0.29618 0.17197
0.31529 0.16879
0.33439 0.15924
0.3535 0.14331
0.37261 0.1465
0.39172 0.15924
0.41083 0.16879
0.42994 0.16879
0.44904 0.16879
0.46815 0.16879
0.48726 0.16879
0.50637 0.16879
0.52548 0.16879
0.54459 0.16561
0.56369 0.16561
0.5828 0.16561
0.60191 0.16879
0.62102 0.16879
0.64013 0.16879
0.65924 0.16879
0.67834 0.16879
0.69745 0.16561
0.71656 0.16879
0.73567 0.16561
0.75478 0.16561
0.77389 0.16561
0.79299 0.16561
0.8121 0.15924
0.83121 0.14968
0.85032 0.1465
0.86943 0.13694
0.88854 0.13376
0.90764 0.13057
0.92675 0.1242
0.94586 0.12102
0.96497 0.11783
0.98408 0.11465
1 0.1051
0.99682 0.085987
0.97771 0.082803
0.9586 0.079618
0.93949 0.073248
0.92038 0.066879
0.90127 0.06051
0.88217 0.057325
0.86306 0.047771
0.84395 0.041401
0.82484 0.035032
0.80573 0.019108
0.78662 0.015924
0.76752 0.012739
0.74841 0.012739
0.7293 0.0095541
0.71019 0.0095541
0.69108 0.0095541
0.67197 0.0095541
0.65287 0.0095541
0.63376 0.0095541
0.61465 0.0095541
0.59554 0.0095541
0.57643 0.0095541
0.55732 0.012739
0.53822 0.012739
0.51911 0.012739
0.5 0.012739
0.48089 0.012739
0.46178 0.015924
0.44268 0.015924
0.42357 0.015924
0.40446 0.022293
0.38535 0.038217
0.36624 0.041401
0.34713 0.038217
0.32803 0.019108
0.30892 0.012739
0.28981 0.0063694
0.2707 0.0031847
0.25159 0.0031847
0.23248 0.0031847
0.21338 0
0.19427 0
0.17516 0
0.15605 0
0.13694 0
0.11783 0
0.098726 0.0031847
0.079618 0.0063694
0.06051 0.0095541
0.041401 0.019108
0.022293 0.035032
0.0095541 0.05414
0.0063694 0.06051
# triangles
3 4 107
0 1 2
0 2 3
4 106 107
3 107 108
0 3 108
11 12 99
5 6 7
12 13 14
15 16 95
43 44 45
12 98 99
14 97 98
12 14 98
10 11 100
11 99 100
7 8 103
8 102 103
22 23 88
23 25 88
14 96 97
14 15 96
15 95 96
21 22 89
22 88 89
32 33 79
31 32 79
41 42 69
39 40 41
42 68 69
42 43 68
43 67 68
38 39 73
39 72 73
45 46 65
65 66 67
43 65 67
43 45 65
49 50 61
54 55 57
55 56 57
10 100 101
9 10 101
8 9 101
8 101 102
7 103 104
5 7 104
4 5 104
104 105 106
4 104 106
18 19 20
23 24 25
31 79 80
29 81 82
31 80 81
39 41 71
39 71 72
33 78 79
33 77 78
33 34 76
33 76 77
46 64 65
46 47 64
48 63 64
47 48 64
48 49 62
49 61 62
48 62 63
50 60 61
53 54 57
51 52 59
50 51 60
51 59 60
16 94 95
25 26 88
26 85 88
26 84 85
26 27 84
28 29 82
28 82 83
28 83 84
27 28 84
29 30 81
30 31 81
36 74 75
41 69 70
41 70 71
34 35 76
35 36 75
35 75 76
52 58 59
52 53 58
53 57 58
85 86 88
21 89 90
20 21 90
90 91 92
18 20 90
17 18 90
17 90 92
36 37 74
37 38 73
37 73 74
17 92 93
16 17 93
16 93 94
86 87 88
