# points
0.0054795 0.046575
0 0.065753
0 0.084932
0.0082192 0.10411
0.021918 0.12329
0.041096 0.13699
0.060274 0.14247
0.079452 0.14521
0.09863 0.14795
0.11781 0.14795
0.13699 0.14795
0.15616 0.14795
0.17534 0.14795
0.19452 0.14795
0.2137 0.14521
0.23288 0.14521
0.25205 0.14521
0.27123 0.14247
0.29041 0.14247
0.30959 0.14247
0.32877 0.14247
0.34795 0.14247
0.36712 0.13973
0.3863 0.13151
0.40548 0.12329
0.42466 0.12329
0.44384 0.12055
0.46301 0.12055
0.48219 0.12055
0.50137 0.11781
0.52055 0.11781
0.53973 0.11781
0.5589 0.11781
0.57808 0.11507
0.59726 0.11507
0.61644 0.11507
0.63562 0.11507
0.65479 0.11507
0.67397 0.11507
0.69315 0.10685
0.71233 0.10411
0.73151 0.10137
0.75068 0.09863
0.76986 0.09589
0.78904 0.090411
0.80822 0.090411
0.8274 0.090411
0.84658 0.093151
0.86575 0.090411
0.88493 0.084932
0.90411 0.090411
0.92329 0.093151
0.94247 0.093151
0.96164 0.093151
0.98082 0.079452
1 0.068493
1 0.049315
0.98082 0.041096
0.96164 0.030137
0.94247 0.019178
0.92329 0.024658
0.90411 0.027397
0.88493 0.030137
0.86575 0.030137
0.84658 0.021918
0.8274 0.027397
0.80822 0.030137
0.78904 0.030137
0.76986 0.027397
0.75068 0.027397
0.73151 0.024658
0.71233 0.021918
0.69315 0.021918
0.67397 0.013699
0.65479 0.010959
0.63562 0.010959
0.61644 0.010959
0.59726 0.010959
0.57808 0.010959
0.5589 0.010959
0.53973 0.013699
0.52055 0.013699
0.50137 0.013699
0.48219 0.013699
0.46301 0.016438
0.44384 0.016438
0.42466 0.016438
0.40548 0.016438
0.3863 0.013699
0.36712 0
0.34795 0
0.32877 0
0.30959 0
0.29041 0
0.27123 0
0.25205 0
0.23288 0
0.2137 0
0.19452 0
0.17534 0
0.15616 0
0.13699 0
0.11781 0
0.09863 0.0027397
0.079452 0.0027397
0.060274 0.0054795
0.041096 0.013699
0.021918 0.024658
0.0054795 0.043836
0.0054795 0.046575
# triangles
1 2 3
4 5 6
6 105 106
3 4 106
4 6 106
14 97 98
0 107 108
0 106 107
0 1 3
0 3 106
32 33 79
54 55 57
53 54 58
54 57 58
55 56 57
58 59 60
13 14 98
32 79 80
33 78 79
37 72 73
39 40 72
37 38 39
37 39 72
37 73 74
88 89 90
21 88 90
21 22 88
48 49 63
47 48 63
9 102 103
8 9 103
7 103 104
7 8 103
17 94 95
31 32 80
22 23 88
23 24 88
24 87 88
29 82 83
27 28 84
28 29 83
28 83 84
52 53 58
52 58 60
51 52 60
42 43 69
49 62 63
16 17 95
40 71 72
26 85 86
25 26 86
45 46 66
49 50 61
49 61 62
47 63 65
63 64 65
46 47 65
46 65 66
43 68 69
44 67 68
43 44 68
33 34 78
34 77 78
20 90 91
20 21 90
6 7 104
6 104 105
36 74 75
36 37 74
29 30 82
30 81 82
27 84 85
26 27 85
18 93 94
17 18 94
42 69 70
41 42 70
30 31 81
31 80 81
35 36 75
35 75 76
34 35 77
35 76 77
19 91 92
19 20 91
19 92 93
18 19 93
14 96 97
14 15 96
16 95 96
15 16 96
41 70 71
40 41 71
24 86 87
24 25 86
44 45 67
45 66 67
50 51 61
51 60 61
12 13 99
13 98 99
11 12 99
11 99 100
9 10 101
9 101 102
10 11 101
11 100 101
