# points
0.16142 0.52756
0.15354 0.54724
0.14567 0.56693
0.1378 0.58661
0.12992 0.6063
0.12205 0.62598
0.11417 0.64567
0.1063 0.66535
0.098425 0.68504
0.086614 0.70472
0.082677 0.72441
0.074803 0.74409
0.062992 0.76378
0.055118 0.78346
0.047244 0.80315
0.03937 0.82283
0.031496 0.84252
0.023622 0.8622
0.015748 0.88189
0.007874 0.90157
0 0.92126
0.003937 0.94094
0.011811 0.96063
0.019685 0.98031
0.03937 0.99213
0.059055 1
0.07874 1
0.098425 0.99606
0.11417 0.98031
0.12992 0.96063
0.14173 0.94094
0.14961 0.92126
0.15748 0.90157
0.16535 0.88189
0.17323 0.8622
0.1811 0.84252
0.18898 0.82283
0.20079 0.80315
0.20866 0.78346
0.21654 0.76378
0.22441 0.74409
0.23228 0.72441
0.24016 0.70472
0.24803 0.68504
0.25591 0.66535
0.26772 0.64567
0.27559 0.62598
0.28346 0.6063
0.29134 0.58661
0.29921 0.56693
0.30709 0.54724
0.31496 0.52756
0.32677 0.50787
0.33465 0.48819
0.34252 0.4685
0.35039 0.44882
0.35827 0.42913
0.36614 0.40945
0.37795 0.38976
0.38583 0.37008
0.3937 0.35039
0.40157 0.33071
0.40945 0.31102
0.41732 0.29134
0.4252 0.27165
0.43701 0.25197
0.44488 0.23228
0.45276 0.2126
0.46063 0.19291
0.46063 0.17323
0.46063 0.15354
0.46063 0.13386
0.46063 0.11417
0.46063 0.094488
0.46063 0.074803
0.46063 0.055118
0.4685 0.035433
0.47638 0.015748
0.47244 0
0.46063 0.015748
0.44882 0.035433
0.42913 0.055118
0.40945 0.070866
0.38976 0.086614
0.37008 0.1063
0.35433 0.12205
0.33465 0.1378
0.3189 0.15748
0.31102 0.17717
0.30315 0.19685
0.29134 0.21654
0.28346 0.23622
0.27559 0.25591
0.26772 0.27559
0.25984 0.29528
0.25197 0.31496
0.24409 0.33465
0.23622 0.35433
0.22835 0.37402
0.21654 0.3937
0.20866 0.41339
0.20079 0.43307
0.19291 0.45276
0.18504 0.47244
0.17717 0.49213
0.16929 0.51181
0.16142 0.52756
# triangles
22 23 24
22 24 28
22 28 29
26 27 28
24 25 26
24 26 28
51 52 102
51 102 103
58 59 96
52 53 102
53 101 102
55 99 100
65 66 89
18 29 30
77 78 79
49 50 105
50 104 105
50 51 104
51 103 104
2 46 47
5 43 44
7 41 42
10 38 39
59 60 95
59 95 96
54 55 100
53 54 101
54 100 101
67 85 86
66 88 89
66 67 88
62 63 92
62 92 93
63 91 92
64 65 89
63 64 91
18 19 29
19 22 29
19 21 22
19 20 21
16 17 32
75 80 81
75 76 80
76 77 79
76 79 80
71 83 84
72 82 83
71 72 83
70 84 85
70 71 84
48 49 105
3 45 46
2 3 46
3 44 45
6 7 42
5 6 43
6 42 43
7 8 41
8 40 41
8 39 40
8 10 39
8 9 10
60 94 95
57 58 96
57 96 97
55 98 99
57 97 98
61 62 93
60 61 94
61 93 94
67 86 87
67 87 88
64 89 90
64 90 91
17 31 32
17 18 31
18 30 31
16 32 33
15 16 33
15 33 34
12 13 36
72 73 82
69 70 85
67 68 69
67 69 85
1 2 47
1 47 48
4 5 44
3 4 44
55 56 98
56 57 98
13 35 36
14 15 34
14 34 35
13 14 35
11 37 38
10 11 38
11 36 37
11 12 36
74 75 81
74 81 82
73 74 82
0 48 105
0 1 48
