# points
0.014577 0.1691
0.023324 0.19242
0.026239 0.21574
0.043732 0.23615
0.067055 0.24781
0.090379 0.25656
0.1137 0.26822
0.13703 0.27405
0.16035 0.27988
0.18367 0.2828
0.207 0.28571
0.23032 0.29155
0.24781 0.31195
0.27114 0.31487
0.29446 0.32945
0.31778 0.34985
0.34111 0.36735
0.36443 0.38484
0.38776 0.39359
0.41108 0.39942
0.4344 0.40233
0.45773 0.40816
0.48105 0.41108
0.50437 0.41399
0.5277 0.41691
0.55102 0.41983
0.57434 0.41983
0.59767 0.42274
0.62099 0.41983
0.64431 0.41983
0.66764 0.41983
0.69096 0.41691
0.71429 0.41691
0.73761 0.41691
0.76093 0.41399
0.78426 0.40816
0.80758 0.3965
0.8309 0.38484
0.85423 0.37026
0.87755 0.35569
0.90087 0.34111
0.91837 0.3207
0.94169 0.31778
0.96501 0.30904
0.98542 0.28571
0.99417 0.26239
0.99417 0.23907
0.99417 0.21574
0.99708 0.19242
1 0.1691
0.99125 0.14577
0.98251 0.12245
0.9621 0.10787
0.93878 0.093294
0.93003 0.069971
0.91837 0.046647
0.90087 0.03207
0.87755 0.03207
0.85423 0.037901
0.8309 0.043732
0.81924 0.067055
0.79592 0.075802
0.77259 0.075802
0.74927 0.072886
0.72595 0.072886
0.70262 0.072886
0.6793 0.069971
0.65598 0.069971
0.63265 0.067055
0.60933 0.067055
0.58601 0.069971
0.56268 0.067055
0.53936 0.058309
0.51603 0.037901
0.49563 0.014577
0.4723 0
0.44898 0
0.42566 0
0.40233 0.0087464
0.37901 0.020408
0.36443 0.043732
0.34111 0.049563
0.31778 0.049563
0.29446 0.049563
0.27114 0.049563
0.24781 0.049563
0.22449 0.052478
0.207 0.037901
0.19242 0.017493
0.1691 0.0058309
0.14577 0.0029155
0.12245 0.0029155
0.099125 0.0029155
0.078717 0.017493
0.06414 0.040816
0.040816 0.061224
0.020408 0.067055
0.011662 0.090379
0.0058309 0.1137
0 0.13703
0.0087464 0.16035
0.014577 0.1691
# triangles
44 45 46
1 2 3
1 3 4
20 71 72
31 32 65
34 35 36
47 48 53
55 56 57
11 13 82
11 82 83
10 11 86
16 20 72
15 16 72
15 72 80
11 12 13
1 4 5
31 65 66
26 27 28
28 68 69
22 23 71
91 92 93
78 79 80
32 33 36
33 34 36
91 93 94
90 91 94
1 5 94
5 86 94
53 60 61
58 59 60
48 49 50
53 54 60
54 58 60
54 57 58
54 55 57
41 46 47
41 47 53
41 53 61
36 63 64
32 64 65
32 36 64
36 37 62
36 62 63
11 83 84
14 15 80
72 73 80
28 67 68
28 29 67
31 66 67
23 24 71
26 28 70
28 69 70
24 70 71
98 99 100
0 98 100
95 96 97
95 97 98
0 95 98
0 1 95
1 94 95
87 90 94
86 87 94
87 89 90
87 88 89
50 51 52
48 52 53
48 50 52
39 41 61
39 61 62
42 44 46
41 42 46
42 43 44
11 85 86
11 84 85
16 17 18
13 14 81
14 80 81
13 81 82
76 77 78
76 78 80
73 76 80
73 74 76
74 75 76
9 10 86
8 9 86
7 8 86
5 6 7
5 7 86
30 31 67
29 30 67
20 21 71
21 22 71
25 26 70
24 25 70
37 38 62
38 39 62
39 40 41
16 19 20
16 18 19
