# points
0.019868 0.27483
0.039735 0.29801
0.062914 0.32119
0.086093 0.33113
0.10927 0.34437
0.13245 0.3543
0.15563 0.36424
0.17881 0.37417
0.19536 0.39735
0.20861 0.42053
0.23179 0.44371
0.25497 0.46689
0.27815 0.49007
0.30132 0.51325
0.3245 0.53642
0.34768 0.55629
0.37086 0.56954
0.39404 0.58278
0.41722 0.5894
0.4404 0.59272
0.46358 0.59272
0.48675 0.59272
0.50993 0.59272
0.53311 0.59272
0.55629 0.59272
0.57947 0.5894
0.60265 0.5894
0.62583 0.5894
0.64901 0.5894
0.67219 0.5894
0.69536 0.5894
0.71854 0.5894
0.74172 0.5894
0.7649 0.5894
0.78808 0.59272
0.81126 0.59272
0.83444 0.59272
0.85762 0.59272
0.88079 0.58609
0.90397 0.56954
0.92715 0.54636
0.94702 0.52318
0.95364 0.5
0.95695 0.47682
0.96026 0.45364
0.96689 0.43046
0.9702 0.40728
0.97351 0.38411
0.97682 0.36093
0.98013 0.33775
0.98013 0.31457
0.98013 0.29139
0.98344 0.26821
0.99669 0.24503
1 0.22185
1 0.19868
0.99669 0.1755
0.99669 0.15232
0.99338 0.12914
0.97682 0.11258
0.95364 0.10596
0.93046 0.10265
0.90728 0.10265
0.88411 0.10596
0.86755 0.12583
0.84437 0.13576
0.82119 0.13245
0.79801 0.12914
0.77483 0.12583
0.75166 0.12252
0.72848 0.11921
0.7053 0.11589
0.68212 0.10927
0.65894 0.10596
0.63576 0.089404
0.61258 0.072848
0.5894 0.05298
0.56623 0.029801
0.54636 0.0099338
0.52318 0
0.5 0
0.47682 0.0033113
0.45364 0.013245
0.43709 0.036424
0.41722 0.059603
0.39404 0.076159
0.37086 0.076159
0.34768 0.076159
0.3245 0.076159
0.30132 0.076159
0.27815 0.082781
0.25497 0.086093
0.23179 0.092715
0.20861 0.089404
0.19205 0.066225
0.17219 0.043046
0.14901 0.029801
0.12583 0.029801
0.10265 0.029801
0.07947 0.036424
0.066225 0.059603
0.056291 0.082781
0.046358 0.10596
0.023179 0.11589
0.0099338 0.13907
0 0.16225
0.0033113 0.18543
0.0033113 0.20861
0.0066225 0.23179
0.0099338 0.25497
0.019868 0.27483
# triangles
54 55 64
62 63 64
61 62 64
12 13 85
57 58 59
57 59 60
40 41 42
48 49 50
52 53 54
52 54 64
78 79 80
77 78 80
11 12 85
10 11 85
56 61 64
55 56 64
56 60 61
56 57 60
0 108 109
0 1 108
1 93 108
44 45 46
33 44 46
37 38 39
7 88 90
102 107 108
93 102 108
77 80 83
76 77 83
76 83 84
10 85 86
8 10 86
40 42 43
32 46 47
32 33 46
47 48 67
75 84 85
75 76 84
7 91 92
7 90 91
88 89 90
102 106 107
81 82 83
80 81 83
14 15 16
16 18 19
16 17 18
8 86 87
7 87 88
7 8 87
8 9 10
6 7 92
6 92 93
1 2 3
1 3 93
3 4 93
35 43 44
32 47 68
32 68 69
47 67 68
48 50 66
48 66 67
104 105 106
102 104 106
102 103 104
98 99 100
4 5 93
5 6 93
33 34 44
34 35 44
36 40 43
35 36 43
36 39 40
36 37 39
50 51 65
50 65 66
51 52 65
52 64 65
93 101 102
93 94 101
95 96 97
97 98 100
97 100 101
94 95 97
94 97 101
25 26 73
22 73 85
31 32 69
30 31 69
74 75 85
73 74 85
28 29 71
71 72 73
30 69 70
29 30 70
29 70 71
26 27 73
27 28 71
27 71 73
23 25 73
22 23 73
16 19 20
14 16 20
23 24 25
13 14 21
14 20 21
13 21 85
21 22 85
