# points
0.0070093 0.20561
0.0093458 0.22664
0.023364 0.24766
0.044393 0.26636
0.065421 0.27336
0.086449 0.28037
0.10748 0.28505
0.1285 0.28738
0.14953 0.28972
0.17056 0.29439
0.19159 0.29673
0.21262 0.3014
0.23364 0.30374
0.25467 0.30607
0.2757 0.31075
0.29439 0.33178
0.30841 0.3528
0.32243 0.37383
0.34112 0.39486
0.36215 0.41355
0.38318 0.42056
0.40421 0.4229
0.42523 0.42523
0.44626 0.42523
0.46729 0.42757
0.48832 0.42523
0.50935 0.42757
0.53037 0.42523
0.5514 0.42523
0.57243 0.42523
0.59346 0.42056
0.61449 0.42056
0.63551 0.41822
0.65654 0.41589
0.67757 0.41355
0.6986 0.40888
0.71963 0.40654
0.74065 0.40421
0.76168 0.39953
0.78271 0.39486
0.80374 0.39252
0.82477 0.38318
0.84579 0.36916
0.86682 0.35514
0.88785 0.33411
0.90888 0.31776
0.92757 0.29673
0.94626 0.2757
0.96495 0.25467
0.97897 0.23364
0.99065 0.21262
0.99533 0.19159
0.99766 0.17056
0.99766 0.14953
0.99766 0.1285
1 0.10748
0.99065 0.086449
0.96963 0.081776
0.9486 0.070093
0.93458 0.049065
0.91355 0.03271
0.89252 0.025701
0.8715 0.025701
0.85047 0.028037
0.82944 0.042056
0.81542 0.063084
0.79907 0.077103
0.77804 0.077103
0.75701 0.077103
0.73598 0.074766
0.71495 0.074766
0.69393 0.07243
0.6729 0.07243
0.65187 0.070093
0.63084 0.07243
0.60981 0.070093
0.58879 0.070093
0.56776 0.070093
0.54673 0.067757
0.53037 0.049065
0.51402 0.030374
0.49299 0.014019
0.47196 0
0.45093 0
0.42991 0.0023364
0.40888 0.0093458
0.39019 0.025701
0.37617 0.046729
0.35981 0.063084
0.33879 0.063084
0.31776 0.065421
0.29673 0.067757
0.2757 0.070093
0.25467 0.074766
0.23364 0.077103
0.21262 0.079439
0.19159 0.077103
0.17056 0.070093
0.14953 0.070093
0.1285 0.074766
0.10748 0.088785
0.086449 0.10514
0.065421 0.10981
0.044393 0.11916
0.025701 0.13551
0.0046729 0.15187
0 0.1729
0.0070093 0.19393
0.0070093 0.20561
# triangles
15 78 88
9 10 95
14 15 88
14 90 91
15 23 78
78 87 88
84 85 86
81 84 86
81 86 87
52 53 58
23 24 25
23 25 78
32 33 74
25 27 78
25 26 27
104 105 106
81 82 83
81 83 84
53 57 58
55 56 57
6 7 101
14 88 89
14 89 90
14 91 92
5 6 101
49 50 51
78 79 87
30 31 74
31 32 74
30 76 77
27 77 78
30 74 75
30 75 76
60 61 62
59 60 62
58 59 65
59 62 65
104 106 107
54 55 57
53 54 57
102 103 104
102 104 107
9 95 96
96 97 98
17 21 22
33 34 74
34 35 74
2 3 4
4 5 101
4 101 102
4 102 107
39 40 41
80 81 87
79 80 87
37 38 70
45 46 66
48 49 66
49 51 66
51 52 66
52 58 66
58 65 66
0 1 2
0 2 4
0 4 107
98 99 100
96 98 100
7 8 101
8 9 96
8 100 101
8 96 100
15 16 23
16 22 23
16 17 22
10 11 95
18 19 20
17 18 21
18 20 21
35 36 70
36 37 70
39 41 42
28 29 30
28 30 77
27 28 77
62 63 64
62 64 65
35 70 71
47 48 66
46 47 66
44 45 66
44 66 67
42 43 44
42 44 67
38 69 70
35 71 72
35 72 74
72 73 74
38 39 68
38 68 69
42 67 68
39 42 68
12 93 94
12 13 93
13 92 93
13 14 92
11 12 94
11 94 95
