# points
0 0.23434
0.0023202 0.25522
0.0069606 0.2761
0.027842 0.28306
0.048724 0.29466
0.069606 0.3109
0.090487 0.32483
0.11137 0.33875
0.13225 0.35267
0.15313 0.36427
0.17401 0.37587
0.1949 0.38515
0.21578 0.39211
0.23666 0.40139
0.25754 0.40603
0.27842 0.40835
0.2993 0.41067
0.32019 0.41067
0.34107 0.41067
0.36195 0.41299
0.38283 0.41299
0.39675 0.42459
0.40139 0.44548
0.41067 0.46636
0.43155 0.46868
0.45012 0.4594
0.45012 0.43852
0.4594 0.41763
0.48028 0.41299
0.50116 0.41067
0.52204 0.40603
0.54292 0.40139
0.56381 0.38979
0.58469 0.37819
0.60557 0.36195
0.62645 0.34803
0.64733 0.32715
0.66821 0.30626
0.6891 0.30394
0.70998 0.30162
0.73086 0.2993
0.75174 0.29698
0.77262 0.29466
0.7935 0.29002
0.81439 0.2877
0.83527 0.28538
0.85615 0.28074
0.87703 0.2761
0.89791 0.27146
0.91879 0.2645
0.93968 0.2529
0.96056 0.23898
0.97912 0.2181
0.9884 0.19722
0.99072 0.17633
0.99072 0.15545
0.99536 0.13457
1 0.11369
0.9884 0.092807
0.96752 0.076566
0.94664 0.067285
0.92575 0.062645
0.90487 0.060325
0.88399 0.055684
0.86311 0.051044
0.84223 0.041763
0.82135 0.032483
0.80046 0.030162
0.77958 0.034803
0.7587 0.034803
0.73782 0.032483
0.71694 0.032483
0.69606 0.034803
0.67517 0.034803
0.65429 0.037123
0.63341 0.037123
0.61253 0.039443
0.59165 0.041763
0.57077 0.044084
0.54988 0.044084
0.529 0.025522
0.50812 0.0092807
0.48724 0.0023202
0.46636 0
0.44548 0.0046404
0.42459 0.018561
0.40371 0.037123
0.39443 0.058005
0.37819 0.074246
0.35731 0.078886
0.33643 0.081206
0.31555 0.085847
0.29466 0.090487
0.27378 0.095128
0.2529 0.097448
0.23202 0.10209
0.21114 0.10441
0.19026 0.10673
0.17169 0.092807
0.15081 0.081206
0.12993 0.076566
0.10905 0.078886
0.088167 0.090487
0.069606 0.10905
0.062645 0.12993
0.046404 0.14385
0.025522 0.14849
0.0069606 0.16241
0.0023202 0.18329
0 0.20418
0 0.22506
0 0.23434
# triangles
38 73 74
56 59 60
55 56 60
56 58 59
56 57 58
105 108 109
105 109 110
83 84 85
55 60 61
24 25 26
22 24 26
22 23 24
82 83 85
29 30 88
28 29 88
20 28 88
37 38 74
40 71 72
39 40 72
38 39 73
39 72 73
41 42 69
41 69 70
41 70 71
40 41 71
52 53 54
51 52 54
50 54 55
50 51 54
99 102 104
102 103 104
106 107 108
105 106 108
100 101 102
99 100 102
79 87 88
85 86 87
4 105 110
4 104 105
55 61 62
50 55 62
48 62 63
45 46 64
20 27 28
37 78 79
37 75 76
37 74 75
34 79 88
97 98 104
98 99 104
20 88 89
19 20 89
80 85 87
80 82 85
80 81 82
79 80 87
0 3 110
3 4 110
0 1 3
1 2 3
4 5 104
5 6 97
5 97 104
6 7 97
48 49 62
49 50 62
47 48 63
47 63 64
46 47 64
20 21 27
21 22 26
21 26 27
36 37 79
34 36 79
30 32 88
32 34 88
66 67 68
65 66 68
44 45 64
44 64 65
44 65 68
9 96 97
9 10 96
18 90 91
17 18 92
18 91 92
18 19 89
18 89 90
37 76 77
37 77 78
12 93 94
12 15 93
15 16 93
17 92 93
16 17 93
8 9 97
7 8 97
34 35 36
30 31 32
32 33 34
43 44 68
42 43 69
43 68 69
12 94 95
10 95 96
12 14 15
12 13 14
11 12 95
10 11 95
