# points
0.052342 0.2259
0.07438 0.24518
0.096419 0.25344
0.11846 0.2562
0.1405 0.26171
0.16253 0.26446
0.18457 0.26997
0.20661 0.27548
0.22865 0.27824
0.24793 0.2865
0.25069 0.30854
0.27273 0.3168
0.29477 0.31956
0.3168 0.33884
0.33884 0.35813
0.36088 0.36915
0.38292 0.37741
0.40496 0.38292
0.427 0.38567
0.44904 0.38843
0.47107 0.39118
0.49311 0.39394
0.51515 0.39394
0.53719 0.39669
0.55923 0.39945
0.58127 0.39945
0.60331 0.39945
0.62534 0.39669
0.64738 0.39669
0.66942 0.39669
0.69146 0.39669
0.7135 0.39669
0.73554 0.39669
0.75758 0.39669
0.77961 0.39118
0.80165 0.38292
0.82369 0.36639
0.84573 0.34711
0.86777 0.32507
0.88981 0.30303
0.91185 0.29201
0.93388 0.29201
0.95592 0.29201
0.97796 0.28926
0.98623 0.26722
0.98623 0.24518
0.98623 0.22314
0.99174 0.2011
1 0.18182
0.98623 0.15978
0.96419 0.1405
0.94215 0.13223
0.93113 0.11295
0.91185 0.090909
0.88981 0.071625
0.86777 0.063361
0.84573 0.063361
0.82369 0.063361
0.80165 0.07438
0.79339 0.096419
0.77135 0.099174
0.74931 0.099174
0.72727 0.099174
0.70523 0.093664
0.6832 0.085399
0.66116 0.07989
0.63912 0.07438
0.61708 0.071625
0.59504 0.066116
0.573 0.063361
0.55096 0.060606
0.52893 0.057851
0.51791 0.038567
0.49862 0.022039
0.47658 0.0055096
0.45455 0
0.43251 0.0027548
0.41047 0.0027548
0.38843 0.011019
0.36639 0.024793
0.34711 0.046832
0.32507 0.052342
0.30303 0.052342
0.28099 0.055096
0.25895 0.055096
0.23691 0.055096
0.21488 0.055096
0.19284 0.044077
0.1708 0.024793
0.14876 0.024793
0.12672 0.024793
0.10468 0.038567
0.085399 0.060606
0.066116 0.07989
0.044077 0.07989
0.022039 0.093664
0.011019 0.1157
0.0027548 0.13774
0 0.15978
0.0082645 0.18182
0.030303 0.19284
0.046832 0.21212
0.052342 0.2259
# triangles
8 9 83
93 95 96
47 48 49
54 55 56
56 57 59
17 18 71
22 70 71
93 94 95
23 24 67
39 51 59
39 40 51
39 59 60
38 39 60
74 75 76
71 76 80
3 86 93
3 4 86
29 30 62
30 31 62
22 69 70
22 23 69
24 25 67
25 26 67
27 66 67
26 27 67
27 28 64
46 47 51
40 46 51
42 43 44
42 44 45
47 49 50
47 50 51
36 37 62
37 61 62
37 38 61
38 60 61
57 58 59
41 42 45
40 41 46
41 45 46
27 65 66
27 64 65
28 29 63
28 63 64
29 62 63
71 73 76
73 74 76
89 90 91
8 83 84
18 19 71
19 20 71
21 22 71
20 21 71
13 15 16
13 71 80
12 13 80
13 17 71
13 16 17
9 10 11
9 11 12
93 96 100
96 97 100
97 98 100
98 99 100
23 67 68
23 68 69
53 54 56
53 56 59
32 34 36
32 33 34
31 32 62
32 36 62
34 35 36
71 72 73
87 88 89
86 87 93
87 92 93
87 89 91
87 91 92
8 84 85
4 5 86
5 6 86
7 8 85
6 7 86
7 85 86
13 14 15
9 82 83
76 77 78
76 78 80
78 79 80
93 100 101
3 93 101
2 3 101
1 2 101
0 1 101
51 52 59
52 53 59
9 81 82
9 12 81
12 80 81
