# points
0.056497 0.19774
0.073446 0.22034
0.096045 0.22599
0.11864 0.22599
0.14124 0.22881
0.16384 0.23164
0.18644 0.23446
0.20904 0.23729
0.23164 0.23729
0.24011 0.25424
0.25424 0.27119
0.27684 0.27966
0.29944 0.27966
0.32203 0.29661
0.34463 0.31638
0.36723 0.33898
0.38983 0.35593
0.41243 0.36441
0.43503 0.37006
0.45763 0.36723
0.48023 0.37006
0.50282 0.37288
0.52542 0.37571
0.54802 0.37571
0.57062 0.37571
0.59322 0.37571
0.61582 0.37571
0.63842 0.37571
0.66102 0.37571
0.68362 0.37288
0.70621 0.37006
0.72881 0.36723
0.75141 0.36723
0.77401 0.36441
0.79661 0.35311
0.81921 0.33616
0.83898 0.31356
0.85876 0.29096
0.87571 0.26836
0.89831 0.24859
0.9209 0.24576
0.9435 0.24576
0.9661 0.24294
0.98305 0.22034
0.99435 0.19774
1 0.17514
0.99718 0.15254
0.99718 0.12994
0.99718 0.10734
0.9774 0.084746
0.9548 0.076271
0.9322 0.070621
0.91808 0.053672
0.90395 0.033898
0.88136 0.028249
0.85876 0.028249
0.83616 0.031073
0.81638 0.045198
0.79379 0.053672
0.77119 0.053672
0.74859 0.053672
0.72599 0.050847
0.70339 0.048023
0.68079 0.048023
0.65819 0.045198
0.63559 0.045198
0.61299 0.042373
0.5904 0.039548
0.5678 0.031073
0.5452 0.016949
0.52542 0.0028249
0.50282 0
0.48023 0
0.45763 0
0.43503 0.0028249
0.41525 0.011299
0.40678 0.033898
0.38418 0.036723
0.36158 0.033898
0.33898 0.033898
0.31638 0.033898
0.29379 0.033898
0.27119 0.033898
0.24859 0.033898
0.22599 0.036723
0.20621 0.025424
0.18644 0.0056497
0.16384 0
0.14124 0
0.11864 0.0028249
0.096045 0.011299
0.073446 0.025424
0.056497 0.045198
0.033898 0.050847
0.014124 0.059322
0.0084746 0.081921
0 0.10452
0.0028249 0.12712
0.022599 0.13842
0.031073 0.16102
0.039548 0.18362
0.056497 0.19774
# triangles
47 48 49
47 49 50
96 97 98
69 70 71
8 80 81
8 79 80
13 76 77
38 39 58
0 99 100
32 33 34
32 34 35
68 69 76
19 68 76
22 23 67
9 10 11
0 1 2
7 8 84
0 92 99
92 98 99
12 13 77
8 12 79
8 9 12
9 11 12
37 38 60
13 14 76
14 19 76
69 71 72
69 72 76
74 75 76
40 43 44
95 96 98
93 94 95
92 95 98
92 93 95
36 37 60
27 28 63
27 63 64
28 29 63
30 62 63
29 30 63
19 20 68
23 24 67
24 66 67
24 25 66
4 5 84
5 6 84
6 7 84
17 18 19
39 40 51
30 61 62
38 58 59
38 59 60
14 15 19
15 17 19
15 16 17
73 74 76
72 73 76
12 78 79
12 77 78
41 42 43
40 41 43
44 45 46
40 44 46
40 46 51
46 47 50
46 50 51
21 67 68
20 21 68
21 22 67
0 2 3
0 3 92
8 83 84
85 90 92
4 84 85
85 88 89
85 89 90
3 85 92
3 4 85
90 91 92
55 56 57
39 57 58
39 51 57
31 36 60
31 60 61
30 31 61
31 32 35
31 35 36
25 26 65
25 65 66
26 27 65
27 64 65
8 81 82
8 82 83
85 87 88
85 86 87
52 55 57
51 52 57
52 54 55
52 53 54
