# points
0.068241 0.25197
0.089239 0.25459
0.11024 0.25984
0.13123 0.26247
0.15223 0.26772
0.17323 0.27034
0.19423 0.27559
0.21522 0.27822
0.23622 0.28084
0.25722 0.28346
0.27822 0.28609
0.29921 0.28871
0.32021 0.29134
0.34121 0.30709
0.35696 0.32808
0.3727 0.34908
0.3937 0.37008
0.41207 0.38583
0.43307 0.39895
0.45407 0.4042
0.47507 0.4042
0.49606 0.4042
0.51706 0.4042
0.53806 0.4042
0.55906 0.40157
0.58005 0.40157
0.60105 0.39895
0.62205 0.39895
0.64304 0.39633
0.66404 0.3937
0.68504 0.39108
0.70604 0.38845
0.72703 0.38583
0.74803 0.38583
0.76903 0.3832
0.79003 0.38058
0.81102 0.37533
0.83202 0.3727
0.85302 0.35958
0.87402 0.34383
0.88976 0.32283
0.90289 0.30184
0.91601 0.28084
0.93701 0.27034
0.95801 0.26509
0.979 0.25722
0.99475 0.23885
0.99475 0.21785
0.99475 0.19685
1 0.17585
0.99738 0.15486
0.97638 0.14173
0.95538 0.13386
0.93438 0.12861
0.91339 0.11811
0.90026 0.097113
0.88451 0.07874
0.86352 0.068241
0.84252 0.068241
0.82152 0.07874
0.80577 0.097113
0.78478 0.10499
0.76378 0.10236
0.74278 0.099738
0.72178 0.097113
0.70079 0.094488
0.67979 0.091864
0.65879 0.089239
0.6378 0.08399
0.6168 0.08399
0.5958 0.081365
0.5748 0.07874
0.55381 0.073491
0.53281 0.070866
0.51969 0.049869
0.50656 0.028871
0.48556 0.013123
0.46457 0.0052493
0.44357 0
0.42257 0.0026247
0.40157 0.007874
0.38058 0.020997
0.36483 0.041995
0.34908 0.060367
0.32808 0.060367
0.30709 0.057743
0.28609 0.060367
0.26509 0.062992
0.24409 0.068241
0.2231 0.070866
0.2021 0.076115
0.1811 0.07874
0.1601 0.070866
0.13911 0.065617
0.11811 0.065617
0.097113 0.073491
0.076115 0.091864
0.055118 0.10761
0.034121 0.11286
0.013123 0.12336
0 0.14436
0.0026247 0.16535
0.020997 0.18635
0.023622 0.20735
0.031496 0.22835
0.049869 0.24672
0.068241 0.25197
# triangles
13 73 83
12 13 83
49 50 51
48 49 51
99 100 101
98 99 102
99 101 102
45 46 47
13 14 73
17 18 19
3 4 91
4 5 91
14 21 73
42 53 54
8 9 88
9 10 88
10 87 88
73 82 83
73 74 82
0 104 105
17 19 20
16 17 20
16 20 21
15 16 21
14 15 21
21 22 73
28 29 67
48 51 52
48 52 53
31 32 64
42 54 60
42 60 61
54 55 60
34 35 61
1 97 102
97 98 102
93 94 95
7 8 89
8 88 89
44 45 47
44 47 48
35 36 61
36 40 61
74 75 76
74 77 82
74 76 77
0 103 104
10 86 87
10 11 86
28 67 69
27 28 69
22 23 71
32 63 64
1 2 96
1 96 97
2 3 96
91 92 96
3 91 96
93 95 96
92 93 96
7 89 90
6 7 90
5 6 90
5 90 91
41 42 61
40 41 61
43 48 53
43 44 48
42 43 53
38 39 40
36 38 40
36 37 38
29 66 67
29 30 66
31 64 65
30 31 65
30 65 66
11 84 86
12 83 84
11 12 84
26 27 69
67 68 69
23 24 71
22 72 73
22 71 72
34 61 62
32 62 63
77 78 79
77 79 82
79 80 82
80 81 82
26 69 70
25 26 70
24 25 70
24 70 71
32 33 62
33 34 62
84 85 86
55 56 60
56 59 60
56 58 59
56 57 58
0 1 103
1 102 103
