# points
0.0034843 0.21603
0.017422 0.23693
0.038328 0.25784
0.059233 0.26829
0.080139 0.27875
0.10105 0.2892
0.12195 0.29965
0.14286 0.3101
0.16376 0.32056
0.18467 0.32753
0.20557 0.33449
0.22648 0.34146
0.24739 0.34843
0.26829 0.3554
0.2892 0.36237
0.3101 0.36585
0.33101 0.36585
0.35192 0.36934
0.37282 0.36934
0.39373 0.37282
0.41463 0.37631
0.43554 0.37631
0.45645 0.37979
0.47735 0.37282
0.49826 0.36237
0.51916 0.35889
0.54007 0.35192
0.56098 0.34843
0.58188 0.34495
0.60279 0.34146
0.62369 0.34146
0.6446 0.33798
0.66551 0.32753
0.68641 0.31707
0.70732 0.3101
0.72822 0.3101
0.74913 0.30314
0.77003 0.2892
0.79094 0.28571
0.81185 0.28571
0.83275 0.2892
0.85366 0.2892
0.87456 0.29268
0.89547 0.29268
0.91638 0.28223
0.93728 0.26132
0.95819 0.2439
0.97213 0.223
0.98258 0.20209
0.99303 0.18118
1 0.16028
0.99652 0.13937
0.98955 0.11847
0.98606 0.097561
0.98258 0.076655
0.96516 0.059233
0.94425 0.04878
0.92334 0.038328
0.90244 0.031359
0.88153 0.031359
0.86063 0.027875
0.83972 0.02439
0.81882 0.034843
0.79791 0.052265
0.777 0.062718
0.7561 0.062718
0.73519 0.059233
0.71429 0.059233
0.69338 0.055749
0.67247 0.052265
0.65157 0.052265
0.63066 0.052265
0.60976 0.045296
0.59233 0.031359
0.57143 0.013937
0.55052 0.0034843
0.52962 0
0.50871 0
0.4878 0
0.4669 0.010453
0.44599 0.020906
0.42857 0.038328
0.41463 0.059233
0.39373 0.069686
0.37282 0.069686
0.35192 0.069686
0.33101 0.073171
0.3101 0.073171
0.2892 0.073171
0.26829 0.076655
0.24739 0.076655
0.22648 0.080139
0.20557 0.083624
0.18467 0.090592
0.16376 0.083624
0.15331 0.062718
0.1324 0.055749
0.1115 0.052265
0.090592 0.04878
0.069686 0.04878
0.04878 0.059233
0.027875 0.073171
0.017422 0.094077
0.010453 0.11498
0.0069686 0.13589
0.0034843 0.15679
0 0.1777
0 0.19861
0.0034843 0.21603
# triangles
97 102 103
100 101 102
98 100 102
97 98 102
42 44 45
98 99 100
53 54 55
0 1 107
1 106 107
42 43 44
84 85 86
53 55 56
45 46 47
45 47 63
47 48 63
52 56 57
52 53 56
48 49 52
30 31 32
24 26 82
26 72 82
26 27 72
29 30 32
34 67 68
33 34 70
68 69 70
34 68 70
41 42 45
41 45 63
14 15 16
77 78 79
79 80 81
79 81 82
87 88 89
72 73 82
73 79 82
73 77 79
73 76 77
5 6 93
8 9 93
12 87 89
94 95 96
94 104 105
94 96 97
94 103 104
94 97 103
4 5 94
5 93 94
48 59 63
48 52 59
59 60 63
57 58 59
52 57 59
49 50 51
49 51 52
24 25 26
27 28 72
28 29 72
29 71 72
29 32 71
32 33 71
33 70 71
34 35 36
60 61 62
60 62 63
24 82 83
74 75 76
73 74 76
3 105 106
3 94 105
3 4 94
1 3 106
1 2 3
7 8 93
6 7 93
11 12 89
12 13 87
13 86 87
13 14 16
13 16 86
16 17 18
18 83 84
18 19 83
21 24 83
21 23 24
19 20 21
19 21 83
21 22 23
10 91 92
89 90 91
40 41 63
34 37 67
34 36 37
37 66 67
38 39 64
39 63 64
39 40 63
38 64 65
37 38 65
37 65 66
9 10 92
9 92 93
16 18 86
18 84 86
10 11 91
11 89 91
