# points
0.018617 0.20213
0.031915 0.22074
0.047872 0.2367
0.069149 0.24202
0.090426 0.24468
0.1117 0.25
0.13298 0.25266
0.15426 0.2633
0.16489 0.28457
0.17553 0.30319
0.19681 0.30585
0.20745 0.28723
0.19149 0.27128
0.17021 0.26862
0.18617 0.26064
0.20745 0.2633
0.22872 0.26596
0.25 0.26862
0.27128 0.27128
0.29255 0.27394
0.31383 0.28723
0.33511 0.30585
0.35106 0.32181
0.37234 0.33777
0.39362 0.35372
0.41489 0.36702
0.43617 0.37766
0.45745 0.38032
0.47872 0.38298
0.5 0.38564
0.52128 0.38564
0.54255 0.38564
0.56383 0.38564
0.58511 0.38564
0.60638 0.38564
0.62766 0.38564
0.64894 0.38298
0.67021 0.38032
0.69149 0.37766
0.71277 0.37766
0.73404 0.37234
0.75532 0.37234
0.7766 0.36702
0.79787 0.3617
0.81915 0.35638
0.84043 0.34043
0.8617 0.32181
0.88032 0.30319
0.89894 0.28191
0.92021 0.2633
0.94149 0.24734
0.96277 0.23936
0.98404 0.22074
0.98936 0.19947
0.98936 0.17819
0.99202 0.15691
1 0.13564
0.98936 0.11436
0.96809 0.10106
0.94681 0.095745
0.93883 0.074468
0.92819 0.053191
0.90691 0.034574
0.88564 0.026596
0.86436 0.026596
0.84309 0.034574
0.82181 0.053191
0.81117 0.074468
0.79521 0.090426
0.77394 0.090426
0.75266 0.093085
0.73138 0.087766
0.71011 0.087766
0.68883 0.085106
0.66755 0.066489
0.64628 0.058511
0.625 0.06117
0.60372 0.071809
0.58245 0.079787
0.56117 0.079787
0.54255 0.06117
0.53191 0.039894
0.51064 0.018617
0.48936 0.0053191
0.46809 0
0.44681 0
0.42553 0.0026596
0.40426 0.010638
0.38564 0.023936
0.36968 0.045213
0.3484 0.050532
0.32713 0.050532
0.30585 0.050532
0.28457 0.050532
0.2633 0.053191
0.24202 0.053191
0.22074 0.055851
0.19947 0.047872
0.17819 0.034574
0.15691 0.031915
0.13564 0.031915
0.11436 0.042553
0.095745 0.06117
0.074468 0.074468
0.053191 0.082447
0.034574 0.095745
0.013298 0.10638
0 0.125
0 0.14628
0.013298 0.16755
0.015957 0.18883
0.018617 0.20213
# triangles
82 84 85
55 56 57
6 102 103
82 83 84
51 52 53
18 19 92
19 20 90
20 21 89
20 89 90
54 55 59
50 53 54
50 51 53
50 54 59
6 97 102
6 96 97
19 91 92
19 90 91
85 86 89
86 87 89
55 57 58
55 58 59
49 50 68
50 59 68
0 1 110
4 103 109
25 26 27
24 25 27
9 10 12
40 41 42
38 40 72
38 39 40
29 30 79
28 29 79
23 24 79
27 28 79
24 27 79
30 31 79
31 32 79
21 79 89
21 22 79
22 23 79
18 92 93
18 93 94
15 16 96
16 95 96
16 94 95
87 88 89
99 100 101
97 98 99
99 101 102
97 99 102
48 49 68
47 48 68
103 104 109
104 105 109
106 107 108
106 108 109
105 106 109
5 6 103
4 5 103
1 3 110
1 2 3
10 11 12
6 7 14
6 14 96
14 15 96
8 9 12
43 44 45
79 80 89
80 82 85
80 85 89
32 33 78
32 78 79
33 34 78
34 35 78
35 36 78
17 18 94
16 17 94
59 67 68
59 60 67
8 12 13
7 13 14
7 8 13
43 45 70
42 43 70
40 42 70
45 46 70
40 70 72
70 71 72
46 47 70
80 81 82
36 73 78
36 37 73
37 38 73
38 72 73
73 77 78
73 74 77
47 68 69
47 69 70
74 75 76
74 76 77
3 4 109
3 109 110
62 64 65
62 63 64
62 65 66
61 62 66
60 61 66
60 66 67
