# points
0.0084986 0.1898
0.022663 0.21246
0.042493 0.23513
0.056657 0.25779
0.07932 0.26912
0.10198 0.28045
0.12465 0.28895
0.14731 0.29462
0.16997 0.29745
0.19263 0.30028
0.2153 0.30312
0.23796 0.30595
0.26062 0.31445
0.24646 0.33711
0.26346 0.35411
0.28612 0.35694
0.30878 0.35977
0.33144 0.38244
0.35411 0.40227
0.37677 0.4136
0.39943 0.42493
0.4221 0.43059
0.44476 0.43626
0.46742 0.43909
0.49008 0.44193
0.51275 0.44193
0.53541 0.44476
0.55807 0.44476
0.58074 0.44759
0.6034 0.44759
0.62606 0.44759
0.64873 0.45042
0.67139 0.44759
0.69405 0.44759
0.71671 0.44476
0.73938 0.44476
0.76204 0.44193
0.7847 0.43909
0.80737 0.43059
0.83003 0.41643
0.85269 0.39943
0.87535 0.38244
0.89802 0.36544
0.91218 0.34278
0.93201 0.32295
0.95467 0.32295
0.97167 0.30595
0.98017 0.28329
0.98584 0.26062
0.98867 0.23796
0.99433 0.2153
1 0.19263
0.98584 0.16997
0.96317 0.14731
0.94618 0.12465
0.93201 0.10198
0.92635 0.07932
0.91785 0.056657
0.89518 0.056657
0.87252 0.053824
0.84986 0.056657
0.83569 0.07932
0.83003 0.10198
0.8102 0.10765
0.78754 0.10482
0.76487 0.10198
0.74221 0.09915
0.71955 0.096317
0.69688 0.090652
0.67422 0.087819
0.65156 0.084986
0.6289 0.082153
0.60623 0.076487
0.58357 0.070822
0.5779 0.048159
0.56941 0.028329
0.54674 0.014164
0.52408 0.0056657
0.50142 0.0028329
0.47875 0
0.45609 0.0056657
0.43343 0.016997
0.41926 0.036827
0.4051 0.056657
0.38244 0.056657
0.35977 0.056657
0.33711 0.05949
0.31445 0.05949
0.29178 0.05949
0.26912 0.062323
0.24646 0.065156
0.2238 0.065156
0.2153 0.045326
0.1983 0.025496
0.17564 0.016997
0.15297 0.014164
0.13031 0.01983
0.10765 0.028329
0.087819 0.045326
0.076487 0.067989
0.056657 0.07932
0.033994 0.084986
0.014164 0.10482
0.0028329 0.12748
0 0.15014
0 0.1728
0.0084986 0.1898
# triangles
0 104 105
21 73 83
96 97 99
4 5 99
73 76 77
16 17 83
25 27 73
23 25 73
21 23 73
73 77 78
30 31 32
41 43 63
41 42 43
2 4 99
2 3 4
19 21 83
17 19 83
27 29 71
29 30 71
30 70 71
25 26 27
94 95 96
97 98 99
0 1 100
0 100 104
2 99 100
1 2 100
100 101 102
100 103 104
100 102 103
36 65 66
30 69 70
30 32 69
32 68 69
21 22 23
54 55 62
50 51 52
36 37 38
17 18 19
19 20 21
27 72 73
27 71 72
27 28 29
23 24 25
73 82 83
73 78 82
91 96 99
5 91 99
91 94 96
34 66 67
33 34 67
32 67 68
32 33 67
40 64 65
40 41 64
41 63 64
34 35 66
35 36 66
53 54 62
49 50 53
50 52 53
56 57 58
55 56 58
55 58 62
58 61 62
36 38 39
39 40 65
36 39 65
73 74 76
74 75 76
10 90 91
78 79 80
78 80 82
80 81 82
92 93 94
91 92 94
5 6 91
44 49 53
44 53 62
44 48 49
43 44 63
44 62 63
44 45 46
59 60 61
58 59 61
8 9 91
9 10 91
7 8 91
6 7 91
44 46 47
44 47 48
12 85 86
12 84 85
12 16 83
12 83 84
12 86 87
12 15 16
12 87 88
12 14 15
12 13 14
12 88 89
11 89 90
11 12 89
10 11 90
