# points
0.026258 0.2407
0.030635 0.26258
0.037199 0.28446
0.056893 0.29978
0.078775 0.30416
0.10066 0.30853
0.12254 0.3151
0.14442 0.31947
0.1663 0.32385
0.18818 0.32823
0.21007 0.3326
0.23195 0.33698
0.25383 0.34136
0.27571 0.34573
0.29759 0.34792
0.31947 0.3523
0.34136 0.36543
0.35886 0.38731
0.37637 0.40919
0.39387 0.43107
0.41575 0.45077
0.43764 0.46827
0.45952 0.47484
0.4814 0.47484
0.50328 0.47265
0.52516 0.47265
0.54705 0.47046
0.56893 0.47046
0.59081 0.47046
0.61269 0.46827
0.63457 0.46608
0.65646 0.46608
0.67834 0.46389
0.70022 0.46171
0.7221 0.45952
0.74398 0.45733
0.76586 0.45514
0.78775 0.45077
0.80963 0.44858
0.83151 0.44639
0.85339 0.4442
0.87527 0.43545
0.89716 0.42013
0.91685 0.39825
0.93435 0.37637
0.94967 0.35449
0.9628 0.3326
0.97593 0.31072
0.98687 0.28884
0.99562 0.26696
0.99781 0.24508
0.99781 0.22319
0.99344 0.20131
1 0.17943
0.99562 0.15755
0.97593 0.14442
0.9628 0.12254
0.94967 0.10066
0.92998 0.080963
0.9081 0.07221
0.88621 0.070022
0.86433 0.074398
0.84245 0.091904
0.82713 0.1116
0.80525 0.1116
0.78337 0.10722
0.76149 0.10284
0.73961 0.10066
0.71772 0.098468
0.69584 0.09628
0.67396 0.091904
0.65208 0.089716
0.6302 0.085339
0.60832 0.080963
0.59081 0.061269
0.57768 0.039387
0.55799 0.017505
0.53611 0.0065646
0.51422 0
0.49234 0
0.47046 0.0065646
0.44858 0.019694
0.43326 0.041575
0.42013 0.061269
0.39825 0.061269
0.37637 0.059081
0.35449 0.061269
0.3326 0.063457
0.31072 0.067834
0.28884 0.07221
0.26696 0.076586
0.24508 0.083151
0.22319 0.087527
0.20131 0.085339
0.17943 0.078775
0.15755 0.078775
0.13567 0.085339
0.11379 0.10284
0.094092 0.12035
0.07221 0.12473
0.050328 0.13567
0.030635 0.15536
0.013129 0.17724
0 0.19912
0.0043764 0.22101
0.026258 0.23851
0.026258 0.2407
# triangles
16 73 83
16 17 73
48 49 50
50 51 52
48 50 52
100 101 105
101 102 105
5 6 98
5 98 105
1 2 3
102 103 104
102 104 105
15 16 83
6 7 98
20 21 22
73 74 83
57 58 59
53 54 55
52 53 55
14 15 88
39 41 42
39 40 41
1 3 4
4 5 105
1 4 105
0 1 105
39 42 43
7 8 98
75 76 77
20 22 23
17 26 73
26 27 73
60 61 62
57 59 62
59 60 62
95 96 97
99 100 105
98 99 105
37 64 65
36 37 65
37 38 64
38 44 64
38 43 44
38 39 43
30 70 71
29 30 71
30 31 70
31 32 69
31 69 70
27 28 73
44 45 64
75 77 82
74 82 83
74 75 82
15 87 88
77 80 82
10 11 92
9 10 92
8 9 92
32 33 69
33 68 69
33 34 68
34 67 68
29 71 72
28 72 73
28 29 72
19 20 24
20 23 24
45 63 64
45 46 63
46 47 63
47 48 63
48 52 63
52 55 63
55 56 63
57 62 63
56 57 63
15 83 84
94 95 97
80 81 82
36 65 66
18 24 25
17 18 26
18 25 26
18 19 24
13 14 90
93 94 97
93 97 98
8 93 98
8 92 93
15 86 87
15 84 86
84 85 86
35 36 66
35 66 67
34 35 67
14 88 89
14 89 90
11 12 91
11 91 92
12 13 91
13 90 91
78 79 80
77 78 80
