# points
0.042857 0.50476
0.061905 0.52857
0.07619 0.54762
0.095238 0.57143
0.10952 0.58571
0.12381 0.60476
0.13333 0.62857
0.15714 0.62857
0.18095 0.63333
0.20476 0.64286
0.22857 0.64762
0.25238 0.65714
0.27619 0.6619
0.27619 0.68571
0.27619 0.70952
0.2619 0.71905
0.24762 0.74286
0.22381 0.74762
0.21905 0.77143
0.2 0.79048
0.17619 0.81429
0.16667 0.8381
0.15714 0.8619
0.1619 0.88571
0.16667 0.90952
0.17619 0.93333
0.19524 0.95714
0.21905 0.97619
0.24286 0.99048
0.26667 0.99524
0.29048 0.99524
0.31429 1
0.3381 1
0.3619 0.99524
0.38571 0.99524
0.40952 0.99524
0.43333 0.98095
0.45714 0.96667
0.48095 0.94762
0.49524 0.92381
0.50476 0.9
0.50476 0.87619
0.50476 0.85238
0.5 0.82857
0.48571 0.80476
0.4619 0.78095
0.4381 0.76667
0.4381 0.74286
0.41905 0.73333
0.39524 0.71905
0.38095 0.70476
0.38095 0.68095
0.38571 0.65714
0.40952 0.65238
0.43333 0.65238
0.45714 0.65238
0.47619 0.64286
0.5 0.63333
0.52381 0.61429
0.54762 0.6
0.55238 0.57619
0.57619 0.55238
0.59524 0.52857
0.60952 0.50476
0.61905 0.48095
0.62857 0.45714
0.6381 0.43333
0.64762 0.40952
0.65238 0.38571
0.65238 0.3619
0.65714 0.3381
0.65714 0.31429
0.65238 0.29048
0.64762 0.26667
0.64286 0.24286
0.63333 0.21905
0.62381 0.19524
0.61429 0.17143
0.6 0.14762
0.58095 0.12381
0.56667 0.10476
0.54762 0.090476
0.53333 0.07619
0.50952 0.057143
0.48571 0.042857
0.4619 0.028571
0.4381 0.02381
0.41429 0.014286
0.39048 0.0095238
0.36667 0.0047619
0.34286 0.0047619
0.31905 0
0.29524 0.0047619
0.27143 0.0095238
0.24762 0.014286
0.22381 0.019048
0.2 0.02381
0.17619 0.033333
0.15238 0.052381
0.12857 0.061905
0.10952 0.080952
0.085714 0.10476
0.071429 0.12381
0.052381 0.14762
0.042857 0.16667
0.028571 0.19048
0.019048 0.21429
0.014286 0.2381
0.0047619 0.2619
0.0047619 0.28571
0 0.30952
0 0.33333
0 0.35714
0 0.38095
0.0047619 0.40476
0.014286 0.42857
0.019048 0.45238
0.028571 0.47619
0.042857 0.5
0.042857 0.50476
# triangles
75 81 93
81 86 93
75 76 81
75 93 109
93 94 109
65 109 115
65 75 109
86 90 93
79 80 81
76 79 81
76 77 78
76 78 79
34 35 36
109 110 111
109 111 115
65 69 75
90 91 92
90 92 93
39 40 41
37 39 41
94 107 109
94 104 107
107 108 109
104 105 107
105 106 107
10 11 12
16 17 18
94 98 104
94 95 98
98 99 100
95 96 98
96 97 98
54 56 60
65 66 69
84 85 86
81 84 86
81 82 84
82 83 84
37 38 39
111 112 115
12 13 51
18 30 33
0 1 118
1 115 118
1 10 115
1 2 10
24 25 26
112 113 114
112 114 115
8 9 10
19 20 21
19 24 26
19 26 27
18 19 30
19 27 30
98 102 104
102 103 104
100 101 102
98 100 102
56 58 60
56 57 58
58 59 60
54 55 56
67 68 69
66 67 69
60 61 64
61 62 64
62 63 64
88 89 90
86 88 90
86 87 88
73 74 75
69 72 73
69 73 75
12 51 52
10 12 52
10 52 115
52 65 115
14 15 16
14 16 49
53 54 60
53 60 64
53 64 65
52 53 65
21 22 23
19 21 23
19 23 24
4 5 8
4 8 10
2 4 10
2 3 4
5 6 7
5 7 8
42 43 44
41 42 44
41 44 45
37 41 46
41 45 46
36 37 46
34 36 46
33 34 46
16 18 46
18 33 46
46 48 49
16 46 49
46 47 48
27 29 30
27 28 29
14 49 50
13 50 51
13 14 50
115 117 118
115 116 117
69 70 72
70 71 72
30 31 33
31 32 33
