# points
0.018957 0.50237
0.023697 0.52607
0.037915 0.54976
0.047393 0.57346
0.066351 0.59716
0.080569 0.62085
0.10427 0.64455
0.12796 0.66825
0.15166 0.6872
0.17536 0.70142
0.19905 0.7109
0.22275 0.72038
0.24645 0.72986
0.27014 0.7346
0.26066 0.75829
0.23697 0.78199
0.21801 0.80569
0.19905 0.82938
0.19431 0.85308
0.18957 0.87678
0.18957 0.90047
0.19431 0.92417
0.20853 0.94787
0.22749 0.97156
0.25118 0.99052
0.27488 1
0.29858 1
0.32227 1
0.34597 1
0.36967 1
0.39336 1
0.41706 1
0.44076 1
0.46445 1
0.48815 0.99526
0.51185 0.9763
0.53081 0.95261
0.54502 0.92891
0.5545 0.90521
0.55924 0.88152
0.55924 0.85782
0.55924 0.83412
0.54976 0.81043
0.53555 0.78673
0.51659 0.76777
0.49289 0.74882
0.48815 0.72512
0.51185 0.71564
0.53555 0.70616
0.55924 0.69194
0.58294 0.67773
0.60664 0.65877
0.62559 0.63981
0.63981 0.62559
0.65877 0.6019
0.67299 0.5782
0.6872 0.5545
0.70142 0.53081
0.70616 0.50711
0.71564 0.48341
0.72038 0.45972
0.72038 0.43602
0.72512 0.41232
0.72512 0.38863
0.72512 0.36493
0.72038 0.34123
0.72038 0.31754
0.71564 0.29384
0.7109 0.27014
0.70142 0.24645
0.69194 0.22275
0.67773 0.19905
0.66825 0.17536
0.65403 0.15166
0.65877 0.12796
0.63507 0.11374
0.61137 0.099526
0.58768 0.085308
0.56398 0.066351
0.54028 0.052133
0.51659 0.042654
0.49289 0.023697
0.46919 0.0094787
0.4455 0
0.4218 0.0047393
0.3981 0
0.37441 0
0.35071 0.0094787
0.32701 0.014218
0.30332 0.018957
0.27962 0.028436
0.25592 0.033175
0.23223 0.037915
0.20853 0.042654
0.18483 0.052133
0.16114 0.056872
0.13744 0.066351
0.13744 0.085308
0.12796 0.109
0.10427 0.1327
0.085308 0.1564
0.066351 0.17536
0.052133 0.19905
0.037915 0.22275
0.028436 0.24645
0.018957 0.27014
0.0094787 0.29384
0.0047393 0.31754
0 0.34123
0 0.36493
0 0.38863
0 0.41232
0 0.43602
0.0047393 0.45972
0.0094787 0.48341
0.018957 0.50237
# triangles
71 80 90
65 71 90
65 90 100
13 65 100
90 98 100
71 77 80
61 63 65
61 62 63
98 99 100
13 46 65
46 61 65
0 13 100
16 26 27
22 23 26
71 73 77
77 78 80
69 70 71
65 69 71
65 66 67
67 68 69
65 67 69
63 64 65
95 96 97
80 84 87
82 83 84
100 101 102
59 60 61
13 45 46
0 113 114
0 100 110
13 14 45
14 29 45
2 3 4
0 4 13
0 2 4
0 1 2
19 20 22
20 21 22
24 25 26
23 24 26
71 72 73
73 76 77
78 79 80
90 91 98
91 92 98
94 95 97
94 97 98
88 89 90
80 88 90
80 87 88
80 81 84
81 82 84
85 86 87
84 85 87
55 58 61
58 59 61
29 30 45
30 31 45
47 48 49
46 47 61
47 55 61
47 49 55
40 41 42
31 44 45
31 40 44
31 37 40
111 112 113
0 111 113
0 110 111
14 28 29
4 5 6
16 17 18
16 18 26
18 19 22
18 22 26
7 8 10
6 7 10
73 74 75
73 75 76
53 54 55
92 93 98
93 94 98
49 50 51
31 32 37
56 57 58
55 56 58
37 38 40
107 108 109
15 27 28
15 16 27
14 15 28
8 9 10
4 6 11
6 10 11
4 11 13
11 12 13
49 52 55
52 53 55
49 51 52
32 36 37
38 39 40
102 103 104
100 102 104
100 104 110
32 33 35
32 35 36
33 34 35
105 107 109
105 109 110
104 105 110
105 106 107
42 43 44
40 42 44
