# points
0.035587 0.50178
0.053381 0.53025
0.071174 0.55872
0.092527 0.58363
0.11388 0.60854
0.14235 0.63345
0.16726 0.6548
0.19573 0.67616
0.2242 0.68683
0.25267 0.69039
0.28114 0.69039
0.30961 0.69395
0.31673 0.71886
0.32384 0.74733
0.31673 0.77224
0.28826 0.77936
0.2669 0.79715
0.23843 0.81139
0.21708 0.83986
0.20641 0.86833
0.20285 0.8968
0.21352 0.92527
0.22776 0.95018
0.25623 0.97509
0.28114 0.98577
0.30961 0.99644
0.33808 1
0.36655 1
0.39502 1
0.42349 0.99288
0.45196 0.98577
0.48043 0.96797
0.50178 0.94662
0.51601 0.91815
0.52313 0.88968
0.52313 0.86121
0.51246 0.83274
0.48754 0.80783
0.45907 0.79004
0.43416 0.7758
0.40569 0.76157
0.40214 0.7331
0.40925 0.70463
0.42705 0.69039
0.45552 0.68327
0.48399 0.6726
0.51246 0.65836
0.54093 0.64413
0.5694 0.62633
0.59786 0.60498
0.61922 0.58007
0.64057 0.55872
0.65836 0.53025
0.6726 0.50178
0.68327 0.47331
0.69395 0.44484
0.70107 0.41637
0.70819 0.3879
0.70819 0.35943
0.70819 0.33096
0.70819 0.30249
0.70107 0.27402
0.69395 0.24555
0.68683 0.21708
0.67616 0.18861
0.65836 0.16014
0.64769 0.13523
0.62278 0.10676
0.59786 0.085409
0.5694 0.064057
0.54093 0.042705
0.52313 0.017794
0.50178 0.0071174
0.47331 0.010676
0.44484 0.0071174
0.41637 0.0035587
0.3879 0
0.35943 0
0.33096 0.0035587
0.30249 0.0071174
0.27402 0.010676
0.24555 0.014235
0.21708 0.014235
0.18861 0.017794
0.17438 0.042705
0.14947 0.064057
0.121 0.085409
0.099644 0.10676
0.074733 0.13523
0.053381 0.1637
0.035587 0.19217
0.024911 0.22064
0.014235 0.24911
0.0071174 0.27758
0.0035587 0.30605
0.0035587 0.33452
0 0.36299
0 0.39146
0.0071174 0.41993
0.014235 0.4484
0.024911 0.47687
0.035587 0.50178
# triangles
11 79 95
1 11 95
1 3 11
1 95 100
27 28 29
14 26 27
71 72 73
27 29 39
14 27 39
95 96 98
95 98 100
19 20 21
1 2 3
0 1 100
69 74 75
50 52 53
50 53 54
48 49 50
54 58 59
54 56 58
56 57 58
3 10 11
3 5 10
13 14 40
14 39 40
11 46 79
46 50 54
54 55 56
29 38 39
29 31 38
29 30 31
5 6 10
3 4 5
79 87 95
79 85 87
46 78 79
46 54 78
96 97 98
98 99 100
62 75 78
62 69 75
69 70 74
70 73 74
70 71 73
12 13 41
13 40 41
47 48 50
46 47 50
31 32 33
31 33 38
18 19 21
6 7 8
6 8 9
6 9 10
79 80 85
80 81 85
81 84 85
85 86 87
92 93 95
93 94 95
65 67 68
65 66 67
65 68 69
62 65 69
50 51 52
11 12 42
12 41 42
33 37 38
33 34 37
35 36 37
34 35 37
14 15 16
16 17 18
16 18 21
16 23 24
16 24 25
16 22 23
16 21 22
14 16 26
16 25 26
82 83 84
81 82 84
87 88 95
89 90 91
91 92 95
88 91 95
88 89 91
59 60 61
61 62 78
54 59 61
54 61 78
11 42 43
11 43 46
43 45 46
43 44 45
62 63 65
63 64 65
76 77 78
75 76 78
