# points
0.039352 0.5162
0.053241 0.54398
0.074074 0.57176
0.094907 0.59954
0.12269 0.62037
0.14352 0.64583
0.1713 0.65741
0.19907 0.6713
0.22685 0.68056
0.25463 0.68981
0.28241 0.69444
0.31019 0.70139
0.3287 0.71991
0.32407 0.74074
0.32639 0.76157
0.3125 0.78009
0.28472 0.79398
0.2662 0.8125
0.24074 0.82639
0.22222 0.85417
0.21065 0.88194
0.21296 0.90972
0.21991 0.9375
0.24306 0.96296
0.26852 0.98148
0.2963 0.99306
0.32407 0.99769
0.35185 1
0.37963 1
0.40741 0.99769
0.43519 0.99306
0.46296 0.9838
0.49074 0.96759
0.51157 0.94213
0.52315 0.91435
0.52315 0.88657
0.51852 0.8588
0.50231 0.83565
0.47917 0.8125
0.4537 0.79398
0.42593 0.78241
0.40278 0.77083
0.39815 0.74306
0.40046 0.71759
0.41667 0.70139
0.44444 0.70139
0.47222 0.69444
0.5 0.68519
0.52546 0.66435
0.55324 0.65046
0.58102 0.62963
0.60185 0.60648
0.62731 0.58102
0.64815 0.55324
0.66204 0.52546
0.67824 0.49769
0.6875 0.46991
0.69676 0.44213
0.70139 0.41435
0.70602 0.38657
0.70833 0.3588
0.70602 0.33102
0.7037 0.30324
0.69907 0.27546
0.69213 0.24769
0.68056 0.21991
0.66667 0.19213
0.65046 0.16435
0.63194 0.13889
0.61111 0.11343
0.58565 0.087963
0.56019 0.064815
0.53241 0.048611
0.50694 0.032407
0.48843 0.013889
0.46065 0.016204
0.43287 0.0092593
0.40509 0.0023148
0.37731 0
0.34954 0
0.32176 0.0023148
0.29398 0.0046296
0.2662 0.0092593
0.23843 0.016204
0.21065 0.023148
0.18287 0.025463
0.16898 0.048611
0.1412 0.06713
0.11806 0.085648
0.094907 0.1088
0.069444 0.13657
0.050926 0.16435
0.037037 0.19213
0.025463 0.21991
0.016204 0.24769
0.0069444 0.27546
0.0023148 0.30324
0 0.33102
0 0.3588
0 0.38657
0.0046296 0.41435
0.011574 0.44213
0.020833 0.46991
0.030093 0.49769
0.039352 0.5162
# triangles
10 68 80
10 80 94
10 94 102
68 76 80
63 64 65
94 97 98
94 98 102
28 29 40
30 31 38
29 30 38
15 27 28
15 28 40
73 74 75
72 75 76
72 73 75
76 79 80
61 65 66
61 62 65
62 63 65
10 51 54
10 58 68
10 54 58
58 66 68
58 61 66
54 56 58
80 81 86
84 85 86
83 84 86
89 90 91
80 86 89
86 87 89
87 88 89
29 39 40
29 38 39
94 96 97
94 95 96
21 22 23
0 1 2
0 102 103
70 72 76
70 71 72
76 77 78
76 78 79
66 67 68
59 60 61
58 59 61
4 5 6
2 3 4
4 10 102
0 4 102
0 2 4
82 83 86
81 82 86
89 91 92
51 52 54
54 55 56
11 43 44
10 11 44
11 12 43
15 40 41
17 25 26
17 26 27
15 17 27
15 16 17
98 101 102
98 100 101
98 99 100
68 69 76
69 70 76
4 6 8
6 7 8
4 8 10
89 92 93
80 93 94
80 89 93
31 32 33
56 57 58
31 37 38
52 53 54
35 36 37
33 34 35
31 33 35
31 35 37
49 50 51
48 49 51
10 48 51
10 44 48
12 42 43
17 18 19
19 20 21
19 21 23
17 19 23
17 23 24
17 24 25
8 9 10
44 45 46
44 46 48
46 47 48
14 15 41
14 41 42
12 13 42
13 14 42
