# points
0.060606 0.4697
0.075758 0.5202
0.090909 0.57071
0.12121 0.62121
0.16162 0.67172
0.18687 0.72222
0.15657 0.77273
0.12626 0.82323
0.12121 0.87374
0.12121 0.92424
0.14141 0.97475
0.19192 0.99495
0.24242 1
0.29293 0.97475
0.34343 0.94949
0.38889 0.91414
0.38889 0.86364
0.39899 0.81818
0.43939 0.84343
0.47475 0.88384
0.52525 0.89394
0.57576 0.89899
0.62121 0.86869
0.66162 0.81818
0.68687 0.77273
0.67677 0.72222
0.65152 0.67172
0.60606 0.63131
0.55556 0.62121
0.50505 0.62121
0.46465 0.65657
0.44444 0.61111
0.40909 0.56566
0.35859 0.53535
0.37879 0.5101
0.42929 0.4899
0.44949 0.43939
0.5 0.41414
0.55051 0.41414
0.59091 0.38384
0.54545 0.37374
0.52525 0.34343
0.48485 0.34848
0.45455 0.39899
0.40909 0.42929
0.35859 0.44444
0.34848 0.40404
0.36869 0.35354
0.37879 0.30303
0.38889 0.25253
0.41414 0.21212
0.46465 0.21212
0.51515 0.21212
0.56566 0.23232
0.60101 0.28283
0.62121 0.33333
0.63636 0.38384
0.64646 0.43434
0.68182 0.4798
0.72727 0.4798
0.69192 0.43939
0.68687 0.38889
0.66162 0.33838
0.64646 0.28788
0.62626 0.23737
0.58081 0.19697
0.5303 0.17677
0.4798 0.16667
0.42929 0.16162
0.38384 0.12626
0.34343 0.075758
0.35354 0.040404
0.40404 0.050505
0.45455 0.065657
0.50505 0.075758
0.55051 0.045455
0.5202 0.0050505
0.4697 0
0.41919 0
0.36869 0.0050505
0.31818 0.015152
0.29798 0.060606
0.30303 0.11111
0.28788 0.15657
0.23737 0.15657
0.21717 0.12121
0.22727 0.070707
0.21717 0.020202
0.16667 0.020202
0.11616 0.020202
0.065657 0.020202
0.015152 0.020202
0 0.045455
0.050505 0.055556
0.10101 0.055556
0.15152 0.060606
0.18182 0.085859
0.15152 0.12626
0.15152 0.17677
0.16667 0.22727
0.19192 0.27778
0.20707 0.32828
0.22727 0.37879
0.23737 0.42929
0.20202 0.44949
0.15152 0.41919
0.10101 0.38384
0.050505 0.36869
0.035354 0.39899
0.055556 0.44949
0.060606 0.4697
# triangles
1 2 104
106 107 108
106 108 109
49 83 100
48 49 100
5 17 30
23 26 30
26 28 30
56 57 61
20 21 22
5 6 17
8 9 11
9 10 11
56 61 62
74 75 76
74 76 77
28 29 30
33 103 104
4 33 104
5 32 33
4 5 33
53 54 64
50 51 68
50 68 69
49 50 83
50 69 83
84 98 99
83 84 100
84 99 100
23 24 25
23 25 26
26 27 28
57 60 61
17 18 30
18 19 20
18 23 30
18 22 23
18 20 22
11 12 13
8 11 13
105 106 109
0 105 109
1 104 105
0 1 105
2 3 104
3 4 104
55 56 62
54 63 64
54 55 63
55 62 63
69 82 83
71 80 81
71 79 80
37 42 43
46 102 103
46 47 102
5 31 32
5 30 31
51 67 68
53 64 65
90 93 94
91 92 93
90 91 93
58 59 60
57 58 60
14 15 16
6 16 17
13 14 16
6 13 16
7 8 13
6 7 13
40 41 42
37 40 42
69 70 82
70 81 82
70 71 81
72 78 79
71 72 79
35 44 45
33 45 103
45 46 103
48 100 101
47 48 101
47 101 102
51 52 67
89 90 94
36 37 43
36 43 44
35 36 44
73 77 78
72 73 78
73 74 77
33 34 45
34 35 45
52 66 67
53 65 66
52 53 66
84 85 98
89 94 95
37 38 40
38 39 40
85 97 98
85 96 97
86 87 96
85 86 96
88 89 95
87 88 96
88 95 96
