# points
0.12563 0.46734
0.1407 0.51759
0.14573 0.56784
0.14573 0.61809
0.1608 0.66834
0.18593 0.71859
0.1407 0.74874
0.11055 0.79899
0.095477 0.84925
0.1005 0.8995
0.13065 0.94975
0.1809 0.98492
0.23116 1
0.28141 0.96985
0.33166 0.9397
0.35678 0.88945
0.36181 0.8392
0.38693 0.81407
0.41206 0.86432
0.45226 0.90955
0.50251 0.93467
0.55276 0.9397
0.59799 0.90452
0.64322 0.8593
0.65327 0.80905
0.64824 0.75879
0.63317 0.70854
0.58794 0.67839
0.53769 0.66332
0.48744 0.64824
0.44724 0.63819
0.43216 0.58794
0.39698 0.53769
0.40704 0.51256
0.45226 0.48241
0.49749 0.43216
0.54774 0.40704
0.58291 0.38693
0.53769 0.36683
0.51256 0.33668
0.47739 0.36181
0.45226 0.41206
0.42714 0.46231
0.38693 0.45729
0.39196 0.40704
0.40704 0.35678
0.41709 0.30653
0.42714 0.25628
0.44221 0.20603
0.49246 0.20603
0.54271 0.20603
0.59296 0.23116
0.61809 0.28141
0.62814 0.33166
0.63819 0.38191
0.65829 0.43216
0.69347 0.47739
0.74372 0.48241
0.70352 0.45226
0.67839 0.40201
0.67337 0.35176
0.66834 0.30151
0.66332 0.25126
0.62312 0.20603
0.57286 0.18593
0.52261 0.1809
0.47236 0.17085
0.42714 0.15075
0.41206 0.1005
0.38191 0.055276
0.43216 0.055276
0.48241 0.060302
0.53266 0.060302
0.56784 0.025126
0.52764 0.0050251
0.47739 0.0050251
0.42714 0.015075
0.37688 0.015075
0.33166 0.025126
0.35176 0.075377
0.35176 0.12563
0.31156 0.14573
0.26633 0.12563
0.24623 0.080402
0.24623 0.030151
0.20101 0.015075
0.15075 0.015075
0.1005 0.01005
0.050251 0.01005
0 0
0.0050251 0.050251
0.050251 0.075377
0.1005 0.070352
0.15075 0.055276
0.20101 0.055276
0.19598 0.10553
0.17085 0.15578
0.17588 0.20603
0.19095 0.25628
0.20603 0.30653
0.20603 0.35678
0.1809 0.38191
0.13568 0.33668
0.1005 0.34171
0.10553 0.39196
0.11558 0.44221
0.12563 0.46734
# triangles
101 102 104
88 89 90
11 12 13
10 11 13
9 10 13
5 31 32
4 5 32
102 103 104
13 14 15
18 25 28
56 57 58
55 56 58
25 26 27
25 27 28
0 1 101
1 2 32
72 73 74
18 19 22
17 18 28
18 22 24
18 24 25
22 23 24
43 100 101
32 33 43
1 43 101
1 32 43
55 58 59
71 72 74
71 74 75
101 104 105
0 101 105
8 9 13
7 8 13
88 90 91
88 91 92
87 88 92
84 85 94
20 21 22
19 20 22
5 30 31
5 17 30
5 16 17
5 6 16
6 7 16
13 15 16
7 13 16
54 59 60
54 55 59
33 42 43
33 34 42
67 68 80
51 63 64
51 62 63
81 98 99
3 4 32
2 3 32
83 84 94
83 94 95
82 95 96
82 83 95
87 92 93
86 87 93
17 28 29
17 29 30
46 47 81
46 81 99
35 36 38
36 37 38
70 71 75
68 79 80
50 51 64
48 67 80
47 48 81
48 80 81
48 66 67
48 49 66
82 96 97
81 82 97
81 97 98
51 52 62
52 61 62
45 99 100
45 46 99
70 75 76
68 69 79
69 76 77
69 70 76
69 77 78
69 78 79
49 50 65
49 65 66
50 64 65
53 54 60
53 60 61
52 53 61
43 44 100
44 45 100
38 39 40
35 38 40
35 40 41
34 41 42
34 35 41
85 93 94
85 86 93
