# points
0.036082 0.46907
0.056701 0.52062
0.097938 0.57216
0.13402 0.62371
0.14433 0.67526
0.1701 0.7268
0.15464 0.7732
0.1134 0.81959
0.1134 0.87113
0.11856 0.92268
0.14433 0.97423
0.19588 0.99485
0.24742 1
0.29897 0.97938
0.34021 0.93814
0.36082 0.8866
0.36082 0.83505
0.3866 0.79897
0.41237 0.84021
0.44845 0.8866
0.5 0.91237
0.55155 0.90722
0.58763 0.86082
0.6134 0.80928
0.63402 0.75773
0.63402 0.70619
0.6134 0.65464
0.57216 0.61856
0.52062 0.61856
0.46907 0.61856
0.42268 0.60309
0.3866 0.55155
0.33505 0.51546
0.36598 0.49485
0.41753 0.46392
0.46392 0.42268
0.5 0.39175
0.54639 0.37629
0.51031 0.34536
0.45876 0.34536
0.41237 0.39175
0.37629 0.43814
0.32474 0.44845
0.32474 0.39691
0.35567 0.34536
0.37113 0.29381
0.3866 0.24227
0.41753 0.19588
0.46907 0.19588
0.52062 0.20619
0.56186 0.24227
0.59794 0.29381
0.6134 0.34536
0.63918 0.39691
0.67526 0.44845
0.68557 0.43814
0.64433 0.3866
0.64433 0.33505
0.63918 0.28351
0.62887 0.23196
0.59794 0.18557
0.54639 0.1701
0.49485 0.15464
0.4433 0.14948
0.39691 0.13918
0.36082 0.087629
0.37113 0.046392
0.42268 0.046392
0.47423 0.046392
0.52577 0.041237
0.52062 0
0.46907 0.0051546
0.41753 0.015464
0.36598 0.015464
0.31443 0.015464
0.28866 0.051546
0.31443 0.10309
0.28866 0.13402
0.23711 0.12371
0.20619 0.087629
0.21649 0.036082
0.17526 0.015464
0.12371 0.015464
0.072165 0.015464
0.020619 0.0051546
0 0.020619
0.046392 0.041237
0.097938 0.041237
0.12371 0.06701
0.10825 0.11856
0.11856 0.1701
0.13918 0.22165
0.13918 0.2732
0.15464 0.32474
0.19072 0.37629
0.21649 0.42784
0.16495 0.42268
0.1134 0.42268
0.061856 0.41237
0.015464 0.40206
0.030928 0.45361
0.036082 0.46907
# triangles
9 10 11
79 81 88
79 88 89
8 9 11
81 82 88
2 95 96
2 96 97
50 59 60
11 12 13
8 11 13
8 13 14
0 97 98
1 2 97
0 1 97
84 85 86
79 89 90
78 79 90
78 90 91
79 80 81
67 71 72
50 51 59
51 52 57
67 68 71
68 69 70
68 70 71
49 61 62
49 50 61
50 60 61
20 21 22
19 20 22
98 99 100
0 98 100
82 87 88
47 63 64
45 92 93
44 45 93
44 93 94
52 53 56
52 56 57
53 55 56
53 54 55
64 65 76
65 75 76
77 78 91
77 91 92
45 77 92
64 76 77
34 35 40
35 39 40
51 58 59
51 57 58
24 25 28
23 24 28
17 23 28
82 83 87
83 84 86
83 86 87
48 62 63
47 48 63
48 49 62
43 94 95
43 44 94
66 72 73
66 67 72
66 73 74
66 74 75
65 66 75
45 46 77
46 47 64
46 64 77
6 7 8
17 18 23
18 22 23
18 19 22
8 14 15
6 8 15
5 6 16
5 16 17
6 15 16
5 17 30
34 40 41
33 34 41
25 26 28
26 27 28
36 37 38
36 38 39
35 36 39
17 28 29
17 29 30
33 41 42
42 43 95
2 3 95
4 5 32
3 4 32
32 33 42
32 42 95
3 32 95
5 30 31
5 31 32
