# points
0.071795 0.46667
0.10256 0.51795
0.13846 0.56923
0.17436 0.62051
0.2 0.67179
0.21538 0.72308
0.18974 0.77436
0.15385 0.81538
0.15385 0.86667
0.15385 0.91795
0.17949 0.96923
0.23077 0.98974
0.28205 1
0.32821 0.97436
0.37436 0.93333
0.37949 0.88205
0.38462 0.83077
0.4359 0.82564
0.48205 0.87692
0.53333 0.89744
0.58462 0.89744
0.63077 0.88718
0.66154 0.84615
0.66154 0.79487
0.66667 0.74359
0.66667 0.69231
0.66667 0.64103
0.62564 0.61026
0.57436 0.60513
0.52308 0.61538
0.47179 0.63077
0.42564 0.57949
0.38462 0.52821
0.37949 0.49231
0.43077 0.48718
0.47179 0.4359
0.50769 0.40513
0.55897 0.4
0.57436 0.35897
0.54359 0.33846
0.50256 0.33846
0.46667 0.38974
0.41538 0.44103
0.38462 0.42051
0.38974 0.36923
0.39487 0.31795
0.41538 0.26667
0.4359 0.21538
0.48205 0.19487
0.53333 0.19487
0.58462 0.19487
0.61538 0.24615
0.6359 0.29744
0.64615 0.34872
0.65641 0.4
0.68205 0.45128
0.72821 0.48205
0.77436 0.46154
0.75897 0.42051
0.71282 0.4
0.69231 0.34872
0.68718 0.29744
0.68205 0.24615
0.65128 0.19487
0.6 0.16923
0.54872 0.1641
0.49744 0.1641
0.45128 0.14359
0.40513 0.092308
0.37949 0.041026
0.43077 0.051282
0.48205 0.061538
0.53333 0.05641
0.58462 0.020513
0.54872 0
0.49744 0
0.44615 0
0.39487 0
0.34359 0
0.32821 0.046154
0.34359 0.097436
0.34872 0.14872
0.29744 0.14872
0.25641 0.13333
0.25128 0.082051
0.24615 0.030769
0.2 0.010256
0.14872 0.010256
0.097436 0.010256
0.046154 0.010256
0 0.025641
0.041026 0.05641
0.092308 0.05641
0.14359 0.05641
0.19487 0.051282
0.18974 0.092308
0.17436 0.14359
0.17436 0.19487
0.17949 0.24615
0.19487 0.29744
0.21026 0.34872
0.2359 0.4
0.25641 0.44615
0.20513 0.43077
0.15385 0.41026
0.10256 0.39487
0.071795 0.42051
0.071795 0.46667
# triangles
9 10 11
16 17 30
2 3 102
3 32 102
3 4 32
20 21 22
20 22 23
19 20 23
5 16 30
8 9 11
89 90 91
45 99 100
2 102 103
0 1 104
1 2 103
1 103 104
32 33 102
4 31 32
5 30 31
4 5 31
33 43 102
33 42 43
36 40 41
56 57 58
17 23 24
5 6 16
6 7 8
17 18 23
18 19 23
6 15 16
6 8 15
45 82 99
82 98 99
82 83 97
82 97 98
0 104 106
104 105 106
83 96 97
83 95 96
25 27 28
25 26 27
17 29 30
17 24 29
25 28 29
24 25 29
33 34 42
45 100 101
43 101 102
44 45 101
43 44 101
13 14 15
11 12 13
8 11 13
8 13 15
83 84 95
45 46 82
46 81 82
71 75 76
72 73 74
72 74 75
71 72 75
70 71 76
48 66 67
48 49 66
89 91 92
86 87 94
85 86 94
84 94 95
84 85 94
88 89 92
34 35 42
35 41 42
35 36 41
53 60 61
51 62 63
50 63 64
50 51 63
36 39 40
36 37 39
47 67 81
46 47 81
47 48 67
67 68 81
68 80 81
70 76 77
49 65 66
49 50 65
50 64 65
87 93 94
87 88 93
88 92 93
52 53 61
51 52 62
52 61 62
53 54 60
54 59 60
69 77 78
69 78 79
69 79 80
68 69 80
69 70 77
37 38 39
54 55 59
55 56 58
55 58 59
