# points
0.097436 0.46667
0.10769 0.51795
0.12308 0.56923
0.13846 0.62051
0.16923 0.67179
0.16923 0.71795
0.12821 0.75897
0.087179 0.79487
0.092308 0.84615
0.10256 0.89744
0.12308 0.94872
0.15385 1
0.20513 0.99487
0.25641 0.98974
0.30769 0.96923
0.34359 0.91795
0.35897 0.86667
0.38462 0.83077
0.39487 0.88205
0.42051 0.93333
0.47179 0.95385
0.52308 0.95385
0.57436 0.94872
0.62564 0.92308
0.65641 0.87179
0.66154 0.82051
0.65128 0.76923
0.6359 0.71795
0.59487 0.67179
0.54359 0.65641
0.49231 0.66154
0.44615 0.65128
0.4359 0.6
0.41026 0.55385
0.37436 0.51282
0.42564 0.49744
0.46667 0.47179
0.50769 0.42564
0.55897 0.42564
0.59487 0.39487
0.54359 0.38462
0.52308 0.35897
0.48205 0.41026
0.4359 0.45641
0.38462 0.45641
0.37949 0.41026
0.38974 0.35897
0.41026 0.30769
0.41538 0.25641
0.44103 0.21026
0.49231 0.20513
0.54359 0.21026
0.58974 0.24103
0.62051 0.29231
0.64615 0.34359
0.65641 0.39487
0.66154 0.44615
0.69744 0.48718
0.71795 0.47692
0.68205 0.42564
0.68205 0.37436
0.66667 0.32308
0.66667 0.27179
0.65128 0.22051
0.6 0.18462
0.54872 0.17436
0.49744 0.17436
0.44615 0.17436
0.4 0.14359
0.39487 0.092308
0.41026 0.05641
0.46154 0.061538
0.51282 0.061538
0.55897 0.046154
0.52308 0.015385
0.47179 0.015385
0.42051 0.020513
0.36923 0.025641
0.32308 0.030769
0.33846 0.082051
0.35385 0.13333
0.30256 0.13333
0.25128 0.12308
0.24103 0.071795
0.22051 0.020513
0.16923 0.015385
0.11795 0.015385
0.066667 0.015385
0.015385 0
0 0.025641
0.041026 0.05641
0.092308 0.05641
0.14359 0.05641
0.19487 0.05641
0.2 0.087179
0.17436 0.13846
0.16923 0.18974
0.17949 0.24103
0.17949 0.29231
0.2 0.34359
0.17949 0.37949
0.12821 0.35385
0.076923 0.35385
0.066667 0.39487
0.087179 0.44615
0.097436 0.46667
# triangles
9 13 15
101 102 103
100 101 104
101 103 104
9 10 12
9 12 13
10 11 12
47 48 98
71 75 76
13 14 15
17 21 26
17 18 21
18 20 21
17 26 30
70 71 76
47 98 99
48 97 98
57 58 59
38 39 40
48 68 80
48 49 68
68 69 80
72 73 74
71 72 75
72 74 75
18 19 20
9 15 16
21 25 26
17 30 31
4 31 32
0 100 104
0 1 100
34 44 100
1 34 100
81 82 97
48 80 81
48 81 97
82 95 96
82 96 97
70 76 77
69 70 77
53 54 61
46 47 99
56 57 59
55 56 59
5 16 17
5 17 31
4 5 31
22 24 25
21 22 25
22 23 24
26 27 30
1 2 34
82 94 95
82 83 94
87 90 91
88 89 90
87 88 90
69 79 80
69 77 79
53 62 63
53 61 62
54 60 61
54 55 60
55 59 60
45 46 99
44 45 100
45 99 100
35 36 43
35 43 44
34 35 44
37 38 40
52 53 63
49 67 68
6 7 8
5 6 16
6 8 9
6 9 16
27 29 30
27 28 29
3 4 34
2 3 34
85 92 93
84 85 93
83 84 93
83 93 94
86 91 92
86 87 91
85 86 92
77 78 79
4 32 33
4 33 34
40 41 42
37 40 42
36 42 43
36 37 42
52 63 64
51 64 65
51 52 64
51 65 66
50 51 66
49 50 67
50 66 67
