# points
0.050761 0.47208
0.06599 0.52284
0.081218 0.5736
0.10152 0.62437
0.1269 0.67513
0.15736 0.72589
0.15228 0.77665
0.1066 0.81726
0.096447 0.86802
0.1066 0.91878
0.13706 0.96954
0.18782 0.98985
0.23858 1
0.28934 0.99492
0.33503 0.95939
0.36041 0.90863
0.37563 0.85787
0.37563 0.80711
0.40609 0.80711
0.43147 0.85787
0.46193 0.90863
0.51269 0.91878
0.56345 0.90355
0.61421 0.88832
0.64467 0.84772
0.64467 0.79695
0.63452 0.74619
0.62944 0.69543
0.62437 0.64467
0.58376 0.60914
0.53299 0.60914
0.48223 0.60914
0.43147 0.61421
0.39594 0.5736
0.35025 0.53299
0.37056 0.49239
0.42132 0.4467
0.47208 0.43147
0.52284 0.40609
0.53299 0.36041
0.48223 0.36041
0.45178 0.32995
0.43147 0.38071
0.39594 0.43147
0.35025 0.44162
0.36041 0.39086
0.36041 0.3401
0.36041 0.28934
0.37563 0.23858
0.41117 0.20305
0.46193 0.20305
0.51269 0.21827
0.55838 0.25888
0.58376 0.30964
0.60914 0.36041
0.62437 0.41117
0.64975 0.46193
0.70051 0.49239
0.70558 0.45685
0.65482 0.43147
0.63959 0.38071
0.63959 0.32995
0.61929 0.27919
0.59898 0.22843
0.55838 0.18782
0.50761 0.16751
0.45685 0.17259
0.40609 0.17259
0.36041 0.13198
0.36041 0.081218
0.40609 0.071066
0.45685 0.071066
0.50761 0.060914
0.53299 0.010152
0.48223 0
0.43147 0
0.38071 0
0.32995 0
0.28934 0.015228
0.29949 0.06599
0.30457 0.11675
0.28426 0.14721
0.2335 0.14721
0.18782 0.1269
0.18782 0.076142
0.18274 0.025381
0.13198 0.020305
0.081218 0.020305
0.030457 0.015228
0 0.035533
0.045685 0.060914
0.096447 0.06599
0.14721 0.071066
0.14213 0.11168
0.12183 0.16244
0.12183 0.2132
0.13198 0.26396
0.15736 0.31472
0.19289 0.36548
0.21827 0.41624
0.2132 0.45178
0.16244 0.4467
0.11168 0.4264
0.060914 0.39594
0.025381 0.40609
0.040609 0.45685
0.050761 0.47208
# triangles
5 6 17
6 9 11
11 12 15
6 11 15
17 18 32
2 100 101
1 2 101
1 101 102
46 98 99
103 104 105
102 103 105
83 94 95
83 93 94
53 61 62
12 13 14
12 14 15
18 19 26
19 22 26
22 23 25
22 25 26
9 10 11
6 8 9
6 7 8
2 3 100
56 58 59
55 56 59
18 26 30
4 5 34
3 34 100
3 4 34
0 102 105
0 1 102
35 43 44
44 99 100
34 44 100
34 35 44
85 86 92
84 85 92
83 84 93
84 92 93
69 76 77
71 74 75
77 78 79
69 77 79
52 62 63
52 53 62
52 63 64
51 52 64
53 54 61
19 20 21
19 21 22
6 16 17
6 15 16
56 57 58
23 24 25
45 46 99
44 45 99
26 27 30
27 28 29
27 29 30
86 91 92
51 64 65
50 65 66
50 51 65
69 70 76
70 75 76
70 71 75
72 73 74
71 72 74
46 47 98
47 97 98
47 48 81
48 68 81
49 50 66
54 55 60
54 60 61
55 59 60
36 42 43
36 37 42
35 36 43
37 40 42
40 41 42
18 31 32
18 30 31
86 87 91
88 89 90
87 88 90
87 90 91
82 83 95
82 95 96
82 96 97
47 82 97
47 81 82
68 80 81
69 79 80
68 69 80
49 66 67
48 67 68
48 49 67
38 39 40
37 38 40
5 33 34
5 17 33
17 32 33
