# points
0.045226 0.45729
0.065327 0.50754
0.090452 0.55779
0.11558 0.60804
0.13568 0.65829
0.16583 0.70854
0.16583 0.75879
0.1206 0.80402
0.10553 0.85427
0.11055 0.90452
0.1407 0.95477
0.19095 0.98995
0.24121 1
0.29146 1
0.33668 0.9799
0.37186 0.92965
0.38191 0.8794
0.37688 0.82915
0.38191 0.77889
0.41709 0.80402
0.43216 0.85427
0.48241 0.87437
0.53266 0.87437
0.58291 0.86432
0.63317 0.84925
0.65829 0.80905
0.65829 0.75879
0.64824 0.70854
0.63819 0.65829
0.61307 0.60804
0.56281 0.59799
0.51256 0.59799
0.46231 0.60804
0.42714 0.58291
0.39196 0.53266
0.34673 0.49246
0.39196 0.46734
0.44221 0.44221
0.48241 0.40201
0.53266 0.37688
0.57286 0.35176
0.52764 0.34673
0.50251 0.31156
0.46734 0.34171
0.43719 0.39196
0.40201 0.41709
0.37688 0.39196
0.38191 0.34171
0.38693 0.29146
0.40704 0.24121
0.43216 0.19095
0.48241 0.1809
0.53266 0.19095
0.57789 0.22613
0.59799 0.27638
0.62312 0.32663
0.64824 0.37688
0.67839 0.42714
0.72362 0.45729
0.69849 0.42211
0.67337 0.37186
0.66834 0.32161
0.65829 0.27136
0.64322 0.22111
0.60302 0.18593
0.55276 0.15075
0.50251 0.1407
0.45226 0.14573
0.40704 0.13568
0.38191 0.085427
0.37688 0.050251
0.42714 0.050251
0.47739 0.050251
0.52764 0.050251
0.53266 0
0.48241 0.0050251
0.43216 0.01005
0.38191 0.01005
0.33166 0.01005
0.31156 0.035176
0.33668 0.085427
0.32663 0.1206
0.27638 0.1206
0.22613 0.1206
0.22111 0.070352
0.21608 0.020101
0.16583 0.015075
0.11558 0.015075
0.065327 0.015075
0.015075 0.015075
0 0.040201
0.045226 0.060302
0.095477 0.060302
0.14573 0.045226
0.17588 0.050251
0.14573 0.095477
0.1407 0.14573
0.1407 0.19598
0.14573 0.24623
0.16583 0.29648
0.1809 0.34673
0.20603 0.39698
0.23618 0.44724
0.19095 0.43216
0.1407 0.39698
0.090452 0.37186
0.040201 0.37186
0.030151 0.41206
0.045226 0.45729
# triangles
5 6 18
89 90 91
0 1 104
47 100 101
46 101 102
46 47 101
38 39 41
35 46 102
3 35 102
2 3 102
6 11 12
6 10 11
6 7 8
6 8 10
8 9 10
70 78 79
105 106 107
0 105 107
0 104 105
1 103 104
2 102 103
1 2 103
48 49 82
47 48 100
39 40 41
38 43 44
41 42 43
38 41 43
3 4 35
4 5 35
5 18 33
55 61 62
56 60 61
55 56 61
54 55 62
53 54 63
54 62 63
57 59 60
56 57 60
57 58 59
23 24 25
22 23 27
12 13 15
12 15 16
13 14 15
53 63 64
73 74 75
72 73 75
83 96 97
82 83 98
83 97 98
83 95 96
83 84 95
88 89 91
88 91 92
70 79 80
49 81 82
49 68 81
48 99 100
82 98 99
48 82 99
52 53 64
52 64 65
52 65 66
51 52 66
49 50 68
5 34 35
5 33 34
37 44 45
37 38 44
18 32 33
23 25 26
23 26 27
28 29 30
27 28 30
19 20 21
19 21 22
19 22 27
18 19 32
69 70 80
68 69 81
69 80 81
72 75 76
71 72 76
50 67 68
50 51 67
51 66 67
36 37 45
36 45 46
35 36 46
27 30 31
19 27 31
19 31 32
6 17 18
6 12 17
12 16 17
87 88 92
87 92 93
86 87 93
84 94 95
86 93 94
85 86 94
84 85 94
70 77 78
70 71 77
71 76 77
