# points
0.078125 0.46875
0.098958 0.52083
0.11979 0.57292
0.14062 0.625
0.15625 0.67708
0.17188 0.72917
0.14062 0.76562
0.098958 0.80208
0.098958 0.85417
0.10417 0.90625
0.13021 0.95833
0.17708 1
0.22917 1
0.28125 0.96875
0.32812 0.93229
0.33854 0.88021
0.34375 0.82812
0.38542 0.85417
0.40104 0.90625
0.45312 0.94271
0.50521 0.94271
0.55729 0.94271
0.60417 0.90625
0.64062 0.85417
0.65625 0.80729
0.64062 0.75521
0.60417 0.70833
0.55729 0.66667
0.50521 0.64583
0.45312 0.65104
0.42708 0.63542
0.41667 0.58333
0.38542 0.54167
0.40104 0.5
0.45312 0.46354
0.48438 0.41667
0.53646 0.42188
0.58854 0.41146
0.60417 0.375
0.55208 0.375
0.52604 0.33854
0.48438 0.375
0.44792 0.42188
0.40104 0.46875
0.36458 0.44792
0.36979 0.39583
0.38021 0.34375
0.40104 0.29167
0.41667 0.23958
0.43229 0.19792
0.48438 0.19792
0.53646 0.20833
0.58333 0.23438
0.61458 0.28125
0.625 0.33333
0.64062 0.38542
0.65625 0.4375
0.70312 0.48438
0.75521 0.48438
0.70833 0.44271
0.68229 0.39062
0.67188 0.33854
0.67188 0.28646
0.64583 0.23438
0.59375 0.19792
0.54167 0.16146
0.48958 0.15625
0.4375 0.15104
0.41667 0.10417
0.38021 0.067708
0.40625 0.036458
0.45833 0.046875
0.51042 0.0625
0.5625 0.0625
0.55729 0.015625
0.50521 0.010417
0.45312 0.010417
0.40104 0.010417
0.34896 0.010417
0.31771 0.036458
0.33333 0.088542
0.31771 0.125
0.26562 0.125
0.23958 0.088542
0.23958 0.036458
0.20833 0.0052083
0.15625 0.0052083
0.10417 0.0052083
0.052083 0.0052083
0 0
0.015625 0.036458
0.067708 0.0625
0.11979 0.046875
0.17188 0.052083
0.14583 0.10417
0.14062 0.15625
0.14583 0.20833
0.15104 0.26042
0.17188 0.3125
0.18229 0.36458
0.13021 0.34896
0.078125 0.33333
0.078125 0.38542
0.078125 0.4375
0.078125 0.46875
# triangles
10 11 12
0 99 103
100 101 102
99 100 103
100 102 103
23 24 25
57 58 59
72 73 74
72 74 75
88 89 90
88 90 91
87 88 91
82 96 97
13 14 15
10 12 13
9 10 13
83 84 93
84 85 93
87 91 92
85 86 93
86 87 92
86 92 93
47 82 98
82 97 98
20 21 22
0 1 99
6 8 15
8 9 13
8 13 15
6 15 16
37 38 39
56 57 59
56 59 60
55 56 60
55 60 61
47 81 82
47 48 81
70 77 78
70 76 77
52 63 64
51 52 64
51 64 65
50 51 65
50 65 66
83 93 94
6 7 8
5 6 16
4 5 30
5 16 30
17 20 22
17 18 19
17 19 20
2 3 32
4 30 32
3 4 32
54 55 61
54 61 62
50 66 67
82 83 95
83 94 95
82 95 96
30 31 32
2 32 44
1 44 99
1 2 44
34 35 42
36 37 39
17 26 27
17 22 26
22 23 26
23 25 26
53 62 63
53 54 62
52 53 63
68 80 81
67 68 81
49 50 67
48 49 81
49 67 81
17 27 29
16 29 30
16 17 29
27 28 29
32 33 44
35 41 42
39 40 41
36 39 41
35 36 41
46 98 99
46 47 98
68 69 80
69 70 78
69 78 79
69 79 80
70 71 76
71 72 75
71 75 76
33 34 43
33 43 44
34 42 43
44 45 99
45 46 99
