# points
0.12245 0.47959
0.13265 0.53571
0.14796 0.59184
0.16837 0.64796
0.19388 0.70408
0.21429 0.7602
0.16837 0.80102
0.16837 0.85714
0.19898 0.91327
0.23469 0.96429
0.28571 1
0.34184 0.9949
0.39796 0.97449
0.42347 0.92347
0.43367 0.86735
0.43367 0.81122
0.47959 0.80102
0.5 0.85714
0.55612 0.89286
0.61224 0.89796
0.66837 0.88776
0.70918 0.85714
0.70918 0.80102
0.70918 0.7449
0.68878 0.68878
0.66327 0.63776
0.60714 0.62245
0.55102 0.63265
0.51531 0.60714
0.46429 0.56122
0.41327 0.52551
0.45408 0.5
0.5 0.45408
0.55612 0.41327
0.61224 0.41837
0.62755 0.37245
0.57653 0.34694
0.52551 0.38265
0.48469 0.43367
0.44898 0.47449
0.41327 0.44898
0.41327 0.39286
0.43367 0.33673
0.44388 0.28061
0.45408 0.22449
0.47959 0.17857
0.53571 0.18878
0.59184 0.20918
0.64796 0.23469
0.68367 0.28571
0.70408 0.34184
0.71939 0.39796
0.75 0.45408
0.80102 0.47959
0.78571 0.45408
0.7449 0.40816
0.72449 0.35204
0.70918 0.29592
0.69388 0.2398
0.64796 0.19898
0.59184 0.17857
0.53571 0.16837
0.47959 0.16327
0.44898 0.11735
0.40816 0.061224
0.45408 0.05102
0.5102 0.05102
0.56633 0.05102
0.61224 0.02551
0.58163 0.005102
0.52551 0.015306
0.46939 0.015306
0.41327 0.015306
0.36224 0.020408
0.37245 0.076531
0.37755 0.13265
0.34184 0.15816
0.29082 0.13776
0.27041 0.081633
0.27041 0.02551
0.22449 0
0.16837 0.005102
0.11224 0.005102
0.056122 0.005102
0 0.010204
0.045918 0.045918
0.10204 0.05102
0.15816 0.05102
0.21429 0.05102
0.20408 0.10204
0.20408 0.15816
0.20918 0.21429
0.22959 0.27041
0.25 0.32653
0.27041 0.38265
0.28571 0.43878
0.2602 0.45918
0.20408 0.42857
0.14796 0.40816
0.10204 0.40816
0.12245 0.46429
0.12245 0.47959
# triangles
8 9 14
67 69 70
67 68 69
9 10 11
78 79 88
79 80 88
65 71 72
11 12 13
9 13 14
9 11 13
24 25 26
5 8 14
5 7 8
5 6 7
1 96 97
83 84 85
83 85 86
82 83 86
80 81 88
77 90 91
77 91 92
76 77 92
47 48 59
48 58 59
47 59 60
43 44 76
64 65 72
64 73 74
64 72 73
98 99 100
97 98 100
0 1 97
0 97 100
20 21 22
52 53 54
5 14 15
3 30 96
78 88 89
77 78 89
77 89 90
43 76 93
76 92 93
66 67 70
66 70 71
65 66 71
44 75 76
64 74 75
19 20 22
24 26 27
48 49 58
30 95 96
41 94 95
42 43 93
41 42 94
42 93 94
49 57 58
52 54 55
15 28 29
3 4 30
4 29 30
4 5 15
4 15 29
1 2 96
2 3 96
81 87 88
82 86 87
81 82 87
16 24 27
15 16 28
16 27 28
16 23 24
16 22 23
16 17 18
30 39 40
30 40 95
40 41 95
51 52 55
51 55 56
30 31 39
31 32 39
46 47 60
63 64 75
62 63 75
50 56 57
49 50 57
50 51 56
34 35 36
33 34 36
33 36 37
33 37 38
32 33 38
32 38 39
44 45 75
45 62 75
46 60 61
45 61 62
45 46 61
16 19 22
16 18 19
