# points
0.094241 0.4712
0.11518 0.52356
0.13089 0.57592
0.14136 0.62827
0.15183 0.68063
0.16754 0.73298
0.13613 0.7801
0.094241 0.82199
0.094241 0.87435
0.099476 0.9267
0.13089 0.97906
0.17801 1
0.23037 1
0.28272 0.98429
0.33508 0.95812
0.34555 0.90576
0.34555 0.8534
0.3822 0.86911
0.41361 0.92147
0.46597 0.95288
0.51832 0.95812
0.57068 0.94764
0.61257 0.91623
0.64398 0.86387
0.66492 0.81152
0.64921 0.75916
0.61257 0.70681
0.57068 0.65969
0.51832 0.65969
0.46597 0.67016
0.43979 0.62827
0.39791 0.58639
0.36126 0.53403
0.40314 0.50785
0.45026 0.46597
0.49215 0.41885
0.5445 0.40838
0.59686 0.38743
0.56545 0.36649
0.51832 0.36649
0.4712 0.38743
0.42932 0.43979
0.3822 0.4712
0.36649 0.42408
0.37173 0.37173
0.3822 0.31937
0.39267 0.26702
0.41361 0.21466
0.46597 0.20419
0.51832 0.18848
0.57068 0.20419
0.61257 0.25654
0.63874 0.30366
0.64398 0.35602
0.64921 0.40838
0.67539 0.46073
0.72775 0.49215
0.72775 0.46597
0.67539 0.43455
0.67016 0.3822
0.66492 0.32984
0.65445 0.27749
0.63351 0.22513
0.58639 0.18848
0.53403 0.15707
0.48168 0.1623
0.42932 0.16754
0.40838 0.12565
0.37696 0.073298
0.3822 0.036649
0.43455 0.041885
0.48691 0.041885
0.53927 0.052356
0.54974 0
0.49738 0.0052356
0.44503 0.0052356
0.39267 0.0052356
0.34031 0.0052356
0.32461 0.041885
0.34031 0.094241
0.31937 0.13613
0.26702 0.13089
0.22513 0.10995
0.21466 0.057592
0.22513 0.010471
0.17277 0.010471
0.12042 0.010471
0.068063 0.010471
0.015707 0.0052356
0 0.041885
0.04712 0.057592
0.099476 0.057592
0.1466 0.031414
0.19895 0.052356
0.16754 0.099476
0.15183 0.15183
0.1623 0.20419
0.17277 0.25654
0.19372 0.3089
0.18848 0.36126
0.14136 0.35602
0.089005 0.32461
0.036649 0.30366
0.041885 0.35602
0.068063 0.40838
0.094241 0.46073
0.094241 0.4712
# triangles
9 10 11
5 16 31
20 22 23
5 6 16
6 7 8
20 21 22
9 11 12
8 9 12
6 12 16
6 8 12
1 99 105
1 32 99
32 43 99
46 80 97
80 81 97
70 75 76
69 76 77
69 70 76
68 69 78
69 77 78
4 5 31
4 31 32
3 4 32
13 14 15
12 13 16
13 15 16
16 30 31
16 29 30
23 25 26
23 24 25
16 17 29
17 20 23
17 23 26
17 26 29
17 19 20
17 18 19
1 2 32
2 3 32
0 1 105
45 46 98
46 97 98
43 44 99
44 45 98
44 98 99
55 56 57
85 86 92
88 89 90
87 88 90
84 85 93
85 92 93
46 47 80
48 49 65
49 64 65
81 96 97
82 94 95
82 95 96
81 82 96
51 61 62
36 38 39
68 78 79
67 68 79
67 79 80
72 73 74
101 102 103
101 103 104
100 101 104
99 100 105
100 104 105
32 42 43
34 41 42
86 91 92
86 87 91
87 90 91
66 67 80
47 66 80
47 48 66
48 65 66
71 72 74
70 71 75
71 74 75
83 93 94
82 83 94
83 84 93
51 52 61
50 51 62
49 50 64
55 57 58
54 55 58
26 28 29
26 27 28
32 33 42
33 34 42
50 62 63
50 63 64
34 35 41
35 40 41
35 36 39
35 39 40
36 37 38
54 58 59
53 54 59
52 60 61
52 53 60
53 59 60
