# points
0.045356 0.50108
0.021598 0.52052
0.0021598 0.54212
0 0.56803
0.012959 0.59395
0.036717 0.61987
0.060475 0.64147
0.084233 0.66091
0.11015 0.68251
0.13607 0.70194
0.15983 0.72138
0.18575 0.74082
0.20518 0.76242
0.22894 0.78618
0.24406 0.80562
0.26566 0.82937
0.28294 0.85097
0.30454 0.87689
0.32613 0.90281
0.34773 0.92873
0.36933 0.95464
0.38877 0.98056
0.40821 1
0.42549 0.97624
0.44708 0.95032
0.46652 0.92657
0.49028 0.90065
0.50972 0.87689
0.52916 0.85529
0.54644 0.83153
0.56587 0.80562
0.58747 0.78186
0.60691 0.76242
0.62851 0.74082
0.64795 0.72138
0.67387 0.69978
0.69978 0.67603
0.72354 0.65443
0.7473 0.63283
0.77106 0.60907
0.7905 0.58747
0.79482 0.56156
0.7905 0.53564
0.77106 0.51188
0.7473 0.49244
0.72354 0.47948
0.69762 0.46652
0.67171 0.44924
0.64579 0.43413
0.61987 0.41901
0.59395 0.40389
0.56803 0.38661
0.54212 0.37149
0.51836 0.35421
0.49244 0.33693
0.4838 0.31749
0.4838 0.29158
0.46652 0.2851
0.44924 0.26782
0.43844 0.24838
0.43844 0.22246
0.44276 0.20302
0.43844 0.17927
0.43629 0.15335
0.43197 0.12743
0.43197 0.10367
0.42117 0.079914
0.40389 0.053996
0.38877 0.032397
0.36285 0.012959
0.33693 0.0043197
0.31102 0
0.2851 0
0.25918 0.0064795
0.23326 0.017279
0.2095 0.034557
0.19654 0.058315
0.2203 0.058315
0.2419 0.043197
0.26782 0.025918
0.2743 0.045356
0.30022 0.036717
0.32613 0.028078
0.35205 0.041037
0.37149 0.062635
0.38661 0.088553
0.39309 0.11447
0.39525 0.14039
0.39741 0.16631
0.39741 0.19222
0.39525 0.21814
0.38877 0.24406
0.37149 0.26566
0.35421 0.28726
0.33261 0.29158
0.33261 0.31749
0.32613 0.33477
0.30022 0.34125
0.2743 0.35637
0.24838 0.37365
0.22246 0.39309
0.19654 0.41037
0.17063 0.42765
0.14471 0.44276
0.11879 0.45788
0.092873 0.47516
0.066955 0.48812
0.045356 0.50108
# triangles
39 40 41
53 54 96
52 53 96
72 73 79
73 74 79
54 55 96
5 6 106
13 31 52
12 13 52
12 52 99
12 99 100
52 96 99
96 98 99
9 10 102
10 11 102
11 12 100
39 43 44
39 41 43
41 42 43
69 70 83
17 26 27
35 47 48
35 36 47
38 39 44
16 28 29
16 17 27
16 27 28
58 59 91
17 18 26
13 30 31
96 97 98
7 8 104
1 2 3
1 3 4
1 4 5
74 78 79
11 101 102
11 100 101
62 88 89
38 44 45
70 71 82
70 82 83
62 63 88
63 87 88
66 67 85
65 66 86
66 85 86
68 69 83
67 84 85
68 83 84
67 68 84
32 50 51
31 32 52
32 51 52
37 38 45
55 56 57
57 58 93
55 57 93
19 20 24
15 16 29
15 29 30
9 102 103
8 9 103
8 103 104
7 104 105
6 105 106
6 7 105
0 5 106
0 1 5
74 75 78
75 77 78
75 76 77
58 91 92
58 92 93
71 72 81
71 81 82
72 79 81
79 80 81
63 64 87
64 65 86
64 86 87
20 21 23
20 23 24
21 22 23
32 33 50
37 45 46
36 46 47
36 37 46
55 95 96
55 93 95
93 94 95
19 24 25
18 25 26
18 19 25
13 14 30
14 15 30
59 90 91
59 60 90
61 62 89
61 89 90
60 61 90
34 35 48
34 48 49
34 49 50
33 34 50
