# points
0.30811 0.44054
0.3027 0.47297
0.29189 0.51081
0.28108 0.54324
0.27027 0.57838
0.25946 0.61351
0.24595 0.65135
0.23514 0.68649
0.21892 0.72162
0.20811 0.75946
0.20811 0.79459
0.22973 0.82973
0.26757 0.84054
0.30541 0.84595
0.34054 0.84865
0.37838 0.84865
0.41622 0.84595
0.45405 0.84595
0.49189 0.84595
0.52973 0.84324
0.56757 0.84595
0.60541 0.84865
0.63784 0.85405
0.67568 0.85946
0.71351 0.86757
0.75135 0.87297
0.78919 0.88108
0.82703 0.88649
0.86486 0.89459
0.9027 0.9027
0.93784 0.91081
0.96757 0.90811
0.96486 0.87027
0.96486 0.83243
0.96486 0.79459
0.96486 0.75676
0.96486 0.72162
0.96486 0.68378
0.96216 0.64865
0.96216 0.61351
0.96216 0.57838
0.96486 0.54054
0.96757 0.50541
0.97297 0.46757
0.97568 0.43243
0.98108 0.39459
0.98919 0.35946
0.98919 0.32162
0.9973 0.28378
1 0.24865
1 0.21081
0.98108 0.17568
0.95135 0.15676
0.91351 0.15135
0.87568 0.15676
0.83784 0.16216
0.8 0.16757
0.76216 0.17568
0.72432 0.18108
0.68649 0.18649
0.64865 0.19459
0.61081 0.1973
0.57297 0.2027
0.53514 0.2027
0.5 0.21081
0.47297 0.17568
0.44865 0.17838
0.41622 0.17838
0.38649 0.16757
0.36486 0.14054
0.35135 0.11081
0.32432 0.091892
0.2973 0.062162
0.27568 0.037838
0.24324 0.021622
0.20811 0.0081081
0.17297 0.0027027
0.13514 0
0.1 0.013514
0.067568 0.032432
0.037838 0.062162
0.016216 0.097297
0.0027027 0.13243
0 0.16757
0.018919 0.15946
0.040541 0.13784
0.040541 0.10541
0.07027 0.1027
0.089189 0.078378
0.11081 0.045946
0.14865 0.035135
0.18378 0.040541
0.21892 0.059459
0.25135 0.083784
0.28108 0.11622
0.30811 0.14865
0.32973 0.18108
0.33784 0.21622
0.34054 0.24865
0.34054 0.28378
0.32973 0.30541
0.35676 0.32703
0.33784 0.35946
0.32432 0.3973
0.31351 0.43514
0.30811 0.44054
# triangles
30 31 32
79 80 88
10 11 12
9 10 12
80 87 88
81 82 86
82 85 86
80 81 86
80 86 87
43 44 59
0 1 104
62 64 101
7 13 14
29 30 32
7 8 13
8 9 12
8 12 13
82 83 84
82 84 85
21 62 104
64 66 67
64 65 66
43 59 60
62 63 64
77 78 89
79 88 89
78 79 89
50 51 52
49 50 52
49 52 53
101 102 103
62 101 103
62 103 104
99 100 101
64 99 101
64 67 99
67 98 99
1 20 104
20 21 104
21 40 41
4 5 17
5 16 17
7 14 15
28 29 33
28 33 34
29 32 33
45 47 56
44 58 59
49 53 54
48 49 54
47 48 54
67 97 98
77 89 90
76 77 90
1 2 19
1 19 20
2 3 19
41 60 61
21 61 62
21 41 61
42 43 60
41 42 60
21 22 40
22 23 40
5 6 16
6 7 15
6 15 16
45 46 47
45 56 57
47 55 56
47 54 55
72 73 93
71 72 94
72 93 94
73 74 92
73 92 93
74 75 92
23 39 40
23 38 39
4 17 18
3 4 18
3 18 19
68 69 96
67 68 97
68 96 97
26 35 36
25 26 36
25 36 37
25 37 38
23 24 38
24 25 38
70 71 95
71 94 95
69 95 96
69 70 95
75 91 92
75 76 91
76 90 91
27 34 35
26 27 35
27 28 34
44 57 58
44 45 57
