# points
0.081712 0.55253
0.062257 0.57198
0.042802 0.59144
0.023346 0.61089
0.015564 0.63424
0.0038911 0.65759
0 0.68093
0 0.70428
0.015564 0.72763
0.038911 0.74708
0.058366 0.76265
0.081712 0.7821
0.10506 0.79767
0.1284 0.80934
0.15175 0.8249
0.1751 0.83658
0.19455 0.85214
0.2179 0.8677
0.24125 0.87938
0.26459 0.88716
0.28794 0.90272
0.31128 0.91829
0.33463 0.92607
0.35798 0.94163
0.38132 0.96109
0.40467 0.98054
0.42802 0.99611
0.45136 1
0.47471 0.99611
0.49805 0.98444
0.5214 0.96498
0.54086 0.94553
0.56031 0.92218
0.57977 0.90272
0.60311 0.88716
0.62646 0.8677
0.64981 0.84825
0.67315 0.84047
0.6965 0.83268
0.71984 0.81323
0.74319 0.79767
0.76654 0.77821
0.78988 0.75875
0.80545 0.74319
0.82101 0.72763
0.84047 0.71206
0.85603 0.6965
0.8716 0.67315
0.8716 0.64981
0.8716 0.62646
0.86381 0.60311
0.85603 0.57977
0.83658 0.5642
0.81712 0.54086
0.79377 0.5214
0.77432 0.50584
0.75097 0.49027
0.72763 0.47471
0.70428 0.45914
0.68093 0.44358
0.66148 0.42802
0.63813 0.42023
0.61479 0.40467
0.59533 0.393
0.57198 0.38521
0.54864 0.38132
0.52529 0.38132
0.52529 0.35798
0.52918 0.33463
0.52918 0.31128
0.50973 0.3035
0.49027 0.28794
0.4786 0.27237
0.46693 0.24903
0.46693 0.22568
0.46693 0.20233
0.46693 0.17899
0.46693 0.15564
0.46304 0.1323
0.45914 0.10895
0.45525 0.085603
0.43969 0.062257
0.42412 0.038911
0.40856 0.019455
0.38911 0.0038911
0.36576 0
0.35409 0.015564
0.36576 0.038911
0.38521 0.058366
0.39689 0.081712
0.40467 0.10506
0.40856 0.1284
0.41245 0.15175
0.41245 0.1751
0.41634 0.19844
0.41245 0.22179
0.40856 0.24514
0.393 0.26848
0.37743 0.28794
0.36576 0.31128
0.34241 0.31128
0.33852 0.33463
0.34241 0.35798
0.3463 0.38132
0.32296 0.38132
0.29961 0.38521
0.27626 0.393
0.25292 0.40856
0.22957 0.42412
0.21012 0.44358
0.18677 0.46304
0.16342 0.4786
0.14397 0.49416
0.12451 0.51362
0.10117 0.53696
0.081712 0.55253
# triangles
19 35 103
6 7 8
35 66 103
46 47 48
45 46 48
76 77 93
19 103 109
19 109 110
1 10 11
48 49 50
45 48 50
76 93 94
41 42 55
82 88 89
82 83 88
84 85 86
1 11 12
17 18 19
6 8 9
5 6 9
1 2 10
35 36 66
36 61 66
36 39 58
84 86 87
83 87 88
83 84 87
77 92 93
77 78 92
78 91 92
42 54 55
50 51 52
45 50 52
40 41 57
39 57 58
39 40 57
78 79 91
79 80 90
79 90 91
81 82 89
81 89 90
80 81 90
19 20 35
4 9 10
2 4 10
2 3 4
4 5 9
36 59 61
36 58 59
59 60 61
61 62 66
62 63 64
36 37 39
37 38 39
22 23 33
23 32 33
20 22 33
20 33 35
33 34 35
42 43 54
41 55 56
41 56 57
75 76 94
20 21 22
103 107 109
107 108 109
62 65 66
62 64 65
23 31 32
44 53 54
43 44 54
44 52 53
44 45 52
68 69 70
72 73 96
72 96 97
16 17 19
16 19 110
15 16 110
0 1 12
25 29 30
25 28 29
25 26 27
25 27 28
103 104 107
104 105 107
99 100 101
99 101 102
99 102 103
105 106 107
67 68 70
67 70 71
67 71 99
66 67 103
67 99 103
73 95 96
73 74 95
74 75 94
74 94 95
0 12 13
14 15 113
24 25 30
23 24 31
24 30 31
71 98 99
72 97 98
71 72 98
15 110 111
13 14 114
14 113 114
0 13 114
15 112 113
15 111 112
