# points
0.046512 0.55426
0.031008 0.57364
0.015504 0.59302
0.0077519 0.61628
0.003876 0.63953
0 0.66279
0.011628 0.68605
0.027132 0.70543
0.046512 0.72093
0.062016 0.73643
0.077519 0.75194
0.096899 0.77132
0.12016 0.7907
0.14341 0.8062
0.16667 0.82558
0.18992 0.83721
0.21318 0.84496
0.23643 0.86047
0.25969 0.87984
0.28295 0.89147
0.30233 0.91473
0.32171 0.93411
0.34109 0.95736
0.36434 0.97287
0.3876 0.99225
0.41085 1
0.43411 1
0.45736 0.98837
0.48062 0.96899
0.50388 0.95349
0.52713 0.93411
0.55039 0.92248
0.57364 0.91473
0.5969 0.89535
0.62016 0.88372
0.64341 0.87597
0.66667 0.86047
0.68992 0.84496
0.7093 0.83333
0.73256 0.81783
0.75581 0.8062
0.77907 0.7907
0.80233 0.77519
0.82558 0.75581
0.84496 0.74031
0.86434 0.71705
0.87209 0.6938
0.86822 0.67054
0.86047 0.64729
0.85271 0.62403
0.84109 0.60078
0.82171 0.5814
0.80233 0.56589
0.77907 0.54651
0.75581 0.52326
0.73256 0.50388
0.71705 0.48837
0.6938 0.46899
0.67054 0.44961
0.65116 0.43411
0.62791 0.4186
0.60465 0.39922
0.5814 0.39147
0.55814 0.38372
0.53488 0.3876
0.52713 0.36822
0.53488 0.34496
0.53488 0.32171
0.5155 0.31783
0.5 0.29845
0.48062 0.27907
0.46512 0.25581
0.46124 0.23256
0.46124 0.2093
0.46124 0.18605
0.46124 0.16279
0.46512 0.13953
0.46899 0.11628
0.47674 0.093023
0.48837 0.069767
0.5 0.050388
0.5155 0.027132
0.5155 0.0077519
0.49225 0
0.46899 0.01938
0.45349 0.034884
0.43798 0.05814
0.42636 0.081395
0.41085 0.10465
0.41085 0.12791
0.40698 0.15116
0.40698 0.17442
0.40698 0.19767
0.40698 0.22093
0.4031 0.24419
0.4031 0.26744
0.39147 0.2907
0.37209 0.3062
0.34884 0.31008
0.34496 0.32946
0.34496 0.35271
0.35271 0.37597
0.33333 0.37984
0.31008 0.38372
0.28682 0.39535
0.26357 0.4031
0.24419 0.4186
0.22093 0.42636
0.20155 0.44186
0.17829 0.45736
0.15504 0.46899
0.13178 0.4845
0.10853 0.50388
0.089147 0.5155
0.065891 0.53876
0.046512 0.55426
# triangles
45 46 47
24 25 27
49 50 51
19 64 101
19 20 30
25 26 27
23 24 27
39 53 54
17 18 19
17 19 101
16 17 106
20 21 30
16 106 108
16 108 109
21 22 23
74 91 92
97 100 101
96 97 101
97 99 100
97 98 99
69 70 96
73 74 92
71 72 94
81 83 84
39 54 55
43 49 51
43 48 49
21 29 30
33 34 64
19 33 64
17 104 106
104 105 106
10 11 112
9 10 114
10 112 114
8 9 114
1 8 114
1 3 8
0 1 114
13 16 109
13 15 16
13 14 15
112 113 114
106 107 108
64 65 101
65 96 101
65 69 96
72 93 94
73 92 93
72 73 93
71 94 95
70 95 96
70 71 95
79 85 86
34 58 64
58 59 64
81 82 83
37 55 56
44 47 48
43 44 48
44 45 47
21 23 28
21 28 29
23 27 28
31 32 33
19 30 31
19 31 33
17 101 102
17 102 104
102 103 104
4 6 7
4 7 8
3 4 8
4 5 6
1 2 3
13 111 112
11 12 112
12 13 112
65 68 69
62 63 64
76 89 90
80 81 84
80 84 85
79 80 85
60 61 62
59 60 64
60 62 64
37 56 57
34 57 58
38 39 55
37 38 55
39 40 53
40 41 53
41 52 53
13 109 110
13 110 111
66 67 68
65 66 68
75 76 90
74 75 91
75 90 91
78 86 87
78 79 86
34 36 57
36 37 57
34 35 36
41 42 52
42 43 51
42 51 52
77 78 87
77 87 88
77 88 89
76 77 89
