# points
0.083019 0.55472
0.079245 0.58491
0.067925 0.61509
0.060377 0.64528
0.049057 0.67547
0.041509 0.70566
0.030189 0.73962
0.026415 0.77358
0.018868 0.80377
0.018868 0.83774
0.026415 0.86792
0.049057 0.89811
0.067925 0.92075
0.10189 0.92453
0.13585 0.92453
0.16981 0.9283
0.20377 0.93208
0.23774 0.93208
0.26792 0.9283
0.30189 0.9283
0.33208 0.93208
0.36604 0.93208
0.4 0.93208
0.43019 0.93962
0.46415 0.9434
0.49811 0.95472
0.53208 0.96226
0.56604 0.96981
0.6 0.98113
0.63396 1
0.66415 1
0.6717 0.97358
0.66415 0.9434
0.6566 0.90943
0.66038 0.87925
0.6566 0.84528
0.6566 0.81132
0.6566 0.78113
0.6566 0.74717
0.66038 0.71698
0.66792 0.68302
0.6717 0.65283
0.68302 0.62264
0.68679 0.59623
0.70189 0.56226
0.70943 0.53208
0.72075 0.49811
0.7283 0.46415
0.73208 0.43019
0.73208 0.39623
0.70189 0.36981
0.67547 0.35094
0.64528 0.33962
0.61509 0.33585
0.58113 0.33585
0.54717 0.33585
0.51321 0.33962
0.47925 0.33208
0.44528 0.33208
0.41132 0.33208
0.37736 0.33585
0.3434 0.33585
0.30943 0.34717
0.27925 0.36604
0.26038 0.35472
0.24151 0.3283
0.22264 0.3283
0.19245 0.32453
0.15849 0.32075
0.13208 0.30566
0.10566 0.27925
0.086792 0.24906
0.064151 0.21887
0.05283 0.18491
0.041509 0.15472
0.049057 0.12453
0.056604 0.09434
0.086792 0.083019
0.11321 0.075472
0.11698 0.041509
0.15094 0.045283
0.18113 0.041509
0.20755 0.022642
0.18868 0
0.15472 0.0037736
0.12075 0.011321
0.086792 0.022642
0.05283 0.045283
0.026415 0.071698
0.011321 0.10566
0 0.13208
0 0.15849
0 0.19245
0.0075472 0.22264
0.026415 0.24906
0.037736 0.27547
0.056604 0.30566
0.071698 0.33208
0.090566 0.34717
0.10943 0.37358
0.10566 0.40377
0.086792 0.42264
0.10943 0.4566
0.13962 0.48302
0.11698 0.50566
0.09434 0.53585
0.083019 0.55472
# triangles
29 30 31
40 63 103
39 40 103
9 10 11
21 39 103
76 87 88
76 88 89
8 9 14
80 84 85
79 80 85
79 85 86
81 82 83
81 83 84
80 81 84
40 41 63
4 5 18
63 64 103
64 67 103
1 103 104
67 100 103
75 76 89
74 75 90
75 89 90
73 74 92
72 73 93
73 92 93
11 12 13
9 11 13
9 13 14
7 8 14
3 4 18
27 28 33
27 33 34
26 27 34
48 49 50
47 51 52
47 52 53
46 47 53
47 48 50
47 50 51
41 58 59
41 42 43
5 16 17
5 17 18
1 2 19
2 3 19
3 18 19
1 19 103
19 20 21
19 21 103
100 102 103
100 101 102
0 1 105
1 104 105
69 70 97
69 97 98
24 25 36
21 22 39
74 90 91
74 91 92
76 77 87
77 86 87
77 78 79
77 79 86
5 15 16
5 6 15
6 7 15
7 14 15
28 32 33
28 29 32
29 31 32
26 34 35
25 35 36
25 26 35
46 53 54
45 46 54
45 54 55
41 43 56
41 56 58
56 57 58
43 44 56
45 55 56
44 45 56
41 60 63
41 59 60
60 62 63
60 61 62
69 98 99
67 99 100
24 36 37
71 72 94
71 94 95
72 93 94
70 71 96
71 95 96
70 96 97
67 68 99
68 69 99
23 24 38
24 37 38
22 23 38
22 38 39
64 66 67
64 65 66
