# points
0.098143 0.49602
0.076923 0.5305
0.050398 0.56499
0.03183 0.59947
0.015915 0.63395
0 0.66844
0 0.70292
0.018568 0.7374
0.039788 0.76658
0.071618 0.79045
0.1061 0.80371
0.14058 0.81432
0.17507 0.82493
0.20955 0.8382
0.24403 0.85146
0.27851 0.86737
0.313 0.89125
0.34483 0.92042
0.37666 0.95491
0.41114 0.97878
0.44562 1
0.47745 0.98143
0.50663 0.9496
0.53846 0.91777
0.57294 0.89125
0.60743 0.87003
0.64191 0.85146
0.67639 0.8382
0.71088 0.81963
0.74536 0.80637
0.77984 0.79045
0.81167 0.76923
0.83554 0.73475
0.85411 0.70027
0.87003 0.66578
0.86207 0.6313
0.84085 0.59947
0.82228 0.57029
0.80106 0.53581
0.77719 0.50133
0.76127 0.4695
0.73475 0.43501
0.71353 0.40584
0.68435 0.37135
0.64987 0.34483
0.61804 0.32361
0.58355 0.31034
0.58621 0.27851
0.58886 0.24403
0.55703 0.22546
0.52255 0.21751
0.48806 0.21751
0.49602 0.18302
0.50928 0.14854
0.5305 0.11406
0.55703 0.084881
0.59151 0.06366
0.62599 0.050398
0.66048 0.045093
0.69496 0.050398
0.72944 0.061008
0.76127 0.090186
0.77984 0.12202
0.7878 0.1565
0.7878 0.19098
0.77984 0.22546
0.76658 0.25995
0.76923 0.27851
0.79576 0.24403
0.81432 0.20955
0.82228 0.17507
0.82759 0.14324
0.81963 0.11141
0.80637 0.076923
0.78249 0.047745
0.74801 0.023873
0.71353 0.0079576
0.67905 0.0026525
0.64456 0
0.61008 0
0.5756 0.005305
0.54111 0.015915
0.50663 0.03183
0.4748 0.05305
0.44297 0.084881
0.4191 0.11936
0.40053 0.15385
0.38992 0.18833
0.37135 0.2122
0.34218 0.22016
0.30769 0.22281
0.27321 0.23077
0.26525 0.2626
0.28117 0.29708
0.25995 0.30769
0.22812 0.33156
0.19629 0.36074
0.16976 0.38462
0.14589 0.41645
0.12467 0.44828
0.10345 0.48276
0.098143 0.49602
# triangles
15 46 96
15 25 46
25 26 41
46 51 93
51 88 93
0 1 13
15 24 25
58 77 78
5 6 7
4 8 9
3 4 10
4 9 10
4 7 8
4 5 7
19 20 21
25 42 46
25 41 42
46 95 96
46 93 95
46 50 51
51 87 88
52 85 86
52 86 87
51 52 87
0 13 14
0 14 99
15 96 98
14 15 98
14 98 99
15 16 24
19 21 22
18 19 22
17 18 22
65 66 68
66 67 68
59 76 77
58 59 77
1 2 11
3 10 11
2 3 11
30 31 32
90 91 92
90 92 93
88 89 93
89 90 93
96 97 98
0 99 100
17 22 23
16 17 23
16 23 24
47 48 49
46 47 50
47 49 50
65 68 69
28 29 37
29 30 37
30 32 37
55 81 82
55 56 81
56 80 81
52 53 85
53 84 85
60 75 76
59 60 76
60 74 75
1 12 13
1 11 12
93 94 95
44 45 46
42 44 46
42 43 44
28 37 38
33 34 35
57 58 78
54 55 82
54 82 83
54 83 84
53 54 84
61 73 74
60 61 74
26 27 39
27 28 39
28 38 39
26 39 41
39 40 41
33 35 36
32 33 36
32 36 37
57 78 79
56 79 80
56 57 79
62 72 73
61 62 73
62 71 72
63 70 71
62 63 71
64 65 69
64 69 70
63 64 70
