# points
0.035088 0.55263
0.048246 0.59649
0.070175 0.63596
0.096491 0.67982
0.11842 0.72368
0.14912 0.76754
0.1886 0.80702
0.22807 0.84211
0.26754 0.87281
0.3114 0.90351
0.33772 0.93421
0.38158 0.94298
0.42544 0.96491
0.4693 0.97807
0.51316 0.99561
0.55702 0.99561
0.60088 1
0.64474 0.99561
0.6886 0.98246
0.6886 0.94298
0.64474 0.92982
0.60088 0.91228
0.55702 0.89474
0.51316 0.87719
0.4693 0.85965
0.4386 0.83772
0.42982 0.8114
0.39035 0.82895
0.34649 0.80263
0.30263 0.77193
0.26316 0.74123
0.22807 0.70614
0.19737 0.66667
0.16667 0.62281
0.13596 0.57895
0.11842 0.53509
0.10526 0.49123
0.092105 0.44737
0.087719 0.40351
0.083333 0.35965
0.087719 0.31579
0.096491 0.27193
0.11404 0.22807
0.14035 0.18421
0.17982 0.14474
0.2193 0.11842
0.26316 0.10526
0.30702 0.096491
0.35088 0.092105
0.39474 0.10965
0.4386 0.13158
0.48246 0.15789
0.51754 0.19737
0.54825 0.24123
0.56579 0.28509
0.58333 0.32895
0.59649 0.37281
0.60965 0.41667
0.62281 0.46053
0.62719 0.50439
0.64474 0.54825
0.65351 0.59211
0.66228 0.63596
0.67105 0.67982
0.67982 0.72368
0.70614 0.74561
0.74561 0.72807
0.74123 0.68421
0.73246 0.64035
0.72368 0.59649
0.7193 0.55263
0.71491 0.50877
0.70175 0.46491
0.69298 0.42105
0.68421 0.37719
0.67105 0.33333
0.65789 0.29386
0.64474 0.25
0.62719 0.20614
0.59649 0.16228
0.56579 0.11842
0.54825 0.078947
0.50877 0.061404
0.46491 0.039474
0.42105 0.017544
0.37719 0.0087719
0.33333 0
0.28947 0
0.24561 0.013158
0.20175 0.02193
0.15789 0.04386
0.11404 0.074561
0.070175 0.11842
0.04386 0.16228
0.02193 0.20614
0.0087719 0.25
0.004386 0.29386
0 0.33772
0 0.38158
0.004386 0.42544
0.013158 0.4693
0.026316 0.51316
0.035088 0.55263
# triangles
47 86 87
15 16 21
15 21 22
42 43 93
45 46 89
47 48 86
16 20 21
16 17 20
57 73 74
54 76 77
51 80 81
56 57 74
2 3 33
58 59 72
58 72 73
57 58 73
9 10 27
10 11 27
43 92 93
42 93 94
37 100 101
40 96 97
50 82 83
51 81 82
50 51 82
47 87 88
46 47 88
46 88 89
48 85 86
49 50 83
49 83 84
49 84 85
48 49 85
59 71 72
56 74 75
13 23 24
3 32 33
3 4 32
62 68 69
64 65 66
64 66 67
63 67 68
62 63 68
63 64 67
61 69 70
61 62 69
14 15 22
14 22 23
13 14 23
45 89 90
44 90 91
44 45 90
0 1 35
36 37 101
0 36 101
0 35 36
37 99 100
52 79 80
51 52 80
40 41 96
41 42 94
38 98 99
37 38 99
11 25 27
11 24 25
25 26 27
12 13 24
11 12 24
5 6 31
6 30 31
4 5 31
4 31 32
8 28 29
8 9 28
9 27 28
7 29 30
6 7 30
7 8 29
60 61 70
60 70 71
59 60 71
41 95 96
41 94 95
2 33 34
1 2 34
1 34 35
54 55 76
55 75 76
55 56 75
53 77 78
53 54 77
53 78 79
52 53 79
39 40 97
39 97 98
38 39 98
17 18 20
18 19 20
44 91 92
43 44 92
