# points
0.089783 0.3808
0.11455 0.41176
0.14241 0.43653
0.17337 0.46749
0.19814 0.49226
0.22291 0.51703
0.25387 0.54489
0.27864 0.57276
0.30341 0.59752
0.32817 0.62539
0.34985 0.65635
0.37152 0.68111
0.37461 0.65325
0.37152 0.62229
0.36223 0.59133
0.35294 0.56037
0.33746 0.52941
0.31579 0.49845
0.29102 0.46749
0.26935 0.43653
0.25077 0.40557
0.2291 0.37771
0.20124 0.34675
0.17957 0.31579
0.1548 0.28483
0.13313 0.25387
0.11455 0.22291
0.10217 0.19195
0.092879 0.16099
0.11455 0.1517
0.14551 0.16099
0.17647 0.17028
0.20743 0.18266
0.23839 0.19195
0.26935 0.20743
0.29721 0.22601
0.32817 0.24458
0.35604 0.26316
0.387 0.28173
0.41486 0.30341
0.44582 0.32817
0.47678 0.35294
0.50464 0.37461
0.5356 0.39628
0.56656 0.41796
0.58514 0.43344
0.6161 0.43344
0.64706 0.43963
0.67802 0.44272
0.70279 0.44892
0.73375 0.47059
0.76471 0.48916
0.79567 0.51393
0.82663 0.5387
0.85759 0.55418
0.88854 0.56347
0.9195 0.56656
0.95046 0.56966
0.98142 0.57276
0.98142 0.55108
1 0.5418
0.98452 0.51084
0.95666 0.48297
0.9257 0.4613
0.89474 0.43963
0.86378 0.41796
0.83591 0.39319
0.80495 0.37461
0.77399 0.34985
0.74303 0.32817
0.71207 0.30031
0.68111 0.28173
0.65015 0.25697
0.6192 0.23529
0.58824 0.21672
0.55728 0.19505
0.52941 0.17957
0.49845 0.16099
0.46749 0.13932
0.43653 0.12074
0.40557 0.10526
0.39009 0.077399
0.37461 0.049536
0.34365 0.027864
0.31269 0.018576
0.28173 0.0092879
0.25077 0
0.21981 0.003096
0.18885 0.006192
0.17028 0.012384
0.13932 0.021672
0.10836 0.034056
0.080495 0.052632
0.049536 0.074303
0.024768 0.10526
0.01548 0.13622
0.0092879 0.16718
0.003096 0.19814
0 0.2291
0.0092879 0.26006
0.021672 0.29102
0.043344 0.31889
0.065015 0.34985
0.089783 0.3808
0.089783 0.3808
# triangles
54 55 63
7 16 17
48 69 70
48 49 69
49 50 67
3 20 21
49 68 69
49 67 68
81 83 84
81 82 83
42 73 74
8 14 15
7 15 16
7 8 15
44 71 72
55 56 63
59 60 61
57 59 61
57 58 59
50 51 67
51 66 67
52 53 64
53 54 64
54 63 64
28 95 96
28 93 94
28 94 95
85 86 87
32 85 87
6 7 17
6 17 18
5 6 18
2 3 21
0 24 102
9 13 14
8 9 14
37 78 79
37 38 78
38 77 78
40 75 76
41 42 74
41 74 75
40 41 75
43 44 72
43 72 73
42 43 73
44 46 71
56 62 63
57 61 62
56 57 62
52 64 65
51 65 66
51 52 65
29 92 93
28 29 93
29 91 92
29 90 91
0 1 23
0 23 24
24 101 102
10 12 13
9 10 13
10 11 12
38 39 77
39 76 77
39 40 76
47 70 71
46 47 71
47 48 70
44 45 46
26 98 99
26 99 100
33 84 85
32 33 85
3 19 20
3 4 19
4 5 19
5 18 19
27 96 97
27 28 96
27 97 98
26 27 98
24 25 101
25 100 101
25 26 100
35 36 80
36 37 79
36 79 80
1 22 23
1 2 22
2 21 22
34 81 84
33 34 84
34 80 81
34 35 80
31 88 89
31 87 88
31 32 87
29 30 90
30 89 90
30 31 89
