# points
0.065934 0.52747
0.076923 0.56044
0.098901 0.59341
0.13187 0.62637
0.15385 0.65934
0.18681 0.69231
0.21978 0.71429
0.25275 0.74725
0.28571 0.75824
0.31868 0.78022
0.35165 0.79121
0.38462 0.81319
0.41758 0.82418
0.45055 0.84615
0.48352 0.85714
0.51648 0.87912
0.54945 0.9011
0.58242 0.93407
0.61538 0.96703
0.64835 0.97802
0.68132 0.98901
0.71429 1
0.74725 1
0.78022 0.98901
0.81319 0.97802
0.82418 0.94505
0.8022 0.91209
0.76923 0.89011
0.73626 0.86813
0.7033 0.84615
0.67033 0.82418
0.63736 0.82418
0.6044 0.82418
0.57143 0.8022
0.53846 0.78022
0.50549 0.75824
0.47253 0.73626
0.43956 0.72527
0.40659 0.7033
0.37363 0.69231
0.34066 0.67033
0.30769 0.64835
0.27473 0.63736
0.24176 0.6044
0.20879 0.57143
0.17582 0.53846
0.15385 0.50549
0.13187 0.47253
0.12088 0.43956
0.10989 0.40659
0.087912 0.37363
0.087912 0.34066
0.076923 0.30769
0.076923 0.27473
0.076923 0.24176
0.087912 0.20879
0.098901 0.17582
0.12088 0.14286
0.15385 0.12088
0.18681 0.098901
0.21978 0.10989
0.25275 0.10989
0.28571 0.12088
0.31868 0.14286
0.35165 0.17582
0.37363 0.20879
0.40659 0.24176
0.42857 0.27473
0.45055 0.30769
0.47253 0.34066
0.49451 0.37363
0.51648 0.40659
0.53846 0.43956
0.57143 0.47253
0.59341 0.50549
0.62637 0.53846
0.65934 0.57143
0.68132 0.6044
0.71429 0.63736
0.73626 0.67033
0.75824 0.7033
0.78022 0.73626
0.81319 0.73626
0.8022 0.7033
0.78022 0.67033
0.76923 0.63736
0.74725 0.6044
0.72527 0.57143
0.7033 0.53846
0.67033 0.50549
0.64835 0.47253
0.61538 0.43956
0.59341 0.40659
0.57143 0.37363
0.54945 0.34066
0.52747 0.30769
0.50549 0.27473
0.49451 0.24176
0.47253 0.20879
0.45055 0.17582
0.41758 0.14286
0.3956 0.10989
0.36264 0.076923
0.32967 0.043956
0.2967 0.021978
0.26374 0.010989
0.23077 0
0.1978 0
0.16484 0
0.13187 0.021978
0.098901 0.032967
0.065934 0.065934
0.054945 0.098901
0.032967 0.13187
0.021978 0.16484
0.010989 0.1978
0.010989 0.23077
0 0.26374
0 0.2967
0 0.32967
0 0.36264
0.010989 0.3956
0.021978 0.42857
0.032967 0.46154
0.043956 0.49451
0.065934 0.52747
0.065934 0.52747
# triangles
23 25 26
23 24 25
56 113 114
77 86 87
81 82 83
79 84 85
66 98 99
65 66 99
65 99 100
59 60 106
59 108 109
77 78 86
78 85 86
78 79 85
23 26 27
22 23 27
21 22 27
79 80 84
80 83 84
80 81 83
29 30 31
66 67 98
63 101 102
64 65 100
63 64 101
64 100 101
59 106 107
59 107 108
58 109 110
58 59 109
58 110 111
3 4 44
1 2 45
2 3 45
3 44 45
4 5 43
4 43 44
8 9 39
10 38 39
9 10 39
67 68 96
68 69 96
69 95 96
10 11 37
10 37 38
74 75 90
12 13 35
12 35 36
11 12 37
12 36 37
61 104 105
60 105 106
60 61 105
61 62 104
62 103 104
62 63 102
62 102 103
57 111 112
57 58 111
5 6 42
5 42 43
6 7 42
72 73 92
72 92 93
71 72 93
73 91 92
74 90 91
73 74 91
69 70 95
67 97 98
67 96 97
14 15 34
14 34 35
13 14 35
15 33 34
15 16 33
16 32 33
17 31 32
16 17 32
17 29 31
17 18 29
19 28 29
18 19 29
1 45 46
51 119 120
7 8 41
7 41 42
75 89 90
76 87 88
76 77 87
75 76 89
76 88 89
70 94 95
71 93 94
70 71 94
19 20 28
20 21 27
20 27 28
48 123 124
50 51 120
52 118 119
51 52 119
8 39 40
8 40 41
47 48 124
50 120 121
48 49 123
53 117 118
52 53 118
53 116 117
0 47 124
0 1 46
0 46 47
50 121 122
49 122 123
49 50 122
53 54 116
54 115 116
54 55 115
55 114 115
55 56 114
56 57 113
57 112 113
