# points
0.0095541 0.50318
0.019108 0.53503
0.019108 0.56688
0.019108 0.59873
0.022293 0.63057
0.028662 0.66242
0.028662 0.69427
0.035032 0.72611
0.047771 0.75796
0.05414 0.78981
0.066879 0.82166
0.082803 0.85032
0.095541 0.88217
0.11146 0.89809
0.12739 0.92994
0.14968 0.94904
0.17516 0.97771
0.1879 0.96178
0.21656 0.98408
0.24841 0.99363
0.28025 1
0.29936 0.98408
0.33121 0.98726
0.34076 0.96497
0.37261 0.95223
0.40127 0.92994
0.41401 0.89809
0.4172 0.86943
0.40764 0.84713
0.41083 0.81529
0.41401 0.78344
0.41401 0.75159
0.40764 0.71975
0.40446 0.6879
0.40127 0.65605
0.40127 0.6242
0.40127 0.59236
0.40127 0.56051
0.38535 0.52866
0.35669 0.50318
0.3758 0.53503
0.3949 0.56688
0.39172 0.59873
0.39172 0.63057
0.39172 0.66242
0.38854 0.69427
0.39172 0.72611
0.39172 0.75796
0.38854 0.78981
0.38854 0.82166
0.39172 0.8535
0.38854 0.88535
0.37261 0.9172
0.34076 0.94268
0.30892 0.95541
0.27707 0.9586
0.24522 0.94586
0.21338 0.92038
0.19108 0.89172
0.18471 0.85987
0.17516 0.82803
0.16879 0.79618
0.16242 0.76433
0.16561 0.73248
0.16879 0.70064
0.16561 0.66879
0.16561 0.63694
0.16242 0.6051
0.15924 0.57325
0.15605 0.5414
0.15605 0.50955
0.15605 0.47771
0.14968 0.44586
0.14968 0.41401
0.14331 0.38217
0.13694 0.35032
0.13694 0.31847
0.13376 0.28662
0.13694 0.25478
0.13694 0.22293
0.13694 0.19108
0.14013 0.15924
0.13057 0.12739
0.13694 0.095541
0.13376 0.063694
0.13694 0.031847
0.1242 0
0.092357 0.0063694
0.076433 0.031847
0.063694 0.063694
0.050955 0.095541
0.035032 0.12739
0.015924 0.15924
0 0.19108
0 0.22293
0.0031847 0.25478
0.0063694 0.28662
0.0063694 0.31847
0.0095541 0.35032
0.012739 0.38217
0.0095541 0.41401
0.0095541 0.44586
0.0031847 0.47771
0.0095541 0.50318
# triangles
7 63 64
3 4 67
14 15 58
7 8 63
8 62 63
8 9 62
31 46 47
6 7 64
37 38 40
38 39 40
81 82 91
18 19 56
19 20 55
19 55 56
17 18 56
15 16 17
12 13 59
13 14 58
13 58 59
10 11 61
9 10 62
10 61 62
0 101 102
5 6 65
6 64 65
31 32 46
32 45 46
85 86 87
85 87 88
3 67 68
76 97 98
73 74 100
74 99 100
82 90 91
20 21 55
21 54 55
21 22 54
22 23 54
23 53 54
23 24 53
25 26 52
24 25 52
24 52 53
17 56 57
15 57 58
15 17 57
2 3 68
1 2 69
2 68 69
11 60 61
12 59 60
11 12 60
30 31 47
30 47 48
29 30 48
5 65 66
4 5 66
4 66 67
33 44 45
32 33 45
75 76 98
75 98 99
74 75 99
79 94 95
78 79 95
77 96 97
76 77 97
83 89 90
82 83 90
0 72 101
0 71 72
0 1 70
0 70 71
1 69 70
29 48 49
37 40 41
80 81 91
80 91 92
80 92 93
83 84 89
84 88 89
84 85 88
35 42 43
33 34 44
34 43 44
34 35 43
35 36 42
36 37 41
36 41 42
26 51 52
26 27 51
27 50 51
28 29 49
28 49 50
27 28 50
77 78 95
77 95 96
72 73 100
72 100 101
79 80 94
80 93 94
