# points
0.029954 0.24885
0.050691 0.26959
0.073733 0.28111
0.096774 0.29032
0.11982 0.29493
0.14286 0.30184
0.1659 0.30645
0.18894 0.31106
0.21198 0.31567
0.23502 0.32258
0.25806 0.32719
0.28111 0.32949
0.30415 0.3318
0.32719 0.3318
0.35023 0.3318
0.37327 0.3318
0.39631 0.3318
0.41935 0.3341
0.4424 0.3341
0.46544 0.33871
0.48848 0.35714
0.51152 0.37558
0.52995 0.39862
0.54839 0.42166
0.56912 0.4447
0.59217 0.46544
0.61521 0.47696
0.63825 0.48157
0.66129 0.48157
0.68433 0.48618
0.70737 0.49078
0.73041 0.49539
0.75346 0.4977
0.7765 0.4977
0.79954 0.49539
0.82258 0.49078
0.84562 0.48387
0.86866 0.47465
0.89171 0.46313
0.91475 0.45161
0.93779 0.43548
0.96083 0.41475
0.97696 0.39171
0.98387 0.36866
0.99539 0.34793
1 0.32488
0.99078 0.30184
0.98387 0.2788
0.97696 0.25576
0.97696 0.23272
0.97696 0.20968
0.97465 0.18664
0.97696 0.16359
0.97235 0.14055
0.96313 0.11751
0.947 0.09447
0.94009 0.071429
0.92857 0.048387
0.91014 0.025346
0.8871 0.0092166
0.86406 0.0046083
0.84101 0
0.81797 0
0.79493 0.0023041
0.77189 0.0046083
0.74885 0.0069124
0.72581 0.011521
0.70276 0.013825
0.67972 0.018433
0.65668 0.023041
0.63364 0.034562
0.61982 0.050691
0.59677 0.0553
0.57373 0.057604
0.553 0.050691
0.54608 0.02765
0.53226 0.039171
0.51843 0.057604
0.49539 0.0553
0.47235 0.052995
0.44931 0.048387
0.42627 0.039171
0.40323 0.032258
0.38018 0.025346
0.35714 0.018433
0.3341 0.013825
0.31106 0.011521
0.28802 0.013825
0.26498 0.013825
0.24194 0.018433
0.21889 0.023041
0.19585 0.02765
0.17281 0.034562
0.14977 0.043779
0.12673 0.052995
0.10369 0.064516
0.080645 0.073733
0.057604 0.089862
0.034562 0.10599
0.013825 0.12903
0.0023041 0.15207
0 0.17512
0.0023041 0.19816
0.013825 0.2212
0.025346 0.24424
0.029954 0.24885
# triangles
44 45 46
51 55 64
56 57 60
55 56 60
57 58 60
58 59 60
40 41 43
41 42 43
43 44 46
29 30 48
48 49 71
29 48 71
55 63 64
21 22 71
21 71 72
99 100 101
101 102 103
99 101 103
98 99 103
43 46 47
40 43 47
39 40 47
36 37 48
35 36 48
37 38 48
38 39 47
38 47 48
34 35 48
31 32 48
30 31 48
51 52 53
55 62 63
60 61 62
55 60 62
15 81 82
14 15 82
49 66 71
49 50 66
50 51 66
87 88 89
85 86 87
73 74 77
19 73 77
19 77 78
28 29 71
22 28 71
32 33 48
33 34 48
51 54 55
51 53 54
15 16 80
15 80 81
16 17 80
13 83 84
13 14 83
14 82 83
68 69 71
69 70 71
67 68 71
66 67 71
51 64 65
51 65 66
2 97 103
97 98 103
2 3 97
3 4 97
0 103 104
0 1 2
0 2 103
74 75 76
74 76 77
19 20 73
20 72 73
20 21 72
18 78 79
18 19 78
18 79 80
17 18 80
7 91 92
22 23 28
4 5 95
5 94 95
95 96 97
4 95 97
5 6 94
8 89 90
8 9 89
8 90 91
7 8 91
23 24 28
10 11 87
9 10 89
10 87 89
12 85 87
11 12 87
12 13 84
12 84 85
25 26 27
24 27 28
24 25 27
7 92 93
6 7 93
6 93 94
