# points
0.010549 0.24684
0.033755 0.26582
0.056962 0.27426
0.080169 0.28903
0.10338 0.30591
0.12658 0.31646
0.14979 0.32278
0.173 0.32911
0.1962 0.33333
0.21941 0.33966
0.24262 0.34388
0.26582 0.3481
0.28903 0.35021
0.31224 0.35232
0.33544 0.36498
0.35865 0.37553
0.38186 0.38819
0.40506 0.39662
0.42827 0.40928
0.44726 0.43038
0.44304 0.45359
0.44726 0.47679
0.45781 0.5
0.48101 0.51688
0.50422 0.5211
0.52743 0.51266
0.54641 0.49367
0.55485 0.47046
0.57595 0.47468
0.59705 0.48523
0.62025 0.49789
0.64346 0.5
0.66667 0.49578
0.68987 0.48734
0.71308 0.48312
0.73629 0.4789
0.75949 0.47257
0.7827 0.46624
0.80591 0.45992
0.82911 0.45992
0.85232 0.46414
0.87553 0.47046
0.89873 0.47468
0.92194 0.46835
0.94304 0.44937
0.9557 0.42616
0.96835 0.40295
0.98101 0.37975
0.99156 0.35654
0.99578 0.33333
1 0.31013
1 0.28692
1 0.26371
0.99789 0.24051
0.98734 0.2173
0.9789 0.19409
0.97679 0.17089
0.97046 0.14768
0.96203 0.12447
0.94515 0.10127
0.92405 0.080169
0.90084 0.063291
0.87764 0.056962
0.85443 0.050633
0.83122 0.048523
0.80802 0.046414
0.78481 0.046414
0.7616 0.046414
0.7384 0.048523
0.71519 0.056962
0.69198 0.061181
0.66878 0.078059
0.64557 0.084388
0.62236 0.086498
0.59916 0.086498
0.57595 0.084388
0.55274 0.082278
0.52954 0.084388
0.50633 0.075949
0.48312 0.07173
0.45992 0.059072
0.43671 0.044304
0.4135 0.029536
0.3903 0.016878
0.36709 0.010549
0.34388 0.0042194
0.32068 0.0021097
0.29747 0
0.27426 0.0063291
0.25105 0.0021097
0.22785 0.0042194
0.20464 0.0084388
0.18143 0.014768
0.15823 0.021097
0.13502 0.029536
0.11181 0.044304
0.088608 0.048523
0.065401 0.063291
0.042194 0.080169
0.021097 0.099156
0.012658 0.12236
0.0063291 0.14557
0 0.16878
0 0.19198
0.0021097 0.21519
0.0063291 0.2384
0.010549 0.24684
# triangles
88 90 91
95 96 97
88 89 90
98 99 100
97 98 101
98 100 101
17 18 77
17 77 79
11 12 88
13 14 79
2 95 97
2 97 101
7 93 95
60 61 62
59 60 62
38 54 55
55 62 64
49 50 51
6 7 95
0 1 105
1 104 105
1 2 104
14 15 79
13 79 80
13 80 81
77 78 79
36 71 72
27 28 74
18 19 27
28 73 74
28 72 73
69 70 71
38 69 71
38 55 69
13 81 82
27 74 75
18 27 75
18 75 77
75 76 77
47 48 49
39 46 47
39 47 49
39 49 51
38 39 54
39 51 54
2 103 104
101 102 103
2 101 103
93 94 95
7 92 93
62 63 64
66 67 69
55 66 69
57 59 62
55 57 62
57 58 59
52 53 54
51 52 54
10 11 88
9 10 88
82 83 84
13 82 84
12 13 84
12 84 88
86 87 88
84 86 88
84 85 86
16 17 79
15 16 79
33 34 72
28 33 72
34 35 72
35 36 72
23 24 25
28 29 33
29 32 33
29 31 32
29 30 31
67 68 69
41 43 44
41 42 43
7 8 92
8 91 92
8 88 91
8 9 88
55 64 65
55 65 66
55 56 57
2 3 95
3 4 5
3 5 6
3 6 95
19 20 27
20 21 27
21 22 23
21 23 25
21 26 27
21 25 26
37 38 71
36 37 71
41 44 45
40 41 45
40 45 46
39 40 46
