# points
0.0074257 0.19802
0.019802 0.2203
0.042079 0.23762
0.054455 0.2599
0.076733 0.27228
0.09901 0.2797
0.12129 0.28713
0.14356 0.2896
0.16584 0.29208
0.18812 0.29455
0.2104 0.2896
0.23267 0.2896
0.25495 0.29703
0.27723 0.29703
0.2995 0.2995
0.32178 0.29703
0.34406 0.29703
0.36634 0.30446
0.38861 0.31188
0.40347 0.32921
0.42574 0.34158
0.44802 0.34901
0.4703 0.35644
0.4901 0.35396
0.51238 0.36386
0.53465 0.37129
0.55693 0.38614
0.57921 0.38861
0.60149 0.38614
0.62376 0.38366
0.64604 0.37871
0.66832 0.37624
0.69059 0.37376
0.71287 0.37376
0.73515 0.37129
0.75743 0.36881
0.7797 0.36634
0.80198 0.36139
0.82426 0.36139
0.84653 0.35891
0.86881 0.35891
0.89109 0.35891
0.91337 0.35396
0.93564 0.33911
0.95792 0.31931
0.97772 0.2995
0.9901 0.27723
0.99505 0.25495
0.99752 0.23267
1 0.2104
0.99752 0.18812
0.99257 0.16584
0.98762 0.14356
0.98762 0.12129
0.9802 0.09901
0.97525 0.076733
0.96782 0.054455
0.95297 0.032178
0.93069 0.017327
0.90842 0.009901
0.88614 0.0024752
0.86386 0
0.84158 0
0.81931 0
0.79703 0
0.77475 0
0.75248 0.0024752
0.7302 0.0074257
0.70792 0.009901
0.68564 0.024752
0.67079 0.039604
0.64851 0.044554
0.62624 0.044554
0.60396 0.04703
0.58168 0.04703
0.55941 0.044554
0.53713 0.042079
0.51485 0.039604
0.49257 0.037129
0.4703 0.032178
0.44802 0.024752
0.42574 0.017327
0.40347 0.012376
0.38119 0.0074257
0.35891 0.0024752
0.33663 0.0049505
0.31436 0.0024752
0.29208 0
0.2698 0
0.24752 0.0024752
0.22525 0.0049505
0.20297 0.009901
0.18069 0.014851
0.15842 0.022277
0.13614 0.027228
0.11386 0.034653
0.091584 0.044554
0.069307 0.056931
0.04703 0.069307
0.029703 0.084158
0.012376 0.10644
0.0024752 0.12871
0 0.15099
0.0024752 0.17327
0.0074257 0.19554
0.0074257 0.19802
# triangles
18 23 77
54 61 62
52 54 62
45 46 47
44 45 47
100 101 102
100 102 103
99 100 103
65 66 70
0 1 104
17 18 79
18 77 78
18 78 79
16 81 82
23 74 75
23 76 77
23 75 76
56 57 58
54 55 59
59 60 61
54 59 61
52 53 54
30 71 72
30 31 71
31 32 71
32 70 71
66 67 70
67 69 70
67 68 69
52 62 63
39 51 52
38 39 52
39 50 51
37 65 70
37 38 52
37 52 63
7 95 96
8 10 93
8 93 94
7 8 94
7 94 95
5 7 96
5 6 7
2 97 98
2 99 103
2 98 99
2 103 104
1 2 104
2 3 4
2 4 5
2 96 97
2 5 96
15 16 85
13 14 15
18 21 23
18 20 21
18 19 20
8 9 10
16 82 83
16 83 85
17 79 80
16 17 80
16 80 81
30 72 73
25 30 73
25 73 74
25 26 27
34 35 70
48 49 50
39 48 50
44 47 48
41 42 43
35 36 70
36 37 70
37 64 65
37 63 64
10 92 93
11 90 91
11 91 92
10 11 92
11 89 90
11 12 13
13 15 86
15 85 86
13 86 87
21 22 23
83 84 85
11 88 89
13 87 88
11 13 88
23 24 74
24 25 74
25 27 28
32 33 70
33 34 70
40 44 48
39 40 48
40 43 44
40 41 43
25 29 30
25 28 29
55 56 59
56 58 59
