# points
0.0042827 0.20771
0.014989 0.22912
0.03212 0.25054
0.049251 0.26981
0.070664 0.28266
0.092077 0.29122
0.11349 0.2955
0.1349 0.30193
0.15632 0.30621
0.17773 0.30835
0.19914 0.31263
0.22056 0.31478
0.24197 0.31478
0.26338 0.3212
0.2848 0.32334
0.30621 0.32762
0.32762 0.33191
0.34904 0.33191
0.37045 0.33405
0.39186 0.33405
0.41328 0.33619
0.43469 0.3469
0.4561 0.35974
0.47752 0.37045
0.49893 0.37901
0.52034 0.3833
0.51178 0.36403
0.52891 0.3576
0.55032 0.35974
0.57173 0.36188
0.59315 0.36617
0.61456 0.37259
0.63597 0.37473
0.65739 0.38116
0.6788 0.3833
0.70021 0.3833
0.72163 0.3833
0.74304 0.3833
0.76445 0.3833
0.78587 0.3833
0.80728 0.3833
0.82869 0.3833
0.85011 0.37687
0.87152 0.36831
0.89293 0.36188
0.91435 0.3576
0.93576 0.34904
0.95717 0.33833
0.97645 0.3212
0.98929 0.29979
0.99358 0.27837
0.99786 0.25696
1 0.23555
1 0.21413
0.99786 0.19272
0.99143 0.17131
0.98501 0.14989
0.98287 0.12848
0.97859 0.10707
0.97216 0.085653
0.9636 0.06424
0.95075 0.042827
0.93148 0.021413
0.91006 0.010707
0.88865 0.0042827
0.86724 0.0021413
0.84582 0
0.82441 0
0.803 0.0021413
0.78158 0.0042827
0.76017 0.0085653
0.73876 0.010707
0.71734 0.014989
0.69593 0.019272
0.67452 0.023555
0.6531 0.034261
0.63383 0.051392
0.61242 0.055675
0.59101 0.057816
0.56959 0.059957
0.54818 0.059957
0.52677 0.057816
0.50535 0.055675
0.48394 0.051392
0.46253 0.047109
0.44111 0.040685
0.4197 0.03212
0.39829 0.027837
0.37687 0.019272
0.35546 0.014989
0.33405 0.012848
0.31263 0.010707
0.29122 0.012848
0.26981 0.014989
0.24839 0.017131
0.22698 0.019272
0.20557 0.025696
0.18415 0.029979
0.16274 0.036403
0.14133 0.042827
0.11991 0.051392
0.098501 0.059957
0.077088 0.068522
0.055675 0.083512
0.034261 0.098501
0.017131 0.11991
0.0042827 0.14133
0 0.16274
0 0.18415
0.0042827 0.20557
0.0042827 0.20771
# triangles
58 65 66
61 62 63
57 58 66
61 63 64
58 59 65
105 106 107
36 37 76
32 76 77
53 54 55
47 48 50
48 49 50
12 93 94
94 95 96
12 94 96
90 91 92
59 60 65
60 61 64
60 64 65
2 103 105
103 104 105
28 79 80
30 32 77
30 77 78
87 88 89
85 86 87
18 85 87
24 25 26
35 36 76
32 35 76
14 92 93
12 14 93
14 90 92
2 5 103
5 6 103
6 7 100
7 8 100
9 99 100
8 9 100
1 2 105
1 105 109
0 1 109
105 107 108
105 108 109
30 31 32
29 78 79
29 30 78
28 29 79
20 82 83
20 21 82
46 47 50
45 46 50
44 53 55
44 52 53
44 51 52
32 33 34
32 34 35
17 18 87
15 89 90
14 15 90
15 87 89
15 17 87
15 16 17
9 98 99
9 97 98
12 13 14
10 96 97
9 10 97
2 3 4
2 4 5
6 100 101
101 102 103
6 101 103
20 83 84
18 19 85
19 84 85
19 20 84
22 26 27
21 22 27
21 27 82
27 81 82
27 80 81
27 28 80
23 24 26
22 23 26
40 41 42
39 40 70
40 42 43
43 55 56
43 44 55
43 56 70
40 43 70
38 39 70
11 12 96
10 11 96
56 69 70
56 68 69
56 57 67
56 67 68
57 66 67
37 38 72
37 72 76
72 73 76
73 75 76
38 70 71
38 71 72
73 74 75
44 45 50
44 50 51
