# points
0.0063158 0.21474
0.018947 0.23789
0.04 0.25895
0.063158 0.27158
0.086316 0.27789
0.10947 0.28211
0.13263 0.28632
0.15579 0.28842
0.17895 0.29263
0.20211 0.29474
0.22526 0.29684
0.24842 0.29895
0.27158 0.30105
0.29474 0.30526
0.31789 0.30947
0.34105 0.31368
0.36421 0.31789
0.38737 0.31789
0.41053 0.32
0.43368 0.32
0.45684 0.32211
0.48 0.32632
0.48632 0.34947
0.50947 0.36421
0.53263 0.37474
0.55579 0.38526
0.57895 0.39158
0.60211 0.39158
0.62526 0.38947
0.64842 0.38947
0.67158 0.38737
0.69474 0.38316
0.71789 0.37895
0.74105 0.37474
0.76421 0.37263
0.78737 0.36842
0.81053 0.36842
0.83368 0.36632
0.85684 0.36421
0.88 0.36
0.90316 0.35579
0.92632 0.34737
0.94947 0.33474
0.97053 0.31579
0.98526 0.29263
0.99158 0.26947
0.99789 0.24632
1 0.22316
0.99789 0.2
0.99368 0.17684
0.99158 0.15368
0.98947 0.13053
0.98316 0.10737
0.97263 0.084211
0.96421 0.061053
0.94947 0.037895
0.92842 0.018947
0.90526 0.0063158
0.88211 0.0021053
0.85895 0
0.83579 0
0.81263 0.0021053
0.78947 0.0042105
0.76632 0.0084211
0.74316 0.010526
0.72 0.016842
0.69684 0.021053
0.67789 0.037895
0.66316 0.058947
0.64 0.063158
0.61684 0.063158
0.59368 0.063158
0.57053 0.061053
0.54737 0.056842
0.52421 0.050526
0.50105 0.044211
0.47789 0.035789
0.45474 0.027368
0.43158 0.018947
0.40842 0.010526
0.38526 0.0063158
0.36211 0.0042105
0.33895 0.0042105
0.31579 0.0042105
0.29263 0.0084211
0.26947 0.012632
0.24632 0.016842
0.22316 0.021053
0.2 0.027368
0.17684 0.033684
0.15368 0.042105
0.13053 0.050526
0.10737 0.061053
0.084211 0.073684
0.061053 0.084211
0.037895 0.10105
0.016842 0.12211
0.0042105 0.14526
0 0.16842
0.0021053 0.19158
0.0063158 0.21474
0.0063158 0.21474
# triangles
53 58 59
20 21 74
2 3 99
41 42 45
40 41 45
39 40 45
42 43 45
43 44 45
1 2 99
0 1 99
55 56 58
56 57 58
54 55 58
53 54 58
96 98 99
95 96 99
96 97 98
33 34 68
50 53 61
50 52 53
50 51 52
4 94 95
4 95 99
3 4 99
39 45 48
46 47 48
45 46 48
21 23 24
21 22 23
20 74 75
21 71 72
21 73 74
21 72 73
14 81 82
13 14 82
30 31 69
32 33 68
31 32 69
32 68 69
34 35 68
35 63 68
50 61 62
53 59 60
53 60 61
35 36 63
21 27 28
21 24 27
24 25 27
25 26 27
21 28 70
21 70 71
28 69 70
82 83 84
13 82 84
10 87 88
10 11 87
7 90 91
7 91 92
6 7 92
9 89 90
9 88 89
9 10 88
15 80 81
14 15 81
28 29 69
29 30 69
4 93 94
4 5 93
6 92 93
5 6 93
37 62 63
36 37 63
11 86 87
12 84 85
12 13 84
12 85 86
11 12 86
7 8 90
8 9 90
37 38 49
49 50 62
37 49 62
39 48 49
38 39 49
63 64 68
64 65 68
65 67 68
15 17 78
78 79 80
15 78 80
17 77 78
19 20 75
19 75 76
15 16 17
65 66 67
18 19 76
18 76 77
17 18 77
