# points
0.0073892 0.2266
0.019704 0.24877
0.039409 0.26847
0.061576 0.28079
0.083744 0.2931
0.10591 0.30049
0.12808 0.30788
0.15025 0.31281
0.17241 0.31773
0.19458 0.3202
0.21675 0.32512
0.23892 0.32759
0.26108 0.33498
0.28325 0.33744
0.30542 0.33744
0.32759 0.34236
0.34975 0.34483
0.37192 0.34975
0.39409 0.35714
0.41626 0.36207
0.43842 0.37192
0.46059 0.37931
0.48276 0.39655
0.50493 0.41379
0.5197 0.4064
0.5197 0.38424
0.54187 0.3867
0.56404 0.39163
0.58621 0.39409
0.60837 0.39409
0.63054 0.39655
0.65271 0.39655
0.67488 0.39655
0.69704 0.39409
0.71921 0.39163
0.74138 0.38916
0.76355 0.3867
0.78571 0.38177
0.80788 0.37931
0.83005 0.37438
0.85222 0.36946
0.87438 0.36453
0.89655 0.35961
0.91872 0.35222
0.94089 0.34236
0.96305 0.32266
0.97537 0.30049
0.98522 0.27833
0.98522 0.25616
0.99261 0.23399
0.99507 0.21182
0.99754 0.18966
1 0.16749
1 0.14532
0.99261 0.12315
0.98276 0.10099
0.97783 0.078818
0.96552 0.05665
0.95074 0.034483
0.92857 0.017241
0.9064 0.0073892
0.88424 0.0024631
0.86207 0
0.8399 0
0.81773 0
0.79557 0
0.7734 0.0024631
0.75123 0.0024631
0.72906 0.0098522
0.7069 0.012315
0.68473 0.019704
0.67734 0.039409
0.65764 0.049261
0.63547 0.051724
0.6133 0.054187
0.59113 0.05665
0.56897 0.05665
0.5468 0.054187
0.52463 0.051724
0.50246 0.049261
0.4803 0.046798
0.45813 0.039409
0.43596 0.034483
0.41379 0.029557
0.39163 0.024631
0.36946 0.019704
0.34729 0.014778
0.32512 0.012315
0.30296 0.0098522
0.28079 0.012315
0.25862 0.014778
0.23645 0.017241
0.21429 0.022167
0.19212 0.027094
0.16995 0.03202
0.14778 0.039409
0.12562 0.046798
0.10345 0.05665
0.081281 0.066502
0.059113 0.078818
0.036946 0.093596
0.014778 0.11576
0.0024631 0.13793
0 0.1601
0 0.18227
0 0.20443
0.0073892 0.2266
0.0073892 0.2266
# triangles
101 102 103
100 101 103
52 53 54
17 80 81
55 62 63
43 44 46
44 45 46
0 104 105
0 3 104
100 103 104
57 58 59
57 59 60
57 60 61
55 61 62
55 57 61
55 56 57
14 15 84
15 16 84
11 13 14
11 12 13
29 74 75
19 79 80
16 83 84
46 47 48
42 43 48
43 46 48
55 63 64
40 48 50
40 65 66
40 64 65
40 50 64
32 72 73
66 67 68
11 14 89
4 5 98
3 4 98
7 8 95
7 95 96
8 9 95
9 94 95
26 27 75
17 18 80
18 19 80
17 81 82
16 17 82
16 82 83
48 49 50
51 55 64
50 51 64
51 52 54
51 54 55
37 71 72
66 68 71
41 42 48
40 41 48
31 32 73
31 73 74
32 33 72
33 34 72
34 35 72
87 88 89
14 86 87
14 87 89
14 84 85
14 85 86
11 90 91
11 89 90
3 98 99
99 100 104
3 99 104
5 97 98
5 6 97
6 7 97
7 96 97
9 93 94
26 75 76
28 29 75
27 28 75
39 40 66
39 66 71
69 70 71
68 69 71
29 30 74
30 31 74
9 10 92
9 92 93
10 11 92
11 91 92
25 77 78
25 26 76
25 76 77
21 25 78
21 22 25
22 23 25
23 24 25
37 38 71
38 39 71
20 21 78
19 20 79
20 78 79
36 37 72
35 36 72
0 1 3
1 2 3
