# points
0.10526 0.50439
0.10526 0.52193
0.10526 0.53947
0.10526 0.55702
0.10088 0.57456
0.10088 0.59211
0.10088 0.60965
0.096491 0.62719
0.096491 0.64474
0.096491 0.66228
0.096491 0.67982
0.096491 0.69737
0.096491 0.71491
0.092105 0.73246
0.083333 0.75
0.078947 0.76754
0.074561 0.78509
0.070175 0.80263
0.070175 0.82018
0.065789 0.83772
0.065789 0.85526
0.065789 0.87281
0.070175 0.89035
0.074561 0.90789
0.083333 0.92544
0.092105 0.94298
0.10526 0.96053
0.11842 0.97807
0.13596 0.99123
0.15351 0.99561
0.17105 1
0.1886 1
0.20614 0.99123
0.22368 0.97807
0.23684 0.96053
0.24561 0.94298
0.25439 0.92544
0.25877 0.90789
0.26316 0.89035
0.26754 0.87281
0.26754 0.85526
0.26754 0.83772
0.26754 0.82018
0.26316 0.80263
0.26316 0.78509
0.26316 0.76754
0.25877 0.75
0.25 0.73246
0.23684 0.71491
0.22807 0.69737
0.22368 0.67982
0.2193 0.66228
0.2193 0.64474
0.2193 0.62719
0.2193 0.60965
0.2193 0.59211
0.2193 0.57456
0.2193 0.55702
0.22368 0.53947
0.22368 0.52193
0.23684 0.50877
0.25439 0.49561
0.27193 0.48246
0.28509 0.46491
0.29386 0.44737
0.30263 0.42982
0.30702 0.41228
0.3114 0.39474
0.32018 0.37719
0.32456 0.35965
0.32456 0.34211
0.32456 0.32456
0.32895 0.30702
0.32895 0.28947
0.32895 0.27193
0.32895 0.25439
0.32895 0.23684
0.32895 0.2193
0.32895 0.20175
0.32456 0.18421
0.31579 0.16667
0.3114 0.14912
0.3114 0.13158
0.30263 0.11404
0.29386 0.096491
0.2807 0.078947
0.26316 0.061404
0.25 0.04386
0.23684 0.026316
0.2193 0.013158
0.20175 0.004386
0.18421 0
0.16667 0
0.14912 0.004386
0.13158 0.0087719
0.11404 0.017544
0.096491 0.026316
0.078947 0.04386
0.061404 0.061404
0.048246 0.078947
0.039474 0.096491
0.026316 0.11404
0.017544 0.13158
0.013158 0.14912
0.013158 0.16667
0.0087719 0.18421
0.004386 0.20175
0.004386 0.2193
0 0.23684
0 0.25439
0 0.27193
0 0.28947
0 0.30702
0.004386 0.32456
0.004386 0.34211
0.0087719 0.35965
0.017544 0.37719
0.026316 0.39474
0.035088 0.41228
0.04386 0.42982
0.057018 0.44737
0.070175 0.46491
0.083333 0.48246
0.10088 0.49123
0.10526 0.50439
# triangles
81 86 100
30 31 32
66 121 123
76 80 107
75 76 107
81 100 104
80 81 104
29 30 32
27 28 29
86 87 97
121 122 123
66 120 121
18 20 40
111 112 113
75 107 109
107 108 109
80 105 107
80 104 105
76 77 80
77 78 79
77 79 80
81 85 86
26 27 29
29 32 33
87 89 93
89 90 93
86 98 100
86 97 98
68 69 70
0 1 59
0 59 123
18 19 20
16 18 43
15 16 43
20 21 22
105 106 107
81 83 85
83 84 85
87 88 89
25 26 35
26 34 35
26 29 34
29 33 34
100 101 104
101 102 104
102 103 104
87 95 97
87 93 95
2 3 57
71 72 73
71 113 116
71 116 117
2 57 58
6 7 53
118 119 120
67 68 70
67 117 118
66 67 120
67 118 120
67 71 117
67 70 71
13 14 15
16 17 18
113 115 116
18 40 41
18 41 43
15 43 44
13 44 47
13 15 44
44 45 46
44 46 47
22 24 38
81 82 83
98 99 100
22 23 24
95 96 97
93 94 95
3 56 57
3 4 56
64 66 123
61 64 123
59 60 123
60 61 123
6 53 54
113 114 115
41 42 43
24 37 38
35 36 37
25 35 37
24 25 37
38 39 40
64 65 66
11 12 49
9 10 51
61 63 64
61 62 63
13 47 48
12 13 48
12 48 49
11 49 50
10 11 50
10 50 51
73 74 111
74 110 111
74 75 109
74 109 110
90 91 93
91 92 93
71 73 111
71 111 113
1 58 59
1 2 58
20 22 38
20 38 40
5 55 56
4 5 56
5 54 55
5 6 54
8 52 53
7 8 53
8 51 52
8 9 51
