# points
0.44628 0.52893
0.42975 0.55372
0.40909 0.57851
0.3843 0.60331
0.3595 0.6281
0.34298 0.65289
0.31818 0.67355
0.29339 0.69835
0.27273 0.71901
0.24793 0.73967
0.22314 0.76446
0.20248 0.78926
0.18595 0.81405
0.16116 0.83884
0.1405 0.86364
0.11983 0.88843
0.095041 0.90496
0.070248 0.92149
0.045455 0.90909
0.020661 0.91322
0 0.93388
0 0.95868
0.0082645 0.98347
0.033058 1
0.057851 1
0.082645 0.99587
0.10744 0.9876
0.13223 0.97107
0.15702 0.95455
0.18182 0.93388
0.20248 0.90909
0.22314 0.8843
0.2438 0.8595
0.26446 0.83471
0.28512 0.80992
0.30992 0.78926
0.33471 0.7686
0.35537 0.7438
0.38017 0.72314
0.40083 0.69835
0.42149 0.67355
0.44628 0.64876
0.46694 0.62397
0.49174 0.59917
0.50826 0.57438
0.52893 0.54959
0.54959 0.52893
0.57025 0.50413
0.59504 0.48347
0.61983 0.45868
0.6405 0.43388
0.66529 0.42562
0.69008 0.43802
0.71488 0.44215
0.73967 0.44628
0.76446 0.45041
0.78926 0.45041
0.81405 0.45041
0.83884 0.44215
0.86364 0.42975
0.88843 0.41736
0.91322 0.39669
0.92975 0.3719
0.94215 0.34711
0.95041 0.32231
0.95041 0.29752
0.95041 0.27273
0.95041 0.24793
0.95041 0.22314
0.94215 0.19835
0.93802 0.17355
0.92149 0.14876
0.90083 0.12397
0.88017 0.099174
0.85537 0.07438
0.83058 0.057851
0.80579 0.041322
0.78099 0.024793
0.7562 0.012397
0.7314 0.0082645
0.70661 0
0.68182 0
0.65702 0
0.63223 0.0041322
0.60744 0.012397
0.58264 0.028926
0.55785 0.049587
0.53719 0.07438
0.52479 0.099174
0.51653 0.12397
0.5124 0.14876
0.5124 0.17355
0.5124 0.19835
0.51653 0.22314
0.52479 0.24793
0.52893 0.27273
0.53719 0.29752
0.54959 0.32231
0.57025 0.34711
0.59091 0.3719
0.57438 0.39669
0.54959 0.42149
0.52479 0.44215
0.50413 0.46694
0.47934 0.4876
0.46281 0.5124
0.44628 0.52893
# triangles
19 20 21
17 21 23
21 22 23
73 98 99
15 16 28
50 51 99
17 18 21
18 19 21
51 72 99
72 73 99
73 74 75
73 75 98
0 44 105
77 78 79
79 80 81
63 64 65
15 28 29
16 17 27
16 27 28
56 58 59
56 57 58
49 100 101
49 50 100
50 99 100
0 1 44
1 43 44
2 3 41
3 40 41
51 53 72
51 52 53
69 71 72
67 68 69
53 67 69
53 69 72
69 70 71
56 59 66
59 65 66
96 97 98
47 102 103
46 47 103
46 103 104
76 77 79
75 94 98
75 76 94
76 79 94
48 101 102
47 48 102
48 49 101
44 45 105
45 104 105
45 46 104
3 4 40
86 87 88
85 86 88
83 84 85
91 93 94
79 91 94
79 81 91
81 85 91
89 90 91
85 88 91
88 89 91
17 23 24
17 24 25
60 61 62
59 60 62
59 62 65
62 63 65
17 25 26
17 26 27
2 41 42
1 42 43
1 2 42
54 66 67
53 54 67
54 55 56
54 56 66
95 96 98
94 95 98
81 82 85
82 83 85
91 92 93
10 11 33
5 38 39
4 5 40
5 39 40
7 8 36
7 36 37
9 10 34
10 33 34
13 14 30
14 15 29
14 29 30
13 30 31
5 6 38
6 37 38
6 7 37
9 34 35
8 35 36
8 9 35
12 13 31
12 31 32
12 32 33
11 12 33
