# points
0.0082645 0.50413
0.0082645 0.52479
0.0082645 0.54545
0.0082645 0.56612
0.0082645 0.58678
0.0082645 0.60744
0.0082645 0.6281
0.012397 0.64876
0.012397 0.66942
0.016529 0.69008
0.016529 0.71074
0.020661 0.7314
0.020661 0.75207
0.024793 0.77273
0.024793 0.79339
0.028926 0.81405
0.033058 0.83471
0.03719 0.85537
0.045455 0.87603
0.049587 0.89669
0.053719 0.91736
0.057851 0.93802
0.061983 0.95868
0.07438 0.97934
0.095041 0.99587
0.1157 1
0.13636 0.99174
0.14876 0.97107
0.14876 0.95041
0.13223 0.92975
0.1281 0.90909
0.12397 0.88843
0.11983 0.86777
0.1157 0.84711
0.10744 0.82645
0.10331 0.80579
0.099174 0.78512
0.099174 0.76446
0.095041 0.7438
0.095041 0.72314
0.090909 0.70248
0.090909 0.68182
0.086777 0.66116
0.086777 0.6405
0.082645 0.61983
0.082645 0.59917
0.082645 0.57851
0.082645 0.55785
0.082645 0.53719
0.082645 0.51653
0.082645 0.49587
0.086777 0.47521
0.086777 0.45455
0.090909 0.43388
0.095041 0.41322
0.1157 0.39669
0.13223 0.37603
0.14876 0.35537
0.16116 0.33471
0.16942 0.31405
0.17355 0.29339
0.17769 0.27273
0.18182 0.25207
0.18595 0.2314
0.18595 0.21074
0.18595 0.19008
0.18595 0.16942
0.18182 0.14876
0.17769 0.1281
0.17355 0.10744
0.16116 0.086777
0.14463 0.066116
0.1281 0.045455
0.10744 0.028926
0.086777 0.016529
0.066116 0.0082645
0.045455 0
0.024793 0
0.0041322 0.016529
0 0.03719
0.0041322 0.057851
0.0082645 0.078512
0.012397 0.099174
0.016529 0.11983
0.020661 0.1405
0.024793 0.16116
0.028926 0.18182
0.028926 0.20248
0.028926 0.22314
0.028926 0.2438
0.028926 0.26446
0.028926 0.28512
0.028926 0.30579
0.028926 0.32645
0.024793 0.34711
0.020661 0.36777
0.020661 0.38843
0.016529 0.40909
0.016529 0.42975
0.012397 0.45041
0.012397 0.47107
0.0082645 0.49174
0.0082645 0.50413
# triangles
76 77 79
20 21 30
77 78 79
72 73 82
25 26 27
24 25 27
17 18 33
17 33 34
76 79 80
75 76 80
21 29 30
23 24 29
24 27 29
60 61 90
61 89 90
68 69 70
18 32 33
56 93 94
54 94 95
56 57 93
53 54 97
73 74 81
73 81 82
74 75 81
75 80 81
22 23 29
21 22 29
27 28 29
70 71 84
68 70 84
68 84 85
61 62 89
65 66 86
67 68 85
67 85 86
66 67 86
63 64 88
62 63 88
62 88 89
18 19 32
16 17 34
10 11 40
15 16 35
16 34 35
11 39 40
58 59 92
57 58 92
57 92 93
55 56 94
54 55 94
54 95 96
54 96 97
53 97 98
52 53 98
52 98 99
19 31 32
20 30 31
19 20 31
9 10 40
71 83 84
72 82 83
71 72 83
64 87 88
64 65 87
65 86 87
13 37 38
11 38 39
13 14 36
13 36 37
14 15 36
15 35 36
59 60 91
59 91 92
60 90 91
3 4 46
52 99 100
51 52 100
12 13 38
11 12 38
4 5 45
4 45 46
2 3 47
3 46 47
5 6 44
5 44 45
6 7 44
1 2 48
2 47 48
7 8 42
8 9 42
0 1 49
1 48 49
7 43 44
7 42 43
9 40 41
9 41 42
0 50 101
0 49 50
50 100 101
50 51 100
