# points
0.40083 0.52893
0.42149 0.54959
0.44215 0.57438
0.45868 0.59917
0.48347 0.62397
0.50413 0.64876
0.52893 0.67355
0.54959 0.69835
0.57025 0.72314
0.59504 0.7438
0.6157 0.7686
0.6405 0.78926
0.66529 0.80992
0.68595 0.83471
0.70661 0.8595
0.72727 0.8843
0.74793 0.90909
0.7686 0.93388
0.79339 0.95455
0.81818 0.97107
0.84298 0.9876
0.86777 0.99587
0.89256 1
0.91736 1
0.94215 0.98347
0.95041 0.95868
0.95041 0.93388
0.92975 0.91322
0.90496 0.90909
0.88017 0.92149
0.85537 0.90496
0.83058 0.88843
0.80992 0.86364
0.78926 0.83884
0.76446 0.81405
0.74793 0.78926
0.72727 0.76446
0.70248 0.73967
0.67769 0.71901
0.65702 0.69835
0.63223 0.67355
0.60744 0.65289
0.59091 0.6281
0.56612 0.60331
0.54132 0.57851
0.52066 0.55372
0.50413 0.52893
0.48347 0.50413
0.46281 0.48347
0.43802 0.45868
0.41736 0.43802
0.39256 0.41322
0.36777 0.38843
0.36777 0.36364
0.38843 0.33884
0.40496 0.31405
0.41322 0.28926
0.42562 0.26446
0.42975 0.23967
0.43388 0.21488
0.43802 0.19008
0.43802 0.16529
0.43388 0.1405
0.42975 0.1157
0.42149 0.090909
0.40909 0.066116
0.3843 0.041322
0.3595 0.024793
0.33471 0.0082645
0.30992 0
0.28512 0
0.26033 0
0.23554 0.0041322
0.21074 0.0082645
0.18595 0.012397
0.16116 0.028926
0.13636 0.045455
0.11157 0.061983
0.086777 0.082645
0.061983 0.10744
0.041322 0.13223
0.020661 0.15702
0.0082645 0.18182
0.0041322 0.20661
0 0.2314
0 0.2562
0 0.28099
0 0.30579
0.0041322 0.33058
0.012397 0.35537
0.024793 0.38017
0.045455 0.40496
0.070248 0.42149
0.095041 0.43388
0.11983 0.44628
0.14463 0.45041
0.16942 0.45041
0.19421 0.45041
0.21901 0.44628
0.2438 0.44215
0.2686 0.43388
0.29339 0.42149
0.31405 0.44215
0.33884 0.46694
0.36364 0.49174
0.3843 0.5124
0.40083 0.52893
# triangles
25 26 27
23 24 25
68 69 70
90 91 92
89 90 92
81 82 83
83 84 85
70 71 72
86 87 93
85 86 98
53 78 79
56 76 77
53 56 78
53 54 56
56 77 78
59 72 75
59 75 76
72 73 75
73 74 75
59 62 72
88 89 92
88 92 93
87 88 93
16 17 32
16 32 33
15 16 33
10 38 39
6 41 42
6 7 41
9 10 39
9 39 40
0 49 105
1 47 48
0 1 48
0 48 49
86 93 96
86 96 98
98 99 100
52 101 102
52 53 101
53 79 101
98 100 101
5 43 44
6 42 43
5 6 43
1 2 47
2 46 47
2 45 46
2 3 45
4 5 44
4 44 45
3 4 45
80 81 83
80 83 85
79 80 101
80 85 98
80 98 101
58 59 76
56 58 76
54 55 56
67 70 72
62 67 72
67 68 70
11 12 37
10 11 38
11 37 38
12 36 37
12 13 36
13 35 36
17 18 31
17 31 32
25 27 28
15 33 34
13 34 35
8 9 40
8 40 41
7 8 41
93 94 95
93 95 96
96 97 98
56 57 58
18 30 31
13 14 34
14 15 34
62 63 67
18 19 30
20 21 29
19 20 29
19 29 30
21 22 29
25 28 29
23 25 29
22 23 29
64 66 67
63 64 67
64 65 66
51 103 104
50 51 104
51 102 103
51 52 102
49 50 104
49 104 105
60 61 62
59 60 62
