# points
0.47321 0.31696
0.45089 0.33929
0.42857 0.35714
0.41071 0.37946
0.39286 0.39732
0.37054 0.39286
0.34821 0.38839
0.32589 0.38839
0.30357 0.38393
0.28125 0.38393
0.25893 0.38393
0.23661 0.38839
0.21429 0.39732
0.19196 0.41071
0.16964 0.41964
0.14732 0.4375
0.125 0.45536
0.10268 0.47321
0.080357 0.49554
0.058036 0.51786
0.040179 0.54018
0.026786 0.5625
0.017857 0.58482
0.013393 0.60714
0 0.62946
0 0.65179
0 0.67411
0 0.69643
0.013393 0.71875
0.03125 0.74107
0.053571 0.75893
0.075893 0.76786
0.098214 0.77232
0.12054 0.77232
0.14286 0.77232
0.16518 0.76786
0.1875 0.76339
0.20982 0.75446
0.23214 0.75
0.25446 0.73661
0.27679 0.73214
0.29911 0.71875
0.32143 0.70982
0.34375 0.69643
0.36607 0.67857
0.38839 0.65625
0.40625 0.63393
0.42411 0.61161
0.43304 0.58929
0.44196 0.56696
0.44643 0.54464
0.44643 0.52232
0.44643 0.5
0.44196 0.47768
0.45536 0.45536
0.47768 0.43304
0.5 0.41964
0.52232 0.40179
0.54464 0.38839
0.56696 0.375
0.58929 0.36607
0.61161 0.34821
0.63393 0.33036
0.65625 0.3125
0.67857 0.29911
0.70089 0.27679
0.72321 0.26339
0.74554 0.25
0.76786 0.23214
0.79018 0.21875
0.8125 0.20536
0.83482 0.19196
0.85714 0.17411
0.87946 0.16071
0.90179 0.14286
0.92411 0.13393
0.94643 0.12054
0.96875 0.10714
0.99107 0.084821
1 0.0625
0.99554 0.040179
0.97768 0.017857
0.95536 0.0044643
0.93304 0
0.91071 0.0044643
0.88839 0.0089286
0.86607 0.022321
0.84375 0.03125
0.82143 0.049107
0.79911 0.058036
0.77679 0.080357
0.75446 0.09375
0.73214 0.10714
0.70982 0.125
0.6875 0.14286
0.66518 0.16071
0.64286 0.18304
0.62054 0.20089
0.59821 0.21875
0.57589 0.23661
0.55357 0.24554
0.53125 0.26339
0.50893 0.28571
0.48661 0.30357
0.47321 0.31696
# triangles
29 30 31
26 31 32
26 29 31
26 28 29
26 27 28
78 79 80
78 80 81
77 78 81
51 52 53
2 55 56
20 21 37
23 24 25
23 25 33
21 23 37
67 94 95
9 11 12
3 54 55
2 3 55
37 38 39
18 37 39
19 20 37
18 19 37
13 43 44
13 44 45
13 45 46
9 12 13
9 13 46
21 22 23
33 34 35
23 33 35
35 36 37
23 35 37
61 99 100
61 100 101
60 61 101
70 71 91
73 74 88
74 87 88
71 90 91
75 76 86
74 75 86
74 86 87
63 98 99
64 97 98
63 64 98
9 10 11
4 53 54
3 4 54
61 62 99
62 63 99
46 47 48
48 49 51
49 50 51
67 68 94
68 93 94
70 91 92
64 65 97
65 96 97
66 67 95
66 95 96
65 66 96
72 73 88
71 72 90
77 81 82
76 77 84
77 82 84
82 83 84
58 59 103
4 5 53
5 6 53
17 18 39
16 17 39
16 39 41
39 40 41
41 42 43
68 69 93
69 92 93
69 70 92
72 88 89
72 89 90
76 85 86
76 84 85
0 57 58
0 58 103
7 51 53
6 7 53
7 48 51
7 8 9
7 9 46
7 46 48
59 102 103
60 101 102
59 60 102
15 16 41
13 14 15
13 15 43
15 41 43
0 1 57
1 56 57
1 2 56
25 26 33
26 32 33
