# points
0.34821 0.31696
0.37054 0.33482
0.39286 0.35268
0.41518 0.36607
0.4375 0.37946
0.45982 0.38839
0.48214 0.40625
0.50446 0.42411
0.52679 0.4375
0.54911 0.45982
0.55804 0.48214
0.55357 0.50446
0.55357 0.52679
0.55804 0.54911
0.5625 0.57143
0.56696 0.59375
0.58036 0.61607
0.59821 0.63839
0.61607 0.66071
0.63839 0.68304
0.66071 0.70089
0.68304 0.70982
0.70536 0.72321
0.72768 0.73214
0.75 0.74107
0.77232 0.75
0.79464 0.75446
0.81696 0.76339
0.83929 0.76786
0.86161 0.77232
0.88393 0.77232
0.90625 0.77232
0.92857 0.76786
0.95089 0.75446
0.97321 0.73661
0.99107 0.71429
1 0.69196
1 0.66964
1 0.64732
0.99554 0.625
0.98661 0.60268
0.98214 0.58036
0.96875 0.55804
0.95536 0.53571
0.9375 0.51339
0.91518 0.49107
0.89286 0.47321
0.87054 0.45089
0.84821 0.43304
0.82589 0.41964
0.80357 0.40625
0.78125 0.39732
0.75893 0.38839
0.73661 0.38393
0.71429 0.38393
0.69196 0.38393
0.66964 0.38839
0.64732 0.38839
0.625 0.39286
0.60268 0.39732
0.58482 0.375
0.56696 0.35714
0.54464 0.33482
0.52232 0.3125
0.5 0.29464
0.47768 0.27232
0.45536 0.25446
0.43304 0.24107
0.41071 0.22321
0.38839 0.20982
0.36607 0.1875
0.34375 0.16964
0.32143 0.15179
0.29911 0.12946
0.27679 0.11607
0.25446 0.098214
0.23214 0.084821
0.20982 0.066964
0.1875 0.053571
0.16518 0.035714
0.14286 0.026786
0.12054 0.013393
0.098214 0.0044643
0.075893 0
0.053571 0.0044643
0.03125 0.0089286
0.0089286 0.03125
0 0.053571
0.0044643 0.075893
0.022321 0.098214
0.044643 0.11607
0.066964 0.12946
0.089286 0.13839
0.11161 0.15179
0.13393 0.16964
0.15625 0.18304
0.17857 0.20089
0.20089 0.21429
0.22321 0.22768
0.24554 0.24107
0.26786 0.25893
0.29018 0.27232
0.3125 0.29018
0.33482 0.30804
0.34821 0.31696
# triangles
86 87 88
86 88 89
30 31 33
31 32 33
30 38 39
19 20 21
84 86 89
30 33 37
30 37 38
33 34 37
35 36 37
34 35 37
28 29 30
26 27 28
17 18 51
21 48 49
19 21 49
18 19 49
18 49 51
49 50 51
69 70 102
84 85 86
24 25 26
24 26 45
24 45 46
13 14 56
14 16 17
14 15 16
26 43 44
26 44 45
70 101 102
21 47 48
21 46 47
30 39 40
28 30 40
26 28 40
82 83 84
21 22 23
21 23 46
23 24 46
10 57 58
10 58 59
9 10 59
10 13 56
10 56 57
7 61 62
51 52 54
17 51 54
14 17 54
14 54 56
3 64 65
3 4 64
79 80 92
71 72 100
70 71 101
71 100 101
26 42 43
26 40 42
40 41 42
5 62 63
4 5 64
5 63 64
52 53 54
54 55 56
2 65 66
2 3 65
1 2 66
69 102 103
68 69 103
0 68 103
1 66 67
0 1 67
0 67 68
84 89 90
82 84 90
81 82 90
72 73 99
72 99 100
8 9 59
8 59 60
7 8 61
8 60 61
6 7 62
5 6 62
76 77 95
77 78 94
77 94 95
74 75 97
78 93 94
78 79 93
79 92 93
81 90 91
80 81 91
80 91 92
75 96 97
75 76 96
76 95 96
74 97 98
73 74 98
73 98 99
10 11 12
10 12 13
