# points
0.2574 0.59467
0.27515 0.65089
0.29586 0.7071
0.31953 0.76331
0.34911 0.81953
0.38166 0.87278
0.42899 0.92604
0.47929 0.96154
0.5355 0.98521
0.59172 0.99704
0.64793 1
0.70414 0.99408
0.76036 0.96746
0.80473 0.9142
0.83432 0.85799
0.83432 0.80178
0.82544 0.74556
0.81361 0.68935
0.79882 0.63314
0.74852 0.59172
0.69231 0.59172
0.63609 0.61538
0.58284 0.66272
0.53846 0.71302
0.49704 0.76331
0.48225 0.81953
0.5355 0.86391
0.59172 0.88757
0.64793 0.89941
0.70414 0.89941
0.7426 0.84911
0.75148 0.7929
0.71598 0.74556
0.65976 0.73964
0.60355 0.75148
0.61243 0.80769
0.64497 0.78402
0.69527 0.77811
0.71006 0.8284
0.66864 0.86095
0.61243 0.85503
0.55621 0.8284
0.52959 0.78402
0.57101 0.73373
0.62426 0.7071
0.68047 0.7071
0.73669 0.72781
0.78402 0.76923
0.78994 0.82544
0.77219 0.88166
0.73077 0.93195
0.67456 0.9497
0.61834 0.93787
0.56213 0.92012
0.50592 0.89053
0.46154 0.83728
0.42899 0.78107
0.40533 0.72485
0.39053 0.66864
0.38462 0.61243
0.38166 0.55621
0.38166 0.5
0.38166 0.44379
0.38166 0.38757
0.38166 0.33136
0.3787 0.27515
0.36686 0.21893
0.34615 0.16272
0.30769 0.10947
0.26331 0.056213
0.21598 0.011834
0.15976 0
0.10355 0.0059172
0.053254 0.044379
0.014793 0.10059
0 0.1568
0.0059172 0.21302
0.029586 0.26923
0.076923 0.31657
0.13314 0.32249
0.18935 0.30473
0.22485 0.24852
0.22485 0.19231
0.20414 0.13609
0.1568 0.094675
0.10355 0.11834
0.08284 0.17456
0.1213 0.18639
0.14793 0.14497
0.16864 0.19822
0.12426 0.2426
0.071006 0.21598
0.06213 0.15976
0.079882 0.10355
0.12722 0.065089
0.18343 0.065089
0.23669 0.11538
0.25148 0.1716
0.26036 0.22781
0.25444 0.28402
0.2426 0.34024
0.23373 0.39645
0.23373 0.45266
0.23669 0.50888
0.24852 0.56509
0.2574 0.59467
# triangles
6 7 54
2 57 58
67 97 98
1 2 58
7 8 53
7 53 54
8 9 53
5 6 55
6 54 55
11 12 50
12 13 50
14 15 48
76 77 91
68 69 96
67 68 97
68 96 97
66 67 98
65 66 98
1 58 59
61 103 104
61 102 103
61 62 102
62 101 102
62 63 101
9 10 52
9 52 53
4 56 57
5 55 56
4 5 56
2 3 57
3 4 57
13 49 50
13 14 49
14 48 49
23 42 43
20 21 45
19 20 45
64 65 99
65 98 99
75 76 92
76 91 92
74 75 92
78 79 90
77 78 90
77 90 91
79 80 90
73 74 93
74 92 93
0 1 59
0 59 60
60 61 104
0 60 104
10 11 51
10 51 52
11 50 51
21 44 45
64 99 100
63 64 100
63 100 101
81 82 89
80 81 90
81 89 90
85 86 87
70 71 95
69 70 95
69 95 96
72 73 94
73 93 94
71 72 94
71 94 95
82 83 89
24 25 42
23 24 42
25 41 42
25 26 41
21 22 44
22 23 43
22 43 44
31 32 37
32 33 37
17 18 46
18 19 46
19 45 46
83 84 88
85 87 88
84 85 88
83 88 89
33 34 36
34 35 36
33 36 37
16 17 47
17 46 47
15 16 47
15 47 48
26 27 41
27 40 41
27 28 40
28 39 40
28 29 39
29 30 38
29 38 39
30 31 38
31 37 38
