# points
0.064103 0.80769
0.025641 0.83333
0 0.87179
0.012821 0.91026
0.038462 0.9359
0.076923 0.94872
0.11538 0.94872
0.15385 0.9359
0.19231 0.91026
0.21795 0.88462
0.25641 0.87179
0.29487 0.87179
0.33333 0.85897
0.37179 0.84615
0.41026 0.82051
0.44872 0.82051
0.48718 0.82051
0.52564 0.80769
0.5641 0.79487
0.60256 0.75641
0.64103 0.73077
0.67949 0.69231
0.70513 0.65385
0.70513 0.61538
0.70513 0.57692
0.69231 0.53846
0.69231 0.5
0.69231 0.46154
0.69231 0.42308
0.70513 0.38462
0.74359 0.39744
0.78205 0.4359
0.82051 0.46154
0.85897 0.48718
0.89744 0.51282
0.9359 0.5
0.97436 0.47436
1 0.44872
1 0.41026
1 0.37179
0.98718 0.33333
0.94872 0.34615
0.91026 0.35897
0.87179 0.35897
0.83333 0.35897
0.79487 0.35897
0.75641 0.35897
0.71795 0.35897
0.67949 0.34615
0.64103 0.32051
0.60256 0.28205
0.5641 0.25641
0.52564 0.28205
0.52564 0.32051
0.52564 0.35897
0.53846 0.39744
0.53846 0.4359
0.55128 0.47436
0.53846 0.51282
0.5 0.5
0.46154 0.46154
0.42308 0.4359
0.38462 0.42308
0.38462 0.38462
0.39744 0.34615
0.42308 0.30769
0.4359 0.26923
0.44872 0.23077
0.47436 0.19231
0.48718 0.15385
0.51282 0.11538
0.52564 0.076923
0.52564 0.038462
0.5 0
0.46154 0
0.42308 0
0.38462 0.012821
0.34615 0.012821
0.37179 0.038462
0.38462 0.076923
0.38462 0.11538
0.35897 0.15385
0.35897 0.19231
0.34615 0.23077
0.33333 0.26923
0.30769 0.30769
0.29487 0.34615
0.26923 0.38462
0.26923 0.42308
0.30769 0.46154
0.34615 0.48718
0.35897 0.52564
0.35897 0.5641
0.35897 0.60256
0.32051 0.64103
0.28205 0.66667
0.24359 0.67949
0.20513 0.67949
0.16667 0.69231
0.14103 0.73077
0.12821 0.76923
0.089744 0.79487
0.064103 0.80769
# triangles
29 30 47
33 42 43
33 35 42
0 5 6
58 59 93
39 40 41
35 36 42
33 34 35
1 4 5
0 1 5
1 3 4
1 2 3
59 60 91
60 61 91
74 75 79
67 82 83
63 86 87
66 67 83
63 64 86
64 85 86
66 83 84
65 66 84
64 84 85
64 65 84
38 39 41
38 41 42
36 37 38
36 38 42
0 6 7
20 21 58
19 20 58
19 58 93
17 18 19
17 19 93
62 89 90
61 90 91
61 62 90
11 12 96
10 11 96
59 91 92
59 92 93
12 95 96
14 94 95
14 93 94
29 47 48
28 29 48
28 48 49
30 46 47
30 45 46
70 71 79
71 74 79
76 77 78
70 79 80
24 25 58
30 31 45
31 44 45
28 56 57
28 49 55
28 55 56
49 54 55
97 98 99
96 97 99
10 96 99
10 99 100
9 10 100
14 15 93
15 17 93
15 16 17
12 13 95
13 14 95
72 73 74
71 72 74
50 52 53
50 51 52
21 22 23
21 23 58
23 24 58
31 32 44
32 33 43
32 43 44
25 26 58
26 57 58
0 7 101
68 80 81
67 68 82
68 81 82
27 28 57
26 27 57
7 8 101
8 9 100
8 100 101
69 70 80
68 69 80
62 63 88
63 87 88
62 88 89
75 78 79
75 76 78
49 50 53
49 53 54
