# points
0.023256 0.72093
0.011628 0.75581
0 0.7907
0.011628 0.82558
0.023256 0.86047
0.046512 0.88372
0.081395 0.89535
0.11628 0.88372
0.15116 0.84884
0.16279 0.81395
0.18605 0.7907
0.22093 0.7907
0.25581 0.7907
0.2907 0.7907
0.32558 0.7907
0.36047 0.76744
0.39535 0.75581
0.43023 0.72093
0.46512 0.69767
0.5 0.67442
0.52326 0.63953
0.55814 0.61628
0.5814 0.5814
0.59302 0.54651
0.61628 0.51163
0.61628 0.47674
0.61628 0.44186
0.61628 0.40698
0.61628 0.37209
0.62791 0.33721
0.66279 0.31395
0.69767 0.34884
0.73256 0.38372
0.75581 0.4186
0.77907 0.45349
0.80233 0.48837
0.83721 0.5
0.87209 0.47674
0.90698 0.45349
0.94186 0.43023
0.97674 0.4186
1 0.39535
0.98837 0.37209
0.95349 0.37209
0.9186 0.37209
0.88372 0.36047
0.84884 0.36047
0.81395 0.36047
0.77907 0.33721
0.74419 0.31395
0.7093 0.2907
0.68605 0.25581
0.67442 0.22093
0.63953 0.2093
0.60465 0.19767
0.56977 0.22093
0.53488 0.23256
0.52326 0.26744
0.51163 0.30233
0.5 0.33721
0.48837 0.37209
0.47674 0.40698
0.46512 0.44186
0.43023 0.44186
0.39535 0.43023
0.36047 0.40698
0.32558 0.40698
0.2907 0.40698
0.25581 0.40698
0.23256 0.37209
0.23256 0.33721
0.23256 0.30233
0.23256 0.26744
0.23256 0.23256
0.23256 0.19767
0.23256 0.16279
0.25581 0.12791
0.26744 0.093023
0.26744 0.05814
0.27907 0.023256
0.25581 0
0.22093 0
0.18605 0
0.15116 0
0.11628 0
0.10465 0.023256
0.13953 0.034884
0.16279 0.069767
0.16279 0.10465
0.16279 0.13953
0.16279 0.17442
0.16279 0.2093
0.16279 0.24419
0.16279 0.27907
0.16279 0.31395
0.16279 0.34884
0.16279 0.38372
0.17442 0.4186
0.19767 0.45349
0.23256 0.47674
0.26744 0.5
0.25581 0.53488
0.22093 0.54651
0.18605 0.55814
0.15116 0.56977
0.11628 0.60465
0.093023 0.63953
0.081395 0.67442
0.05814 0.69767
0.023256 0.72093
0.023256 0.72093
# triangles
63 100 101
4 5 7
5 6 7
40 41 42
55 56 57
53 54 55
3 4 7
3 7 8
20 62 63
20 21 62
30 53 55
21 22 62
22 23 62
23 25 62
78 80 81
78 79 80
67 99 100
11 12 103
1 2 3
17 18 101
18 63 101
18 20 63
18 19 20
40 42 43
38 44 45
29 57 58
28 29 58
29 55 57
29 30 55
51 52 53
30 51 53
31 49 50
30 31 50
30 50 51
28 59 60
28 58 59
27 28 60
27 60 61
23 24 25
81 82 87
78 81 87
77 78 87
72 92 93
74 90 91
63 64 100
67 68 99
11 103 105
10 11 105
10 105 106
12 102 103
13 101 102
12 13 102
3 8 9
1 3 9
13 15 101
15 17 101
15 16 17
13 14 15
38 45 46
37 38 46
38 39 44
39 40 43
39 43 44
71 93 94
71 72 93
31 32 49
32 48 49
26 27 61
26 61 62
25 26 62
35 36 37
33 34 47
34 35 37
34 46 47
34 37 46
82 83 86
82 86 87
83 84 86
84 85 86
76 77 88
77 87 88
73 91 92
73 74 91
72 73 92
75 88 89
75 76 88
75 89 90
74 75 90
66 67 100
64 66 100
103 104 105
9 10 108
1 9 108
70 94 95
70 71 94
64 65 66
68 98 99
10 106 107
10 107 108
0 1 108
69 95 96
69 70 95
69 96 97
68 97 98
68 69 97
32 33 47
32 47 48
