# points
0.20755 0.67925
0.17925 0.69811
0.15094 0.71698
0.12264 0.74528
0.11321 0.77358
0.10377 0.80189
0.075472 0.83019
0.056604 0.84906
0.028302 0.85849
0.009434 0.87736
0 0.90566
0 0.93396
0.018868 0.96226
0.04717 0.9717
0.075472 0.96226
0.10377 0.95283
0.13208 0.92453
0.15094 0.90566
0.16981 0.87736
0.19811 0.85849
0.22642 0.85849
0.25472 0.83962
0.28302 0.83019
0.31132 0.81132
0.33962 0.78302
0.36792 0.76415
0.38679 0.73585
0.41509 0.70755
0.43396 0.67925
0.45283 0.65094
0.4717 0.62264
0.49057 0.59434
0.5 0.56604
0.50943 0.53774
0.50943 0.50943
0.51887 0.48113
0.5283 0.45283
0.53774 0.42453
0.54717 0.39623
0.56604 0.36792
0.59434 0.33962
0.62264 0.33019
0.65094 0.33019
0.67925 0.33019
0.70755 0.33019
0.73585 0.33019
0.76415 0.33019
0.79245 0.33962
0.82075 0.34906
0.84906 0.35849
0.87736 0.36792
0.90566 0.37736
0.93396 0.38679
0.96226 0.36792
0.98113 0.34906
1 0.32075
1 0.29245
0.98113 0.28302
0.95283 0.28302
0.92453 0.28302
0.89623 0.28302
0.86792 0.27358
0.83962 0.27358
0.81132 0.26415
0.78302 0.25472
0.75472 0.25472
0.72642 0.25472
0.69811 0.25472
0.66981 0.25472
0.64151 0.25472
0.61321 0.25472
0.58491 0.25472
0.5566 0.26415
0.5283 0.27358
0.5 0.29245
0.4717 0.31132
0.45283 0.33962
0.42453 0.36792
0.40566 0.39623
0.38679 0.42453
0.37736 0.45283
0.34906 0.45283
0.32075 0.4434
0.29245 0.42453
0.26415 0.41509
0.23585 0.39623
0.21698 0.36792
0.20755 0.33962
0.20755 0.31132
0.19811 0.28302
0.18868 0.25472
0.16981 0.22642
0.16038 0.19811
0.15094 0.16981
0.15094 0.14151
0.15094 0.11321
0.14151 0.084906
0.13208 0.056604
0.12264 0.028302
0.11321 0
0.084906 0.009434
0.056604 0.018868
0.028302 0.04717
0.037736 0.075472
0.066038 0.09434
0.09434 0.10377
0.11321 0.13208
0.12264 0.16038
0.13208 0.18868
0.14151 0.21698
0.15094 0.24528
0.16038 0.27358
0.16038 0.30189
0.16981 0.33019
0.16981 0.35849
0.17925 0.38679
0.17925 0.41509
0.19811 0.4434
0.21698 0.46226
0.24528 0.49057
0.27358 0.50943
0.30189 0.5283
0.33019 0.5566
0.33019 0.58491
0.30189 0.61321
0.27358 0.63208
0.24528 0.65094
0.21698 0.66981
0.20755 0.67925
# triangles
55 56 57
9 10 14
10 11 14
8 9 14
11 12 14
12 13 14
96 97 105
41 70 71
98 99 100
41 69 70
101 102 103
0 22 23
0 24 127
0 23 24
7 15 16
7 8 14
7 14 15
95 96 106
96 105 106
34 35 80
38 39 75
89 111 112
88 89 112
89 90 111
88 112 113
94 95 106
94 106 107
28 29 123
24 25 125
25 26 125
101 103 104
97 104 105
100 101 104
98 100 104
97 98 104
32 33 80
33 34 80
49 61 62
49 60 61
36 37 77
39 74 75
39 73 74
39 40 73
40 72 73
40 41 71
40 71 72
87 113 114
87 88 113
38 75 76
37 38 76
37 76 77
80 81 122
32 80 122
31 32 122
35 79 80
91 92 109
92 108 109
92 93 108
93 94 107
93 107 108
45 65 66
0 21 22
49 50 60
29 30 123
30 31 122
30 122 123
24 126 127
24 125 126
4 5 19
5 18 19
19 20 21
2 19 21
5 6 18
6 17 18
53 54 58
53 58 59
55 57 58
54 55 58
36 77 78
35 36 78
35 78 79
91 109 110
90 110 111
90 91 110
46 64 65
45 46 65
46 63 64
44 66 67
44 45 66
0 1 21
1 2 21
85 115 116
85 116 117
51 59 60
50 51 60
51 52 53
51 53 59
28 123 124
27 28 124
26 124 125
26 27 124
48 49 62
43 67 68
43 44 67
85 86 115
86 114 115
86 87 114
81 121 122
81 82 121
82 120 121
46 47 63
47 62 63
47 48 62
41 42 69
42 68 69
42 43 68
84 118 119
85 117 118
84 85 118
83 84 119
83 119 120
82 83 120
3 4 19
2 3 19
6 7 16
6 16 17
