# points
0.09901 0.59406
0.079208 0.61386
0.049505 0.62376
0.019802 0.63366
0 0.66337
0 0.69307
0.019802 0.72277
0.039604 0.74257
0.069307 0.74257
0.09901 0.73267
0.12871 0.71287
0.15842 0.68317
0.18812 0.68317
0.21782 0.69307
0.24752 0.69307
0.27723 0.68317
0.30693 0.67327
0.33663 0.65347
0.36634 0.63366
0.39604 0.60396
0.42574 0.57426
0.44554 0.54455
0.47525 0.51485
0.50495 0.48515
0.53465 0.45545
0.54455 0.42574
0.55446 0.39604
0.58416 0.36634
0.59406 0.33663
0.59406 0.30693
0.60396 0.27723
0.63366 0.27723
0.66337 0.29703
0.69307 0.31683
0.72277 0.32673
0.75248 0.34653
0.78218 0.36634
0.80198 0.39604
0.82178 0.42574
0.85149 0.43564
0.88119 0.41584
0.91089 0.38614
0.94059 0.36634
0.9703 0.33663
1 0.31683
0.9802 0.29703
0.9505 0.29703
0.92079 0.29703
0.89109 0.29703
0.86139 0.29703
0.83168 0.28713
0.80198 0.28713
0.77228 0.27723
0.74257 0.25743
0.72277 0.22772
0.70297 0.19802
0.67327 0.17822
0.64356 0.16832
0.61386 0.16832
0.58416 0.17822
0.55446 0.19802
0.52475 0.21782
0.49505 0.24752
0.46535 0.26733
0.43564 0.29703
0.42574 0.32673
0.41584 0.35644
0.38614 0.36634
0.35644 0.34653
0.32673 0.33663
0.29703 0.31683
0.26733 0.30693
0.23762 0.29703
0.20792 0.29703
0.18812 0.27723
0.18812 0.24752
0.16832 0.21782
0.15842 0.18812
0.13861 0.15842
0.10891 0.12871
0.09901 0.09901
0.09901 0.069307
0.09901 0.039604
0.089109 0.009901
0.059406 0
0.029703 0
0 0
0 0.019802
0.029703 0.039604
0.049505 0.069307
0.059406 0.09901
0.069307 0.12871
0.079208 0.15842
0.09901 0.18812
0.10891 0.21782
0.11881 0.24752
0.12871 0.27723
0.13861 0.30693
0.16832 0.32673
0.19802 0.35644
0.22772 0.38614
0.25743 0.40594
0.28713 0.41584
0.29703 0.44554
0.26733 0.45545
0.23762 0.47525
0.20792 0.49505
0.17822 0.51485
0.14851 0.52475
0.11881 0.54455
0.09901 0.57426
0.09901 0.59406
# triangles
85 86 87
2 4 5
85 87 88
84 85 88
2 3 4
6 7 8
2 5 6
2 6 8
2 8 9
24 25 66
38 39 40
0 109 110
0 11 12
22 66 67
37 38 40
37 40 49
40 41 49
69 101 102
69 70 101
81 89 90
82 88 89
81 82 89
0 108 109
0 12 108
18 104 105
18 19 104
19 20 103
19 103 104
67 102 103
2 9 10
0 1 11
1 2 10
1 10 11
23 24 66
22 23 66
36 49 50
36 37 49
41 48 49
42 47 48
41 42 48
17 18 105
16 17 106
17 105 106
15 16 106
78 79 92
80 81 90
79 91 92
80 90 91
79 80 91
73 98 99
71 99 100
70 100 101
70 71 100
67 68 102
68 69 102
12 107 108
12 15 107
15 106 107
20 21 103
21 22 67
21 67 103
43 46 47
42 43 47
43 44 45
43 45 46
77 78 93
78 92 93
75 95 96
25 26 66
26 65 66
26 27 63
26 63 64
26 64 65
77 93 94
71 72 99
72 73 99
75 76 95
76 77 94
76 94 95
74 97 98
73 74 98
74 96 97
74 75 96
36 50 51
35 36 51
35 51 52
32 53 54
32 33 53
30 61 62
30 60 61
30 59 60
30 58 59
34 35 52
34 52 53
33 34 53
27 28 63
29 30 62
29 62 63
28 29 63
31 55 56
31 56 57
31 54 55
31 32 54
31 57 58
30 31 58
82 83 84
82 84 88
12 13 14
12 14 15
