# points
0.12 0.8
0.08 0.84
0.04 0.85333
0.013333 0.88
0 0.92
0.013333 0.96
0.04 1
0.08 1
0.12 0.98667
0.14667 0.94667
0.18667 0.92
0.22667 0.92
0.26667 0.90667
0.30667 0.90667
0.34667 0.89333
0.38667 0.88
0.42667 0.88
0.46667 0.88
0.50667 0.86667
0.54667 0.84
0.58667 0.8
0.62667 0.76
0.65333 0.73333
0.66667 0.69333
0.66667 0.65333
0.66667 0.61333
0.66667 0.57333
0.66667 0.53333
0.66667 0.49333
0.66667 0.45333
0.66667 0.41333
0.69333 0.37333
0.73333 0.36
0.77333 0.32
0.8 0.28
0.84 0.24
0.88 0.2
0.92 0.18667
0.96 0.17333
0.97333 0.13333
0.98667 0.093333
1 0.053333
0.98667 0.013333
0.94667 0
0.90667 0.026667
0.90667 0.066667
0.86667 0.10667
0.82667 0.13333
0.78667 0.17333
0.74667 0.18667
0.70667 0.22667
0.66667 0.25333
0.62667 0.29333
0.58667 0.33333
0.56 0.37333
0.53333 0.41333
0.52 0.45333
0.53333 0.49333
0.53333 0.53333
0.49333 0.52
0.45333 0.52
0.41333 0.50667
0.37333 0.49333
0.33333 0.49333
0.29333 0.48
0.29333 0.44
0.29333 0.4
0.30667 0.36
0.30667 0.32
0.30667 0.28
0.30667 0.24
0.30667 0.2
0.29333 0.16
0.28 0.12
0.28 0.08
0.25333 0.04
0.21333 0.04
0.17333 0.04
0.13333 0.066667
0.13333 0.093333
0.17333 0.12
0.2 0.16
0.2 0.2
0.2 0.24
0.2 0.28
0.2 0.32
0.2 0.36
0.2 0.4
0.18667 0.44
0.21333 0.48
0.24 0.52
0.26667 0.56
0.30667 0.58667
0.34667 0.61333
0.33333 0.64
0.29333 0.66667
0.25333 0.69333
0.21333 0.69333
0.17333 0.72
0.14667 0.76
0.12 0.8
0.12 0.8
# triangles
41 42 43
5 6 7
76 77 80
74 76 80
74 75 76
1 9 10
5 7 9
21 23 24
21 22 23
7 8 9
1 2 9
0 1 10
0 10 11
0 11 99
11 12 99
73 80 81
73 74 80
31 32 51
30 53 54
30 31 53
30 54 55
16 17 18
3 5 9
2 3 9
3 4 5
12 96 99
14 15 96
13 14 96
12 13 96
20 21 58
21 24 58
24 25 58
37 38 39
39 40 45
40 41 45
41 43 45
43 44 45
72 73 81
31 52 53
31 51 52
32 33 51
15 16 94
19 20 94
18 19 94
16 18 94
37 39 46
39 45 46
34 48 49
34 35 48
36 37 46
36 46 47
36 47 48
35 36 48
33 34 50
33 50 51
34 49 50
15 95 96
15 94 95
62 92 93
20 58 93
20 93 94
26 27 58
25 26 58
29 30 55
58 60 93
72 81 82
71 72 82
66 67 86
62 63 92
64 90 91
63 91 92
63 64 91
96 98 99
96 97 98
64 65 89
64 89 90
29 55 57
55 56 57
65 66 87
65 87 89
66 86 87
61 62 93
60 61 93
28 29 57
58 59 60
87 88 89
77 78 79
77 79 80
67 68 86
68 85 86
71 82 83
70 71 83
28 57 58
27 28 58
68 84 85
68 69 84
70 83 84
69 70 84
