# points
0.21359 0.62136
0.18447 0.64078
0.15534 0.66019
0.12621 0.6699
0.1068 0.68932
0.087379 0.71845
0.058252 0.72816
0.029126 0.74757
0.0097087 0.76699
0 0.79612
0.019417 0.82524
0.038835 0.84466
0.067961 0.85437
0.097087 0.85437
0.12621 0.84466
0.14563 0.81553
0.15534 0.78641
0.18447 0.79612
0.21359 0.80583
0.24272 0.79612
0.27184 0.78641
0.30097 0.76699
0.3301 0.74757
0.35922 0.71845
0.37864 0.68932
0.40777 0.66019
0.42718 0.63107
0.45631 0.60194
0.48544 0.57282
0.50485 0.54369
0.53398 0.51456
0.54369 0.48544
0.56311 0.45631
0.58252 0.42718
0.60194 0.39806
0.62136 0.36893
0.65049 0.33981
0.67961 0.32039
0.70874 0.30097
0.73786 0.29126
0.76699 0.28155
0.78641 0.25243
0.81553 0.23301
0.83495 0.20388
0.86408 0.18447
0.8835 0.16505
0.91262 0.15534
0.94175 0.15534
0.97087 0.15534
1 0.14563
1 0.1165
0.99029 0.087379
0.98058 0.058252
0.98058 0.029126
0.98058 0
0.95146 0
0.94175 0.029126
0.92233 0.058252
0.90291 0.087379
0.87379 0.1165
0.84466 0.13592
0.81553 0.16505
0.78641 0.17476
0.75728 0.18447
0.72816 0.19417
0.69903 0.21359
0.6699 0.2233
0.64078 0.23301
0.61165 0.25243
0.58252 0.26214
0.5534 0.28155
0.52427 0.30097
0.50485 0.3301
0.47573 0.34951
0.4466 0.37864
0.42718 0.40777
0.39806 0.41748
0.36893 0.41748
0.33981 0.41748
0.31068 0.40777
0.28155 0.40777
0.25243 0.40777
0.2233 0.39806
0.19417 0.38835
0.17476 0.36893
0.17476 0.33981
0.17476 0.31068
0.17476 0.28155
0.18447 0.25243
0.19417 0.2233
0.20388 0.19417
0.21359 0.16505
0.21359 0.13592
0.21359 0.1068
0.2233 0.07767
0.21359 0.048544
0.18447 0.048544
0.15534 0.058252
0.12621 0.067961
0.097087 0.067961
0.087379 0.07767
0.097087 0.097087
0.12621 0.1165
0.15534 0.13592
0.15534 0.16505
0.14563 0.19417
0.14563 0.2233
0.12621 0.25243
0.12621 0.28155
0.1165 0.31068
0.1165 0.33981
0.1068 0.36893
0.1165 0.39806
0.13592 0.41748
0.16505 0.43689
0.19417 0.45631
0.2233 0.47573
0.25243 0.48544
0.28155 0.50485
0.31068 0.52427
0.30097 0.5534
0.27184 0.58252
0.24272 0.60194
0.21359 0.62136
0.21359 0.62136
# triangles
99 100 101
53 54 55
92 93 103
48 49 50
48 50 51
47 48 51
90 91 104
90 104 105
1 20 21
93 97 103
97 102 103
44 60 61
36 68 69
46 47 58
47 51 58
35 71 72
35 70 71
35 36 69
35 69 70
87 88 107
88 106 107
32 73 74
0 21 22
0 1 21
93 94 96
93 96 97
94 95 96
97 98 102
98 99 101
98 101 102
43 44 61
43 61 62
42 43 62
44 45 60
41 63 64
42 62 63
41 42 63
38 65 66
38 66 67
51 52 57
51 57 58
33 72 73
32 33 73
88 89 106
89 105 106
89 90 105
76 77 119
28 76 119
87 107 108
86 87 108
83 84 113
84 110 111
6 12 13
45 59 60
46 58 59
45 46 59
39 40 65
38 39 65
53 55 56
52 53 56
52 56 57
1 19 20
1 2 19
13 14 15
6 13 15
34 35 72
33 34 72
77 78 119
29 75 76
28 29 76
79 80 118
78 79 118
78 118 119
0 22 122
83 113 114
82 83 115
83 114 115
81 115 116
81 82 115
86 108 109
84 85 110
84 112 113
84 111 112
4 5 16
8 9 10
6 7 12
7 11 12
7 10 11
7 8 10
17 18 19
2 16 17
2 17 19
37 38 67
37 67 68
36 37 68
26 119 120
27 28 119
26 27 119
80 117 118
80 81 117
81 116 117
22 23 122
25 26 120
92 103 104
91 92 104
40 41 65
41 64 65
31 74 75
31 32 74
2 3 16
3 4 16
29 31 75
29 30 31
85 86 109
85 109 110
5 6 15
5 15 16
23 24 121
23 121 122
24 25 121
25 120 121
