# points
0.14118 0.76471
0.12941 0.8
0.12941 0.83529
0.10588 0.87059
0.070588 0.90588
0.058824 0.94118
0.070588 0.97647
0.094118 1
0.12941 1
0.16471 0.98824
0.2 0.96471
0.22353 0.92941
0.24706 0.90588
0.28235 0.90588
0.31765 0.89412
0.35294 0.88235
0.38824 0.85882
0.42353 0.83529
0.45882 0.81176
0.48235 0.77647
0.50588 0.74118
0.52941 0.71765
0.54118 0.68235
0.55294 0.64706
0.55294 0.61176
0.57647 0.57647
0.57647 0.54118
0.56471 0.50588
0.55294 0.47059
0.55294 0.43529
0.55294 0.4
0.55294 0.36471
0.55294 0.32941
0.55294 0.29412
0.57647 0.27059
0.61176 0.29412
0.64706 0.29412
0.68235 0.29412
0.71765 0.29412
0.75294 0.30588
0.78824 0.32941
0.82353 0.34118
0.85882 0.36471
0.89412 0.36471
0.92941 0.35294
0.94118 0.31765
0.95294 0.28235
0.96471 0.24706
0.96471 0.21176
0.96471 0.17647
0.92941 0.16471
0.89412 0.17647
0.85882 0.2
0.82353 0.21176
0.78824 0.22353
0.75294 0.23529
0.71765 0.24706
0.68235 0.24706
0.64706 0.25882
0.61176 0.25882
0.57647 0.27059
0.54118 0.27059
0.50588 0.28235
0.48235 0.31765
0.48235 0.35294
0.47059 0.38824
0.43529 0.42353
0.4 0.43529
0.36471 0.42353
0.32941 0.41176
0.29412 0.37647
0.27059 0.34118
0.24706 0.30588
0.23529 0.27059
0.21176 0.23529
0.2 0.2
0.18824 0.16471
0.18824 0.12941
0.18824 0.094118
0.18824 0.058824
0.17647 0.023529
0.15294 0
0.11765 0
0.082353 0
0.047059 0.011765
0.011765 0.035294
0 0.070588
0.011765 0.10588
0.047059 0.12941
0.070588 0.16471
0.094118 0.2
0.12941 0.23529
0.15294 0.27059
0.17647 0.30588
0.18824 0.34118
0.21176 0.37647
0.22353 0.41176
0.23529 0.44706
0.25882 0.48235
0.29412 0.50588
0.31765 0.54118
0.31765 0.57647
0.30588 0.61176
0.28235 0.64706
0.24706 0.67059
0.21176 0.69412
0.17647 0.72941
0.15294 0.75294
0.14118 0.76471
# triangles
85 86 87
6 7 8
19 102 103
47 48 51
47 51 52
3 4 9
4 8 9
4 5 6
4 6 8
19 20 102
24 25 26
68 69 99
14 15 104
13 14 106
12 13 106
1 2 12
2 3 11
2 11 12
12 106 107
1 12 107
0 1 107
24 67 100
67 68 100
68 99 100
48 49 50
48 50 51
46 47 52
45 46 52
79 80 82
39 40 54
20 22 102
82 83 88
83 84 88
30 31 64
69 70 97
70 96 97
70 95 96
70 71 95
14 105 106
14 104 105
17 19 103
17 18 19
3 9 10
3 10 11
24 100 101
22 101 102
22 24 101
80 81 82
39 54 55
28 29 66
27 28 66
24 26 27
24 27 67
27 66 67
22 23 24
20 21 22
41 52 53
41 45 52
31 32 64
32 62 63
32 63 64
69 97 98
69 98 99
15 16 104
16 103 104
16 17 103
34 59 61
34 35 59
29 30 65
29 65 66
30 64 65
43 44 45
78 79 82
78 82 88
78 88 89
77 78 89
76 90 91
75 76 91
76 89 90
76 77 89
33 61 62
32 33 62
33 34 61
72 94 95
71 72 95
72 93 94
72 73 93
37 57 58
73 74 93
74 75 91
36 37 58
74 91 92
74 92 93
84 85 88
85 87 88
40 41 54
41 53 54
38 39 55
38 55 56
41 42 43
41 43 45
37 38 56
37 56 57
35 36 59
36 58 59
