# points
0 0.84507
0 0.87324
0 0.90141
0.014085 0.92958
0.028169 0.94366
0.056338 0.95775
0.084507 0.94366
0.11268 0.92958
0.14085 0.92958
0.16901 0.92958
0.19718 0.92958
0.22535 0.92958
0.25352 0.92958
0.28169 0.92958
0.30986 0.92958
0.33803 0.92958
0.3662 0.91549
0.39437 0.91549
0.42254 0.90141
0.4507 0.90141
0.47887 0.88732
0.50704 0.87324
0.53521 0.84507
0.56338 0.83099
0.59155 0.80282
0.61972 0.78873
0.64789 0.76056
0.67606 0.74648
0.67606 0.71831
0.66197 0.69014
0.6338 0.66197
0.60563 0.6338
0.60563 0.60563
0.60563 0.57746
0.60563 0.5493
0.60563 0.52113
0.60563 0.49296
0.60563 0.46479
0.60563 0.43662
0.61972 0.40845
0.64789 0.40845
0.67606 0.39437
0.70423 0.38028
0.73239 0.3662
0.76056 0.33803
0.77465 0.30986
0.80282 0.28169
0.83099 0.25352
0.85915 0.23944
0.88732 0.23944
0.91549 0.23944
0.94366 0.23944
0.97183 0.23944
1 0.22535
1 0.19718
1 0.16901
1 0.14085
0.98592 0.11268
0.98592 0.084507
0.97183 0.056338
0.95775 0.028169
0.94366 0
0.91549 0
0.90141 0.028169
0.90141 0.056338
0.88732 0.084507
0.85915 0.11268
0.83099 0.14085
0.80282 0.16901
0.77465 0.19718
0.74648 0.22535
0.71831 0.25352
0.69014 0.26761
0.66197 0.28169
0.6338 0.29577
0.60563 0.30986
0.57746 0.32394
0.5493 0.35211
0.52113 0.3662
0.49296 0.39437
0.47887 0.42254
0.46479 0.4507
0.46479 0.47887
0.46479 0.50704
0.46479 0.53521
0.43662 0.5493
0.40845 0.53521
0.38028 0.52113
0.35211 0.50704
0.32394 0.49296
0.29577 0.47887
0.28169 0.4507
0.28169 0.42254
0.28169 0.39437
0.28169 0.3662
0.28169 0.33803
0.28169 0.30986
0.28169 0.28169
0.28169 0.25352
0.28169 0.22535
0.28169 0.19718
0.28169 0.16901
0.26761 0.14085
0.26761 0.11268
0.26761 0.084507
0.25352 0.056338
0.25352 0.028169
0.22535 0
0.19718 0.014085
0.16901 0.042254
0.14085 0.070423
0.14085 0.098592
0.15493 0.12676
0.1831 0.15493
0.1831 0.1831
0.19718 0.21127
0.21127 0.23944
0.22535 0.26761
0.22535 0.29577
0.22535 0.32394
0.22535 0.35211
0.22535 0.38028
0.22535 0.40845
0.22535 0.43662
0.22535 0.46479
0.22535 0.49296
0.23944 0.52113
0.26761 0.5493
0.29577 0.56338
0.32394 0.59155
0.32394 0.61972
0.32394 0.64789
0.29577 0.67606
0.26761 0.69014
0.23944 0.70423
0.21127 0.70423
0.1831 0.71831
0.15493 0.73239
0.12676 0.74648
0.098592 0.76056
0.070423 0.76056
0.042254 0.76056
0.014085 0.77465
0 0.80282
0 0.83099
0 0.84507
# triangles
55 56 57
55 57 66
49 66 67
106 107 108
105 106 108
105 108 109
109 110 111
57 65 66
57 58 65
50 55 66
49 50 66
103 104 112
104 105 112
109 111 112
105 109 112
99 100 116
59 60 64
60 63 64
52 53 54
43 72 73
43 44 72
47 68 69
42 43 73
42 73 74
0 1 7
16 17 18
22 24 31
102 103 113
103 112 113
102 113 114
100 115 116
100 101 115
97 117 118
97 98 117
98 99 117
99 116 117
51 52 54
51 54 55
50 51 55
47 48 68
48 67 68
48 49 67
35 36 83
41 42 74
37 80 82
36 82 83
36 37 82
38 79 80
37 38 80
39 75 76
39 40 75
40 41 75
41 74 75
39 76 77
38 39 77
4 5 6
3 4 6
1 2 6
2 3 6
1 6 7
24 30 31
22 23 24
90 125 126
38 78 79
38 77 78
26 29 30
26 27 28
26 28 29
24 25 30
25 26 30
10 11 137
16 18 132
80 81 82
93 121 122
18 19 20
20 21 22
134 135 136
11 134 136
11 136 137
141 142 143
11 12 134
12 13 134
13 14 134
14 15 16
16 132 133
14 16 133
14 133 134
18 20 131
18 131 132
20 22 131
22 31 131
94 120 121
93 94 121
92 122 123
92 93 122
8 9 138
9 10 138
10 137 138
31 85 131
90 126 127
96 97 118
96 118 119
90 91 125
91 124 125
91 123 124
91 92 123
0 7 139
7 8 139
8 138 139
31 32 84
31 84 85
32 33 84
33 34 84
34 35 84
35 83 84
85 86 129
89 90 127
94 95 120
95 119 120
95 96 119
0 140 144
0 139 140
85 130 131
85 129 130
87 88 129
86 87 129
88 128 129
88 89 128
89 127 128
59 64 65
58 59 65
60 61 63
61 62 63
45 71 72
44 45 72
45 70 71
45 46 70
46 47 70
47 69 70
102 114 115
101 102 115
140 143 144
140 141 143
