# points
0.01087 0.65217
0.032609 0.68478
0.054348 0.71739
0.076087 0.73913
0.1087 0.75
0.1413 0.73913
0.17391 0.71739
0.20652 0.70652
0.23913 0.70652
0.27174 0.70652
0.30435 0.70652
0.33696 0.69565
0.36957 0.68478
0.40217 0.67391
0.43478 0.66304
0.46739 0.6413
0.5 0.6087
0.53261 0.57609
0.54348 0.54348
0.56522 0.51087
0.57609 0.47826
0.57609 0.44565
0.59783 0.41304
0.6087 0.38043
0.63043 0.34783
0.65217 0.32609
0.68478 0.32609
0.71739 0.32609
0.75 0.32609
0.78261 0.32609
0.81522 0.32609
0.84783 0.32609
0.88043 0.33696
0.91304 0.36957
0.94565 0.3913
0.97826 0.3913
1 0.38043
1 0.34783
1 0.31522
1 0.28261
1 0.25
1 0.21739
1 0.18478
1 0.15217
0.98913 0.16304
0.95652 0.17391
0.92391 0.20652
0.8913 0.23913
0.8587 0.25
0.82609 0.25
0.79348 0.25
0.76087 0.25
0.72826 0.25
0.69565 0.26087
0.66304 0.26087
0.63043 0.27174
0.59783 0.28261
0.56522 0.29348
0.53261 0.30435
0.51087 0.32609
0.48913 0.3587
0.47826 0.3913
0.44565 0.38043
0.41304 0.36957
0.38043 0.3587
0.34783 0.34783
0.31522 0.32609
0.28261 0.30435
0.27174 0.27174
0.25 0.23913
0.23913 0.20652
0.20652 0.17391
0.17391 0.15217
0.1413 0.11957
0.13043 0.086957
0.11957 0.054348
0.097826 0.021739
0.076087 0
0.043478 0.01087
0.032609 0.043478
0.01087 0.076087
0 0.1087
0.032609 0.11957
0.065217 0.13043
0.097826 0.13043
0.13043 0.16304
0.15217 0.19565
0.17391 0.22826
0.18478 0.26087
0.21739 0.28261
0.22826 0.31522
0.25 0.34783
0.28261 0.36957
0.31522 0.3913
0.34783 0.41304
0.38043 0.43478
0.3587 0.46739
0.32609 0.46739
0.29348 0.47826
0.26087 0.48913
0.22826 0.51087
0.19565 0.53261
0.16304 0.56522
0.13043 0.57609
0.097826 0.58696
0.065217 0.59783
0.032609 0.61957
0.01087 0.6413
0.01087 0.65217
# triangles
76 77 78
76 78 79
75 76 79
1 2 105
41 42 45
20 21 61
75 83 84
75 79 83
1 105 106
0 106 107
0 1 106
11 12 98
14 15 96
12 96 98
8 9 101
9 10 11
3 4 5
2 3 5
8 101 102
39 40 47
41 45 46
40 41 46
40 46 47
31 48 49
42 43 44
42 44 45
34 35 37
35 36 37
32 47 48
31 32 48
32 38 39
32 39 47
19 20 61
18 19 61
68 89 90
28 51 52
32 33 38
33 37 38
33 34 37
79 80 82
79 82 83
80 81 82
2 104 105
2 5 104
11 98 99
13 14 96
12 13 96
18 61 95
18 95 96
5 6 104
28 29 51
29 50 51
16 18 96
16 17 18
15 16 96
68 69 89
24 56 57
24 25 56
25 26 54
70 71 87
71 86 87
71 72 86
22 60 61
21 22 61
26 53 54
6 103 104
9 11 100
11 99 100
9 100 101
7 8 102
7 102 103
6 7 103
30 31 49
30 49 50
29 30 50
67 68 90
69 88 89
25 54 55
25 55 56
23 57 58
23 24 57
23 58 59
23 59 60
22 23 60
26 27 53
27 28 52
27 52 53
96 97 98
66 92 93
66 67 92
61 62 95
64 94 95
65 66 93
65 93 94
64 65 94
74 75 84
73 74 84
72 85 86
72 73 85
73 84 85
67 90 91
67 91 92
63 64 95
62 63 95
70 87 88
69 70 88
