# points
0.023474 0.53052
0.028169 0.56808
0.037559 0.60563
0.056338 0.64319
0.093897 0.66197
0.13146 0.65728
0.15023 0.62441
0.15962 0.58685
0.19718 0.58685
0.23474 0.59155
0.26761 0.60563
0.26761 0.64319
0.26291 0.68075
0.23005 0.69953
0.19249 0.71831
0.16432 0.75117
0.15493 0.78873
0.16432 0.82629
0.19249 0.84977
0.23005 0.85915
0.25822 0.88732
0.25822 0.92488
0.26291 0.96244
0.29108 0.99531
0.32864 1
0.3662 0.98592
0.40376 0.97183
0.44131 0.96714
0.47887 0.96244
0.51643 0.96714
0.55399 0.97653
0.58685 0.97653
0.61972 0.93897
0.65258 0.90141
0.69014 0.86854
0.69484 0.83568
0.70423 0.80282
0.71831 0.76526
0.68545 0.7277
0.65258 0.69953
0.61502 0.68545
0.58216 0.66667
0.59624 0.6338
0.62441 0.61502
0.66197 0.61502
0.69953 0.60563
0.73239 0.56808
0.76056 0.53052
0.78873 0.49296
0.8216 0.46009
0.85915 0.42723
0.87793 0.39437
0.86854 0.35681
0.84977 0.31925
0.86385 0.28169
0.86854 0.24413
0.86854 0.20657
0.85915 0.16901
0.84038 0.13146
0.81221 0.093897
0.78873 0.056338
0.75587 0.028169
0.71831 0
0.68075 0.0046948
0.64319 0.032864
0.60563 0.046948
0.57277 0.075117
0.53521 0.098592
0.50235 0.070423
0.46479 0.065728
0.42723 0.065728
0.38967 0.065728
0.35211 0.079812
0.32394 0.079812
0.29108 0.046948
0.25352 0.028169
0.21596 0.014085
0.1784 0.0046948
0.14085 0.0046948
0.10329 0.023474
0.070423 0.056338
0.051643 0.093897
0.042254 0.13146
0.023474 0.16901
0.0046948 0.20657
0 0.24413
0 0.28169
0.0046948 0.31925
0.042254 0.34272
0.079812 0.33333
0.11268 0.29577
0.15023 0.2723
0.18779 0.24413
0.19249 0.28169
0.18779 0.31925
0.1831 0.35681
0.17371 0.38967
0.13615 0.39437
0.098592 0.41315
0.061033 0.44601
0.037559 0.48357
0.023474 0.52113
0.023474 0.53052
# triangles
10 41 42
77 79 80
84 85 90
22 23 24
10 11 41
11 12 41
77 78 79
76 77 80
67 68 69
75 76 92
76 80 92
55 58 66
55 57 58
55 56 57
43 47 67
47 48 67
48 53 67
53 66 67
53 54 55
53 55 66
2 3 6
2 6 7
21 22 24
21 24 25
20 21 25
58 59 66
61 62 63
80 81 92
81 82 92
83 84 90
7 99 100
0 7 100
1 2 7
0 1 7
85 86 90
86 89 90
86 87 88
86 88 89
20 25 26
48 49 53
30 31 32
29 33 40
29 32 33
28 29 41
29 40 41
29 30 32
33 34 35
33 35 40
35 39 40
35 36 39
16 17 18
15 16 18
7 98 99
7 97 98
59 60 64
59 64 66
60 61 64
61 63 64
67 69 70
67 70 72
72 73 92
83 90 91
82 91 92
82 83 91
10 42 95
42 43 95
43 67 95
67 94 95
0 100 101
36 37 38
36 38 39
43 46 47
43 44 46
44 45 46
49 52 53
50 51 52
49 50 52
12 27 41
27 28 41
12 20 27
20 26 27
3 4 6
4 5 6
12 19 20
12 13 19
13 14 19
14 15 19
15 18 19
64 65 66
70 71 72
74 75 92
73 74 92
72 92 93
67 72 93
67 93 94
8 9 96
9 10 96
10 95 96
7 96 97
7 8 96
