# points
0 0.51852
0 0.55556
0.0092593 0.59259
0.027778 0.62963
0.060185 0.66204
0.097222 0.65278
0.12963 0.62963
0.14815 0.59259
0.16667 0.56944
0.2037 0.57407
0.24074 0.58333
0.26389 0.61574
0.25 0.65278
0.24074 0.68981
0.2037 0.69444
0.17593 0.72222
0.15741 0.75926
0.15278 0.7963
0.15741 0.83333
0.19444 0.85648
0.23148 0.86111
0.26852 0.85185
0.28704 0.87037
0.28704 0.90741
0.27778 0.94444
0.2963 0.97685
0.33333 1
0.36574 0.98611
0.38426 0.95833
0.4213 0.9537
0.45833 0.9537
0.49537 0.94907
0.53241 0.94907
0.56944 0.96296
0.60648 0.97685
0.62037 0.93981
0.63889 0.90741
0.66204 0.875
0.69907 0.84722
0.68519 0.81944
0.69907 0.78241
0.7037 0.74537
0.68056 0.70833
0.64815 0.68056
0.61111 0.67593
0.58333 0.66204
0.60185 0.63426
0.625 0.60185
0.66204 0.59259
0.69907 0.59259
0.71296 0.56019
0.74074 0.52778
0.77315 0.49074
0.80093 0.4537
0.83333 0.41667
0.85185 0.37963
0.84722 0.34259
0.82407 0.30556
0.8287 0.26852
0.83796 0.23148
0.83796 0.19444
0.81944 0.15741
0.78704 0.12037
0.76389 0.083333
0.75 0.046296
0.72685 0.013889
0.68981 0.0046296
0.65278 0
0.61574 0.023148
0.5787 0.055556
0.55093 0.087963
0.51389 0.078704
0.47685 0.064815
0.43981 0.060185
0.40278 0.060185
0.36574 0.074074
0.3287 0.10185
0.29167 0.083333
0.25463 0.060185
0.21759 0.046296
0.18056 0.037037
0.14352 0.037037
0.10648 0.041667
0.083333 0.074074
0.060185 0.11111
0.046296 0.14815
0.023148 0.18519
0.0046296 0.22222
0 0.25926
0 0.2963
0.032407 0.32407
0.069444 0.32407
0.10648 0.31944
0.13426 0.28241
0.16204 0.24537
0.18981 0.21759
0.18981 0.25463
0.18981 0.29167
0.18981 0.3287
0.18519 0.36574
0.16204 0.39352
0.125 0.41204
0.087963 0.43519
0.050926 0.4537
0.013889 0.47685
0 0.51389
0 0.51852
# triangles
22 30 45
30 31 45
23 24 25
47 51 70
11 12 45
59 60 61
66 67 68
31 32 45
25 26 27
22 23 28
23 25 28
25 27 28
16 20 21
11 45 46
11 46 47
47 70 98
47 50 51
1 2 7
0 1 7
88 89 90
13 21 22
13 22 45
12 13 45
51 52 70
52 57 70
58 62 70
57 58 70
58 59 61
58 61 62
63 68 69
62 63 70
63 69 70
3 4 5
16 17 20
32 44 45
32 35 36
22 29 30
22 28 29
17 18 19
17 19 20
10 11 47
85 86 94
8 101 102
88 90 91
0 104 105
15 16 21
13 15 21
13 14 15
52 53 57
64 66 68
63 64 68
64 65 66
3 5 6
48 49 50
47 48 50
33 34 35
32 33 35
47 98 99
10 47 99
86 87 93
86 93 94
91 92 93
87 88 93
88 91 93
0 103 104
0 7 103
7 8 103
8 102 103
53 54 57
54 56 57
54 55 56
37 39 44
32 36 37
32 37 44
37 38 39
39 40 44
40 41 42
42 43 44
40 42 44
9 10 100
10 99 100
8 9 100
8 100 101
70 71 98
71 76 98
73 75 76
73 74 75
76 77 95
76 95 96
77 78 95
83 84 95
84 85 95
85 94 95
81 82 83
81 83 95
80 81 95
76 97 98
76 96 97
78 79 95
79 80 95
2 6 7
2 3 6
72 73 76
71 72 76
