# points
0.037037 0.52315
0.032407 0.56019
0.032407 0.59722
0.050926 0.63426
0.083333 0.66204
0.12037 0.66667
0.15278 0.64352
0.1713 0.60648
0.20833 0.59259
0.24537 0.59259
0.27778 0.61111
0.27315 0.64815
0.25 0.68519
0.21759 0.69907
0.18519 0.71759
0.16667 0.75463
0.16204 0.79167
0.16667 0.8287
0.2037 0.84259
0.24074 0.84259
0.27778 0.84259
0.28704 0.875
0.28704 0.91204
0.27778 0.94907
0.29167 0.98148
0.3287 0.99074
0.36574 0.98148
0.40278 0.97222
0.43981 0.97222
0.47685 0.97222
0.51389 0.97685
0.55093 0.98611
0.58796 1
0.625 0.96759
0.64352 0.93056
0.68056 0.89815
0.69907 0.86111
0.71296 0.82407
0.71296 0.78704
0.72222 0.75
0.69907 0.71296
0.66667 0.69907
0.62963 0.68056
0.61111 0.64352
0.625 0.60648
0.66204 0.59259
0.69907 0.59259
0.72685 0.56019
0.75463 0.52315
0.79167 0.49074
0.82407 0.4537
0.85648 0.42593
0.87963 0.38889
0.88426 0.35185
0.85648 0.31481
0.86111 0.27778
0.875 0.24074
0.875 0.2037
0.87037 0.16667
0.85185 0.12963
0.8287 0.092593
0.80093 0.055556
0.76852 0.023148
0.73148 0.0046296
0.69444 0
0.65741 0.0046296
0.62037 0.032407
0.58333 0.060185
0.55093 0.083333
0.51852 0.078704
0.48148 0.064815
0.44444 0.064815
0.40741 0.064815
0.37037 0.069444
0.33796 0.097222
0.30556 0.074074
0.26852 0.046296
0.23148 0.032407
0.19444 0.023148
0.15741 0.023148
0.12037 0.023148
0.092593 0.050926
0.069444 0.087963
0.050926 0.125
0.037037 0.16204
0.018519 0.19907
0.0092593 0.23611
0 0.27315
0.027778 0.30556
0.064815 0.31944
0.10185 0.3287
0.13889 0.31481
0.17593 0.29167
0.2037 0.28241
0.2037 0.31944
0.2037 0.35648
0.19444 0.38889
0.15741 0.39352
0.12037 0.41204
0.083333 0.43056
0.055556 0.46759
0.041667 0.50463
0.037037 0.52315
# triangles
10 43 44
12 13 20
13 19 20
4 5 6
13 15 19
79 80 81
59 60 67
23 24 25
11 20 43
11 12 20
10 11 43
22 25 26
22 23 25
13 14 15
15 16 19
79 81 82
78 79 82
44 69 95
10 44 95
77 78 82
77 82 93
69 71 74
69 70 71
44 68 69
44 45 68
20 42 43
20 29 42
22 26 27
21 22 27
3 4 6
3 6 7
2 3 7
16 17 18
16 18 19
38 41 42
36 37 38
36 38 42
45 48 68
84 85 92
7 8 98
82 83 93
83 84 92
83 92 93
8 97 98
74 93 94
69 94 95
69 74 94
71 72 74
72 73 74
64 65 66
61 62 66
60 61 66
60 66 67
63 64 66
62 63 66
57 58 59
48 49 54
48 54 68
52 53 54
51 52 54
34 35 36
34 36 42
20 28 29
20 21 28
21 27 28
1 2 7
7 100 101
98 99 100
7 98 100
85 89 91
85 91 92
89 90 91
86 88 89
85 86 89
86 87 88
9 10 96
10 95 96
8 9 96
8 96 97
76 77 93
49 50 54
50 51 54
55 67 68
54 55 68
55 59 67
55 57 59
29 30 42
30 34 42
30 31 34
31 32 33
31 33 34
0 7 101
0 1 7
38 40 41
38 39 40
45 47 48
45 46 47
74 75 93
75 76 93
55 56 57
