# points
0.02765 0.52074
0.02765 0.5576
0.041475 0.59447
0.0553 0.63134
0.087558 0.65438
0.12442 0.64977
0.16129 0.64516
0.17972 0.6129
0.17972 0.57604
0.21659 0.58525
0.25346 0.59908
0.28571 0.61751
0.25806 0.64977
0.22581 0.68203
0.19816 0.70046
0.16129 0.70507
0.12903 0.73272
0.14286 0.76959
0.15207 0.80645
0.17512 0.83871
0.21198 0.84793
0.24885 0.85253
0.26267 0.88479
0.25346 0.92166
0.24885 0.95853
0.26267 0.99078
0.29954 1
0.33641 0.99078
0.36866 0.96774
0.40553 0.95853
0.4424 0.95853
0.47926 0.95853
0.51613 0.96774
0.553 0.98618
0.58986 0.97235
0.60369 0.93548
0.63594 0.91244
0.65899 0.87558
0.68664 0.85253
0.69585 0.81567
0.69124 0.7788
0.67742 0.74194
0.65899 0.70507
0.62673 0.68664
0.59447 0.67742
0.58065 0.64055
0.59908 0.60829
0.63594 0.58525
0.67281 0.58986
0.70046 0.56682
0.72811 0.52995
0.75115 0.49309
0.78802 0.46544
0.82488 0.43779
0.85253 0.40553
0.86175 0.36866
0.86175 0.3318
0.83871 0.29493
0.84793 0.26267
0.84793 0.22581
0.84332 0.18894
0.8341 0.15207
0.82028 0.11521
0.80184 0.078341
0.78341 0.041475
0.75576 0.0092166
0.71889 0
0.68203 0.0046083
0.64516 0.018433
0.60829 0.046083
0.57143 0.059908
0.53917 0.082949
0.50691 0.069124
0.47005 0.059908
0.43318 0.0553
0.39631 0.0553
0.35945 0.064516
0.32258 0.087558
0.28571 0.064516
0.24885 0.032258
0.21198 0.0092166
0.17512 0.013825
0.13825 0.032258
0.10138 0.050691
0.073733 0.078341
0.059908 0.11521
0.046083 0.15207
0.02765 0.18894
0 0.22581
0.0092166 0.26267
0.02765 0.29954
0.0553 0.3318
0.092166 0.32719
0.12903 0.30415
0.16129 0.28571
0.17051 0.29493
0.17051 0.3318
0.17051 0.36866
0.14747 0.40092
0.1106 0.41475
0.073733 0.42857
0.041475 0.45622
0.02765 0.49309
0.02765 0.52074
# triangles
57 59 71
64 65 66
64 66 67
55 56 57
1 2 8
46 71 97
11 46 97
10 11 97
9 10 97
24 25 26
11 21 44
53 55 57
51 57 71
57 58 59
2 3 5
2 5 8
0 1 8
0 8 100
83 84 85
90 91 92
77 94 95
85 86 94
71 96 97
71 77 96
77 95 96
8 9 98
9 97 98
62 63 69
63 68 69
63 64 67
63 67 68
61 62 69
23 27 28
23 26 27
23 24 26
37 38 39
21 29 44
11 45 46
11 44 45
53 54 55
52 53 57
51 52 57
15 16 17
3 4 5
69 70 71
73 74 77
86 87 94
87 88 89
11 12 21
12 13 21
8 99 100
8 98 99
60 61 69
59 60 71
60 69 71
22 23 28
22 28 29
21 22 29
37 39 40
18 19 20
5 7 8
5 6 7
14 15 17
14 20 21
13 14 21
14 18 20
14 17 18
0 100 102
100 101 102
71 72 77
72 73 77
79 80 81
82 85 94
82 83 85
79 81 82
87 89 93
87 93 94
89 90 93
90 92 93
33 34 35
35 37 44
35 36 37
77 78 94
78 82 94
78 79 82
74 75 77
75 76 77
31 35 44
41 42 43
41 43 44
37 41 44
37 40 41
47 48 49
47 49 50
47 50 51
46 47 71
47 51 71
32 33 35
31 32 35
29 30 44
30 31 44
