# points
0.023585 0.5283
0.023585 0.56604
0.037736 0.60377
0.066038 0.63679
0.099057 0.66038
0.13208 0.64151
0.15566 0.60377
0.18868 0.58491
0.22642 0.58962
0.26415 0.59434
0.26887 0.63208
0.25 0.66981
0.24057 0.70283
0.20283 0.70755
0.16981 0.73113
0.16038 0.76887
0.16509 0.8066
0.1934 0.84434
0.23113 0.85377
0.26415 0.87264
0.2783 0.91038
0.2783 0.94811
0.28774 0.98585
0.32075 1
0.35849 0.98585
0.39623 0.96698
0.43396 0.96226
0.4717 0.96226
0.50943 0.96226
0.54717 0.96226
0.58491 0.97642
0.62264 0.98113
0.64151 0.94811
0.66981 0.91038
0.70283 0.87736
0.71698 0.83962
0.71698 0.8066
0.7217 0.76887
0.68868 0.73585
0.66038 0.71226
0.62264 0.70283
0.59434 0.67453
0.61792 0.65566
0.64623 0.62736
0.68396 0.61792
0.71698 0.60849
0.73585 0.57075
0.77358 0.53774
0.8066 0.50472
0.83491 0.46698
0.86321 0.42925
0.87736 0.39151
0.87736 0.35377
0.84906 0.31604
0.86321 0.2783
0.86792 0.24057
0.86792 0.20283
0.85849 0.16509
0.83962 0.12736
0.81132 0.089623
0.7783 0.051887
0.74057 0.014151
0.70755 0
0.66981 0
0.63208 0.033019
0.59434 0.056604
0.5566 0.066038
0.51887 0.070755
0.48113 0.066038
0.4434 0.061321
0.40566 0.061321
0.36792 0.066038
0.33491 0.089623
0.30189 0.09434
0.27358 0.061321
0.23585 0.061321
0.19811 0.061321
0.16038 0.051887
0.12264 0.051887
0.084906 0.061321
0.061321 0.099057
0.042453 0.13679
0.018868 0.17453
0.004717 0.21226
0 0.25
0 0.28774
0.014151 0.32075
0.051887 0.32547
0.089623 0.33019
0.12264 0.30189
0.14623 0.26887
0.18396 0.23585
0.20283 0.25472
0.20283 0.29245
0.19811 0.33019
0.18868 0.36792
0.15566 0.39623
0.12264 0.42453
0.084906 0.43868
0.04717 0.45755
0.028302 0.49528
0.023585 0.5283
# triangles
9 43 94
43 67 94
53 66 67
53 65 66
50 51 53
49 50 53
9 10 41
12 19 41
12 18 19
61 62 64
62 63 64
78 79 80
77 78 80
51 52 53
53 55 65
55 58 65
55 56 57
55 57 58
46 53 67
43 46 67
43 44 46
44 45 46
11 12 41
10 11 41
26 27 41
19 26 41
36 37 38
27 28 41
58 59 65
59 64 65
73 74 75
82 83 90
83 84 90
67 93 94
53 54 55
46 47 53
16 17 18
98 99 100
7 97 98
7 96 97
7 8 96
13 14 15
12 13 15
15 16 18
12 15 18
19 25 26
9 41 42
9 42 43
28 40 41
28 29 40
36 38 40
38 39 40
60 61 64
59 60 64
85 86 87
84 85 87
87 88 89
84 89 90
84 87 89
81 82 90
70 71 72
69 70 72
67 68 93
68 69 72
68 72 93
72 73 92
72 92 93
48 49 53
47 48 53
21 23 24
21 22 23
2 3 6
1 2 6
0 1 6
6 7 98
0 6 100
6 98 100
3 4 5
3 5 6
29 33 40
33 36 40
9 94 95
8 9 95
8 95 96
80 81 91
81 90 91
77 80 91
76 77 91
75 76 91
73 75 91
73 91 92
19 20 25
20 24 25
20 21 24
29 30 32
29 32 33
30 31 32
33 34 36
34 35 36
