# points
0.0046948 0.52113
0.0093897 0.55869
0.018779 0.59624
0.046948 0.6338
0.079812 0.64789
0.11737 0.64319
0.14085 0.61502
0.15962 0.58216
0.19718 0.58685
0.23474 0.60094
0.26761 0.61972
0.24883 0.65728
0.22535 0.69014
0.19718 0.70423
0.15962 0.70892
0.13615 0.73239
0.13615 0.76995
0.14554 0.80751
0.17371 0.84038
0.21127 0.85446
0.24413 0.87324
0.25822 0.9108
0.26291 0.94836
0.26761 0.98592
0.30047 1
0.33803 0.98592
0.37559 0.96244
0.41315 0.95775
0.4507 0.95775
0.48826 0.96244
0.52582 0.97183
0.56338 0.99061
0.59155 0.96244
0.61972 0.92488
0.64789 0.88732
0.67606 0.84977
0.69014 0.8169
0.68545 0.77934
0.67136 0.74178
0.6385 0.71831
0.60094 0.69953
0.59155 0.66197
0.59155 0.62441
0.61972 0.59624
0.65728 0.60563
0.69014 0.59624
0.71362 0.55869
0.74648 0.52113
0.77465 0.48357
0.81221 0.4554
0.84507 0.42254
0.84977 0.38498
0.84977 0.34742
0.83568 0.30986
0.84507 0.2723
0.84507 0.23474
0.83099 0.19718
0.81221 0.15962
0.78404 0.12207
0.77465 0.084507
0.76056 0.046948
0.74648 0.0093897
0.70892 0
0.67136 0.0046948
0.6338 0.023474
0.59624 0.046948
0.55869 0.061033
0.52113 0.084507
0.49296 0.056338
0.4554 0.056338
0.41784 0.061033
0.38028 0.070423
0.34272 0.089202
0.30516 0.089202
0.2723 0.056338
0.23474 0.037559
0.19718 0.028169
0.15962 0.028169
0.12207 0.032864
0.084507 0.056338
0.061033 0.089202
0.037559 0.12676
0.014085 0.16432
0 0.20188
0 0.23944
0.0093897 0.277
0.018779 0.31455
0.056338 0.32394
0.093897 0.30986
0.12676 0.277
0.15962 0.23944
0.1784 0.24883
0.1784 0.28638
0.1784 0.32394
0.17371 0.3615
0.14554 0.39437
0.11268 0.42723
0.075117 0.44131
0.037559 0.4554
0.0046948 0.47887
0.0046948 0.51643
0.0046948 0.52113
# triangles
10 42 43
43 48 67
77 78 79
10 41 42
98 99 100
1 2 7
20 26 27
22 24 25
54 55 56
49 50 51
35 36 37
27 28 40
28 29 40
43 44 46
44 45 46
85 86 87
12 19 20
12 13 19
2 3 6
2 6 7
0 7 97
0 98 100
0 97 98
0 1 7
22 23 24
20 21 26
21 25 26
21 22 25
82 83 89
82 89 90
81 82 90
48 53 67
53 58 67
53 57 58
53 56 57
53 54 56
48 49 53
49 51 53
51 52 53
58 66 67
58 65 66
60 62 63
60 61 62
60 63 64
43 47 48
43 46 47
29 33 40
33 34 40
35 37 39
34 35 39
34 39 40
67 68 69
67 69 70
11 20 27
11 12 20
11 27 40
10 11 41
11 40 41
13 17 18
13 18 19
83 84 89
84 85 89
85 87 88
85 88 89
76 77 90
73 74 90
67 71 72
67 70 71
80 81 90
77 79 80
77 80 90
59 60 64
58 59 65
59 64 65
30 32 33
29 30 33
30 31 32
37 38 39
4 5 6
3 4 6
13 16 17
13 14 16
14 15 16
72 73 91
73 90 91
8 9 94
9 10 94
10 43 94
74 75 90
75 76 90
8 94 95
67 72 93
43 67 93
43 93 94
7 96 97
7 8 96
8 95 96
72 91 92
72 92 93
