# points
0.014019 0.52336
0.014019 0.56075
0.028037 0.59813
0.051402 0.63551
0.084112 0.66355
0.1215 0.65888
0.14486 0.6215
0.16355 0.58411
0.19159 0.56075
0.22897 0.57009
0.26636 0.58411
0.27103 0.6215
0.25701 0.65888
0.22897 0.68692
0.19626 0.71495
0.17757 0.75234
0.16822 0.78972
0.1729 0.8271
0.20561 0.85514
0.24299 0.86916
0.28037 0.87383
0.29439 0.90187
0.28972 0.93925
0.28972 0.97664
0.3271 1
0.36449 0.99065
0.40187 0.97664
0.43925 0.96262
0.47664 0.96262
0.51402 0.96262
0.5514 0.97664
0.58879 0.99065
0.6215 0.97196
0.64019 0.93458
0.66822 0.90654
0.69159 0.86916
0.70561 0.83645
0.7243 0.79907
0.71495 0.76168
0.69159 0.7243
0.65888 0.70561
0.63084 0.68224
0.61215 0.64486
0.64019 0.60748
0.67757 0.59813
0.71495 0.59346
0.73364 0.55607
0.77103 0.51869
0.80374 0.48131
0.84112 0.44393
0.86916 0.40654
0.88785 0.36916
0.87383 0.33178
0.85981 0.29907
0.86916 0.26168
0.86916 0.2243
0.86916 0.18692
0.85514 0.14953
0.83645 0.11215
0.81308 0.074766
0.78972 0.037383
0.75701 0.0093458
0.71963 0
0.68224 0
0.64486 0.018692
0.60748 0.042056
0.57009 0.074766
0.54206 0.074766
0.50467 0.060748
0.46729 0.060748
0.42991 0.060748
0.39252 0.060748
0.35514 0.079439
0.31776 0.079439
0.28037 0.056075
0.24766 0.03271
0.21028 0.023364
0.1729 0.023364
0.13551 0.023364
0.1028 0.042056
0.074766 0.079439
0.060748 0.11682
0.046729 0.15421
0.023364 0.19159
0.014019 0.22897
0 0.26636
0 0.30374
0.03271 0.32243
0.070093 0.3271
0.10748 0.32243
0.14019 0.29439
0.16822 0.26636
0.20093 0.23364
0.20561 0.27103
0.20561 0.30841
0.19626 0.34579
0.18224 0.38318
0.14486 0.38785
0.10748 0.3972
0.070093 0.42056
0.037383 0.45327
0.023364 0.49065
0.014019 0.52336
# triangles
30 31 32
10 42 43
43 66 67
12 20 42
20 21 27
8 98 99
77 79 80
77 78 79
62 63 64
60 62 64
60 61 62
21 26 27
21 25 26
43 67 94
72 93 94
1 2 7
7 8 99
10 11 42
11 12 42
22 24 25
21 22 25
0 1 7
0 7 101
85 86 87
7 99 100
7 100 101
85 87 88
72 92 93
76 77 92
77 80 92
82 91 92
75 76 92
82 83 91
48 53 66
53 54 55
53 55 66
47 48 66
67 69 94
69 72 94
8 9 96
9 10 96
2 6 7
4 5 6
22 23 24
15 18 19
14 19 20
14 15 19
72 73 92
80 81 92
81 82 92
83 90 91
88 89 90
57 58 66
55 57 66
59 64 65
59 60 64
58 59 66
59 65 66
48 49 53
43 46 66
46 47 66
43 44 46
44 45 46
70 71 72
69 70 72
67 68 69
8 97 98
8 96 97
2 3 6
3 4 6
12 13 20
13 14 20
16 17 18
15 16 18
74 75 92
73 74 92
84 88 90
83 84 90
84 85 88
10 95 96
10 43 95
43 94 95
55 56 57
30 32 33
49 52 53
49 50 52
50 51 52
29 33 34
29 30 33
34 35 40
35 36 40
38 39 40
36 38 40
36 37 38
34 40 41
29 34 41
28 29 41
27 28 41
20 27 41
20 41 42
