# points
0.04186 0.49767
0.037209 0.53488
0.037209 0.57209
0.04186 0.6093
0.069767 0.63721
0.10698 0.65581
0.14419 0.65116
0.17674 0.6186
0.19535 0.58605
0.23256 0.58605
0.26047 0.60465
0.26512 0.63256
0.25116 0.66977
0.23721 0.70233
0.2 0.70233
0.16744 0.72093
0.15814 0.75814
0.15349 0.79535
0.16744 0.83256
0.20465 0.85116
0.24186 0.86047
0.26512 0.87907
0.27442 0.91628
0.26512 0.95349
0.27907 0.9907
0.31628 1
0.35349 0.9814
0.3907 0.96744
0.42791 0.96279
0.46512 0.95814
0.50233 0.95814
0.53953 0.96744
0.57674 0.9814
0.6093 0.97674
0.62791 0.93953
0.65116 0.91163
0.66977 0.87442
0.70698 0.84651
0.71163 0.8186
0.71628 0.7814
0.71163 0.74419
0.69302 0.70698
0.65581 0.69302
0.6186 0.67907
0.6 0.64186
0.61395 0.6093
0.65116 0.6
0.68837 0.60465
0.71628 0.5814
0.73488 0.54884
0.77209 0.52093
0.80465 0.48837
0.83721 0.45581
0.86512 0.4186
0.87442 0.3814
0.86512 0.34419
0.85116 0.30698
0.86047 0.26977
0.87907 0.23256
0.87907 0.19535
0.86512 0.15814
0.84651 0.12093
0.82326 0.088372
0.8 0.051163
0.76744 0.018605
0.73023 0
0.69302 0.0046512
0.65581 0.013953
0.62326 0.04186
0.58605 0.069767
0.54884 0.07907
0.51163 0.07907
0.47442 0.07907
0.43721 0.07907
0.4 0.074419
0.36279 0.069767
0.33488 0.093023
0.30233 0.07907
0.27442 0.046512
0.23721 0.032558
0.2 0.032558
0.16279 0.032558
0.12558 0.032558
0.10233 0.065116
0.074419 0.10233
0.046512 0.13953
0.018605 0.17674
0.0093023 0.21395
0 0.25116
0.013953 0.28837
0.046512 0.31628
0.083721 0.32093
0.12093 0.30233
0.15349 0.26512
0.1814 0.25116
0.16744 0.28837
0.16744 0.32558
0.16744 0.36279
0.15814 0.4
0.13023 0.41395
0.093023 0.4186
0.055814 0.44186
0.04186 0.47907
0.04186 0.49767
# triangles
23 24 25
17 18 19
52 53 55
52 55 56
45 70 71
8 9 98
2 4 7
2 7 8
10 44 45
10 11 44
53 54 55
57 58 59
57 59 60
57 60 61
45 71 72
2 3 4
13 16 19
16 17 19
5 6 7
4 5 7
1 2 8
0 1 8
8 98 99
0 8 99
13 14 16
14 15 16
12 13 21
12 21 29
11 12 44
13 19 20
13 20 21
63 64 66
57 61 69
56 69 70
56 57 69
45 72 97
72 73 97
10 45 97
9 97 98
9 10 97
87 88 89
0 99 100
23 25 26
21 28 29
21 27 28
51 52 56
50 51 56
45 49 70
49 56 70
49 50 56
32 33 34
31 32 34
12 29 43
12 43 44
64 65 66
63 66 68
66 67 68
73 76 94
73 94 96
73 96 97
85 93 94
85 86 93
86 87 93
0 100 102
100 101 102
21 22 27
22 26 27
22 23 26
45 46 49
46 48 49
46 47 48
29 30 43
30 36 43
62 63 68
61 62 69
62 68 69
84 85 94
76 77 94
77 80 94
77 79 80
94 95 96
30 35 36
31 34 35
30 31 35
36 37 38
36 42 43
39 40 42
38 39 42
36 38 42
40 41 42
83 84 94
80 83 94
80 81 83
81 82 83
73 74 76
74 75 76
77 78 79
87 92 93
87 89 92
89 90 92
90 91 92
