# points
0.009434 0.5283
0.009434 0.56604
0.023585 0.60377
0.042453 0.63679
0.075472 0.65566
0.11321 0.65566
0.14623 0.62264
0.16981 0.58491
0.20755 0.58962
0.24528 0.59906
0.28302 0.60849
0.2783 0.63679
0.26887 0.67453
0.23113 0.68868
0.1934 0.69811
0.17453 0.73113
0.16981 0.76887
0.16509 0.8066
0.19811 0.84434
0.23585 0.86321
0.27358 0.87264
0.29717 0.90566
0.30189 0.9434
0.29717 0.98113
0.33019 1
0.36792 0.99528
0.40094 0.96698
0.43868 0.96698
0.47642 0.96698
0.51415 0.96698
0.55189 0.96698
0.57547 1
0.61321 1
0.64623 0.96698
0.66038 0.92925
0.69811 0.90566
0.72642 0.86792
0.74528 0.83019
0.70755 0.83962
0.70755 0.8066
0.71226 0.76887
0.70283 0.73113
0.67925 0.6934
0.64623 0.67453
0.63679 0.63679
0.66981 0.61792
0.70755 0.61792
0.74057 0.60849
0.75472 0.57075
0.7783 0.53302
0.8066 0.49528
0.84434 0.45755
0.87736 0.41981
0.88679 0.38208
0.88208 0.34434
0.85377 0.3066
0.87736 0.26887
0.87736 0.23113
0.86792 0.1934
0.85377 0.15566
0.83491 0.11792
0.82075 0.080189
0.79717 0.042453
0.77358 0.004717
0.73585 0
0.69811 0.004717
0.66038 0.018868
0.62264 0.037736
0.58491 0.066038
0.54717 0.070755
0.51415 0.04717
0.47642 0.051887
0.43868 0.051887
0.40094 0.066038
0.36321 0.084906
0.33019 0.080189
0.29717 0.051887
0.25943 0.033019
0.2217 0.037736
0.18396 0.042453
0.14623 0.04717
0.10849 0.04717
0.080189 0.075472
0.056604 0.11321
0.042453 0.15094
0.018868 0.18868
0.004717 0.22642
0 0.26415
0.014151 0.30189
0.042453 0.33019
0.080189 0.33962
0.11792 0.33491
0.15566 0.32075
0.18396 0.28302
0.2217 0.25472
0.21698 0.29245
0.21226 0.33019
0.20283 0.36792
0.16981 0.39623
0.13208 0.41038
0.09434 0.42453
0.056604 0.43868
0.018868 0.45755
0.004717 0.49057
0.009434 0.5283
0.009434 0.5283
# triangles
1 2 7
55 58 59
45 49 69
7 100 101
0 101 103
0 7 101
0 1 7
55 59 68
55 68 69
50 55 69
49 50 69
9 10 97
44 45 96
45 69 96
69 95 96
10 44 96
10 96 97
74 75 94
69 74 95
74 94 95
86 87 88
101 102 103
10 11 44
12 20 27
60 67 68
59 60 68
53 54 55
55 57 58
55 56 57
36 37 38
39 41 43
46 47 48
45 48 49
45 46 48
50 51 55
22 25 26
22 24 25
22 23 24
9 97 98
4 5 6
2 6 7
2 3 6
3 4 6
83 84 94
69 73 74
69 71 73
71 72 73
20 21 27
21 26 27
21 22 26
60 66 67
60 61 66
61 62 66
62 65 66
34 38 39
39 40 41
41 42 43
52 53 55
51 52 55
88 89 90
86 88 90
86 90 91
7 99 100
7 98 99
80 83 94
75 76 94
76 78 94
69 70 71
16 17 18
16 18 19
62 63 64
62 64 65
35 36 38
34 35 38
30 34 39
30 39 43
30 33 34
30 31 32
30 32 33
84 93 94
84 85 93
91 92 93
85 86 93
86 91 93
13 14 15
13 15 16
13 16 19
12 13 20
13 19 20
78 79 94
79 80 94
80 81 82
80 82 83
76 77 78
28 29 43
29 30 43
7 8 98
8 9 98
11 12 43
11 43 44
12 27 43
27 28 43
