# points
0.013953 0.53023
0.013953 0.56744
0.018605 0.60465
0.037209 0.64186
0.074419 0.65581
0.11163 0.66512
0.14419 0.63721
0.16744 0.6
0.19535 0.5814
0.23256 0.5814
0.26977 0.5907
0.29302 0.61395
0.28372 0.65116
0.26512 0.68837
0.23256 0.70698
0.19535 0.71628
0.17674 0.74884
0.17674 0.78605
0.17674 0.82326
0.19535 0.86047
0.23256 0.87442
0.26977 0.87442
0.30698 0.86977
0.31628 0.90698
0.28837 0.94419
0.28837 0.9814
0.32558 0.99535
0.36279 1
0.39535 0.9814
0.43256 0.96279
0.46977 0.95814
0.50698 0.95814
0.54419 0.96279
0.5814 0.9814
0.6186 0.99535
0.64651 0.97674
0.65581 0.93953
0.67442 0.90233
0.69302 0.87442
0.72558 0.86047
0.72093 0.82326
0.72558 0.78605
0.73023 0.74884
0.70233 0.72093
0.66512 0.69767
0.63256 0.68372
0.6186 0.64651
0.64651 0.61395
0.68372 0.60465
0.72093 0.60465
0.74419 0.5814
0.76279 0.54419
0.7907 0.50698
0.82791 0.46977
0.86512 0.43256
0.88372 0.39535
0.88372 0.35814
0.85581 0.32093
0.84186 0.29767
0.86977 0.26047
0.88837 0.22326
0.87907 0.18605
0.85116 0.14884
0.83256 0.11163
0.8186 0.074419
0.8 0.037209
0.76279 0.013953
0.72558 0
0.68837 0
0.65116 0.023256
0.6186 0.051163
0.5814 0.07907
0.55349 0.10233
0.53488 0.074419
0.49767 0.065116
0.46047 0.065116
0.42326 0.065116
0.38605 0.074419
0.35814 0.093023
0.33023 0.093023
0.30233 0.065116
0.26512 0.051163
0.22791 0.04186
0.1907 0.032558
0.15349 0.027907
0.11628 0.027907
0.083721 0.060465
0.065116 0.097674
0.060465 0.13488
0.046512 0.17209
0.023256 0.2093
0.0046512 0.24651
0 0.28372
0.0046512 0.32093
0.037209 0.34419
0.074419 0.35349
0.10698 0.32093
0.13953 0.28372
0.17674 0.25116
0.21395 0.2186
0.22791 0.23721
0.23256 0.27442
0.22791 0.31163
0.20465 0.34884
0.19535 0.38605
0.16744 0.4186
0.13023 0.43721
0.093023 0.44651
0.055814 0.45581
0.027907 0.48837
0.013953 0.52558
0.013953 0.53023
# triangles
24 25 26
58 71 72
59 60 61
59 61 62
58 59 62
62 63 71
58 62 71
52 58 72
47 52 72
47 51 52
17 20 21
72 78 101
12 22 45
14 21 22
14 17 21
23 26 27
23 24 26
11 46 47
11 12 46
12 45 46
47 48 51
14 15 16
14 16 17
4 5 6
63 64 70
63 70 71
84 85 86
18 19 20
17 18 20
92 93 94
8 105 106
8 9 105
72 101 102
47 72 102
10 11 102
11 47 102
76 77 78
12 13 22
13 14 22
22 30 45
30 31 45
7 8 106
48 49 50
48 50 51
72 74 75
72 75 78
75 76 78
64 69 70
67 68 69
72 73 74
52 53 58
83 88 99
88 98 99
2 4 6
2 6 7
1 2 7
2 3 4
7 106 107
107 108 109
7 107 109
10 102 104
102 103 104
9 10 104
9 104 105
22 23 29
22 29 30
23 27 28
23 28 29
31 32 45
32 37 45
38 39 40
37 38 45
38 44 45
38 40 44
40 41 44
64 66 69
66 67 69
64 65 66
53 57 58
55 56 57
84 86 87
83 84 87
83 87 88
79 80 99
80 81 99
79 99 100
78 100 101
78 79 100
82 83 99
81 82 99
91 92 96
91 96 97
92 94 96
94 95 96
88 89 98
89 97 98
32 36 37
41 42 43
41 43 44
54 55 57
53 54 57
90 91 97
89 90 97
0 1 7
0 7 109
0 109 110
32 33 36
33 34 35
33 35 36
