# points
0.011364 0.51136
0.029545 0.53409
0.045455 0.55909
0.056818 0.58409
0.065909 0.60909
0.077273 0.63409
0.084091 0.65909
0.090909 0.68409
0.093182 0.70682
0.068182 0.7
0.045455 0.7
0.054545 0.725
0.063636 0.75
0.077273 0.775
0.086364 0.8
0.095455 0.825
0.10455 0.85
0.11136 0.875
0.11364 0.9
0.11591 0.925
0.11818 0.95
0.12045 0.975
0.12273 1
0.13409 0.98182
0.13636 0.95682
0.14318 0.93182
0.14773 0.90682
0.15909 0.88182
0.16364 0.85682
0.17273 0.83182
0.17955 0.80682
0.19091 0.78182
0.20227 0.75682
0.21364 0.73182
0.21591 0.70682
0.19091 0.70909
0.16818 0.70682
0.175 0.68182
0.18409 0.65682
0.19773 0.63182
0.20682 0.60682
0.22273 0.58409
0.23636 0.55909
0.24318 0.53409
0.21818 0.54091
0.19318 0.55455
0.17955 0.55
0.19318 0.525
0.20682 0.5
0.21818 0.475
0.23409 0.45227
0.25227 0.42955
0.26591 0.40455
0.28182 0.38182
0.29773 0.35682
0.29318 0.33636
0.26818 0.33864
0.24318 0.32955
0.21818 0.325
0.19318 0.32955
0.16818 0.33636
0.15682 0.32273
0.15682 0.29773
0.15682 0.27273
0.15682 0.24773
0.15682 0.22273
0.15682 0.19773
0.15455 0.17273
0.15682 0.14773
0.15682 0.12273
0.15455 0.097727
0.15455 0.072727
0.15455 0.047727
0.15455 0.022727
0.14773 0
0.12273 0.0022727
0.12045 0.027273
0.12045 0.052273
0.12045 0.077273
0.12045 0.10227
0.12045 0.12727
0.12045 0.15227
0.12045 0.17727
0.11818 0.20227
0.11591 0.22727
0.11591 0.25227
0.11364 0.27727
0.11364 0.30227
0.097727 0.30909
0.072727 0.29545
0.047727 0.28182
0.022727 0.27045
0.0045455 0.27727
0.0068182 0.30227
0.022727 0.32727
0.034091 0.35227
0.043182 0.37727
0.052273 0.40227
0.061364 0.42727
0.070455 0.45227
0.079545 0.47727
0.075 0.49318
0.05 0.49773
0.025 0.49318
0 0.49773
0.011364 0.51136
# triangles
0 103 104
90 93 94
9 10 11
7 36 37
21 22 23
47 48 100
48 49 100
50 51 60
49 50 60
60 98 99
49 60 99
49 99 100
40 41 45
47 100 101
60 97 98
60 88 97
88 96 97
33 34 35
5 6 38
6 7 37
6 37 38
40 45 46
46 47 101
16 28 29
7 8 36
8 9 11
8 11 12
15 16 29
66 67 82
51 59 60
52 57 58
52 53 57
51 52 59
52 58 59
54 55 56
53 54 56
53 56 57
1 102 103
0 1 103
89 90 94
88 95 96
89 94 95
88 89 95
5 38 39
39 40 46
5 39 46
3 46 101
32 33 35
32 35 36
16 17 28
66 82 83
69 70 79
68 69 80
69 79 80
65 66 83
65 83 84
73 74 75
71 72 77
42 43 44
4 5 46
3 4 46
2 3 101
2 101 102
1 2 102
15 29 30
17 27 28
17 18 27
21 23 24
14 15 30
20 21 24
19 20 25
20 24 25
90 91 93
91 92 93
68 80 81
67 68 81
67 81 82
62 86 87
62 63 86
63 85 86
63 64 85
64 65 84
64 84 85
71 77 78
70 71 78
70 78 79
72 73 76
72 76 77
73 75 76
31 32 36
14 30 31
18 26 27
18 19 26
19 25 26
61 62 87
60 61 88
61 87 88
13 31 36
13 14 31
8 13 36
8 12 13
41 42 44
41 44 45
