# points
0.030471 0.51524
0.058172 0.5374
0.091413 0.55402
0.11911 0.58172
0.14958 0.60665
0.17729 0.63712
0.20222 0.66759
0.22161 0.69806
0.20222 0.70914
0.16898 0.70914
0.14681 0.7313
0.15789 0.76177
0.18837 0.7867
0.21607 0.8144
0.241 0.84488
0.26039 0.87535
0.27147 0.90859
0.27978 0.94183
0.28255 0.97507
0.30194 1
0.32133 0.9723
0.33518 0.93906
0.35734 0.90859
0.38227 0.88089
0.40166 0.84765
0.42382 0.81717
0.45152 0.78947
0.48199 0.76454
0.51247 0.73684
0.49861 0.70914
0.46537 0.70914
0.43213 0.70914
0.39889 0.70637
0.42659 0.68144
0.45429 0.65374
0.48199 0.62604
0.51247 0.60111
0.54017 0.57618
0.51801 0.54848
0.48476 0.55402
0.45152 0.55956
0.42659 0.55956
0.45983 0.53463
0.4903 0.51247
0.52355 0.4903
0.55402 0.47091
0.58172 0.45152
0.61496 0.43213
0.6482 0.40997
0.67036 0.38504
0.65651 0.35457
0.62327 0.34903
0.59003 0.34626
0.55679 0.34903
0.52355 0.34072
0.4903 0.34072
0.45706 0.34072
0.42382 0.34349
0.39058 0.34903
0.37673 0.32687
0.37673 0.29363
0.37673 0.26039
0.37673 0.22715
0.37673 0.19391
0.37673 0.16066
0.37673 0.12742
0.37119 0.094183
0.37396 0.060942
0.37396 0.027701
0.34903 0
0.31579 0.01108
0.28532 0.022161
0.28255 0.055402
0.28255 0.088643
0.28255 0.12188
0.28255 0.15512
0.28255 0.18837
0.27701 0.22161
0.27147 0.25485
0.2687 0.28809
0.26593 0.32133
0.23269 0.31856
0.19945 0.31025
0.1662 0.30471
0.13296 0.30471
0.099723 0.2964
0.066482 0.28809
0.033241 0.27978
0 0.28255
0.0083102 0.31302
0.041551 0.33518
0.069252 0.36011
0.096953 0.38781
0.12465 0.41274
0.14958 0.44321
0.17452 0.47091
0.19668 0.49861
0.16343 0.49861
0.13019 0.49861
0.096953 0.49861
0.063712 0.49861
0.033241 0.50693
0.030471 0.51524
# triangles
81 94 95
87 88 89
85 86 90
85 90 91
86 87 90
87 89 90
48 49 50
48 50 51
2 98 99
3 97 98
2 3 98
15 22 23
18 19 20
15 16 22
16 21 22
4 5 96
4 96 97
3 4 97
6 41 96
5 6 96
6 7 32
6 32 41
82 83 93
82 93 94
81 82 94
43 57 58
41 58 96
1 2 99
1 99 100
0 1 101
1 100 101
59 60 80
58 59 80
58 80 96
80 95 96
80 81 95
15 23 24
47 48 51
46 47 53
16 17 21
17 20 21
17 18 20
83 84 93
84 92 93
84 85 91
84 91 92
41 42 58
42 43 58
47 51 52
47 52 53
43 56 57
43 44 56
63 64 76
62 63 76
60 79 80
60 61 79
61 78 79
67 68 70
67 70 72
68 69 70
70 71 72
32 33 41
33 34 41
27 28 29
27 29 30
14 15 24
14 24 32
25 26 32
24 25 32
45 46 53
45 53 54
35 39 40
34 35 41
35 40 41
61 77 78
61 62 77
62 76 77
44 55 56
45 54 55
44 45 55
64 65 75
64 75 76
26 31 32
26 27 31
27 30 31
35 36 39
36 37 38
36 38 39
7 8 12
8 9 11
8 11 12
9 10 11
65 66 74
65 74 75
7 12 13
7 13 32
13 14 32
66 73 74
66 67 73
67 72 73
