# points
0.10222 0.50222
0.12444 0.52889
0.13778 0.55556
0.13778 0.58222
0.11111 0.59556
0.084444 0.59111
0.057778 0.58222
0.031111 0.57333
0.013333 0.57778
0.035556 0.6
0.062222 0.62222
0.084444 0.64889
0.093333 0.67556
0.10667 0.70222
0.12 0.72889
0.13333 0.75556
0.14222 0.78222
0.12889 0.80889
0.10222 0.80444
0.075556 0.80444
0.048889 0.79556
0.031111 0.79556
0.057778 0.80889
0.084444 0.81778
0.11111 0.83556
0.13778 0.85778
0.16444 0.88
0.18667 0.90667
0.20444 0.93333
0.22222 0.96
0.23556 0.98667
0.24889 1
0.25778 0.97333
0.27111 0.94667
0.28444 0.92
0.30667 0.89333
0.33333 0.86667
0.36 0.84
0.38222 0.81333
0.40889 0.79111
0.38222 0.79556
0.35556 0.80889
0.32889 0.82667
0.30222 0.81778
0.30222 0.79111
0.31111 0.76444
0.32 0.73778
0.33333 0.71111
0.35111 0.68444
0.36444 0.65778
0.38667 0.63111
0.41333 0.60444
0.44 0.58222
0.46667 0.56889
0.45778 0.55556
0.43111 0.55556
0.40444 0.56
0.37778 0.56889
0.35111 0.58222
0.32444 0.57333
0.32444 0.54667
0.33778 0.52
0.35556 0.49333
0.37778 0.46667
0.40444 0.44
0.43111 0.41333
0.45778 0.38667
0.47556 0.36444
0.44889 0.36444
0.42222 0.36444
0.39556 0.36444
0.36889 0.37333
0.34222 0.36889
0.32889 0.34222
0.33333 0.31556
0.33778 0.28889
0.34222 0.26222
0.34222 0.23556
0.34222 0.20889
0.34222 0.18222
0.34667 0.15556
0.35111 0.12889
0.35556 0.10222
0.36444 0.075556
0.36444 0.048889
0.36 0.022222
0.34667 0
0.32 0
0.29333 0.0044444
0.26667 0.0044444
0.24 0.0088889
0.21333 0.022222
0.20444 0.048889
0.19556 0.075556
0.19111 0.10222
0.19111 0.12889
0.19111 0.15556
0.18667 0.18222
0.18667 0.20889
0.18667 0.23556
0.18667 0.26222
0.18667 0.28889
0.18667 0.31556
0.17778 0.34222
0.16 0.36444
0.13333 0.37333
0.10667 0.37333
0.08 0.37778
0.053333 0.38222
0.026667 0.38222
0 0.38222
0.017778 0.39556
0.044444 0.42222
0.066667 0.44889
0.084444 0.47556
0.10222 0.50222
0.10222 0.50222
# triangles
81 94 95
29 32 33
28 29 33
80 81 95
79 96 97
79 80 96
80 95 96
74 101 102
107 108 112
107 112 113
2 3 59
49 58 59
49 50 58
50 51 57
50 57 58
63 71 72
65 69 70
30 31 32
29 30 32
15 45 46
83 84 88
82 83 88
73 74 102
106 107 113
74 75 101
75 76 100
75 100 101
62 63 72
61 62 72
2 59 60
1 2 60
1 60 61
63 64 71
64 65 70
64 70 71
51 56 57
66 67 68
66 68 69
65 66 69
19 22 23
20 21 22
19 20 22
18 23 24
18 19 23
3 13 14
14 15 46
48 49 59
90 91 92
84 85 87
84 87 88
85 86 87
108 109 112
109 111 112
109 110 111
1 61 104
0 1 104
61 72 104
51 52 56
52 53 54
3 14 47
14 46 47
3 47 59
47 48 59
26 27 43
16 26 43
15 16 45
37 38 41
37 41 42
36 42 43
36 37 42
82 92 93
82 88 89
82 89 92
89 90 92
105 113 114
105 106 113
0 105 114
0 104 105
52 54 55
52 55 56
28 33 34
27 28 34
17 25 26
16 17 26
17 24 25
17 18 24
16 44 45
16 43 44
38 39 40
38 40 41
73 102 103
72 73 103
72 103 104
27 35 43
27 34 35
35 36 43
4 5 11
7 8 9
6 7 9
4 11 12
3 12 13
3 4 12
5 10 11
5 6 10
6 9 10
77 78 98
77 98 99
79 97 98
78 79 98
77 99 100
76 77 100
81 82 93
81 93 94
