# points
0 0.56584
0.017794 0.59075
0.049822 0.59075
0.078292 0.60854
0.092527 0.63701
0.10676 0.66904
0.13523 0.69395
0.15302 0.72242
0.13167 0.74733
0.11032 0.77936
0.092527 0.81139
0.078292 0.83986
0.067616 0.87544
0.05694 0.91103
0.05694 0.94662
0.074733 0.97509
0.1032 1
0.13879 0.98932
0.16726 0.97153
0.19929 0.94662
0.23132 0.91459
0.25979 0.88612
0.29537 0.85409
0.3274 0.85409
0.36299 0.86121
0.39502 0.86477
0.4306 0.87189
0.46619 0.87189
0.50178 0.87189
0.53737 0.86833
0.57295 0.86477
0.60854 0.85765
0.64413 0.85053
0.67972 0.83986
0.7153 0.82206
0.75089 0.80427
0.78292 0.78292
0.81851 0.75445
0.85409 0.72242
0.88968 0.69395
0.91815 0.65836
0.93594 0.62278
0.95374 0.58719
0.96797 0.5516
0.97865 0.51601
0.98577 0.48043
0.98577 0.44484
0.98221 0.40925
0.97509 0.37367
0.97153 0.33808
0.96797 0.30249
0.96085 0.2669
0.96441 0.23132
0.96085 0.20285
0.93594 0.19929
0.92883 0.18149
0.9395 0.14591
0.93238 0.11032
0.90036 0.11032
0.87544 0.13167
0.84342 0.15658
0.82562 0.18149
0.79359 0.17794
0.78292 0.14591
0.78648 0.11032
0.79004 0.074733
0.78648 0.042705
0.76868 0.014235
0.73665 0
0.70463 0.0035587
0.66904 0
0.64057 0.017794
0.63701 0.039146
0.61922 0.05694
0.63345 0.088968
0.66548 0.096085
0.6726 0.12456
0.67616 0.15658
0.67616 0.19217
0.68327 0.22776
0.64769 0.23843
0.61566 0.24555
0.58363 0.2669
0.5516 0.29181
0.52313 0.31317
0.49466 0.33096
0.46619 0.35587
0.43772 0.37722
0.40214 0.39858
0.37722 0.42349
0.3452 0.45196
0.31317 0.47687
0.28826 0.50534
0.27046 0.53381
0.25267 0.56584
0.2242 0.60142
0.18861 0.59786
0.1637 0.56228
0.14591 0.53737
0.11744 0.5089
0.081851 0.50178
0.049822 0.51601
0.021352 0.54448
0 0.56584
# triangles
47 48 79
31 32 87
32 34 87
48 49 79
70 71 72
69 70 72
46 47 79
38 39 41
38 83 84
38 41 83
32 33 34
13 14 15
31 87 89
49 61 79
84 85 86
35 36 86
34 86 87
34 35 86
50 51 61
49 50 61
56 57 58
72 73 74
39 40 41
44 46 79
43 44 79
44 45 46
43 79 80
13 15 17
13 17 18
15 16 17
12 18 19
12 13 18
11 12 19
87 88 89
24 25 94
29 89 90
10 11 20
11 19 20
0 1 102
3 98 99
25 26 27
52 53 54
51 52 54
51 54 61
36 37 86
37 38 84
37 84 86
56 58 59
80 81 82
80 82 83
42 43 80
41 42 83
42 80 83
30 31 89
29 30 89
8 9 21
9 10 20
9 20 21
8 21 22
2 101 102
2 100 101
1 2 102
2 3 99
2 99 100
5 6 96
27 90 93
25 93 94
25 27 93
28 29 90
27 28 90
55 56 59
54 55 61
65 69 75
69 72 75
72 74 75
64 65 75
23 24 94
7 8 22
4 5 96
3 97 98
3 4 97
4 96 97
90 91 92
90 92 93
66 67 68
66 68 69
65 66 69
55 60 61
55 59 60
61 62 79
6 95 96
6 7 95
7 22 95
23 94 95
22 23 95
64 75 76
63 64 76
63 76 77
62 78 79
62 63 78
63 77 78
