# points
0.22957 0.52918
0.2179 0.55642
0.20623 0.58366
0.19844 0.61479
0.19066 0.64591
0.17121 0.65759
0.14786 0.63813
0.14786 0.61089
0.1323 0.58366
0.10895 0.5642
0.081712 0.56809
0.054475 0.58366
0.023346 0.607
0.011673 0.61089
0 0.63813
0.019455 0.66537
0.035019 0.68872
0.050584 0.71595
0.062257 0.74319
0.07393 0.76654
0.097276 0.79377
0.12062 0.80545
0.14786 0.82101
0.17899 0.83268
0.20233 0.84436
0.19455 0.8716
0.18677 0.89883
0.18288 0.92996
0.18677 0.9572
0.20623 0.98444
0.23735 1
0.26848 0.99611
0.29961 0.98054
0.32685 0.96887
0.3463 0.94163
0.36965 0.9144
0.38911 0.89105
0.40467 0.8716
0.4358 0.85992
0.46693 0.85603
0.49805 0.84825
0.52918 0.84436
0.56031 0.83268
0.58755 0.82879
0.61868 0.83658
0.64591 0.83268
0.67315 0.8249
0.69261 0.80545
0.70817 0.77821
0.73152 0.76654
0.76265 0.76654
0.78988 0.75097
0.80934 0.73152
0.82101 0.70039
0.81323 0.66926
0.8249 0.64202
0.84047 0.61089
0.84047 0.57977
0.84825 0.55253
0.86381 0.52529
0.85992 0.49805
0.85603 0.47082
0.85214 0.43969
0.86381 0.41245
0.86381 0.38132
0.85992 0.35409
0.85214 0.32296
0.83658 0.29183
0.82879 0.2607
0.81323 0.22957
0.80545 0.20233
0.79377 0.17121
0.7821 0.14397
0.77821 0.12062
0.74708 0.11673
0.73152 0.10895
0.72763 0.081712
0.73152 0.050584
0.72374 0.023346
0.70428 0.0038911
0.67704 0
0.6537 0.011673
0.62257 0.023346
0.59922 0.046693
0.59533 0.07393
0.57198 0.081712
0.54086 0.093385
0.51362 0.11673
0.49027 0.14397
0.47082 0.1751
0.4786 0.20623
0.46304 0.22957
0.44358 0.21012
0.43191 0.18677
0.40078 0.16732
0.36965 0.16342
0.34241 0.18677
0.31128 0.20233
0.28794 0.22179
0.27237 0.24514
0.29183 0.27237
0.31907 0.28794
0.3463 0.3035
0.36965 0.32685
0.34241 0.35019
0.32296 0.37354
0.30739 0.39689
0.28794 0.42412
0.28016 0.45136
0.26459 0.48249
0.23735 0.50973
0.22957 0.52918
# triangles
78 79 80
98 99 100
48 57 103
98 100 101
96 101 102
62 67 91
62 91 103
57 58 103
58 62 103
58 61 62
51 52 54
75 76 84
97 98 101
96 97 101
76 81 84
76 77 81
78 80 81
77 78 81
62 65 67
62 64 65
58 59 60
58 60 61
62 63 64
1 39 109
29 30 31
42 108 109
42 43 108
43 48 108
48 55 57
48 54 55
55 56 57
1 2 3
67 68 69
67 69 91
69 90 91
88 89 90
92 96 102
82 83 84
81 82 84
75 85 90
75 84 85
65 66 67
40 42 109
39 40 109
1 3 38
1 38 39
49 51 54
49 50 51
48 49 54
103 104 105
48 103 106
48 106 108
103 105 106
106 107 108
45 46 47
45 47 48
43 45 48
43 44 45
52 53 54
6 11 16
8 10 11
6 7 11
7 8 11
0 1 109
0 109 110
4 23 24
4 24 37
3 4 38
4 37 38
70 75 90
69 70 90
94 95 96
85 87 90
85 86 87
87 88 90
40 41 42
32 33 34
25 32 34
24 34 35
24 25 34
24 36 37
24 35 36
8 9 10
11 15 16
6 16 17
5 22 23
4 5 23
5 21 22
5 6 17
5 19 20
5 20 21
25 26 32
11 12 15
12 13 14
12 14 15
5 18 19
5 17 18
27 31 32
26 27 32
27 28 29
27 29 31
70 71 75
72 73 74
71 74 75
71 72 74
91 92 103
92 102 103
92 93 94
92 94 96
