# points
0.10843 0.58233
0.084337 0.60241
0.060241 0.62651
0.040161 0.64659
0.048193 0.6747
0.076305 0.69076
0.10843 0.69478
0.12851 0.71084
0.15663 0.73494
0.18876 0.75502
0.20884 0.7751
0.18474 0.79518
0.15261 0.81928
0.12048 0.83133
0.088353 0.84739
0.064257 0.87149
0.032129 0.88755
0.0040161 0.90763
0 0.93574
0.0080321 0.96787
0.036145 0.98795
0.068273 0.99598
0.1004 0.99197
0.13253 0.98394
0.16466 0.9759
0.19277 0.95582
0.22088 0.93173
0.249 0.90361
0.27711 0.87952
0.30924 0.8755
0.34137 0.88755
0.36948 0.91968
0.39357 0.93173
0.4257 0.92369
0.45783 0.91968
0.48996 0.92369
0.52209 0.93574
0.55422 0.92771
0.58233 0.91566
0.61044 0.8996
0.64257 0.88353
0.6747 0.86345
0.70281 0.83936
0.71888 0.81124
0.74699 0.78313
0.76707 0.76305
0.79116 0.74297
0.81526 0.72289
0.84739 0.69478
0.86747 0.67068
0.89157 0.64257
0.91968 0.61446
0.94378 0.58233
0.96386 0.55422
0.9759 0.52209
0.98795 0.49398
0.99197 0.46185
0.99598 0.42972
1 0.39759
0.99197 0.36546
0.97992 0.33333
0.96386 0.30522
0.95181 0.28112
0.93976 0.25703
0.91968 0.2249
0.91566 0.19679
0.90763 0.16466
0.90361 0.13253
0.88755 0.10843
0.86747 0.080321
0.83936 0.060241
0.81526 0.040161
0.81526 0.0080321
0.79116 0.016064
0.76707 0.028112
0.73896 0
0.70683 0.0040161
0.67871 0.012048
0.6506 0.028112
0.62651 0.048193
0.60643 0.076305
0.61446 0.10442
0.63855 0.12048
0.63454 0.14859
0.62651 0.18072
0.61044 0.20884
0.58635 0.23695
0.56225 0.26908
0.53815 0.29719
0.51807 0.32932
0.49398 0.35743
0.4739 0.38554
0.46185 0.40964
0.43373 0.43775
0.41365 0.46586
0.38153 0.4739
0.35341 0.46185
0.32129 0.4739
0.3012 0.49398
0.28514 0.52209
0.26104 0.5502
0.28916 0.57028
0.30522 0.58233
0.28514 0.61446
0.26506 0.64659
0.24096 0.63052
0.21687 0.61446
0.19277 0.59438
0.17269 0.5743
0.14056 0.5743
0.10843 0.58233
0.10843 0.58233
# triangles
18 19 20
71 72 73
68 69 70
63 85 86
63 64 85
62 63 86
66 67 68
70 71 74
71 73 74
45 92 94
94 95 102
54 55 56
44 45 94
41 42 43
40 41 43
43 44 94
43 94 102
40 43 102
9 104 105
16 20 21
16 18 20
16 17 18
14 24 25
74 75 76
74 76 77
66 68 83
68 70 83
62 86 87
61 62 87
56 61 87
54 56 87
49 90 92
92 93 94
56 57 61
57 60 61
57 59 60
57 58 59
29 30 104
34 102 103
30 103 104
30 34 103
34 35 102
47 49 92
47 48 49
8 9 105
11 12 27
11 27 28
10 29 104
9 10 104
10 28 29
10 11 28
15 16 21
2 3 4
2 4 5
70 74 82
70 82 83
74 77 82
77 78 82
78 79 82
79 80 81
79 81 82
65 66 84
66 83 84
64 65 84
64 84 85
8 105 106
95 98 102
95 97 98
52 54 87
52 53 54
52 87 88
95 96 97
50 51 89
49 50 89
49 89 90
51 52 89
52 88 89
30 33 34
35 38 39
39 40 102
35 39 102
35 37 38
35 36 37
45 46 92
46 47 92
12 25 26
12 26 27
31 32 33
30 31 33
12 13 25
13 14 25
15 21 22
14 23 24
14 15 23
15 22 23
107 108 109
99 100 101
99 101 102
98 99 102
90 91 92
7 106 107
7 8 106
2 5 6
1 2 6
0 1 6
0 6 109
6 107 109
6 7 107
