# points
0.31847 0.36943
0.30892 0.40127
0.28344 0.41401
0.25159 0.4172
0.22293 0.42994
0.19745 0.42675
0.17197 0.41401
0.1465 0.42038
0.11783 0.43312
0.10828 0.46497
0.098726 0.49045
0.066879 0.50637
0.044586 0.52866
0.022293 0.55414
0 0.57962
0.015924 0.59236
0.047771 0.56688
0.073248 0.54777
0.10191 0.5414
0.13057 0.54459
0.15924 0.57006
0.15605 0.59236
0.14331 0.61465
0.16879 0.64013
0.19745 0.66242
0.2293 0.66242
0.26115 0.67516
0.28981 0.69427
0.32166 0.69108
0.3535 0.68153
0.38535 0.6879
0.4172 0.69427
0.44586 0.70064
0.47452 0.70382
0.50637 0.69427
0.53822 0.67516
0.57006 0.66242
0.60191 0.65287
0.63376 0.64331
0.65924 0.62102
0.67834 0.59554
0.69427 0.57325
0.71019 0.54777
0.73567 0.53185
0.76115 0.50955
0.7707 0.48089
0.78025 0.44904
0.79618 0.42038
0.80892 0.3949
0.80892 0.36306
0.8121 0.33121
0.81529 0.29936
0.81847 0.26752
0.82484 0.23567
0.83758 0.21019
0.86624 0.20064
0.89809 0.19745
0.92994 0.19108
0.95541 0.16561
0.98089 0.14013
0.99363 0.11146
1 0.079618
0.98089 0.057325
0.95541 0.05414
0.92357 0.06051
0.8949 0.082803
0.86943 0.098726
0.83758 0.1051
0.80573 0.10828
0.78981 0.092357
0.78662 0.06051
0.78025 0.031847
0.76115 0.0063694
0.73248 0
0.70064 0.0063694
0.67834 0.031847
0.68153 0.063694
0.69108 0.089172
0.67834 0.10191
0.64968 0.085987
0.62102 0.076433
0.59236 0.066879
0.56369 0.05414
0.54777 0.025478
0.51911 0.019108
0.49682 0.038217
0.47452 0.06051
0.47452 0.089172
0.49045 0.11465
0.51274 0.14331
0.5414 0.15924
0.56369 0.17834
0.53185 0.19108
0.50318 0.21019
0.48089 0.23248
0.45223 0.24841
0.42357 0.26433
0.39809 0.28662
0.36943 0.31529
0.35032 0.33439
0.32484 0.36306
0.31847 0.36943
# triangles
1 35 36
85 86 87
83 84 85
82 83 85
85 87 88
82 85 88
1 36 99
1 29 30
13 14 15
42 46 94
60 61 62
60 62 63
82 89 90
82 88 89
81 82 90
80 81 90
42 97 98
36 98 99
1 31 35
1 30 31
7 8 9
11 12 17
20 21 25
21 23 25
23 24 25
46 91 94
80 90 91
42 45 46
42 94 95
95 96 97
42 95 97
71 72 73
52 78 91
5 7 9
5 9 19
4 5 20
5 19 20
5 6 7
1 2 29
2 26 29
2 25 26
2 3 4
2 4 20
2 20 25
32 34 35
31 32 35
32 33 34
26 27 28
26 28 29
9 10 19
12 13 16
12 16 17
13 15 16
79 80 91
78 79 91
71 73 76
73 74 76
74 75 76
1 99 100
0 1 100
10 18 19
11 17 18
10 11 18
21 22 23
51 52 91
50 51 91
91 93 94
91 92 93
37 38 39
60 63 64
59 60 64
59 64 65
52 53 78
53 68 78
70 71 76
46 49 91
46 47 49
49 50 91
36 41 98
41 42 98
54 67 68
53 54 68
68 69 78
56 57 66
37 39 40
36 37 40
36 40 41
54 55 67
55 66 67
55 56 66
70 76 77
69 70 77
69 77 78
58 59 65
58 65 66
57 58 66
47 48 49
42 43 45
43 44 45
