# points
0.25475 0.34981
0.24335 0.37643
0.22433 0.39924
0.22053 0.42966
0.19772 0.45627
0.1749 0.47148
0.14829 0.4943
0.11787 0.51711
0.095057 0.53232
0.068441 0.55133
0.04943 0.57034
0.019011 0.58175
0 0.60456
0.0076046 0.63498
0.0076046 0.6654
0.038023 0.67681
0.068441 0.67681
0.098859 0.673
0.12928 0.673
0.1597 0.65779
0.18631 0.63878
0.21673 0.61597
0.24335 0.61597
0.26616 0.63498
0.29658 0.63498
0.327 0.62738
0.35741 0.63498
0.38783 0.64639
0.41825 0.65399
0.44867 0.6654
0.47909 0.6616
0.50951 0.65399
0.53992 0.65399
0.57034 0.65019
0.60076 0.64639
0.63118 0.63498
0.6616 0.61597
0.69202 0.60456
0.71863 0.59696
0.74525 0.58555
0.77186 0.55894
0.79468 0.53232
0.82129 0.5057
0.84411 0.48289
0.87452 0.45627
0.90114 0.43346
0.92395 0.40304
0.93916 0.37262
0.95057 0.34221
0.95817 0.31179
0.96578 0.28137
0.96958 0.25095
0.98479 0.22053
0.96958 0.19392
0.98859 0.1635
1 0.13308
0.96958 0.13688
0.93916 0.15209
0.90875 0.15589
0.88213 0.14068
0.85932 0.12548
0.88593 0.10646
0.88593 0.076046
0.87833 0.045627
0.85932 0.019011
0.8327 0.011407
0.80989 0
0.78707 0.011407
0.76806 0.0038023
0.74525 0.019011
0.73764 0.045627
0.75285 0.072243
0.76806 0.098859
0.75285 0.12548
0.72243 0.13688
0.69582 0.14068
0.6654 0.14829
0.63498 0.14829
0.60837 0.14829
0.57795 0.15589
0.54753 0.1597
0.51711 0.1673
0.49049 0.17871
0.46008 0.18631
0.43346 0.19772
0.40304 0.20532
0.37643 0.22814
0.34601 0.23954
0.32319 0.23574
0.31559 0.20913
0.29278 0.19011
0.26616 0.19011
0.23574 0.18631
0.20532 0.17871
0.18251 0.20532
0.18631 0.23574
0.20532 0.25856
0.23194 0.26996
0.24335 0.29278
0.25095 0.32319
0.25475 0.34981
0.25475 0.34981
# triangles
13 14 15
65 66 67
65 67 72
67 68 69
67 69 70
11 12 13
10 11 13
63 65 72
63 64 65
67 71 72
67 70 71
3 4 22
8 9 19
1 3 26
0 1 26
1 2 3
41 77 79
0 86 87
87 88 99
0 87 99
6 7 21
9 10 17
60 61 62
60 63 72
60 62 63
28 31 86
0 28 86
3 22 25
3 25 26
5 6 21
4 5 22
5 21 22
88 91 97
89 90 91
88 89 91
88 98 99
88 97 98
37 41 79
36 37 79
36 79 82
77 78 79
33 35 36
7 20 21
8 19 20
7 8 20
10 16 17
13 15 16
10 13 16
54 55 56
54 56 57
0 26 27
0 27 28
22 23 24
22 24 25
92 96 97
91 92 97
92 95 96
92 93 94
92 94 95
42 43 76
41 42 76
41 76 77
60 72 73
59 60 73
37 40 41
33 36 84
36 82 84
32 33 84
84 85 86
31 84 86
31 32 84
38 39 40
37 38 40
33 34 35
28 30 31
28 29 30
49 59 73
49 73 74
49 58 59
49 50 58
43 75 76
43 44 75
44 74 75
82 83 84
79 80 82
80 81 82
47 48 74
48 49 74
50 51 58
44 45 46
46 47 74
44 46 74
51 53 58
51 52 53
53 57 58
53 54 57
9 17 18
9 18 19
