# points
0.0045558 0.1139
0.0022779 0.1344
0 0.1549
0.0045558 0.1754
0.025057 0.18679
0.045558 0.19362
0.066059 0.20046
0.08656 0.20046
0.10706 0.20729
0.12756 0.20501
0.14806 0.20501
0.16856 0.20501
0.18907 0.20501
0.20957 0.20501
0.23007 0.20501
0.25057 0.20501
0.27107 0.20501
0.29157 0.20501
0.31207 0.20273
0.33257 0.20273
0.35308 0.20273
0.37358 0.20273
0.39408 0.20273
0.41458 0.20273
0.43508 0.20273
0.45558 0.20501
0.47608 0.20501
0.49658 0.20729
0.51708 0.21185
0.53759 0.22551
0.55809 0.23918
0.57859 0.24374
0.59909 0.24601
0.61959 0.25057
0.64009 0.24829
0.66059 0.24601
0.68109 0.24374
0.70159 0.23462
0.71982 0.21868
0.73804 0.20046
0.75854 0.20273
0.77904 0.19818
0.79954 0.19818
0.82005 0.20046
0.84055 0.20046
0.86105 0.20046
0.88155 0.20046
0.90205 0.20046
0.92255 0.19818
0.94305 0.19818
0.96355 0.19818
0.98405 0.19362
0.99772 0.1754
0.99772 0.1549
0.99772 0.1344
1 0.1139
1 0.093394
1 0.072893
0.98861 0.061503
0.96811 0.059226
0.94761 0.059226
0.92711 0.059226
0.90661 0.059226
0.8861 0.059226
0.8656 0.059226
0.8451 0.059226
0.8246 0.059226
0.8041 0.059226
0.7836 0.059226
0.7631 0.059226
0.7426 0.047836
0.72665 0.031891
0.70843 0.020501
0.68793 0.013667
0.66743 0.0068337
0.64692 0.0022779
0.62642 0
0.60592 0.0022779
0.58542 0.0045558
0.56492 0.01139
0.54442 0.022779
0.52392 0.036446
0.50569 0.056948
0.48519 0.063781
0.46469 0.061503
0.44419 0.061503
0.42369 0.061503
0.40319 0.061503
0.38269 0.061503
0.36219 0.059226
0.34169 0.059226
0.32118 0.059226
0.30068 0.059226
0.28018 0.059226
0.25968 0.059226
0.23918 0.059226
0.21868 0.059226
0.19818 0.059226
0.17768 0.061503
0.15718 0.061503
0.13667 0.061503
0.11617 0.061503
0.095672 0.061503
0.075171 0.061503
0.05467 0.059226
0.034169 0.059226
0.015945 0.075171
0.0068337 0.095672
0.0045558 0.1139
# triangles
77 78 79
56 57 58
2 3 4
1 2 4
39 41 69
16 93 94
28 29 82
104 105 106
104 106 107
0 104 107
13 96 97
1 4 5
0 1 5
5 6 7
7 101 102
75 76 77
50 51 52
50 52 53
39 40 41
39 69 70
77 79 80
32 77 80
29 32 80
29 80 82
80 81 82
24 25 85
18 91 92
16 17 93
17 18 92
17 92 93
29 30 31
29 31 32
34 74 75
32 33 34
32 34 77
34 75 77
13 14 96
14 95 96
0 5 103
0 103 104
7 102 103
5 7 103
7 8 9
7 9 101
10 11 99
11 98 99
56 58 59
41 68 69
41 42 68
42 67 68
25 84 85
24 85 86
27 82 83
27 28 82
21 88 89
22 87 88
21 22 88
20 89 90
20 21 89
34 35 74
35 36 37
35 37 38
15 16 94
15 94 95
14 15 95
11 12 98
12 97 98
12 13 97
9 10 100
10 99 100
9 100 101
47 48 62
39 70 73
38 39 73
35 73 74
35 38 73
46 63 64
46 47 63
47 62 63
48 54 61
48 61 62
70 71 73
71 72 73
26 27 83
26 83 84
25 26 84
23 24 86
23 86 87
22 23 87
19 20 90
18 19 91
19 90 91
45 46 64
45 64 65
44 45 65
49 50 53
49 53 54
48 49 54
55 56 60
56 59 60
54 55 60
54 60 61
42 66 67
42 43 66
43 44 66
44 65 66
