# points
0 0.099057
0 0.12028
0.0070755 0.14151
0.028302 0.13915
0.049528 0.13915
0.070755 0.13915
0.091981 0.13679
0.11321 0.13679
0.13443 0.14151
0.15566 0.14387
0.17689 0.14151
0.19811 0.13915
0.21934 0.13679
0.24057 0.13443
0.26179 0.13208
0.28302 0.12972
0.30425 0.12972
0.32547 0.12972
0.3467 0.12736
0.36792 0.12736
0.38915 0.12736
0.41038 0.12736
0.4316 0.12736
0.45283 0.12972
0.47406 0.13208
0.49528 0.13915
0.51651 0.13915
0.53774 0.14151
0.5566 0.15802
0.57783 0.16745
0.59906 0.17217
0.62028 0.16745
0.64151 0.16038
0.66038 0.14151
0.6816 0.13915
0.70283 0.13443
0.72406 0.13208
0.74528 0.13208
0.76651 0.12972
0.78774 0.12736
0.80896 0.12972
0.83019 0.12736
0.85142 0.12972
0.87264 0.13208
0.89387 0.13208
0.91509 0.13208
0.93632 0.13443
0.95755 0.13679
0.97877 0.13915
0.99764 0.12972
1 0.10849
1 0.087264
1 0.066038
0.98113 0.058962
0.95991 0.056604
0.93868 0.056604
0.91745 0.056604
0.89623 0.054245
0.875 0.054245
0.85377 0.051887
0.83255 0.051887
0.81132 0.049528
0.79009 0.049528
0.76887 0.04717
0.74764 0.04717
0.72642 0.042453
0.70519 0.037736
0.68396 0.035377
0.66274 0.03066
0.64387 0.018868
0.62264 0.0070755
0.60142 0
0.58019 0.004717
0.55896 0.014151
0.54009 0.028302
0.51887 0.028302
0.49764 0.033019
0.47642 0.042453
0.45519 0.042453
0.43396 0.044811
0.41274 0.044811
0.39151 0.04717
0.37028 0.04717
0.34906 0.049528
0.32783 0.049528
0.3066 0.049528
0.28538 0.051887
0.26415 0.054245
0.24292 0.054245
0.2217 0.058962
0.20047 0.058962
0.17925 0.054245
0.15802 0.054245
0.13679 0.056604
0.11557 0.058962
0.09434 0.058962
0.073113 0.061321
0.051887 0.061321
0.03066 0.063679
0.009434 0.066038
0 0.080189
0 0.099057
# triangles
48 49 50
0 98 100
98 99 100
9 10 92
10 91 92
13 14 88
70 71 72
69 73 74
69 70 73
70 72 73
47 48 50
34 35 67
33 34 67
33 67 68
33 68 69
38 39 63
35 36 65
45 46 55
45 55 56
42 58 59
42 43 58
14 15 87
14 87 88
9 92 93
7 94 95
7 93 94
24 25 77
25 26 77
26 27 74
27 69 74
27 33 69
13 88 89
12 13 89
16 17 85
23 77 78
23 24 77
23 78 79
22 23 79
20 21 81
26 76 77
39 62 63
39 61 62
39 40 61
41 42 59
40 41 61
38 63 64
36 64 65
35 66 67
35 65 66
46 47 54
46 54 55
29 30 31
31 32 33
44 45 56
44 56 57
43 44 58
44 57 58
15 86 87
16 85 86
15 16 86
8 9 93
7 8 93
27 28 33
28 29 31
28 31 33
10 90 91
10 11 90
11 12 90
12 89 90
20 81 82
17 18 84
18 83 84
17 84 85
21 80 81
22 79 80
21 22 80
26 74 75
26 75 76
41 59 60
41 60 61
36 37 64
37 38 64
47 50 51
47 51 54
5 96 97
6 7 95
6 95 96
5 6 96
4 97 98
4 5 97
18 19 83
19 82 83
19 20 82
51 52 53
51 53 54
0 3 98
3 4 98
0 1 3
1 2 3
