# points
0.0052356 0.13874
0.0026178 0.15969
0 0.18063
0.0052356 0.20157
0.026178 0.20419
0.04712 0.20419
0.068063 0.20419
0.089005 0.20419
0.10995 0.20419
0.13089 0.20157
0.15183 0.20157
0.17277 0.20157
0.19372 0.20157
0.21466 0.20419
0.2356 0.20157
0.25654 0.20419
0.27749 0.20419
0.29843 0.20419
0.31937 0.20681
0.34031 0.20681
0.36126 0.20681
0.3822 0.20942
0.40314 0.20681
0.42147 0.22251
0.44241 0.2356
0.46335 0.24607
0.48429 0.25131
0.50524 0.25654
0.52618 0.25654
0.54712 0.25654
0.56806 0.24869
0.58901 0.23822
0.60995 0.22251
0.63089 0.20942
0.65183 0.20942
0.67277 0.20942
0.69372 0.20419
0.71466 0.20419
0.7356 0.20419
0.75654 0.20419
0.77749 0.20157
0.79843 0.20419
0.81937 0.19895
0.84031 0.20419
0.86126 0.20419
0.8822 0.20157
0.90314 0.20419
0.92408 0.20419
0.94503 0.19634
0.96597 0.20419
0.98691 0.20157
1 0.18586
0.99738 0.16492
0.99738 0.14398
1 0.12304
0.99738 0.10209
0.99738 0.081152
0.98429 0.065445
0.96335 0.068063
0.94241 0.065445
0.92147 0.065445
0.90052 0.068063
0.87958 0.068063
0.85864 0.068063
0.8377 0.068063
0.81675 0.068063
0.79581 0.068063
0.77487 0.065445
0.75393 0.065445
0.73298 0.065445
0.71204 0.065445
0.6911 0.065445
0.67016 0.062827
0.64921 0.057592
0.62827 0.057592
0.60733 0.039267
0.58639 0.026178
0.56545 0.015707
0.5445 0.0078534
0.52356 0
0.50262 0.0026178
0.48168 0.010471
0.46073 0.018325
0.43979 0.026178
0.41885 0.041885
0.39791 0.054974
0.37696 0.054974
0.35602 0.057592
0.33508 0.060209
0.31414 0.062827
0.29319 0.062827
0.27225 0.062827
0.25131 0.068063
0.23037 0.068063
0.20942 0.068063
0.18848 0.068063
0.16754 0.065445
0.1466 0.065445
0.12565 0.062827
0.10471 0.062827
0.08377 0.062827
0.062827 0.060209
0.041885 0.060209
0.020942 0.060209
0.0052356 0.070681
0.0026178 0.091623
0.0026178 0.11257
0.0052356 0.13351
0.0052356 0.13874
# triangles
50 51 52
103 104 105
49 50 52
2 3 4
22 84 85
24 82 84
102 103 105
9 97 98
9 98 99
8 9 99
48 49 52
48 59 60
14 15 92
24 26 82
82 83 84
22 23 84
23 24 84
15 16 92
17 89 90
16 17 90
10 96 97
9 10 97
56 57 58
55 56 58
48 52 53
53 54 59
48 53 59
32 33 74
32 74 75
28 30 31
26 27 28
28 29 30
7 8 99
102 105 106
101 102 106
26 81 82
26 77 81
77 78 81
24 25 26
14 92 93
16 91 92
16 90 91
11 95 96
10 11 96
40 67 68
32 75 76
31 32 76
28 31 76
26 76 77
26 28 76
38 39 68
39 40 68
44 45 63
43 44 63
42 43 64
43 63 64
6 7 100
7 99 100
1 2 4
1 4 5
78 79 80
78 80 81
22 85 86
21 22 86
20 86 87
20 21 86
19 88 89
20 87 88
19 20 88
13 14 94
14 93 94
17 18 89
18 19 89
11 12 95
12 13 94
12 94 95
40 42 66
40 66 67
33 73 74
38 68 69
37 38 69
45 46 61
48 60 61
46 48 61
40 41 42
0 5 6
0 1 5
42 64 65
42 65 66
34 35 72
33 34 72
33 72 73
35 36 72
36 71 72
37 69 70
36 70 71
36 37 70
46 47 48
45 62 63
45 61 62
101 106 107
100 101 107
6 100 107
0 6 107
54 58 59
54 55 58
