# points
0.0028329 0.12465
0 0.14448
0.0028329 0.15864
0.022663 0.16431
0.042493 0.16714
0.062323 0.16997
0.082153 0.1728
0.10198 0.17564
0.12181 0.17564
0.14164 0.17564
0.16147 0.17847
0.1813 0.1898
0.20113 0.18697
0.22096 0.17847
0.24079 0.17847
0.26062 0.17847
0.28045 0.1813
0.30028 0.18414
0.32011 0.1813
0.33994 0.1898
0.35977 0.19263
0.3796 0.20397
0.39943 0.2153
0.41926 0.22946
0.43909 0.24079
0.45892 0.24646
0.47875 0.25779
0.49858 0.24929
0.51841 0.24363
0.53824 0.24079
0.55807 0.22946
0.5779 0.2153
0.59773 0.2068
0.61756 0.20397
0.63739 0.1983
0.65722 0.20113
0.67705 0.20113
0.69688 0.20113
0.71671 0.20113
0.73654 0.2068
0.75637 0.20963
0.7762 0.2068
0.79603 0.21246
0.81586 0.2153
0.83569 0.21813
0.85552 0.21813
0.87535 0.21813
0.89518 0.21813
0.91501 0.22096
0.93484 0.22096
0.95467 0.22096
0.9745 0.22096
0.98867 0.20963
0.99433 0.1898
0.9915 0.16997
0.99433 0.15014
1 0.13314
0.99433 0.11615
0.99433 0.10198
0.9745 0.093484
0.95467 0.093484
0.93484 0.090652
0.91501 0.090652
0.89518 0.087819
0.87535 0.082153
0.85552 0.082153
0.83569 0.07932
0.81586 0.076487
0.79603 0.076487
0.7762 0.07932
0.75637 0.073654
0.73654 0.070822
0.71671 0.073654
0.69688 0.067989
0.67705 0.067989
0.65722 0.073654
0.63739 0.062323
0.61756 0.056657
0.59773 0.048159
0.5779 0.036827
0.55807 0.01983
0.53824 0.011331
0.51841 0.0056657
0.49858 0.0028329
0.47875 0
0.45892 0.0056657
0.43909 0.0084986
0.41926 0.01983
0.39943 0.031161
0.3796 0.03966
0.35977 0.045326
0.33994 0.048159
0.32011 0.053824
0.30028 0.050992
0.28045 0.050992
0.26062 0.053824
0.24079 0.048159
0.22096 0.045326
0.20113 0.033994
0.1813 0.03966
0.16147 0.042493
0.14164 0.042493
0.12181 0.03966
0.10198 0.036827
0.082153 0.036827
0.062323 0.036827
0.042493 0.036827
0.022663 0.036827
0.0084986 0.048159
0.0084986 0.067989
0.0056657 0.087819
0.0028329 0.10765
0.0028329 0.12465
# triangles
57 58 59
107 108 109
0 4 111
1 2 3
0 1 3
0 3 4
55 56 57
106 107 109
5 110 111
4 5 111
23 24 25
5 105 110
5 104 105
105 109 110
105 106 109
6 103 104
5 6 104
54 55 61
49 54 61
43 44 66
25 26 27
20 21 89
16 17 93
16 93 94
14 15 95
14 95 96
13 14 96
50 51 52
50 52 53
50 53 54
49 50 54
55 60 61
57 59 60
55 57 60
40 41 69
47 48 62
31 78 79
28 82 83
28 79 82
25 27 28
23 25 28
32 33 77
32 77 78
31 32 78
36 74 75
34 75 76
28 29 30
30 31 79
28 30 79
39 40 69
18 19 91
6 7 103
10 11 12
10 12 13
20 89 90
22 87 88
21 22 88
21 88 89
85 86 87
83 84 85
22 23 85
22 85 87
23 28 85
28 83 85
13 96 97
18 91 92
43 66 67
42 43 67
38 39 70
39 69 70
46 63 64
47 62 63
46 47 63
44 65 66
44 45 65
34 35 75
35 36 75
37 38 72
37 72 73
7 102 103
7 8 102
8 101 102
8 9 101
9 100 101
9 10 100
10 99 100
97 98 99
41 42 68
42 67 68
41 68 69
38 71 72
38 70 71
79 81 82
79 80 81
48 49 61
48 61 62
16 94 95
15 16 95
33 34 76
33 76 77
19 90 91
19 20 90
17 92 93
17 18 92
46 64 65
45 46 65
36 37 74
37 73 74
13 97 99
10 13 99
