# points
0.0046083 0.071429
0.0069124 0.092166
0.0092166 0.1129
0 0.13364
0.018433 0.13594
0.039171 0.13825
0.059908 0.13594
0.080645 0.13594
0.10138 0.13364
0.12212 0.13364
0.14286 0.13364
0.16359 0.13364
0.18433 0.13364
0.20507 0.13364
0.22581 0.13364
0.24654 0.13364
0.26728 0.13594
0.28802 0.13825
0.30876 0.13825
0.32949 0.14055
0.35023 0.14055
0.37097 0.14286
0.39171 0.14516
0.41244 0.14977
0.43318 0.16359
0.45392 0.17742
0.47465 0.18203
0.49539 0.18433
0.51613 0.17972
0.53687 0.17051
0.5576 0.15668
0.57834 0.14977
0.59908 0.14747
0.61982 0.14747
0.64055 0.14516
0.66129 0.14516
0.68203 0.14286
0.70276 0.14286
0.7235 0.14055
0.74424 0.14055
0.76498 0.13825
0.78571 0.13594
0.80645 0.13594
0.82719 0.13594
0.84793 0.13594
0.86866 0.13364
0.8894 0.13364
0.91014 0.13364
0.93088 0.13594
0.95161 0.13825
0.97235 0.13825
0.99309 0.13594
0.99309 0.11521
0.99539 0.09447
0.9977 0.073733
1 0.052995
0.97926 0.050691
0.95853 0.050691
0.93779 0.048387
0.91705 0.048387
0.89631 0.048387
0.87558 0.048387
0.85484 0.048387
0.8341 0.048387
0.81336 0.048387
0.79263 0.048387
0.77189 0.048387
0.75115 0.048387
0.73041 0.048387
0.70968 0.048387
0.68894 0.048387
0.6682 0.048387
0.64747 0.048387
0.62673 0.046083
0.60599 0.043779
0.58525 0.041475
0.56452 0.036866
0.54378 0.020737
0.52304 0.0092166
0.5023 0
0.48157 0.0023041
0.46083 0.0092166
0.44009 0.018433
0.41935 0.034562
0.39862 0.036866
0.37788 0.039171
0.35714 0.039171
0.33641 0.041475
0.31567 0.041475
0.29493 0.041475
0.27419 0.041475
0.25346 0.041475
0.23272 0.041475
0.21198 0.043779
0.19124 0.043779
0.17051 0.043779
0.14977 0.046083
0.12903 0.046083
0.10829 0.046083
0.087558 0.048387
0.06682 0.048387
0.046083 0.050691
0.025346 0.050691
0.0046083 0.052995
0.0023041 0.064516
0.0046083 0.071429
# triangles
49 52 53
49 50 52
50 51 52
54 55 56
36 37 70
30 31 76
1 2 6
39 67 68
37 69 70
47 48 59
48 58 59
34 35 72
35 36 71
35 71 72
36 70 71
32 33 74
53 54 57
54 56 57
49 53 57
48 49 57
48 57 58
41 65 66
41 42 65
42 64 65
44 62 63
47 59 60
44 45 62
45 61 62
2 5 6
6 7 100
78 79 80
78 80 81
77 78 81
29 77 81
30 76 77
29 30 77
21 22 85
20 86 87
21 85 86
20 21 86
37 38 69
38 68 69
38 39 68
43 44 63
42 43 64
43 63 64
39 40 67
40 41 66
40 66 67
33 73 74
33 34 73
34 72 73
31 32 75
32 74 75
31 75 76
46 47 60
46 60 61
45 46 61
2 3 4
2 4 5
0 1 102
102 103 104
0 102 104
1 6 101
6 100 101
1 101 102
7 99 100
19 20 87
19 87 88
9 10 97
13 93 94
10 96 97
10 11 96
22 84 85
23 83 84
22 23 84
26 27 28
26 28 29
26 29 81
23 24 83
24 82 83
24 25 26
24 81 82
24 26 81
7 8 99
15 91 92
13 14 93
14 15 92
14 92 93
12 13 94
11 95 96
12 94 95
11 12 95
17 89 90
8 98 99
9 97 98
8 9 98
18 19 88
18 88 89
17 18 89
16 17 90
15 16 91
16 90 91
