# points
0.0054054 0.11622
0.010811 0.13784
0.010811 0.15946
0.0081081 0.18108
0.027027 0.18919
0.048649 0.18919
0.07027 0.18919
0.091892 0.18919
0.11351 0.18919
0.13514 0.18919
0.15676 0.18919
0.17838 0.18919
0.2 0.18919
0.22162 0.19189
0.24324 0.18919
0.26486 0.18919
0.28649 0.19189
0.30811 0.2027
0.32973 0.21622
0.34865 0.23243
0.37027 0.24324
0.39189 0.24595
0.41351 0.24595
0.43514 0.24595
0.45676 0.24595
0.47838 0.24324
0.5 0.24054
0.52162 0.23784
0.54324 0.23243
0.56486 0.22432
0.58649 0.21351
0.60811 0.2027
0.62973 0.1973
0.65135 0.19459
0.67297 0.19459
0.69459 0.19189
0.71622 0.18919
0.73784 0.18919
0.75946 0.18919
0.78108 0.18919
0.8027 0.18919
0.82432 0.18919
0.84595 0.18919
0.86757 0.18919
0.88919 0.18649
0.91081 0.18649
0.93243 0.18378
0.95405 0.18378
0.97568 0.18378
0.99189 0.17027
0.99459 0.14865
1 0.12703
0.9973 0.10541
0.99459 0.083784
0.98919 0.062162
0.96757 0.051351
0.94595 0.051351
0.92432 0.051351
0.9027 0.051351
0.88108 0.051351
0.85946 0.051351
0.83784 0.051351
0.81622 0.051351
0.79459 0.051351
0.77297 0.051351
0.75135 0.051351
0.72973 0.051351
0.70811 0.051351
0.68649 0.051351
0.66486 0.051351
0.64324 0.045946
0.62162 0.037838
0.6 0.032432
0.57838 0.027027
0.55676 0.021622
0.53514 0.018919
0.51351 0.016216
0.49189 0.0081081
0.47027 0.0027027
0.44865 0
0.42703 0
0.40541 0
0.38378 0.0027027
0.36216 0.0054054
0.34054 0.010811
0.31892 0.018919
0.2973 0.027027
0.27838 0.040541
0.25676 0.051351
0.23514 0.056757
0.21351 0.056757
0.19189 0.056757
0.17027 0.059459
0.14865 0.059459
0.12703 0.059459
0.10541 0.059459
0.083784 0.059459
0.062162 0.059459
0.040541 0.059459
0.018919 0.059459
0 0.067568
0.0081081 0.089189
0.0054054 0.11081
0.0054054 0.11622
# triangles
53 54 55
48 49 50
50 51 52
18 81 82
23 79 80
23 78 79
16 87 88
17 85 87
16 17 87
17 84 85
17 18 84
19 20 21
18 19 21
12 13 90
14 89 90
13 14 90
10 92 93
8 94 95
99 100 101
47 48 50
46 50 52
46 47 50
46 52 57
44 59 60
27 28 76
32 70 71
23 24 78
22 80 81
22 23 80
18 21 22
18 22 81
15 16 88
14 15 89
15 88 89
8 9 94
9 93 94
9 10 93
7 8 95
18 82 83
18 83 84
98 99 101
97 98 101
11 12 92
10 11 92
12 91 92
12 90 91
7 95 96
6 7 96
1 96 97
1 6 96
1 5 6
36 37 66
35 36 68
53 55 56
52 53 56
52 56 57
45 46 58
46 57 58
44 45 58
44 58 59
42 60 61
41 42 61
39 40 63
25 76 77
24 25 77
24 77 78
25 26 76
26 27 76
31 32 71
32 33 70
31 71 72
36 66 67
36 67 68
85 86 87
97 101 102
2 4 5
1 2 5
2 3 4
41 61 62
40 62 63
40 41 62
43 44 60
42 43 60
28 29 75
28 75 76
29 30 75
30 74 75
33 69 70
35 68 69
37 65 66
37 38 65
31 72 73
30 73 74
30 31 73
0 1 97
0 97 102
34 35 69
33 34 69
39 63 64
38 39 64
38 64 65
