# points
0.0094044 0.18809
0.0062696 0.21003
0.012539 0.22884
0.034483 0.22884
0.056426 0.23197
0.07837 0.22884
0.10031 0.22884
0.12226 0.22884
0.1442 0.23197
0.16614 0.22884
0.18809 0.22571
0.21003 0.21944
0.23197 0.21944
0.25392 0.21944
0.27586 0.2163
0.29781 0.2163
0.31975 0.21317
0.34169 0.21003
0.36364 0.2069
0.38558 0.20376
0.40752 0.20376
0.42947 0.20376
0.45141 0.20376
0.47335 0.21317
0.49216 0.23511
0.51411 0.25392
0.53605 0.26959
0.55486 0.279
0.5768 0.2884
0.59875 0.279
0.62069 0.27586
0.64263 0.26959
0.66458 0.25705
0.68652 0.23824
0.70846 0.22571
0.73041 0.22571
0.75235 0.22571
0.77429 0.22257
0.79624 0.22571
0.81818 0.22257
0.84013 0.22257
0.86207 0.22257
0.88401 0.22257
0.90596 0.22571
0.9279 0.22884
0.94984 0.22884
0.97179 0.22571
0.9906 0.21944
0.99687 0.19749
1 0.17555
1 0.15361
1 0.13166
0.99687 0.10972
0.99687 0.087774
0.98119 0.075235
0.95925 0.075235
0.9373 0.0721
0.91536 0.075235
0.89342 0.075235
0.87147 0.075235
0.84953 0.0721
0.82759 0.0721
0.80564 0.0721
0.7837 0.068966
0.76176 0.068966
0.73981 0.068966
0.71787 0.065831
0.69592 0.047022
0.67398 0.028213
0.65204 0.015674
0.63009 0.0062696
0.60815 0
0.58621 0
0.56426 0.0031348
0.54232 0.0094044
0.52038 0.018809
0.49843 0.034483
0.47649 0.047022
0.45455 0.056426
0.4326 0.059561
0.41066 0.062696
0.38871 0.059561
0.36677 0.062696
0.34483 0.062696
0.32288 0.062696
0.30094 0.065831
0.279 0.065831
0.25705 0.068966
0.23511 0.065831
0.21317 0.0721
0.19122 0.075235
0.16928 0.07837
0.14734 0.07837
0.12539 0.07837
0.10345 0.081505
0.081505 0.07837
0.059561 0.07837
0.037618 0.075235
0.015674 0.084639
0 0.10345
0.0031348 0.12539
0 0.14734
0.0031348 0.16928
0.0094044 0.18809
# triangles
52 53 54
97 98 100
98 99 100
46 47 48
24 33 69
24 69 74
52 54 55
51 52 55
51 55 56
33 34 66
69 73 74
1 2 3
0 4 5
0 3 4
0 1 3
15 85 86
44 45 49
45 48 49
45 46 48
44 49 50
43 44 50
22 23 78
70 71 72
69 70 73
70 72 73
33 66 67
22 78 79
13 14 87
14 86 87
14 15 86
96 100 101
96 97 100
5 94 95
95 96 101
87 88 89
8 9 92
30 31 32
30 32 33
25 26 29
24 25 33
25 30 33
25 29 30
27 28 29
26 27 29
33 68 69
33 67 68
37 62 63
37 63 64
36 37 64
23 77 78
15 16 85
16 17 85
19 81 82
19 80 81
0 5 102
5 95 102
95 101 102
11 89 90
9 91 92
9 10 91
11 90 91
10 11 91
5 6 94
40 60 61
43 50 57
51 56 57
50 51 57
39 61 62
39 40 61
40 59 60
34 65 66
34 35 65
35 36 65
36 64 65
23 76 77
24 74 76
23 24 76
17 84 85
17 83 84
18 82 83
18 19 82
17 18 83
21 22 79
21 79 80
11 12 89
12 13 87
12 87 89
7 93 94
6 7 94
7 92 93
7 8 92
37 38 62
38 39 62
42 58 59
42 43 57
42 57 58
74 75 76
19 20 80
20 21 80
40 41 59
41 42 59
