# points
0.014085 0.49859
0.059155 0.52676
0.10986 0.55493
0.15493 0.57465
0.20563 0.59437
0.23099 0.61972
0.19155 0.66761
0.15493 0.71831
0.11831 0.76901
0.087324 0.81408
0.053521 0.86197
0.025352 0.91268
0.0056338 0.96056
0.011268 1
0.061972 0.98592
0.10986 0.96056
0.15775 0.93239
0.20282 0.90141
0.24789 0.87042
0.29859 0.83099
0.3493 0.79437
0.39718 0.7662
0.41408 0.8169
0.4338 0.86761
0.46197 0.91831
0.49014 0.96901
0.51831 0.95775
0.54366 0.90986
0.56901 0.85915
0.59155 0.80845
0.61127 0.76056
0.65915 0.8
0.70704 0.83662
0.75493 0.87042
0.80563 0.90423
0.85634 0.94085
0.90423 0.96901
0.95211 0.99155
1 0.99718
0.98873 0.94648
0.96338 0.89577
0.93521 0.84507
0.89859 0.79718
0.86761 0.7493
0.83099 0.69859
0.79718 0.6507
0.7662 0.60282
0.8169 0.58873
0.86479 0.5662
0.91268 0.54085
0.95775 0.51549
0.95775 0.48451
0.90704 0.45634
0.85915 0.43099
0.80845 0.40845
0.76056 0.38873
0.8 0.34085
0.83662 0.29296
0.87042 0.24507
0.90141 0.19718
0.93521 0.1493
0.96338 0.10141
0.98873 0.050704
0.99718 0
0.94648 0.011268
0.89577 0.03662
0.84789 0.067606
0.79718 0.10141
0.7493 0.13521
0.70141 0.16901
0.65352 0.20282
0.60563 0.23662
0.59155 0.18592
0.5662 0.13521
0.54085 0.084507
0.50986 0.033803
0.48169 0.050704
0.45352 0.098592
0.42817 0.1493
0.40563 0.2
0.3831 0.2338
0.33521 0.19437
0.28732 0.15775
0.23662 0.12394
0.18873 0.090141
0.14085 0.056338
0.090141 0.028169
0.039437 0.0084507
0 0.011268
0.014085 0.061972
0.039437 0.10986
0.067606 0.15775
0.098592 0.20282
0.13521 0.25352
0.16901 0.30141
0.20563 0.34648
0.23662 0.39437
0.18592 0.41127
0.13521 0.4338
0.084507 0.45915
0.03662 0.48451
0.014085 0.49859
# triangles
55 70 71
62 63 64
57 68 69
57 58 68
55 56 70
56 69 70
56 57 69
59 66 67
58 67 68
58 59 67
59 60 66
87 88 89
86 87 89
86 89 90
7 18 19
30 46 55
46 54 55
60 65 66
9 10 16
7 8 18
74 75 76
71 72 79
74 76 77
73 74 77
21 29 30
21 22 29
34 41 42
48 52 53
60 61 65
61 62 64
61 64 65
10 11 15
10 15 16
9 16 17
8 17 18
8 9 17
6 7 19
2 3 98
71 79 80
80 81 95
73 77 78
72 78 79
72 73 78
6 19 20
5 20 21
5 6 20
36 39 40
33 34 42
31 32 44
23 24 27
11 12 14
11 14 15
12 13 14
84 85 91
85 90 91
85 86 90
1 2 99
2 98 99
3 4 97
3 97 98
82 83 93
34 35 41
35 40 41
35 36 40
37 38 39
36 37 39
31 44 45
30 45 46
30 31 45
33 42 43
32 33 43
32 43 44
23 27 28
22 23 28
22 28 29
24 25 26
24 26 27
0 1 100
1 99 100
80 95 96
5 21 96
4 5 96
4 96 97
71 80 96
21 30 96
55 71 96
30 55 96
82 93 94
81 82 94
81 94 95
83 84 92
83 92 93
84 91 92
46 47 54
47 53 54
47 48 53
48 49 52
49 50 51
49 51 52
