# points
0.0051948 0.52727
0.0077922 0.56883
0 0.61039
0.018182 0.63117
0.01039 0.67273
0.0025974 0.71429
0 0.75584
0.0025974 0.77403
0.0077922 0.81558
0.0025974 0.85714
0.015584 0.88052
0.01039 0.91948
0.0077922 0.96104
0.0077922 1
0.049351 0.98182
0.090909 0.98442
0.13247 0.97403
0.15325 0.99221
0.19481 0.98701
0.23636 0.98701
0.26234 0.98961
0.2961 0.98182
0.33766 0.98701
0.37922 0.97662
0.4 1
0.44156 0.98442
0.48312 0.98442
0.52208 0.97922
0.54286 0.98961
0.58442 0.98701
0.62597 0.98442
0.64935 0.99481
0.68831 0.97922
0.72987 0.98701
0.77143 0.97403
0.78961 0.9974
0.83117 0.98442
0.87273 0.98442
0.90649 0.98442
0.93506 0.98442
0.96623 0.96883
0.96364 0.92727
0.97662 0.88571
0.96623 0.84675
0.96623 0.80519
0.97662 0.76364
0.96104 0.72727
0.96623 0.68571
0.97403 0.64416
0.95844 0.60519
0.96364 0.56364
0.97143 0.52208
0.96364 0.48571
0.96364 0.44416
0.96623 0.4026
0.97143 0.36104
0.96364 0.32208
0.96364 0.28052
0.97662 0.23896
0.96623 0.2026
0.96623 0.16104
0.97662 0.11948
0.96364 0.080519
0.96623 0.038961
0.95584 0
0.91429 0.0077922
0.87273 0
0.83636 0.012987
0.8026 0.0077922
0.76104 0.0051948
0.71948 0.012987
0.68831 0.0025974
0.64675 0.0077922
0.60519 0.0025974
0.57662 0.0025974
0.53506 0.0077922
0.49351 0
0.45195 0.018182
0.42078 0.0077922
0.37922 0.0077922
0.33766 0.0077922
0.30909 0
0.26753 0.0077922
0.22597 0
0.19221 0.0077922
0.15325 0.0077922
0.11169 0
0.072727 0.015584
0.041558 0.0051948
0.0025974 0.01039
0.01039 0.051948
0.0025974 0.093506
0.018182 0.11429
0.01039 0.15584
0.0025974 0.1974
0 0.23896
0.0051948 0.25714
0.0077922 0.2987
0.0025974 0.34026
0.012987 0.36623
0.0077922 0.4026
0.0077922 0.44416
0 0.48571
0.015584 0.50649
0.0051948 0.52727
# triangles
8 16 18
16 17 18
1 2 3
1 3 103
39 40 41
27 30 49
41 42 43
34 36 43
47 48 49
77 99 103
97 98 99
80 97 99
53 75 77
60 61 62
60 62 67
3 4 21
8 10 16
10 15 16
10 11 15
3 21 23
21 22 23
3 23 103
23 27 103
36 37 43
37 41 43
30 31 32
30 32 49
34 35 36
34 43 44
27 52 103
52 53 77
52 77 103
50 51 52
27 49 50
27 50 52
56 70 72
56 57 70
77 79 99
79 80 99
62 63 65
62 65 67
63 64 65
57 58 59
57 59 70
59 60 67
5 6 7
4 5 21
8 9 10
11 14 15
11 12 14
12 13 14
19 20 21
5 19 21
5 7 19
7 8 19
8 18 19
0 1 103
23 24 25
23 25 27
27 29 30
27 28 29
32 34 46
34 44 46
46 47 49
32 46 49
44 45 46
32 33 34
38 39 41
37 38 41
54 72 75
54 56 72
53 54 75
54 55 56
84 93 94
84 94 96
82 84 96
82 83 84
80 82 97
82 96 97
75 76 77
80 81 82
84 85 93
85 86 87
85 92 93
85 87 92
65 66 67
59 68 70
59 67 68
101 102 103
99 101 103
99 100 101
25 26 27
77 78 79
68 69 70
94 95 96
87 90 92
90 91 92
87 88 90
88 89 90
70 71 72
72 73 74
72 74 75
