# points
0.40899 0.48764
0.39326 0.52135
0.37079 0.55506
0.34607 0.58202
0.31236 0.60449
0.27865 0.62022
0.24494 0.63146
0.21124 0.6382
0.17753 0.6427
0.14382 0.64494
0.11011 0.6427
0.076404 0.6382
0.042697 0.62921
0.0089888 0.61798
0.0022472 0.64045
0.0022472 0.67416
0.0022472 0.70787
0.0022472 0.74157
0 0.77528
0.0022472 0.80899
0.0022472 0.8427
0.013483 0.86292
0.047191 0.85393
0.080899 0.84719
0.11461 0.84045
0.14831 0.83371
0.18202 0.82697
0.21573 0.82247
0.24944 0.81798
0.28315 0.81348
0.31685 0.81124
0.35056 0.80899
0.38427 0.80674
0.41798 0.80449
0.45169 0.80449
0.48539 0.80449
0.5191 0.80449
0.55281 0.80449
0.58652 0.80674
0.62022 0.80899
0.65393 0.81124
0.68764 0.81348
0.72135 0.81798
0.75506 0.82022
0.78876 0.82697
0.82247 0.83146
0.85618 0.83596
0.88989 0.8427
0.9236 0.84944
0.9573 0.85618
0.99101 0.86517
1 0.84045
1 0.80674
1 0.77303
1 0.73933
1 0.70562
1 0.67191
1 0.6382
0.99101 0.61798
0.9573 0.63146
0.9236 0.64045
0.88989 0.64719
0.85618 0.64719
0.82247 0.64494
0.78876 0.6382
0.75506 0.62697
0.72135 0.61124
0.68764 0.59326
0.65393 0.56404
0.62921 0.53034
0.61124 0.49663
0.59775 0.46292
0.59101 0.42921
0.58427 0.39551
0.57978 0.3618
0.57753 0.32809
0.57528 0.29438
0.57528 0.26067
0.57753 0.22697
0.58202 0.19326
0.58427 0.15955
0.58876 0.12584
0.59326 0.092135
0.59775 0.058427
0.60449 0.024719
0.6 0
0.56629 0
0.53258 0
0.49888 0
0.46517 0
0.43146 0
0.42697 0.024719
0.42921 0.058427
0.43371 0.092135
0.43596 0.12584
0.4382 0.15955
0.44045 0.19326
0.4427 0.22697
0.44045 0.26067
0.44045 0.29438
0.4382 0.32809
0.43596 0.3618
0.43146 0.39551
0.42472 0.42921
0.41573 0.46292
0.40899 0.48764
# triangles
0 1 70
49 50 51
55 60 61
46 47 61
46 61 62
55 56 60
38 39 67
38 67 68
1 69 70
1 2 69
2 36 69
36 68 69
12 13 14
17 18 24
82 83 87
42 43 64
43 63 64
43 44 63
49 51 52
48 49 52
45 46 62
44 45 63
45 62 63
47 54 61
54 55 61
57 58 59
56 57 59
56 59 60
42 64 65
41 65 66
41 42 65
0 70 71
71 72 103
36 37 68
37 38 68
11 15 16
11 12 15
12 14 15
20 21 22
19 20 22
0 71 104
71 103 104
78 79 96
89 90 91
80 94 95
80 81 94
83 84 86
83 86 87
84 85 86
40 41 66
39 40 67
40 66 67
47 48 53
47 53 54
48 52 53
18 23 24
18 19 23
19 22 23
2 35 36
2 34 35
5 6 29
10 24 25
10 17 24
10 11 16
10 16 17
8 26 27
4 5 31
78 96 97
77 97 98
77 78 97
81 82 93
81 93 94
4 32 33
4 31 32
6 28 29
9 25 26
8 9 26
9 10 25
3 4 33
2 3 34
3 33 34
82 87 88
82 88 93
5 30 31
5 29 30
6 7 28
7 8 27
7 27 28
88 89 92
88 92 93
89 91 92
74 100 101
74 75 100
76 77 99
77 98 99
75 99 100
75 76 99
74 101 102
73 74 102
72 73 102
72 102 103
80 95 96
79 80 96
