# points
0 0.50135
0 0.54447
0 0.5876
0.0053908 0.62264
0.048518 0.61456
0.091644 0.60108
0.13477 0.5903
0.1779 0.57951
0.22102 0.56873
0.26415 0.55795
0.30728 0.54717
0.3504 0.53908
0.37736 0.58221
0.41779 0.61186
0.44744 0.63612
0.43666 0.67925
0.42857 0.72237
0.41779 0.7655
0.4097 0.80863
0.40162 0.85175
0.39084 0.89488
0.38275 0.93801
0.37197 0.98113
0.39353 1
0.43666 1
0.47978 1
0.52291 1
0.56604 1
0.60916 1
0.60377 0.96226
0.59299 0.91914
0.57951 0.87601
0.56873 0.83288
0.55526 0.78976
0.54447 0.74663
0.531 0.7035
0.52022 0.66038
0.50943 0.61725
0.55256 0.59299
0.58491 0.55256
0.61725 0.53908
0.66038 0.54987
0.7035 0.56065
0.74663 0.56873
0.78976 0.57951
0.83288 0.5903
0.87601 0.60108
0.91914 0.60916
0.96226 0.61995
0.98383 0.60377
0.98383 0.56065
0.98383 0.51752
0.98383 0.47439
0.98383 0.43127
0.98383 0.38814
0.95148 0.38275
0.90836 0.39353
0.86523 0.40431
0.8221 0.41509
0.77898 0.42588
0.73585 0.43666
0.69272 0.44744
0.6496 0.46092
0.60647 0.4717
0.58221 0.43935
0.54717 0.39892
0.51213 0.36927
0.52561 0.32615
0.53639 0.28302
0.54987 0.23989
0.56065 0.19677
0.57143 0.15364
0.58491 0.11051
0.59569 0.067385
0.60916 0.024259
0.59569 0
0.55256 0
0.50943 0
0.46631 0
0.42318 0
0.38005 0
0.37466 0.032345
0.38544 0.075472
0.39353 0.1186
0.40162 0.16173
0.4124 0.20485
0.42049 0.24798
0.42857 0.29111
0.43935 0.33423
0.44205 0.37466
0.39892 0.39353
0.36119 0.43396
0.33693 0.46631
0.2938 0.45553
0.25067 0.44205
0.20755 0.43127
0.16442 0.41779
0.12129 0.40701
0.078167 0.39623
0.03504 0.38275
0 0.38544
0 0.42857
0 0.4717
0 0.50135
# triangles
38 64 65
65 89 90
51 52 57
70 84 85
20 25 31
25 26 31
7 95 96
65 66 89
69 70 85
26 27 30
26 30 31
53 54 55
43 44 59
79 81 82
78 79 82
79 80 81
73 76 77
74 75 76
73 74 76
72 73 77
45 57 58
44 58 59
44 45 58
53 55 56
52 53 56
52 56 57
0 97 102
97 98 102
98 101 102
20 24 25
2 3 4
6 96 97
6 7 96
0 6 97
0 5 6
0 1 5
1 2 4
1 4 5
7 8 95
16 17 34
67 87 88
66 88 89
66 67 88
69 85 86
67 68 87
68 86 87
68 69 86
43 59 60
42 43 60
42 60 61
40 62 63
11 12 91
12 65 91
65 90 91
9 93 94
8 9 94
8 94 95
9 10 93
17 33 34
19 20 31
19 31 32
27 28 29
27 29 30
46 47 51
46 51 57
45 46 57
47 50 51
48 49 50
47 48 50
78 82 83
77 78 83
72 77 83
70 71 84
71 83 84
71 72 83
99 100 101
98 99 101
21 23 24
21 22 23
20 21 24
39 40 63
38 39 64
39 63 64
40 41 62
41 42 61
41 61 62
37 38 65
16 34 35
15 35 36
15 16 35
11 91 92
10 11 92
10 92 93
18 32 33
18 19 32
17 18 33
12 13 65
13 37 65
14 15 36
14 36 37
13 14 37
