# points
0.36889 0.49111
0.37778 0.51778
0.37556 0.55778
0.37111 0.59778
0.33778 0.61778
0.29778 0.62
0.26889 0.61556
0.23111 0.61778
0.19111 0.62
0.16222 0.61111
0.12444 0.61778
0.084444 0.61778
0.055556 0.60889
0.017778 0.61556
0.015556 0.64889
0.0066667 0.68444
0.0088889 0.71333
0.013333 0.75333
0 0.79333
0.0088889 0.81333
0.0088889 0.85333
0.024444 0.86444
0.064444 0.86667
0.10444 0.86222
0.12667 0.87111
0.16444 0.86444
0.20222 0.86667
0.22667 0.88222
0.26444 0.86222
0.29778 0.87111
0.33556 0.87111
0.35778 0.86444
0.39778 0.86667
0.43556 0.86222
0.45778 0.86889
0.49778 0.86444
0.53111 0.86889
0.55556 0.88222
0.59111 0.86222
0.62889 0.87111
0.66444 0.87111
0.69111 0.86444
0.72889 0.86444
0.76444 0.86222
0.78667 0.87111
0.82444 0.86444
0.86222 0.86667
0.88667 0.88222
0.92444 0.86222
0.95778 0.87111
0.99333 0.85333
0.99111 0.81778
1 0.77778
0.99111 0.74667
0.99111 0.70889
1 0.66889
0.99111 0.63778
0.97778 0.61111
0.94 0.61778
0.91111 0.60889
0.87111 0.61111
0.83111 0.62
0.80444 0.60889
0.76444 0.61111
0.72444 0.62444
0.69778 0.61333
0.65778 0.61333
0.64444 0.59111
0.63333 0.55111
0.63333 0.51111
0.64222 0.47111
0.63556 0.43333
0.63778 0.39333
0.63556 0.35333
0.63778 0.31333
0.64 0.27333
0.63778 0.23556
0.64 0.19556
0.64222 0.15556
0.63556 0.11556
0.63333 0.075556
0.64444 0.035556
0.62667 0.0088889
0.58667 0.0066667
0.54667 0.017778
0.52444 0.0066667
0.48444 0.0088889
0.44444 0.015556
0.42222 0
0.38222 0.011111
0.36889 0.042222
0.37556 0.068889
0.37556 0.10889
0.36889 0.14889
0.37111 0.18
0.37556 0.21333
0.36889 0.25333
0.36667 0.29111
0.37111 0.32
0.36889 0.36
0.36444 0.4
0.37111 0.42667
0.37111 0.46667
0.36889 0.49111
# triangles
49 50 51
19 20 21
17 18 19
17 19 23
19 21 22
19 22 23
23 24 25
74 75 98
64 65 66
71 101 102
69 71 102
81 82 83
80 81 83
80 83 84
10 17 23
10 23 25
8 10 25
8 25 26
26 27 28
1 69 102
1 68 69
5 28 29
77 78 94
99 100 101
3 67 68
3 66 67
41 64 66
69 70 71
48 49 51
75 76 96
79 80 84
79 84 92
79 92 93
78 79 94
79 93 94
11 15 16
10 16 17
10 11 16
2 3 68
1 2 68
3 4 33
7 8 26
7 26 28
71 72 101
72 99 101
73 74 98
73 98 99
72 73 99
11 14 15
11 12 14
12 13 14
75 96 97
75 97 98
8 9 10
54 55 58
51 52 53
48 51 53
77 94 95
76 77 95
76 95 96
84 86 92
84 85 86
5 29 31
4 5 31
5 6 28
6 7 28
39 41 66
38 39 66
3 35 66
3 33 35
33 34 35
42 43 64
41 42 64
43 44 45
56 57 58
55 56 58
54 59 60
54 58 59
87 91 92
86 87 92
87 90 91
87 88 89
87 89 90
4 32 33
4 31 32
0 1 102
39 40 41
36 38 66
35 36 66
36 37 38
54 60 61
53 54 61
43 45 61
61 62 63
43 61 64
61 63 64
29 30 31
46 53 61
45 46 61
46 48 53
46 47 48
