# points
0.010582 0.48677
0.010582 0.52646
0.031746 0.56614
0.050265 0.60582
0.05291 0.6455
0.050265 0.68519
0.047619 0.72487
0.042328 0.76455
0.037037 0.80423
0.031746 0.84392
0.02381 0.8836
0.015873 0.92328
0.0079365 0.96296
0.0079365 0.99471
0.047619 0.98148
0.087302 0.9709
0.12698 0.96032
0.16667 0.95238
0.20635 0.94444
0.24603 0.93651
0.28571 0.92857
0.3254 0.92063
0.36508 0.91799
0.40476 0.92328
0.44444 0.94444
0.48413 0.95238
0.52381 0.95767
0.56349 0.95767
0.60317 0.94709
0.64286 0.93122
0.68254 0.9127
0.72222 0.92593
0.7619 0.93651
0.80159 0.94444
0.84127 0.95238
0.88095 0.96296
0.92063 0.97354
0.96032 0.98677
1 0.99735
0.99206 0.96032
0.97884 0.92063
0.96825 0.88095
0.95767 0.84127
0.94974 0.80159
0.9418 0.7619
0.93386 0.72222
0.93122 0.68254
0.93122 0.64286
0.9418 0.60317
0.95238 0.56349
0.95503 0.52381
0.94974 0.48413
0.93915 0.44444
0.92593 0.40476
0.92063 0.36508
0.92063 0.3254
0.93386 0.28571
0.9418 0.24603
0.94974 0.20635
0.95767 0.16667
0.96561 0.12698
0.97619 0.087302
0.98677 0.047619
0.99735 0.0079365
0.97619 0.0026455
0.93651 0.013228
0.89683 0.021164
0.85714 0.029101
0.81746 0.037037
0.77778 0.044974
0.7381 0.050265
0.69841 0.055556
0.65873 0.060847
0.61905 0.063492
0.57937 0.042328
0.53968 0.026455
0.5 0.02381
0.46032 0.029101
0.42063 0.047619
0.38095 0.063492
0.34127 0.058201
0.30159 0.055556
0.2619 0.050265
0.22222 0.044974
0.18254 0.037037
0.14286 0.029101
0.10317 0.018519
0.063492 0.010582
0.02381 0
0 0.0079365
0.0079365 0.047619
0.018519 0.087302
0.02381 0.12698
0.031746 0.16667
0.037037 0.20635
0.042328 0.24603
0.044974 0.28571
0.050265 0.3254
0.055556 0.36508
0.05291 0.40476
0.034392 0.44444
0.013228 0.48413
0.010582 0.48677
# triangles
7 18 19
62 63 64
86 91 92
0 1 101
86 87 91
79 98 99
3 99 100
8 17 18
7 8 18
6 19 20
6 7 19
35 36 41
33 34 43
34 42 43
35 41 42
34 35 42
88 89 90
87 88 90
87 90 91
79 80 98
57 69 70
53 73 79
1 2 101
2 100 101
2 3 100
5 20 21
5 6 20
62 64 65
33 43 44
32 33 44
61 62 65
60 61 66
61 65 66
30 47 53
55 56 70
56 57 70
57 58 69
84 93 94
85 86 92
85 92 93
84 85 93
80 97 98
60 66 67
59 60 67
53 54 73
54 55 73
55 72 73
8 9 17
4 5 21
36 40 41
49 50 51
48 49 51
47 48 53
37 38 39
36 37 40
37 39 40
30 46 47
30 45 46
30 31 45
31 32 44
31 44 45
23 30 53
3 23 99
23 79 99
23 53 79
23 29 30
82 95 96
83 84 94
83 94 95
82 83 95
80 81 97
81 82 96
81 96 97
73 78 79
55 70 71
55 71 72
10 11 15
9 16 17
9 10 16
10 15 16
48 52 53
48 51 52
26 27 28
3 22 23
3 4 22
4 21 22
23 25 29
25 28 29
25 26 28
23 24 25
76 77 78
74 76 78
74 75 76
73 74 78
59 67 68
58 68 69
58 59 68
11 14 15
12 13 14
11 12 14
