# points
0.25065 0.44703
0.26615 0.47287
0.28165 0.49871
0.29457 0.52455
0.31008 0.55039
0.32558 0.57623
0.3385 0.60207
0.35401 0.62791
0.36951 0.65375
0.38243 0.67959
0.39793 0.70543
0.41344 0.73127
0.42636 0.75711
0.44186 0.78295
0.45736 0.80879
0.47028 0.83463
0.48579 0.86047
0.50129 0.88114
0.5168 0.8553
0.52972 0.82946
0.54522 0.80362
0.56072 0.77778
0.57364 0.75194
0.58915 0.7261
0.60465 0.70026
0.61757 0.67442
0.63307 0.64858
0.64858 0.62274
0.6615 0.5969
0.677 0.57106
0.69251 0.54522
0.70801 0.51938
0.72093 0.49354
0.73643 0.4677
0.75194 0.44186
0.76486 0.41602
0.78036 0.39018
0.79587 0.36434
0.80879 0.3385
0.82429 0.31266
0.83979 0.28682
0.85271 0.26098
0.86822 0.23514
0.88372 0.2093
0.89664 0.18346
0.91214 0.15762
0.92765 0.13178
0.94057 0.10594
0.95607 0.080103
0.97158 0.054264
0.9845 0.028424
1 0.002584
0.97674 0
0.9509 0
0.92506 0
0.89922 0
0.87339 0
0.84755 0
0.82171 0
0.79587 0
0.77003 0
0.74419 0
0.71835 0
0.69251 0
0.66667 0
0.64083 0
0.61499 0
0.58915 0
0.56331 0
0.53747 0
0.51163 0
0.48579 0
0.45995 0
0.43411 0
0.40827 0
0.38243 0
0.35659 0
0.33075 0
0.30491 0
0.27907 0
0.25323 0
0.22739 0
0.20155 0
0.17571 0
0.14987 0
0.12403 0
0.098191 0
0.072351 0
0.046512 0
0.020672 0
0 0.002584
0.01292 0.028424
0.028424 0.054264
0.043928 0.080103
0.056848 0.10594
0.072351 0.13178
0.087855 0.15762
0.10078 0.18346
0.11628 0.2093
0.13178 0.23514
0.1447 0.26098
0.16021 0.28682
0.17571 0.31266
0.18863 0.3385
0.20413 0.36434
0.21964 0.39018
0.23256 0.41602
0.24806 0.44186
0.25065 0.44703
# triangles
16 17 18
15 16 18
49 50 53
49 53 54
50 51 52
50 52 53
40 41 64
15 18 19
39 40 64
14 15 19
14 19 20
13 14 20
89 90 91
35 69 70
13 20 21
2 3 31
3 30 31
48 54 55
47 48 55
48 49 54
44 45 59
8 25 26
8 9 25
2 31 32
1 32 33
1 2 32
39 64 65
35 36 69
38 66 67
37 38 67
38 65 66
38 39 65
42 43 61
47 55 56
45 46 57
46 56 57
46 47 56
45 58 59
45 57 58
12 21 22
12 13 21
7 27 28
7 26 27
7 8 26
35 70 107
34 35 107
1 33 107
33 34 107
6 7 28
79 99 100
36 68 69
37 67 68
36 37 68
41 63 64
43 44 60
43 60 61
44 59 60
11 22 23
11 12 22
0 1 107
3 4 30
4 29 30
5 28 29
5 6 28
4 5 29
70 71 107
71 106 107
71 72 105
71 105 106
78 79 100
78 100 101
88 89 91
41 62 63
41 42 62
42 61 62
10 24 25
9 10 25
10 23 24
10 11 23
72 73 105
73 74 104
73 104 105
77 78 101
77 101 102
76 77 102
75 76 102
74 75 104
84 95 96
79 80 99
75 103 104
75 102 103
86 93 94
85 86 94
84 85 95
85 94 95
83 84 96
82 83 96
81 82 97
82 96 97
86 87 93
81 97 98
80 81 98
80 98 99
87 88 92
87 92 93
88 91 92
