# points
0 0.44646
0.0080808 0.47677
0.062626 0.48283
0.088889 0.51515
0.10909 0.53535
0.16768 0.53939
0.18384 0.57172
0.24242 0.55556
0.26667 0.57778
0.25253 0.62626
0.21818 0.67879
0.25051 0.69495
0.22222 0.75354
0.23636 0.79394
0.22222 0.84444
0.23636 0.87677
0.28283 0.84848
0.32323 0.84848
0.36768 0.80202
0.40404 0.81616
0.42626 0.75758
0.45657 0.70505
0.48081 0.69293
0.50101 0.64242
0.50505 0.69293
0.53333 0.69697
0.5596 0.74545
0.5798 0.78586
0.6202 0.8202
0.65455 0.87071
0.68485 0.84848
0.71111 0.87273
0.75152 0.90303
0.75354 0.84848
0.76768 0.81212
0.77778 0.79394
0.76364 0.73939
0.75758 0.69697
0.73939 0.65657
0.76162 0.61414
0.72121 0.58586
0.72121 0.56162
0.77778 0.57778
0.82626 0.55556
0.87879 0.56768
0.90707 0.54545
0.89495 0.51313
0.94747 0.51111
0.98384 0.50505
1 0.44848
1 0.42424
0.95152 0.41414
0.89899 0.4
0.88687 0.36566
0.82828 0.35556
0.7899 0.34141
0.73737 0.34747
0.70707 0.34949
0.68081 0.32121
0.71515 0.29495
0.7596 0.24646
0.72525 0.22424
0.76364 0.17778
0.75354 0.13333
0.77172 0.080808
0.78384 0.040404
0.75556 0.018182
0.70909 0.018182
0.66465 0.048485
0.62828 0.042424
0.59192 0.078788
0.57172 0.13535
0.53131 0.14747
0.52525 0.18586
0.49899 0.16364
0.47879 0.16566
0.44848 0.13131
0.4303 0.092929
0.38788 0.080808
0.36566 0.036364
0.33333 0.020202
0.29899 0.040404
0.26263 0
0.23838 0.012121
0.25657 0.050505
0.21616 0.086869
0.23636 0.12929
0.25657 0.1798
0.25657 0.2101
0.27879 0.24646
0.29899 0.28485
0.30707 0.31717
0.34545 0.35152
0.30707 0.34949
0.26061 0.33535
0.2101 0.36162
0.16768 0.34141
0.11717 0.3596
0.12525 0.38788
0.086869 0.3798
0.036364 0.39394
0.0020202 0.44242
0 0.44646
# triangles
23 58 92
23 57 58
31 32 33
47 48 49
23 41 57
14 15 16
5 6 7
5 7 95
5 95 98
3 5 98
7 92 93
7 93 95
95 96 98
7 8 92
8 23 92
9 10 11
49 50 51
47 49 51
58 73 92
73 75 92
0 1 101
2 3 98
1 2 101
3 4 5
93 94 95
96 97 98
76 77 78
9 11 21
8 21 23
8 9 21
11 12 13
13 14 16
41 42 43
23 40 41
71 72 73
58 61 73
61 71 73
75 90 92
75 76 90
76 89 90
78 86 87
87 88 89
76 78 87
76 87 89
78 81 86
2 100 101
13 16 18
11 13 18
25 26 38
25 38 40
23 25 40
23 24 25
38 39 40
30 31 33
26 37 38
58 59 61
59 60 61
52 53 54
41 43 56
41 56 57
43 54 56
54 55 56
44 45 46
43 44 46
43 46 54
46 52 54
46 47 51
46 51 52
73 74 75
61 63 71
90 91 92
78 79 81
84 85 86
81 84 86
82 83 84
81 82 84
2 98 99
2 99 100
11 20 21
11 18 20
16 17 18
21 22 23
30 33 34
30 34 36
28 30 36
28 36 37
28 29 30
64 65 66
64 66 67
68 69 70
64 67 68
63 64 68
68 70 71
63 68 71
79 80 81
34 35 36
26 27 37
27 28 37
61 62 63
18 19 20
