# points
0.028646 0.48958
0.013021 0.53906
0 0.58854
0.028646 0.63021
0.078125 0.66667
0.1276 0.70312
0.17708 0.73958
0.22656 0.77604
0.27604 0.8125
0.32552 0.84896
0.375 0.88542
0.42448 0.92188
0.47396 0.95833
0.52344 0.95833
0.57292 0.92188
0.6224 0.88542
0.67188 0.84896
0.72135 0.8125
0.73177 0.77604
0.68229 0.73698
0.63281 0.70052
0.58333 0.66146
0.53385 0.625
0.48438 0.58594
0.4349 0.54948
0.38542 0.51302
0.33594 0.47396
0.28646 0.4375
0.26042 0.39844
0.30729 0.3776
0.35677 0.41667
0.40625 0.45312
0.45573 0.49219
0.50521 0.53125
0.55469 0.57031
0.60417 0.60938
0.65365 0.64583
0.70312 0.6849
0.7526 0.72396
0.80208 0.7526
0.85156 0.71615
0.90104 0.67969
0.95052 0.64323
1 0.60677
0.98698 0.55729
0.97135 0.50781
0.95573 0.45833
0.9401 0.40885
0.92448 0.35938
0.90885 0.3099
0.89323 0.26042
0.8776 0.21094
0.86198 0.16146
0.84635 0.11198
0.83073 0.0625
0.8151 0.013021
0.77344 0
0.72396 0
0.67448 0
0.625 0
0.57552 0
0.52604 0
0.47656 0
0.42708 0
0.3776 0
0.32812 0
0.27865 0
0.22917 0
0.17969 0
0.19792 0.026042
0.2474 0.0625
0.29688 0.10156
0.34635 0.13802
0.39583 0.17708
0.44531 0.21354
0.49479 0.25
0.54427 0.28906
0.59375 0.32552
0.64323 0.36458
0.69271 0.40104
0.74219 0.4401
0.79167 0.47656
0.77604 0.52604
0.73698 0.52083
0.6875 0.47917
0.63802 0.4401
0.58854 0.39844
0.53906 0.35677
0.48958 0.31771
0.4401 0.27604
0.39062 0.23438
0.34115 0.19531
0.29167 0.15365
0.24219 0.11198
0.19271 0.070312
0.15885 0.070312
0.14323 0.11979
0.1276 0.16927
0.11198 0.21875
0.096354 0.26823
0.080729 0.31771
0.067708 0.36719
0.052083 0.41667
0.036458 0.46615
0.028646 0.48958
# triangles
4 5 27
0 4 27
0 27 103
27 28 103
28 102 103
5 26 27
29 89 90
62 73 74
64 65 71
64 71 72
28 100 101
28 101 102
1 3 4
0 1 4
1 2 3
6 7 25
5 6 26
6 25 26
8 9 23
9 10 22
9 22 23
61 62 74
60 61 75
61 74 75
59 60 75
59 75 76
65 66 71
66 70 71
29 90 91
29 91 92
63 64 72
62 63 73
63 72 73
28 29 98
29 92 98
8 23 24
7 8 24
7 24 25
15 16 20
54 56 57
53 54 57
54 55 56
53 57 58
58 59 76
29 30 89
30 88 89
30 31 88
66 67 70
94 95 96
93 94 96
28 99 100
28 98 99
16 19 20
15 20 21
10 11 21
10 21 22
14 15 21
11 14 21
67 68 69
67 69 70
92 97 98
92 93 97
93 96 97
17 18 19
16 17 19
49 50 79
49 79 80
50 51 79
48 49 80
37 38 82
51 52 78
51 78 79
34 35 84
48 80 81
45 46 81
45 81 82
52 77 78
52 53 77
58 76 77
53 58 77
37 82 83
36 37 83
35 36 83
35 83 84
33 34 85
34 84 85
46 47 81
47 48 81
41 42 82
42 44 45
42 45 82
42 43 44
38 40 82
40 41 82
38 39 40
31 32 87
31 87 88
33 85 86
32 33 86
32 86 87
11 12 14
12 13 14
