# points
0 0.49855
0.031884 0.51884
0.066667 0.53623
0.10435 0.55652
0.14203 0.57681
0.17971 0.5913
0.21739 0.6029
0.23188 0.62609
0.21449 0.66377
0.1971 0.70145
0.18261 0.73913
0.17391 0.77681
0.15942 0.81449
0.15072 0.85217
0.17391 0.85507
0.21159 0.84348
0.24928 0.83188
0.28696 0.81739
0.32464 0.8058
0.36232 0.78551
0.4 0.77101
0.4087 0.8087
0.42609 0.84638
0.44058 0.88406
0.45797 0.91884
0.48116 0.95652
0.49855 0.9913
0.51884 0.9942
0.53913 0.95652
0.55942 0.91884
0.57681 0.88116
0.5942 0.84348
0.6087 0.8058
0.62609 0.77101
0.66377 0.7913
0.69855 0.8058
0.73623 0.82029
0.77391 0.83188
0.81159 0.84348
0.84928 0.85507
0.86377 0.84348
0.85217 0.8058
0.84348 0.76812
0.82899 0.73043
0.81739 0.69275
0.8029 0.65507
0.78261 0.61739
0.81159 0.6029
0.84928 0.58841
0.88696 0.57101
0.92464 0.55072
0.95942 0.53043
0.9942 0.51014
1 0.48986
0.96522 0.47246
0.92754 0.44928
0.88986 0.42899
0.85217 0.41159
0.81449 0.3971
0.78261 0.38261
0.8 0.34493
0.81739 0.30725
0.82899 0.26957
0.84058 0.23188
0.85217 0.1942
0.86377 0.15652
0.84348 0.15072
0.8058 0.16232
0.76812 0.17101
0.73043 0.18261
0.69275 0.1942
0.65507 0.21159
0.62029 0.22319
0.6087 0.18551
0.5913 0.14783
0.57391 0.11014
0.55362 0.072464
0.53333 0.037681
0.51304 0
0.49275 0.023188
0.47536 0.057971
0.45217 0.095652
0.43188 0.13333
0.41739 0.17101
0.4029 0.2087
0.37971 0.21739
0.34203 0.2
0.30435 0.18551
0.26667 0.17391
0.22899 0.16232
0.1913 0.15072
0.15362 0.14203
0.15942 0.17101
0.17101 0.2087
0.17971 0.24638
0.1942 0.28406
0.2087 0.32174
0.22609 0.35942
0.22609 0.3913
0.18841 0.4058
0.15072 0.42029
0.11304 0.43768
0.075362 0.45797
0.037681 0.47826
0 0.49855
0 0.49855
# triangles
10 11 16
10 16 17
11 15 16
7 20 98
20 72 98
25 28 29
26 27 28
25 26 28
24 25 29
39 40 41
2 102 103
2 3 102
9 10 17
9 17 18
11 12 15
4 5 100
20 59 72
20 33 59
33 46 59
23 24 30
24 29 30
37 38 42
38 41 42
38 39 41
0 1 103
1 2 103
6 7 98
7 19 20
22 30 31
22 23 30
12 13 14
12 14 15
77 78 79
3 4 101
4 100 101
3 101 102
5 99 100
6 98 99
5 6 99
20 32 33
20 21 32
22 31 32
21 22 32
61 69 70
63 64 67
63 67 68
37 42 43
36 37 43
35 36 43
35 43 44
35 44 45
8 9 18
8 18 19
7 8 19
74 75 82
59 71 72
61 62 69
62 63 68
62 68 69
49 56 57
64 65 66
64 66 67
34 35 45
33 34 46
34 45 46
90 91 92
90 92 93
75 76 81
75 81 82
73 74 83
74 82 83
88 94 95
86 96 97
51 54 55
52 53 54
51 52 54
48 49 57
50 55 56
49 50 56
50 51 55
60 61 70
60 70 71
59 60 71
76 77 80
76 80 81
77 79 80
72 73 84
73 83 84
72 84 98
87 88 95
86 87 96
87 95 96
89 93 94
88 89 94
89 90 93
46 47 59
85 97 98
84 85 98
85 86 97
48 57 58
47 48 58
47 58 59
