# points
0 0.49432
0.0625 0.52273
0.13068 0.54261
0.20455 0.55398
0.28409 0.55398
0.36648 0.54545
0.31818 0.58523
0.25284 0.63352
0.19602 0.6875
0.14773 0.74716
0.099432 0.80398
0.056818 0.86648
0.025568 0.9375
0.03125 0.99432
0.099432 0.94886
0.16193 0.91761
0.22727 0.87784
0.28977 0.83239
0.34375 0.77557
0.3892 0.71023
0.43182 0.64205
0.44602 0.67898
0.4375 0.76136
0.45455 0.82955
0.47443 0.89773
0.49716 0.96307
0.5142 0.95455
0.53977 0.8892
0.5625 0.8267
0.56818 0.75284
0.55966 0.67045
0.57955 0.65057
0.625 0.71591
0.6733 0.77557
0.72443 0.83807
0.78693 0.88352
0.84943 0.9233
0.91761 0.95455
0.9858 0.99716
0.97727 0.93182
0.94886 0.8608
0.90909 0.79545
0.85511 0.74148
0.80682 0.68466
0.75 0.62784
0.68182 0.58239
0.65057 0.55114
0.73295 0.55398
0.8125 0.55398
0.88636 0.54261
0.95455 0.52273
1 0.49432
0.93466 0.46591
0.86648 0.44886
0.79261 0.4375
0.71591 0.43182
0.63068 0.44318
0.69886 0.40057
0.7642 0.35227
0.82102 0.2983
0.86932 0.23864
0.90909 0.17614
0.96023 0.11648
0.98864 0.045455
0.96591 0
0.89773 0.042614
0.83807 0.082386
0.77273 0.11932
0.71307 0.16761
0.65909 0.22443
0.6108 0.28977
0.56818 0.35795
0.56534 0.30114
0.56534 0.22443
0.55114 0.15057
0.53409 0.082386
0.50852 0.017045
0.4858 0.045455
0.45739 0.10227
0.44318 0.17045
0.44318 0.25
0.4517 0.33239
0.4233 0.33239
0.37784 0.2642
0.3267 0.20739
0.27557 0.15057
0.21591 0.099432
0.15057 0.0625
0.082386 0.028409
0.014205 0.0028409
0.036932 0.068182
0.065341 0.1392
0.10511 0.20455
0.15909 0.26136
0.21023 0.31534
0.26705 0.36932
0.33523 0.41477
0.34659 0.44318
0.2642 0.43466
0.18466 0.43466
0.1108 0.44886
0.051136 0.47159
0 0.49432
# triangles
88 89 90
88 90 91
0 1 101
10 15 16
8 17 18
9 10 16
8 9 17
9 16 17
36 40 41
33 34 43
34 42 43
63 64 65
50 51 52
48 53 54
22 23 29
23 28 29
6 19 20
5 6 20
12 13 14
36 37 40
35 41 42
34 35 42
35 36 41
62 63 65
87 88 91
87 91 92
33 43 44
32 33 44
47 48 54
48 49 53
49 50 52
49 52 53
6 7 19
7 8 18
7 18 19
20 31 46
10 11 15
11 14 15
11 12 14
24 25 26
23 27 28
23 24 27
24 26 27
37 38 39
37 39 40
20 46 56
5 20 56
59 60 68
31 45 46
32 44 45
31 32 45
2 99 100
1 100 101
1 2 100
2 3 99
21 22 29
21 29 30
20 30 31
20 21 30
47 54 55
46 47 55
46 55 56
60 61 67
60 67 68
3 98 99
59 68 69
72 80 81
61 66 67
61 62 66
62 65 66
3 4 98
4 5 97
4 97 98
56 57 71
71 72 81
5 56 71
5 71 97
71 81 97
58 59 69
72 73 80
73 74 79
73 79 80
82 96 97
81 82 97
57 70 71
58 69 70
57 58 70
74 75 78
74 78 79
83 95 96
82 83 96
75 76 77
75 77 78
84 94 95
83 84 95
84 93 94
84 85 93
86 87 92
86 92 93
85 86 93
