# points
0.20052 0.46615
0.21875 0.49219
0.23958 0.51823
0.26042 0.54167
0.28125 0.5651
0.30729 0.59115
0.33073 0.61198
0.35417 0.63281
0.3776 0.65365
0.40104 0.67448
0.42708 0.69531
0.44792 0.71615
0.46875 0.73958
0.48698 0.76302
0.5026 0.78906
0.51823 0.8151
0.53125 0.84115
0.54167 0.86719
0.55208 0.89323
0.5651 0.89583
0.58333 0.86979
0.60156 0.84375
0.61979 0.81771
0.63542 0.79167
0.64844 0.76562
0.66146 0.73958
0.67188 0.71354
0.68229 0.6875
0.69271 0.66146
0.70052 0.63542
0.70573 0.60938
0.71094 0.58333
0.71615 0.55729
0.71875 0.53125
0.72396 0.50521
0.72656 0.47917
0.72917 0.45312
0.73177 0.42708
0.73438 0.40104
0.73958 0.375
0.7474 0.34896
0.75781 0.32292
0.77083 0.29688
0.78646 0.27083
0.80469 0.24479
0.82292 0.21875
0.84635 0.19271
0.86979 0.16667
0.89062 0.14323
0.91406 0.11719
0.9375 0.09375
0.95833 0.070312
0.98177 0.044271
1 0.018229
0.98438 0.010417
0.95833 0.0078125
0.93229 0.0052083
0.90625 0.0052083
0.88021 0.0026042
0.85417 0.0026042
0.82812 0
0.80208 0
0.77604 0
0.75 0
0.72396 0
0.69792 0
0.67188 0
0.64583 0.0026042
0.61979 0.0052083
0.59375 0.0052083
0.56771 0.0078125
0.54167 0.010417
0.51562 0.013021
0.48958 0.018229
0.46354 0.018229
0.4375 0.023438
0.41146 0.026042
0.38542 0.028646
0.35938 0.028646
0.33333 0.03125
0.30729 0.033854
0.28125 0.033854
0.25521 0.033854
0.22917 0.033854
0.20312 0.03125
0.17708 0.028646
0.15104 0.028646
0.125 0.026042
0.098958 0.023438
0.072917 0.020833
0.046875 0.018229
0.020833 0.015625
0 0.020833
0.013021 0.046875
0.023438 0.072917
0.033854 0.098958
0.044271 0.125
0.052083 0.15104
0.0625 0.17708
0.072917 0.20312
0.083333 0.22917
0.09375 0.25521
0.10417 0.28125
0.11458 0.30729
0.1276 0.33333
0.13802 0.35938
0.15104 0.38542
0.16667 0.41146
0.18229 0.4375
0.20052 0.46354
0.20052 0.46615
# triangles
18 19 20
41 72 73
15 22 23
10 29 30
52 53 54
6 35 36
40 41 73
42 43 68
41 42 70
17 18 20
15 21 22
11 27 28
11 28 29
10 11 29
10 30 31
45 46 63
52 54 55
51 55 56
51 52 55
46 62 63
46 47 62
4 37 38
2 38 39
45 63 64
45 64 65
43 67 68
43 44 67
44 45 65
42 68 69
42 69 70
41 71 72
41 70 71
80 103 104
80 81 103
81 82 102
82 101 102
81 102 103
16 20 21
16 17 20
15 16 21
12 26 27
11 12 27
8 9 33
9 10 31
7 33 34
7 8 33
7 34 35
6 7 35
49 50 58
49 58 59
48 49 59
48 59 60
47 61 62
47 48 61
48 60 61
4 5 37
5 6 36
5 36 37
1 39 109
1 2 39
0 1 109
3 4 38
2 3 38
44 65 66
44 66 67
77 108 109
77 107 108
73 74 75
40 73 75
39 40 75
91 92 93
85 86 98
82 83 101
85 98 99
84 85 99
83 84 99
90 91 93
13 25 26
12 13 26
13 24 25
9 32 33
9 31 32
50 57 58
51 56 57
50 51 57
76 77 109
39 76 109
39 75 76
86 97 98
86 96 97
90 93 94
89 94 95
89 90 94
86 87 96
77 78 107
83 100 101
83 99 100
14 15 23
14 23 24
13 14 24
88 89 95
88 95 96
87 88 96
79 105 106
79 106 107
78 79 107
79 80 104
79 104 105
