# points
0.055138 0.53133
0.06015 0.57644
0.045113 0.62155
0.010025 0.65664
0.052632 0.66667
0.097744 0.67168
0.14286 0.67669
0.18797 0.6792
0.23308 0.6792
0.2782 0.67669
0.32331 0.66917
0.36842 0.65915
0.41353 0.6416
0.45865 0.61905
0.48622 0.6391
0.49123 0.68421
0.49123 0.72932
0.48872 0.77444
0.4787 0.81955
0.46366 0.86466
0.44862 0.90977
0.43108 0.95489
0.41103 1
0.4386 0.99248
0.48371 0.96241
0.52882 0.93985
0.57393 0.92982
0.61905 0.94737
0.64912 0.99248
0.65664 0.95739
0.65915 0.91228
0.66165 0.86717
0.66165 0.82206
0.65915 0.77694
0.65414 0.73183
0.64662 0.68672
0.63158 0.6416
0.61404 0.59649
0.58647 0.55138
0.61153 0.52882
0.65664 0.5213
0.70175 0.5188
0.74687 0.52381
0.79198 0.53133
0.83709 0.54386
0.88221 0.5589
0.92732 0.57393
0.97243 0.59148
0.98496 0.57895
0.95739 0.53383
0.93484 0.48872
0.9198 0.44361
0.92481 0.3985
0.96491 0.3609
0.9599 0.34837
0.91479 0.34085
0.86967 0.33584
0.82456 0.33333
0.77945 0.33083
0.73434 0.33333
0.68922 0.33333
0.64411 0.34085
0.599 0.35088
0.55388 0.36591
0.50877 0.38596
0.49123 0.3609
0.49373 0.31579
0.49875 0.27068
0.50877 0.22556
0.52381 0.18045
0.54135 0.13534
0.5614 0.090226
0.57895 0.045113
0.599 0
0.56892 0.022556
0.52381 0.052632
0.4787 0.067669
0.43358 0.067669
0.38847 0.042607
0.35088 0.0050125
0.34586 0.050125
0.34336 0.095238
0.33835 0.14035
0.33584 0.18546
0.33333 0.23058
0.33584 0.27569
0.33835 0.3208
0.34586 0.36591
0.3609 0.41103
0.37845 0.45614
0.34085 0.47368
0.29574 0.4787
0.25063 0.4787
0.20551 0.47118
0.1604 0.46115
0.11529 0.44612
0.070175 0.43108
0.025063 0.41353
0 0.41604
0.027569 0.46115
0.047619 0.50627
0.055138 0.53133
# triangles
53 54 55
26 30 31
6 7 93
8 92 93
7 8 93
15 16 35
47 48 49
26 27 30
69 82 83
68 69 83
14 37 38
38 39 64
26 31 32
8 9 92
43 51 57
51 56 57
95 96 100
27 28 29
27 29 30
78 79 80
69 76 77
69 77 82
68 83 84
15 35 36
14 15 36
14 36 37
39 40 62
39 62 63
39 63 64
43 57 58
42 43 58
41 42 59
41 59 60
42 58 59
17 32 33
46 47 49
45 46 49
43 44 51
16 34 35
17 33 34
16 17 34
9 91 92
38 64 89
20 21 24
21 22 23
21 23 24
52 53 55
52 55 56
51 52 56
45 49 50
44 45 50
44 50 51
2 4 5
2 3 4
0 94 95
0 95 100
96 97 99
96 99 100
97 98 99
77 81 82
77 78 81
78 80 81
66 67 85
67 84 85
67 68 84
66 85 86
65 88 89
64 65 89
72 74 75
71 72 75
72 73 74
70 75 76
70 71 75
69 70 76
41 60 61
40 41 61
40 61 62
20 24 25
19 20 25
19 25 26
18 26 32
17 18 32
18 19 26
13 14 38
13 38 89
13 89 90
12 13 90
9 10 91
0 1 94
1 6 93
1 93 94
1 5 6
1 2 5
66 86 87
65 66 87
65 87 88
11 12 90
11 90 91
10 11 91
