# points
0.17196 0.43122
0.13228 0.45503
0.095238 0.47884
0.058201 0.51323
0.029101 0.54762
0 0.5873
0.021164 0.60847
0.060847 0.61905
0.10053 0.62698
0.14021 0.63228
0.17989 0.63228
0.21958 0.62963
0.25926 0.62169
0.29894 0.61111
0.33862 0.59524
0.37831 0.57143
0.41799 0.54762
0.40741 0.5873
0.39947 0.62698
0.39418 0.66667
0.39418 0.70635
0.39947 0.74603
0.40741 0.78571
0.41799 0.8254
0.43651 0.86508
0.45503 0.90476
0.48148 0.9418
0.50794 0.96032
0.53175 0.92593
0.5582 0.88624
0.57407 0.84656
0.58995 0.80688
0.60053 0.7672
0.60582 0.72751
0.60847 0.68783
0.60582 0.64815
0.60053 0.60847
0.58995 0.56878
0.60317 0.5582
0.64286 0.58201
0.68254 0.60317
0.72222 0.6164
0.7619 0.62698
0.80159 0.63228
0.84127 0.63228
0.88095 0.62963
0.92063 0.62434
0.96032 0.61376
1 0.60317
0.99206 0.56878
0.96032 0.5291
0.92593 0.49735
0.88889 0.46825
0.85185 0.4418
0.81217 0.42328
0.77249 0.40741
0.7328 0.39683
0.69312 0.39153
0.65344 0.39153
0.64021 0.38095
0.67989 0.35185
0.71693 0.31746
0.74603 0.27778
0.76984 0.2381
0.78836 0.19841
0.80159 0.15873
0.80952 0.11905
0.81481 0.079365
0.81746 0.039683
0.81746 0
0.77778 0.010582
0.7381 0.026455
0.69841 0.044974
0.65873 0.071429
0.61905 0.10053
0.58995 0.13228
0.5582 0.17196
0.53439 0.21164
0.51587 0.25132
0.50529 0.29101
0.49206 0.27249
0.47884 0.2328
0.45767 0.19312
0.43122 0.15344
0.39947 0.1164
0.36508 0.087302
0.3254 0.058201
0.28571 0.037037
0.24603 0.018519
0.20635 0.005291
0.18519 0.018519
0.18519 0.058201
0.19048 0.097884
0.19577 0.13757
0.20899 0.17725
0.22222 0.21693
0.24339 0.25661
0.26984 0.2963
0.30423 0.33598
0.34127 0.36772
0.37037 0.39418
0.33069 0.39153
0.29101 0.39418
0.25132 0.40212
0.21164 0.41534
0.17196 0.43122
0.17196 0.43122
# triangles
89 90 91
4 5 6
4 6 7
3 4 7
63 64 74
63 74 75
62 63 75
62 75 76
64 73 74
84 85 95
84 95 96
86 87 93
88 89 91
22 23 31
64 65 73
65 66 72
65 72 73
68 69 70
67 68 70
15 16 100
82 97 98
85 94 95
85 86 94
86 93 94
87 92 93
88 91 92
87 88 92
67 70 71
66 71 72
66 67 71
25 26 28
26 27 28
2 3 8
2 8 9
3 7 8
0 11 12
0 1 11
1 10 11
2 9 10
1 2 10
46 50 51
45 46 51
44 45 52
45 51 52
13 14 103
14 102 103
14 15 102
16 59 100
83 84 96
83 96 97
82 83 97
23 30 31
23 24 30
0 12 104
13 103 104
12 13 104
46 47 50
17 18 36
80 99 100
15 100 101
15 101 102
16 38 59
42 53 54
41 42 54
19 20 34
24 25 29
24 29 30
25 28 29
47 48 49
47 49 50
59 79 100
79 80 100
16 37 38
16 17 37
17 36 37
42 43 53
43 44 52
43 52 53
20 21 33
20 33 34
59 60 78
59 78 79
60 77 78
60 61 77
61 62 76
61 76 77
39 56 57
41 54 55
18 35 36
18 19 35
19 34 35
39 40 56
40 41 55
40 55 56
21 22 32
21 32 33
22 31 32
81 82 98
81 98 99
80 81 99
38 58 59
38 39 58
39 57 58
