# points
0 0.48485
0.037879 0.5202
0.080808 0.55303
0.12374 0.57576
0.16667 0.59343
0.2096 0.60354
0.18687 0.64141
0.15404 0.67929
0.12879 0.72222
0.10606 0.76515
0.088384 0.80808
0.075758 0.85101
0.063131 0.89394
0.060606 0.93434
0.10354 0.92677
0.14646 0.91667
0.18939 0.90152
0.23232 0.88384
0.27525 0.86111
0.31818 0.83333
0.35606 0.80051
0.38889 0.78788
0.40152 0.83081
0.41919 0.87374
0.44444 0.91667
0.47475 0.9596
0.51263 0.98737
0.54798 0.94697
0.57828 0.90404
0.59848 0.86111
0.61616 0.81818
0.62879 0.77778
0.66667 0.81061
0.70707 0.84343
0.75 0.86869
0.79293 0.88889
0.83586 0.90657
0.87879 0.91919
0.92172 0.92929
0.95455 0.92424
0.94444 0.88131
0.93434 0.83838
0.91919 0.79545
0.90152 0.75253
0.87626 0.7096
0.84848 0.66667
0.81566 0.63131
0.81566 0.60101
0.85859 0.58838
0.90152 0.56818
0.94444 0.54293
0.98737 0.51263
1 0.47222
0.9596 0.43939
0.91667 0.41162
0.87374 0.38889
0.83081 0.37374
0.80303 0.35606
0.83586 0.31818
0.86616 0.27778
0.89394 0.23485
0.91414 0.19192
0.92929 0.14899
0.94192 0.10606
0.95202 0.063131
0.93687 0.040404
0.89394 0.04798
0.85101 0.060606
0.80808 0.075758
0.76515 0.09596
0.72222 0.12121
0.67929 0.15152
0.64394 0.18182
0.61869 0.16919
0.60606 0.12626
0.58586 0.083333
0.55808 0.040404
0.52525 0
0.48737 0
0.45455 0.040404
0.42677 0.083333
0.40657 0.12626
0.39394 0.16919
0.36869 0.18182
0.33333 0.15152
0.2904 0.12121
0.24747 0.09596
0.20455 0.075758
0.16162 0.060606
0.11869 0.04798
0.075758 0.040404
0.060606 0.063131
0.070707 0.10606
0.083333 0.14899
0.098485 0.19192
0.11869 0.23485
0.14646 0.27778
0.17677 0.31818
0.2096 0.35606
0.18182 0.37374
0.13889 0.38889
0.09596 0.41162
0.05303 0.43939
0.012626 0.47222
0 0.48485
# triangles
5 21 31
89 90 91
89 91 92
5 20 21
88 89 92
5 31 57
12 13 14
7 8 18
24 27 28
23 24 28
23 28 29
31 47 57
57 58 72
5 57 98
5 6 20
7 18 19
6 19 20
6 7 19
25 26 27
24 25 27
33 34 44
21 30 31
21 22 30
22 23 29
22 29 30
61 62 68
61 68 69
4 5 99
5 98 99
35 36 42
11 12 14
31 46 47
31 32 46
62 63 67
62 67 68
47 56 57
3 4 100
4 99 100
85 86 95
58 71 72
58 59 71
59 70 71
36 37 41
36 41 42
35 42 43
34 43 44
34 35 43
11 14 15
10 11 15
33 44 45
32 33 45
32 45 46
60 69 70
59 60 70
60 61 69
63 66 67
64 65 66
63 64 66
2 3 101
3 100 101
84 85 96
85 95 96
86 87 94
86 94 95
37 38 40
37 40 41
38 39 40
8 17 18
8 9 17
48 49 55
47 48 56
48 55 56
51 52 53
50 51 53
49 54 55
49 50 54
50 53 54
1 2 102
2 101 102
84 96 97
83 97 98
83 84 97
87 88 93
87 93 94
88 92 93
10 15 16
9 10 16
9 16 17
0 1 103
1 102 103
72 83 98
57 72 98
72 73 83
73 82 83
76 77 78
76 78 79
75 76 80
76 79 80
74 75 80
74 80 81
73 74 82
74 81 82
