# points
0.40449 0.49213
0.41798 0.52584
0.42697 0.55955
0.42697 0.59326
0.41348 0.62697
0.38427 0.65618
0.35056 0.67416
0.31685 0.68764
0.28315 0.69663
0.24944 0.69888
0.21573 0.69888
0.18202 0.69663
0.14831 0.69213
0.11461 0.68315
0.080899 0.67191
0.047191 0.65843
0.013483 0.64045
0.0044944 0.66067
0.0044944 0.69438
0.0044944 0.72809
0.0022472 0.7618
0.0022472 0.79551
0 0.82921
0 0.86292
0.026966 0.86517
0.060674 0.86067
0.094382 0.85618
0.12809 0.85393
0.1618 0.85393
0.19551 0.85169
0.22921 0.84944
0.26292 0.84719
0.29663 0.84494
0.33034 0.8427
0.36404 0.8382
0.39775 0.83146
0.43146 0.82697
0.46517 0.82022
0.49888 0.81348
0.53258 0.80674
0.56629 0.79775
0.6 0.79326
0.63371 0.78876
0.66742 0.78652
0.70112 0.78652
0.73483 0.79101
0.76854 0.79775
0.80225 0.80899
0.83371 0.82022
0.86742 0.83146
0.90112 0.8427
0.93483 0.85393
0.96854 0.86517
0.99775 0.86517
0.99775 0.83146
0.99775 0.79775
1 0.76404
1 0.73034
1 0.69663
1 0.66292
1 0.62921
0.98876 0.61124
0.95506 0.61798
0.92135 0.62022
0.88764 0.61348
0.85393 0.60449
0.82022 0.58876
0.78652 0.56854
0.75281 0.54607
0.7191 0.52584
0.68539 0.50337
0.65169 0.4764
0.61798 0.44944
0.58427 0.42472
0.55056 0.39551
0.5236 0.36854
0.50562 0.33483
0.49663 0.30112
0.49438 0.26742
0.49888 0.23371
0.50562 0.2
0.51461 0.16629
0.52809 0.13258
0.54382 0.098876
0.55955 0.065169
0.57528 0.031461
0.58652 0
0.55281 0.0022472
0.5191 0.0022472
0.48539 0.0044944
0.45169 0.0044944
0.41798 0.0067416
0.39775 0.022472
0.39326 0.05618
0.38652 0.089888
0.38202 0.1236
0.37528 0.1573
0.37079 0.19101
0.36629 0.22472
0.36629 0.25843
0.36404 0.29213
0.36404 0.32584
0.36854 0.35955
0.37303 0.39326
0.37978 0.42697
0.39101 0.46067
0.40449 0.49213
# triangles
50 55 56
22 23 24
4 38 39
5 37 38
4 5 38
78 99 100
83 84 89
84 88 89
76 102 103
75 76 103
81 95 96
2 72 73
1 2 73
14 15 18
50 51 55
44 67 68
46 65 66
42 69 70
41 42 70
48 63 64
4 39 40
3 41 70
3 4 40
3 40 41
85 86 87
84 85 87
84 87 88
83 89 90
83 90 93
90 91 93
91 92 93
3 70 71
2 71 72
2 3 71
75 104 105
75 103 104
10 11 29
82 83 93
82 93 94
82 94 95
81 82 95
74 75 105
0 74 105
1 73 74
0 1 74
15 16 17
15 17 18
14 18 19
13 14 19
13 19 20
7 33 34
6 7 34
51 54 55
51 52 54
52 53 54
45 46 66
44 45 67
45 66 67
60 61 62
59 60 62
59 62 63
57 58 63
58 59 63
49 56 57
49 50 56
49 57 63
48 49 63
46 47 65
47 64 65
47 48 64
76 77 102
77 101 102
77 78 100
77 100 101
7 8 33
8 32 33
8 31 32
8 9 31
10 29 30
9 10 30
9 30 31
79 97 98
78 79 99
79 98 99
6 34 35
42 43 69
43 68 69
43 44 68
11 28 29
11 12 28
79 80 97
80 96 97
80 81 96
5 36 37
5 6 36
6 35 36
21 22 25
22 24 25
12 13 27
12 27 28
13 20 26
13 26 27
20 21 26
21 25 26
