# points
0.002451 0.48529
0 0.52206
0.014706 0.55882
0.034314 0.59559
0.044118 0.63235
0.044118 0.66912
0.041667 0.70588
0.041667 0.74265
0.039216 0.77941
0.039216 0.81618
0.036765 0.85294
0.036765 0.88971
0.039216 0.92647
0.056373 0.96078
0.093137 0.96569
0.1299 0.96324
0.16667 0.95833
0.20343 0.95343
0.2402 0.95098
0.27696 0.94608
0.31373 0.94118
0.35049 0.93627
0.38725 0.93873
0.42402 0.95343
0.46078 0.96814
0.49755 0.97549
0.53431 0.97794
0.57108 0.97794
0.60784 0.97059
0.64461 0.95588
0.68137 0.94118
0.71814 0.93873
0.7549 0.94608
0.79167 0.95588
0.82843 0.95833
0.8652 0.96569
0.90196 0.97059
0.93873 0.97549
0.97549 0.97794
0.9951 0.96078
0.99265 0.92402
0.98529 0.88725
0.98039 0.85049
0.97549 0.81373
0.97059 0.77696
0.96569 0.7402
0.96078 0.70343
0.96078 0.66667
0.96814 0.6299
0.98039 0.59314
0.98529 0.55637
0.98775 0.51961
0.98529 0.48284
0.97549 0.44608
0.96324 0.40931
0.95588 0.37255
0.95343 0.33578
0.95588 0.29902
0.96814 0.26225
0.97304 0.22549
0.97794 0.18873
0.98284 0.15196
0.98775 0.1152
0.99265 0.078431
0.99755 0.041667
1 0.004902
0.96324 0.0073529
0.92647 0.012255
0.88971 0.014706
0.85294 0.019608
0.81618 0.02451
0.77941 0.026961
0.74265 0.031863
0.70588 0.034314
0.66912 0.036765
0.63235 0.039216
0.59804 0.019608
0.56127 0.004902
0.52451 0
0.48775 0.002451
0.45098 0.0098039
0.41422 0.029412
0.37745 0.039216
0.34069 0.036765
0.30392 0.034314
0.26716 0.031863
0.23039 0.029412
0.19363 0.02451
0.15686 0.022059
0.1201 0.017157
0.083333 0.014706
0.046569 0.019608
0.031863 0.051471
0.031863 0.088235
0.031863 0.125
0.034314 0.16176
0.034314 0.19853
0.036765 0.23529
0.036765 0.27206
0.041667 0.30882
0.041667 0.34559
0.044118 0.38235
0.036765 0.41912
0.014706 0.45588
0.002451 0.48529
# triangles
90 91 92
12 13 14
83 99 100
22 30 54
22 82 101
54 75 82
22 54 82
82 83 100
82 100 101
4 21 22
76 77 78
90 92 93
6 19 20
11 12 14
11 14 15
22 23 30
23 25 26
23 24 25
76 78 79
54 55 75
55 56 75
30 48 54
48 50 53
48 53 54
75 81 82
79 80 81
75 76 81
76 79 81
22 101 102
4 22 102
4 5 21
5 6 20
5 20 21
64 65 66
87 95 96
86 87 96
83 84 99
9 16 17
8 17 18
8 9 17
10 15 16
10 11 15
9 10 16
7 18 19
7 8 18
6 7 19
23 26 29
23 29 30
26 28 29
56 74 75
30 31 47
30 47 48
50 51 53
51 52 53
3 4 102
86 96 97
38 39 40
26 27 28
48 49 50
87 88 95
85 86 97
85 97 98
85 98 99
84 85 99
31 45 46
31 46 47
61 69 70
57 58 72
57 72 73
56 57 74
57 73 74
0 1 2
2 3 102
37 38 40
36 37 41
37 40 41
89 90 93
88 94 95
89 93 94
88 89 94
31 32 45
34 35 42
34 42 43
32 44 45
32 33 44
34 43 44
33 34 44
62 63 67
62 67 68
62 68 69
61 62 69
60 61 70
0 2 103
2 102 103
59 71 72
58 59 72
59 70 71
59 60 70
63 66 67
63 64 66
36 41 42
35 36 42
