# points
0.67606 0.43192
0.64554 0.45305
0.58451 0.4507
0.52582 0.45305
0.46479 0.45305
0.4061 0.45305
0.34507 0.45305
0.28638 0.4507
0.25352 0.47887
0.28638 0.53052
0.3216 0.58451
0.34742 0.62207
0.3662 0.66197
0.38498 0.69484
0.4061 0.74413
0.43897 0.79812
0.44836 0.85681
0.48826 0.88028
0.51174 0.88028
0.54695 0.82629
0.57277 0.78169
0.60329 0.73474
0.6338 0.67371
0.60563 0.65962
0.5493 0.65962
0.49061 0.66901
0.46714 0.64085
0.47183 0.61268
0.53052 0.62207
0.57042 0.62207
0.63146 0.61737
0.66901 0.62207
0.69249 0.56338
0.723 0.50235
0.76291 0.44366
0.79108 0.40845
0.81221 0.34742
0.84272 0.28638
0.88498 0.23005
0.8662 0.19249
0.8169 0.19484
0.75587 0.19484
0.70657 0.19249
0.64554 0.19718
0.59624 0.19249
0.53521 0.19953
0.48357 0.19718
0.42488 0.19953
0.3662 0.20423
0.31455 0.19953
0.2723 0.19014
0.30751 0.15728
0.36854 0.15962
0.42723 0.15962
0.48826 0.16197
0.5493 0.16432
0.61033 0.16197
0.67136 0.16667
0.73005 0.16667
0.79108 0.16667
0.84977 0.16197
0.90845 0.16667
0.9554 0.10798
0.99061 0.053991
1 0.0093897
0.94836 0.0070423
0.88732 0.0093897
0.83333 0.0070423
0.7723 0.0093897
0.72066 0.0046948
0.65962 0.0093897
0.60563 0.0046948
0.5446 0.0070423
0.49296 0.0023474
0.43192 0.0070423
0.37793 0
0.3169 0.0046948
0.26526 0.0023474
0.20423 0.0046948
0.14789 0.0046948
0.089202 0.0046948
0.030516 0.0070423
0 0.016432
0.023474 0.061033
0.044601 0.11268
0.077465 0.15493
0.091549 0.19484
0.12911 0.25117
0.15258 0.30047
0.17606 0.34507
0.20892 0.38028
0.2277 0.42019
0.28873 0.4108
0.34272 0.39906
0.38263 0.41549
0.44366 0.40845
0.48357 0.4108
0.5446 0.4061
0.58451 0.41315
0.64554 0.4061
0.67606 0.42254
0.67606 0.43192
# triangles
81 82 83
80 81 83
15 19 20
17 18 19
16 17 19
15 16 19
15 20 25
46 47 95
36 42 99
43 44 99
42 43 99
13 14 25
14 15 25
13 25 26
46 95 96
44 98 99
44 97 98
44 45 97
45 46 96
45 96 97
6 9 10
7 8 9
6 7 9
80 83 84
57 69 70
56 57 70
56 70 71
20 24 25
0 33 34
0 1 33
93 94 95
47 48 95
48 93 95
50 86 87
50 78 85
50 85 86
56 71 72
63 64 65
62 63 65
60 61 62
62 65 66
60 62 66
36 41 42
34 35 100
0 34 100
36 99 100
35 36 100
1 32 33
30 31 32
12 13 26
11 12 26
3 28 29
5 6 10
48 49 93
49 50 90
52 75 76
52 74 75
52 53 74
49 92 93
49 90 92
50 87 88
79 80 84
79 84 85
78 79 85
55 56 72
53 54 74
54 55 72
38 39 40
60 66 67
36 37 41
37 40 41
37 38 40
59 60 67
59 67 68
20 21 24
21 23 24
21 22 23
4 5 27
3 4 27
3 27 28
11 26 27
10 11 27
5 10 27
2 3 29
2 29 30
1 2 32
2 30 32
51 52 76
51 76 77
50 51 78
51 77 78
90 91 92
50 89 90
50 88 89
54 73 74
54 72 73
58 68 69
58 59 68
57 58 69
