# points
0 0.43173
0.050201 0.46386
0.1004 0.48594
0.15261 0.50602
0.20482 0.51606
0.25703 0.51807
0.30723 0.50803
0.35743 0.49598
0.40763 0.4759
0.38956 0.50402
0.33936 0.54418
0.3012 0.59036
0.27309 0.64056
0.25301 0.69076
0.24297 0.74096
0.23695 0.79317
0.23494 0.84538
0.26506 0.8494
0.31526 0.81928
0.36546 0.78313
0.40562 0.73896
0.43574 0.6988
0.45984 0.64859
0.4739 0.6004
0.48193 0.5502
0.49799 0.53012
0.50402 0.58233
0.51606 0.63052
0.53213 0.68072
0.55622 0.72691
0.59639 0.77309
0.63855 0.81124
0.69076 0.84538
0.73695 0.86747
0.74096 0.81526
0.73695 0.76305
0.72892 0.71084
0.71486 0.65863
0.68675 0.60643
0.64859 0.55823
0.60241 0.51406
0.56426 0.47992
0.61044 0.49598
0.66064 0.51406
0.71084 0.5241
0.76104 0.52811
0.81124 0.5241
0.86345 0.51004
0.91165 0.49398
0.96386 0.46787
1 0.43373
0.9498 0.40361
0.8996 0.37751
0.84739 0.35944
0.79518 0.34739
0.74297 0.34538
0.69277 0.35341
0.64458 0.36546
0.59839 0.38353
0.57831 0.3755
0.62048 0.34739
0.66667 0.3012
0.6988 0.25301
0.7249 0.2008
0.74096 0.14859
0.749 0.096386
0.749 0.044177
0.74297 0
0.69076 0.03012
0.64056 0.064257
0.59438 0.10442
0.56024 0.14859
0.53414 0.19478
0.51807 0.24297
0.50602 0.29317
0.5 0.34538
0.48594 0.30924
0.47791 0.25904
0.46185 0.20884
0.43775 0.15863
0.40361 0.10843
0.36145 0.068273
0.30924 0.032129
0.25703 0
0.24498 0.034137
0.24498 0.086345
0.251 0.13855
0.26506 0.19076
0.28514 0.23896
0.31526 0.28916
0.36145 0.33735
0.40763 0.3755
0.39357 0.38353
0.34137 0.36345
0.29116 0.3494
0.23896 0.34137
0.18675 0.34538
0.13454 0.35743
0.082329 0.3755
0.032129 0.40161
0 0.43173
0 0.43173
# triangles
44 55 56
15 16 17
26 27 39
44 45 55
45 54 55
45 46 54
46 53 54
48 51 52
5 6 94
80 81 86
15 17 18
11 12 21
30 36 37
29 30 37
27 28 39
43 44 56
26 39 40
25 40 41
25 26 40
41 59 75
41 42 58
41 58 59
47 52 53
47 48 52
46 47 53
49 50 51
48 49 51
6 93 94
5 94 95
81 85 86
64 65 69
65 66 68
65 68 69
66 67 68
1 2 98
2 97 98
3 96 97
2 3 97
3 4 96
4 95 96
4 5 95
11 21 22
8 75 91
8 25 41
8 41 75
31 35 36
30 31 36
28 38 39
29 37 38
28 29 38
59 74 75
82 84 85
81 82 85
82 83 84
62 71 72
61 72 73
61 62 72
62 63 71
0 1 99
1 98 99
14 15 18
14 18 19
13 14 19
6 7 93
8 91 92
7 92 93
7 8 92
32 34 35
31 32 35
32 33 34
76 90 91
75 76 91
59 60 74
60 73 74
60 61 73
80 86 87
78 79 89
79 88 89
79 80 87
79 87 88
63 70 71
64 69 70
63 64 70
12 20 21
12 13 20
13 19 20
10 11 22
76 77 90
77 89 90
77 78 89
43 56 57
42 43 57
42 57 58
10 22 23
9 10 23
9 23 24
8 24 25
8 9 24
