# points
0 0.50125
0 0.53865
0.0049875 0.57606
0.012469 0.61347
0.022444 0.65087
0.034913 0.68828
0.052369 0.72569
0.072319 0.76309
0.097257 0.8005
0.12968 0.83791
0.1596 0.86783
0.19701 0.90025
0.23441 0.92519
0.27182 0.94763
0.30923 0.96509
0.34663 0.97756
0.38404 0.98753
0.42145 0.99252
0.45636 0.99501
0.44389 0.95761
0.43641 0.9202
0.4414 0.88279
0.45885 0.84539
0.49127 0.81546
0.51122 0.85287
0.5187 0.89027
0.51621 0.92768
0.50623 0.96509
0.48878 1
0.52618 0.99751
0.56359 0.99252
0.601 0.98753
0.6384 0.97756
0.67581 0.96259
0.71322 0.94514
0.75062 0.92269
0.78803 0.89776
0.82544 0.86534
0.86284 0.82793
0.89027 0.79052
0.91521 0.75312
0.93516 0.71571
0.95012 0.6783
0.96259 0.6409
0.97257 0.60349
0.97756 0.56608
0.97007 0.54863
0.93267 0.5586
0.89526 0.5586
0.85786 0.53865
0.86534 0.50873
0.90274 0.49127
0.94015 0.49377
0.97756 0.5212
0.98254 0.48878
0.98005 0.45137
0.97506 0.41397
0.96758 0.37656
0.95761 0.33915
0.94264 0.30175
0.92519 0.26434
0.90524 0.22693
0.87781 0.18953
0.84539 0.15212
0.80798 0.11721
0.77057 0.087282
0.73317 0.062344
0.69576 0.044888
0.65835 0.027431
0.62095 0.014963
0.58354 0.0074813
0.54613 0.0024938
0.50873 0.0024938
0.5187 0.034913
0.52618 0.072319
0.5187 0.10973
0.49127 0.14214
0.46135 0.10973
0.44888 0.072319
0.45387 0.034913
0.47382 0
0.43641 0.0024938
0.399 0.0074813
0.3616 0.014963
0.32419 0.027431
0.28678 0.042394
0.24938 0.062344
0.21197 0.087282
0.17456 0.11471
0.14214 0.14713
0.10973 0.18204
0.082294 0.21945
0.05985 0.25686
0.042394 0.29426
0.027431 0.33167
0.014963 0.36908
0.0074813 0.40648
0 0.44389
0.022444 0.44389
0.05985 0.4389
0.097257 0.45137
0.13466 0.4788
0.099751 0.50125
0.062344 0.50623
0.024938 0.49875
0 0.49875
0 0.50125
# triangles
23 37 49
22 23 101
9 22 101
23 76 101
23 49 76
6 101 102
5 6 102
8 9 101
37 38 49
14 20 21
13 14 21
94 99 100
78 83 84
78 82 83
49 50 76
24 25 33
6 7 101
7 8 101
24 35 36
23 36 37
23 24 36
9 10 22
10 11 22
16 19 20
14 15 20
15 16 20
11 12 22
12 21 22
12 13 21
76 87 88
90 91 101
76 89 101
76 88 89
89 90 101
96 97 98
96 98 99
92 100 101
91 92 101
66 67 75
79 81 82
78 79 82
79 80 81
50 61 62
50 60 61
50 58 59
50 59 60
65 66 75
65 75 76
64 65 76
63 64 76
50 62 63
50 63 76
25 26 31
27 28 29
0 104 105
0 1 104
1 103 104
3 102 103
24 33 34
24 34 35
38 39 49
39 40 49
16 17 19
17 18 19
76 77 87
77 84 85
77 78 84
94 95 99
95 96 99
93 94 100
92 93 100
41 42 48
40 41 49
41 48 49
42 43 48
43 44 47
43 47 48
52 54 55
52 55 56
51 52 56
51 56 57
50 51 58
51 57 58
71 72 73
67 68 75
68 69 74
68 74 75
70 71 73
70 73 74
69 70 74
26 27 30
27 29 30
26 30 31
1 2 103
2 3 103
4 5 102
3 4 102
25 32 33
25 31 32
44 45 47
45 46 47
52 53 54
77 85 86
77 86 87
