# points
0.37528 0.48539
0.37978 0.52135
0.38202 0.5573
0.38652 0.59326
0.36854 0.60674
0.33258 0.60225
0.29663 0.59775
0.26067 0.59775
0.22472 0.59775
0.18876 0.60449
0.15281 0.61573
0.1191 0.63596
0.083146 0.64719
0.047191 0.63146
0.011236 0.64494
0.0022472 0.6809
0.01573 0.71461
0.0067416 0.75056
0.0022472 0.78652
0 0.82247
0 0.85843
0.031461 0.86067
0.067416 0.85618
0.10337 0.85169
0.13933 0.84719
0.17528 0.8427
0.21124 0.84045
0.24719 0.8382
0.28315 0.84719
0.3191 0.85618
0.35506 0.86292
0.39101 0.86966
0.42697 0.87191
0.46292 0.87191
0.49888 0.87191
0.53483 0.87191
0.57079 0.86966
0.60674 0.86742
0.6427 0.86517
0.67865 0.86292
0.71461 0.85843
0.75056 0.85393
0.78652 0.84944
0.82247 0.84494
0.85843 0.84719
0.89438 0.85169
0.93034 0.85618
0.96629 0.86067
0.99775 0.85843
1 0.82247
0.99775 0.78652
0.99551 0.75056
0.98876 0.71461
0.98876 0.67865
0.99326 0.6427
0.96404 0.61348
0.92809 0.62472
0.89213 0.62472
0.85843 0.60225
0.82247 0.59326
0.78652 0.59101
0.75056 0.59101
0.71461 0.59551
0.67865 0.59775
0.6427 0.60449
0.60674 0.61124
0.60674 0.57528
0.61124 0.53933
0.61348 0.50337
0.61573 0.46742
0.61798 0.43146
0.62022 0.39551
0.62247 0.35955
0.62472 0.3236
0.62472 0.28764
0.62472 0.25169
0.62472 0.21573
0.62472 0.17978
0.62472 0.14382
0.62022 0.10787
0.61573 0.07191
0.60674 0.035955
0.58876 0
0.55281 0
0.51685 0.013483
0.4809 0.01573
0.44494 0
0.40899 0.0044944
0.38427 0.040449
0.37528 0.076404
0.36854 0.11236
0.36404 0.14831
0.3618 0.18427
0.3618 0.22022
0.3618 0.25618
0.36404 0.29213
0.36404 0.32809
0.36629 0.36404
0.36854 0.4
0.37079 0.43596
0.37528 0.47191
0.37528 0.48539
# triangles
47 48 49
19 20 21
86 87 88
19 21 22
18 19 22
76 92 93
80 81 84
79 80 84
75 94 95
75 76 93
75 93 94
71 97 98
40 63 64
13 14 15
11 12 24
12 16 24
12 15 16
12 13 15
77 78 91
77 91 92
76 77 92
78 79 85
79 84 85
85 86 88
81 82 83
81 83 84
73 74 95
74 75 95
73 95 96
71 72 97
72 73 96
72 96 97
70 71 98
69 70 100
57 58 59
40 62 63
38 64 65
5 6 28
5 28 29
1 2 67
11 24 25
11 25 26
10 11 26
9 10 26
8 9 27
9 26 27
6 27 28
78 90 91
78 85 90
70 98 99
70 99 100
42 60 61
44 52 57
45 51 52
44 45 52
1 67 68
0 1 68
68 69 100
0 68 100
45 50 51
3 34 65
39 40 64
38 39 64
36 37 65
37 38 65
16 23 24
16 17 23
18 22 23
17 18 23
7 8 27
6 7 27
4 30 31
4 29 30
4 5 29
4 31 32
2 66 67
2 3 66
3 65 66
85 88 89
85 89 90
40 41 62
41 61 62
41 42 61
43 59 60
42 43 60
43 57 59
43 44 57
52 56 57
54 55 56
53 54 56
52 53 56
45 46 50
46 47 49
46 49 50
35 36 65
34 35 65
3 33 34
3 4 33
4 32 33
