# points
0.0023585 0.5283
0 0.56368
0.0023585 0.59906
0.0023585 0.63443
0.004717 0.66981
0.004717 0.70519
0.004717 0.74057
0.0070755 0.77594
0.009434 0.81132
0.011792 0.8467
0.014151 0.88208
0.018868 0.91745
0.023585 0.95283
0.044811 0.97642
0.080189 0.98349
0.11557 0.98585
0.15094 0.99057
0.18632 0.99292
0.2217 0.99528
0.25708 0.99528
0.29245 0.99764
0.32783 1
0.36321 1
0.39858 1
0.43396 1
0.46934 1
0.50472 1
0.54009 1
0.57547 1
0.61085 0.99764
0.64623 0.99764
0.6816 0.99528
0.71698 0.99528
0.75236 0.99292
0.78774 0.98821
0.82311 0.98585
0.85849 0.98113
0.89387 0.97642
0.92925 0.96698
0.95283 0.9434
0.96226 0.90802
0.96698 0.87264
0.9717 0.83726
0.97406 0.80189
0.97642 0.76651
0.97877 0.73113
0.98113 0.69575
0.98349 0.66038
0.98349 0.625
0.98585 0.58962
0.98349 0.55425
0.98585 0.51887
0.98585 0.48349
0.98349 0.44811
0.98349 0.41274
0.98113 0.37736
0.98113 0.34198
0.97877 0.3066
0.97642 0.27123
0.97406 0.23585
0.96934 0.20047
0.96462 0.16509
0.95755 0.12972
0.94811 0.09434
0.92925 0.058962
0.89858 0.040094
0.86321 0.028302
0.82783 0.021226
0.79245 0.016509
0.75708 0.011792
0.7217 0.009434
0.68632 0.004717
0.65094 0.0023585
0.61557 0.0023585
0.58019 0
0.54481 0
0.50943 0
0.47406 0
0.43868 0
0.4033 0
0.36792 0
0.33255 0
0.29717 0.0023585
0.26179 0.004717
0.22642 0.0070755
0.19104 0.009434
0.15566 0.014151
0.12028 0.018868
0.084906 0.025943
0.049528 0.033019
0.033019 0.063679
0.023585 0.099057
0.018868 0.13443
0.016509 0.16981
0.011792 0.20519
0.009434 0.24057
0.0070755 0.27594
0.004717 0.31132
0.004717 0.3467
0.0023585 0.38208
0.0023585 0.41745
0.0023585 0.45283
0.0023585 0.48821
0.0023585 0.52358
0.0023585 0.5283
# triangles
53 76 102
52 53 102
48 49 50
53 75 76
50 102 103
26 50 103
50 51 102
51 52 102
82 83 96
9 10 15
63 64 65
63 65 66
55 74 75
0 24 25
25 26 103
0 25 103
5 6 19
2 23 24
0 1 2
0 2 24
76 77 102
84 85 94
81 82 98
10 11 15
5 19 20
4 5 20
11 14 15
12 13 14
11 12 14
7 8 18
6 7 19
7 18 19
26 27 50
4 20 21
31 45 46
88 90 91
87 88 91
88 89 90
2 3 23
78 100 101
77 78 101
77 101 102
84 94 95
83 84 95
83 95 96
85 93 94
82 96 97
82 97 98
78 79 100
34 43 44
33 34 44
9 15 16
29 48 50
31 32 45
32 44 45
32 33 44
4 21 22
3 22 23
3 4 22
55 73 74
55 56 73
56 72 73
85 86 93
87 91 92
86 87 92
86 92 93
80 81 98
79 80 98
79 99 100
79 98 99
8 9 17
9 16 17
8 17 18
27 28 50
28 29 50
62 63 66
62 66 67
61 62 67
59 60 69
53 54 75
54 55 75
59 69 70
60 68 69
61 67 68
60 61 68
58 59 70
57 70 71
57 58 70
56 57 72
57 71 72
37 38 40
38 39 40
36 37 40
36 40 41
36 41 42
35 36 42
34 42 43
34 35 42
29 30 47
29 47 48
30 31 47
31 46 47
