# points
0 0.50133
0.008 0.54667
0.013333 0.58667
0.0026667 0.632
0.050667 0.61067
0.098667 0.59733
0.14667 0.58667
0.19467 0.568
0.22933 0.57067
0.27467 0.56267
0.304 0.54133
0.352 0.536
0.37067 0.57067
0.408 0.61067
0.448 0.62667
0.44 0.67467
0.42933 0.72267
0.416 0.77067
0.41067 0.81867
0.39467 0.86667
0.392 0.91467
0.37867 0.96267
0.37333 0.99733
0.42133 0.99467
0.46667 0.98667
0.50133 1
0.54933 0.99467
0.59733 0.984
0.616 0.98133
0.592 0.93333
0.58667 0.896
0.58133 0.85867
0.56 0.81867
0.55467 0.77067
0.54133 0.72533
0.528 0.688
0.51467 0.64267
0.52267 0.61333
0.55467 0.576
0.576 0.54667
0.61867 0.53333
0.64 0.552
0.672 0.568
0.71733 0.56
0.75733 0.576
0.79467 0.58667
0.832 0.592
0.88 0.59733
0.92267 0.616
0.97067 0.616
0.98933 0.60533
0.968 0.58133
0.97867 0.53333
0.98133 0.48533
0.96267 0.46133
0.98133 0.41333
0.96 0.37867
0.912 0.4
0.864 0.40533
0.816 0.41867
0.768 0.432
0.72 0.44267
0.68533 0.44267
0.65067 0.46133
0.60267 0.47733
0.58133 0.44267
0.56 0.40533
0.52 0.38933
0.51467 0.352
0.52267 0.31733
0.54133 0.27467
0.54933 0.22667
0.57067 0.18667
0.57067 0.14667
0.592 0.10133
0.6 0.069333
0.608 0.021333
0.6 0.0026667
0.552 0.010667
0.512 0
0.46933 0.0026667
0.42133 0.010667
0.38133 0.0026667
0.38133 0.034667
0.38667 0.082667
0.38667 0.13067
0.40267 0.16533
0.416 0.21067
0.41867 0.25867
0.44267 0.296
0.43733 0.34133
0.448 0.376
0.40267 0.392
0.37067 0.42667
0.34667 0.472
0.30667 0.46133
0.28 0.44
0.232 0.44
0.18667 0.43467
0.144 0.416
0.10667 0.40533
0.072 0.38133
0.024 0.376
0.008 0.416
0.010667 0.45333
0 0.50133
0 0.50133
# triangles
55 56 57
46 47 58
2 3 4
8 9 97
54 55 57
47 54 58
54 57 58
45 59 60
45 46 59
46 58 59
0 1 5
1 2 4
1 4 5
5 6 99
7 8 97
74 75 78
76 77 78
75 76 78
95 96 97
80 81 84
81 83 84
81 82 83
39 64 65
39 65 67
65 66 67
39 40 64
67 91 93
70 88 89
43 61 62
43 60 61
73 86 87
72 73 87
73 80 84
38 39 67
38 67 93
44 45 60
43 44 60
21 22 23
19 24 30
24 25 30
11 93 94
9 10 97
10 95 97
10 11 94
10 94 95
0 5 100
5 99 100
7 97 98
6 98 99
6 7 98
74 78 79
73 74 79
73 79 80
40 63 64
43 62 63
42 43 63
91 92 93
67 68 91
71 72 87
71 87 88
70 71 88
13 14 38
17 33 34
47 52 54
52 53 54
20 23 24
20 21 23
19 20 24
19 31 32
19 30 31
12 13 38
11 12 93
12 38 93
41 42 63
40 41 63
68 90 91
69 70 89
69 89 90
68 69 90
14 37 38
18 19 32
16 34 35
16 17 34
47 48 51
47 51 52
48 49 51
49 50 51
27 28 29
26 27 29
25 26 29
25 29 30
101 102 103
73 85 86
73 84 85
14 36 37
15 16 35
15 35 36
14 15 36
100 101 104
101 103 104
0 100 104
17 18 33
18 32 33
