# points
0.44144 0.38063
0.42342 0.41216
0.3964 0.44144
0.36486 0.45721
0.33333 0.46847
0.3018 0.47748
0.27027 0.48198
0.23874 0.48423
0.20721 0.48423
0.17568 0.48423
0.14414 0.48198
0.11261 0.47973
0.096847 0.50225
0.083333 0.53378
0.067568 0.56532
0.051802 0.59685
0.036036 0.62838
0.02027 0.65991
0.011261 0.69144
0.0045045 0.72297
0 0.7545
0.027027 0.75
0.058559 0.73649
0.09009 0.72072
0.12162 0.7027
0.15315 0.68468
0.18468 0.66667
0.21622 0.64865
0.24775 0.63288
0.27928 0.61937
0.31081 0.60811
0.34234 0.59685
0.37387 0.59009
0.40541 0.58333
0.43694 0.57883
0.46847 0.57658
0.5 0.57658
0.53153 0.57883
0.56306 0.58333
0.59459 0.58784
0.62613 0.59685
0.65766 0.60586
0.68919 0.61712
0.72072 0.63063
0.75225 0.64414
0.78153 0.65991
0.81306 0.67793
0.84009 0.69369
0.87162 0.71171
0.90315 0.72748
0.93468 0.74099
0.96622 0.75225
0.99775 0.75901
1 0.72973
0.99775 0.6982
0.99324 0.66667
0.98423 0.63514
0.97297 0.6036
0.95946 0.57207
0.94595 0.54054
0.93018 0.50901
0.90991 0.48874
0.87838 0.49099
0.84685 0.49099
0.81532 0.49099
0.78378 0.49099
0.75225 0.48874
0.72072 0.48423
0.68919 0.47748
0.65766 0.46847
0.62613 0.4527
0.59459 0.43468
0.56757 0.40315
0.5518 0.37162
0.54505 0.34009
0.54054 0.30856
0.53829 0.27703
0.54054 0.2455
0.54279 0.21396
0.54505 0.18243
0.54955 0.1509
0.55631 0.11937
0.56306 0.087838
0.56982 0.056306
0.57658 0.024775
0.57658 0
0.54505 0.0045045
0.51351 0.011261
0.48198 0.011261
0.45045 0.009009
0.43919 0.024775
0.44369 0.056306
0.44595 0.087838
0.45045 0.11937
0.45495 0.1509
0.45721 0.18243
0.45721 0.21396
0.45946 0.2455
0.45946 0.27703
0.45721 0.30856
0.4527 0.34009
0.44369 0.37162
0.44144 0.38063
# triangles
18 19 22
49 55 56
49 50 55
60 61 62
84 85 86
51 52 53
17 18 23
18 22 23
19 20 21
19 21 22
50 54 55
51 53 54
50 51 54
59 60 62
59 62 63
46 59 63
83 84 86
48 49 56
48 56 57
37 38 71
36 37 71
15 24 25
14 25 26
14 15 25
15 16 24
16 23 24
16 17 23
80 93 94
78 79 95
79 80 94
79 94 95
78 95 96
46 58 59
45 46 63
45 63 64
44 45 64
43 44 65
43 65 66
44 64 65
36 71 72
0 72 73
42 43 66
13 14 26
13 26 27
80 81 93
81 82 92
81 92 93
83 86 87
82 83 87
82 87 92
87 91 92
5 6 30
0 73 101
73 100 101
46 47 58
47 48 57
47 57 58
38 70 71
38 39 70
39 69 70
40 41 68
40 68 69
39 40 69
41 67 68
41 42 67
42 66 67
6 29 30
9 13 27
87 88 91
88 89 90
88 90 91
2 34 35
5 30 31
4 31 32
4 5 31
76 97 98
76 77 97
73 74 100
6 7 29
7 28 29
10 11 12
10 12 13
9 10 13
3 33 34
2 3 34
3 32 33
3 4 32
1 35 36
1 2 35
1 36 72
0 1 72
7 8 28
8 27 28
8 9 27
76 98 99
75 76 99
78 96 97
77 78 97
74 75 99
74 99 100
