# points
0.41892 0.38739
0.41667 0.41892
0.41667 0.45045
0.39189 0.46171
0.36036 0.46171
0.32883 0.46396
0.2973 0.46622
0.26577 0.46847
0.23423 0.47072
0.2027 0.47297
0.17117 0.47748
0.13964 0.48198
0.10811 0.48423
0.094595 0.51351
0.081081 0.54505
0.065315 0.57658
0.04955 0.60811
0.033784 0.63964
0.02027 0.67117
0.009009 0.7027
0.0022523 0.73423
0 0.76577
0.031532 0.76351
0.063063 0.75676
0.094595 0.7455
0.12387 0.73423
0.15541 0.71847
0.18694 0.70495
0.21396 0.69144
0.2455 0.67793
0.27703 0.66667
0.30405 0.65991
0.33559 0.6509
0.36712 0.64414
0.39865 0.63964
0.43018 0.63739
0.46171 0.63514
0.49324 0.63514
0.52477 0.63514
0.55631 0.63964
0.58784 0.64189
0.61937 0.64865
0.6509 0.65315
0.68243 0.66216
0.71396 0.67342
0.7455 0.68694
0.77477 0.70045
0.80405 0.71396
0.83108 0.72523
0.86036 0.73874
0.89189 0.75225
0.92342 0.76126
0.95495 0.76577
0.98649 0.76577
1 0.74775
0.99775 0.71622
0.9955 0.68468
0.98874 0.65315
0.97748 0.62162
0.96396 0.59009
0.95045 0.55856
0.93694 0.52703
0.92342 0.4955
0.89189 0.48874
0.86036 0.48423
0.82883 0.47973
0.7973 0.47748
0.76577 0.47297
0.73423 0.47072
0.7027 0.46847
0.67117 0.46622
0.63964 0.46396
0.60811 0.46171
0.57658 0.46171
0.57432 0.43018
0.57432 0.39865
0.57432 0.36712
0.57432 0.33559
0.57432 0.30405
0.57658 0.27252
0.57883 0.24099
0.58108 0.20946
0.58333 0.17793
0.58559 0.1464
0.59009 0.11486
0.59234 0.083333
0.59685 0.051802
0.6036 0.02027
0.59685 0
0.56532 0.009009
0.53378 0.013514
0.50225 0.018018
0.47072 0.015766
0.43919 0.013514
0.40766 0.009009
0.3964 0.022523
0.39865 0.054054
0.40315 0.085586
0.40541 0.11712
0.40766 0.14865
0.40991 0.18018
0.41216 0.21171
0.41441 0.24324
0.41667 0.27477
0.41667 0.30631
0.41667 0.33784
0.41892 0.36937
0.41892 0.38739
# triangles
51 52 55
52 53 54
52 54 55
17 18 24
17 24 25
20 21 22
3 35 36
3 34 35
9 10 29
6 7 31
50 51 56
51 55 56
10 28 29
7 30 31
47 59 60
2 36 37
2 3 36
38 39 73
37 38 73
2 37 73
2 73 74
6 31 32
5 32 33
5 6 32
47 60 64
47 48 59
48 49 58
48 58 59
79 80 102
79 102 103
77 104 105
1 2 74
84 91 98
10 11 14
10 14 28
11 12 13
11 13 14
17 25 26
16 17 26
45 46 65
46 47 64
46 64 65
45 65 66
4 5 33
4 33 34
3 4 34
82 83 99
83 98 99
83 84 98
80 101 102
49 50 57
49 57 58
50 56 57
7 8 30
8 9 29
8 29 30
77 78 104
78 103 104
78 79 103
1 74 75
0 1 75
77 105 106
91 97 98
87 88 89
15 26 27
15 16 26
15 27 28
14 15 28
44 66 67
44 45 66
42 43 69
42 69 70
80 81 101
60 61 64
86 87 89
86 89 90
82 99 100
81 82 100
81 100 101
43 68 69
44 67 68
43 44 68
76 77 106
0 75 76
0 76 106
42 70 71
41 42 71
39 40 73
40 72 73
40 41 71
40 71 72
93 94 95
61 62 63
61 63 64
91 92 97
92 93 97
93 95 96
93 96 97
85 86 90
84 85 91
85 90 91
18 19 24
19 23 24
19 20 23
20 22 23
