# points
0 0.44848
0.0060606 0.47879
0.056566 0.49495
0.094949 0.52727
0.11919 0.55556
0.1697 0.57576
0.18788 0.60202
0.2404 0.60404
0.29293 0.60404
0.30303 0.63838
0.26061 0.67273
0.2404 0.69899
0.27071 0.71515
0.22626 0.75758
0.2404 0.79394
0.21818 0.84444
0.22222 0.88485
0.27071 0.85455
0.31313 0.86667
0.35758 0.83232
0.4 0.8303
0.43838 0.79798
0.47273 0.74949
0.51111 0.72727
0.53737 0.67879
0.56364 0.6404
0.56162 0.69293
0.58182 0.68283
0.59394 0.73131
0.60202 0.78384
0.63232 0.8101
0.64848 0.85657
0.67677 0.84848
0.71717 0.86869
0.74949 0.90505
0.75152 0.85657
0.7697 0.81818
0.78182 0.78384
0.7697 0.73535
0.7596 0.68485
0.7798 0.65657
0.75758 0.60404
0.76768 0.57172
0.73131 0.52323
0.76162 0.51919
0.8101 0.54747
0.8404 0.53131
0.89293 0.54949
0.88485 0.51313
0.92929 0.50303
0.98182 0.49899
1 0.45657
0.99596 0.42222
0.94545 0.40606
0.89293 0.38182
0.87475 0.34747
0.82222 0.33131
0.8 0.30101
0.74747 0.29899
0.69495 0.30101
0.65455 0.29495
0.65657 0.26263
0.70101 0.23434
0.69697 0.21818
0.71111 0.18182
0.75354 0.13535
0.74949 0.094949
0.77576 0.046465
0.74949 0.028283
0.70505 0.028283
0.66667 0.032323
0.61818 0.060606
0.58384 0.060606
0.54949 0.10101
0.51111 0.14141
0.48081 0.14949
0.45051 0.20202
0.4404 0.1596
0.41818 0.18182
0.40404 0.13737
0.3899 0.090909
0.35758 0.066667
0.33535 0.018182
0.30909 0.058586
0.27273 0.022222
0.23838 0
0.24444 0.052525
0.21818 0.082828
0.2202 0.13333
0.23434 0.18384
0.24444 0.23434
0.23232 0.26667
0.25657 0.31717
0.25657 0.35556
0.29495 0.39798
0.30707 0.42424
0.25859 0.4
0.2202 0.39394
0.1697 0.38182
0.11919 0.36566
0.12525 0.40808
0.072727 0.4
0.026263 0.41212
0 0.44848
0 0.44848
# triangles
25 41 43
28 29 30
28 30 38
51 52 53
39 40 41
28 38 39
30 31 32
30 32 38
3 4 100
5 97 100
4 5 100
97 98 100
98 99 100
5 96 97
5 95 96
60 76 95
25 43 60
25 60 95
49 50 51
49 51 53
25 27 41
27 39 41
27 28 39
25 26 27
63 64 73
64 71 73
71 72 73
90 91 92
12 14 19
12 19 21
19 20 21
36 37 38
32 36 38
14 15 17
15 16 17
17 18 19
14 17 19
12 13 14
8 24 25
8 9 24
8 25 95
10 11 12
9 10 12
12 21 22
9 12 22
9 22 24
22 23 24
2 3 100
2 100 101
2 101 102
0 2 102
0 1 2
64 66 71
64 65 66
66 68 69
66 67 68
61 74 76
60 61 76
61 63 73
61 73 74
61 62 63
46 47 48
41 42 43
43 59 60
83 87 88
83 88 89
79 83 89
76 77 78
78 89 90
78 79 89
78 90 92
76 78 92
74 75 76
76 94 95
76 92 94
92 93 94
32 33 36
5 6 7
5 7 95
7 8 95
66 70 71
66 69 70
44 45 46
56 57 58
44 56 58
43 58 59
43 44 58
54 55 56
44 54 56
44 46 54
46 48 54
49 53 54
48 49 54
84 85 86
83 86 87
83 84 86
79 80 81
79 81 83
81 82 83
33 34 35
33 35 36
