# points
0.0026738 0.5
0.0080214 0.54278
0.010695 0.58021
0 0.62567
0.042781 0.61497
0.080214 0.62032
0.12567 0.62299
0.17112 0.61765
0.20053 0.6123
0.24332 0.57487
0.2754 0.58289
0.31818 0.58021
0.35561 0.60428
0.37968 0.63636
0.36898 0.68182
0.36898 0.72727
0.38235 0.76203
0.37968 0.80749
0.40107 0.83155
0.3984 0.87701
0.38503 0.92246
0.37433 0.96524
0.37701 0.99733
0.42246 0.99465
0.46791 0.98128
0.49733 1
0.54278 0.99465
0.58824 0.98396
0.61765 0.99733
0.60428 0.95455
0.59626 0.91176
0.57754 0.88503
0.59358 0.83957
0.59626 0.79412
0.61497 0.74866
0.62299 0.70321
0.63102 0.65775
0.61765 0.63102
0.66043 0.62834
0.70588 0.61497
0.74332 0.62032
0.78877 0.62299
0.83155 0.61765
0.86631 0.63636
0.8984 0.65508
0.94385 0.64706
0.97594 0.63904
0.99465 0.59626
0.97861 0.57487
0.98128 0.52941
0.98663 0.48396
0.97059 0.46257
0.9893 0.41711
0.97861 0.37166
0.94385 0.34225
0.8984 0.33155
0.85294 0.35027
0.86096 0.36631
0.81818 0.36898
0.78342 0.37433
0.74332 0.36898
0.70053 0.36898
0.65508 0.3877
0.62567 0.37433
0.60963 0.3369
0.6016 0.29144
0.60428 0.24599
0.62567 0.20053
0.63904 0.15508
0.64706 0.10963
0.62032 0.074866
0.59626 0.050802
0.59626 0.010695
0.61497 0.0053476
0.56952 0.0026738
0.52406 0.0080214
0.49198 0
0.44652 0.0026738
0.40107 0.0053476
0.37701 0.0053476
0.40642 0.02139
0.37166 0.058824
0.35294 0.10428
0.35027 0.14973
0.36364 0.19519
0.3877 0.2246
0.38235 0.27005
0.37968 0.30749
0.36631 0.35027
0.36631 0.39037
0.3369 0.39037
0.29679 0.41176
0.2754 0.40107
0.22995 0.40642
0.19786 0.38235
0.15508 0.37166
0.12299 0.37166
0.080214 0.36898
0.034759 0.36898
0.0053476 0.40374
0.0026738 0.44652
0.0053476 0.48396
0.0026738 0.5
# triangles
0 1 101
1 6 101
24 25 26
18 31 32
18 19 31
19 24 31
26 30 31
24 26 31
12 37 89
6 96 101
55 56 57
52 53 57
51 52 57
53 54 57
54 55 57
19 20 24
14 15 16
26 29 30
97 98 99
97 99 100
97 100 101
96 97 101
9 91 93
93 94 95
89 90 91
76 77 80
76 80 81
71 74 75
75 76 81
75 81 82
72 73 74
71 72 74
68 70 71
67 68 71
68 69 70
39 60 62
20 23 24
16 17 18
9 10 91
12 13 37
2 3 4
1 5 6
1 2 5
2 4 5
27 28 29
26 27 29
49 50 51
42 49 51
42 51 57
63 64 89
37 63 89
37 62 63
13 35 37
13 14 35
14 16 35
16 34 35
18 32 33
16 18 33
16 33 34
66 85 86
66 67 85
67 71 85
71 75 85
83 84 85
82 83 85
75 82 85
6 7 96
7 95 96
7 93 95
7 9 93
7 8 9
91 92 93
78 79 80
77 78 80
60 61 62
21 22 23
20 21 23
10 11 91
11 12 89
11 89 91
42 48 49
46 47 48
45 46 48
41 42 59
38 39 62
37 38 62
40 41 59
39 40 60
40 59 60
64 88 89
65 66 86
42 43 48
43 44 45
43 45 48
42 57 58
42 58 59
35 36 37
65 86 87
64 87 88
64 65 87
