# points
0.37528 0.48989
0.37753 0.5236
0.38202 0.5573
0.38652 0.59101
0.37753 0.61348
0.34382 0.60674
0.31011 0.60225
0.2764 0.6
0.2427 0.6
0.20899 0.60225
0.17528 0.60674
0.14157 0.61348
0.10787 0.62247
0.074157 0.63596
0.042697 0.66517
0.022472 0.69888
0.011236 0.73258
0.0044944 0.76629
0 0.8
0 0.83371
0 0.86742
0.033708 0.86517
0.067416 0.86067
0.10112 0.85618
0.13483 0.85169
0.16854 0.84944
0.20225 0.84719
0.23596 0.8427
0.26966 0.84045
0.30337 0.8382
0.33708 0.8382
0.37079 0.83596
0.40449 0.83596
0.4382 0.83371
0.47191 0.83371
0.50562 0.83371
0.53933 0.83371
0.57303 0.83596
0.60674 0.83596
0.64045 0.8382
0.67416 0.8382
0.70787 0.84045
0.74157 0.8427
0.77528 0.84494
0.80899 0.84719
0.8427 0.85169
0.8764 0.85393
0.91011 0.85843
0.94382 0.86292
0.97753 0.86742
1 0.85393
1 0.82022
0.99775 0.78652
0.99551 0.75281
0.98876 0.7191
0.97753 0.68539
0.95955 0.65169
0.92809 0.62472
0.89438 0.61573
0.86067 0.60674
0.82697 0.6
0.79326 0.59551
0.75955 0.59551
0.72584 0.59775
0.69213 0.6
0.65843 0.60674
0.62472 0.61124
0.60449 0.6
0.60899 0.56629
0.61124 0.53258
0.61348 0.49888
0.61573 0.46517
0.61798 0.43146
0.62022 0.39775
0.62247 0.36404
0.62247 0.33034
0.62472 0.29663
0.62472 0.26292
0.62472 0.22921
0.62472 0.19551
0.62472 0.1618
0.62247 0.12809
0.61798 0.094382
0.61348 0.060674
0.60225 0.026966
0.57753 0
0.54382 0.0089888
0.51011 0.020225
0.4764 0.017978
0.4427 0.0044944
0.40899 0.011236
0.38652 0.044944
0.37753 0.078652
0.37079 0.11236
0.36629 0.14607
0.36404 0.17978
0.36404 0.21348
0.36404 0.24719
0.36404 0.2809
0.36404 0.31461
0.36629 0.34831
0.36854 0.38202
0.37079 0.41573
0.37303 0.44944
0.37528 0.48315
0.37528 0.48989
# triangles
4 35 67
8 9 27
3 67 68
3 4 67
49 50 51
84 85 86
15 16 24
73 101 102
46 53 54
46 54 55
45 46 55
19 20 21
18 19 22
19 21 22
17 18 22
83 84 86
11 12 25
12 24 25
11 25 26
10 11 26
9 10 27
10 26 27
56 57 58
55 56 58
45 55 58
45 58 59
73 74 101
43 61 62
0 70 104
0 1 70
46 47 53
47 52 53
44 45 59
2 3 68
4 34 35
4 33 34
4 31 32
4 32 33
17 22 23
16 23 24
16 17 23
14 15 24
12 13 14
12 14 24
81 82 87
82 83 87
83 86 87
40 64 65
35 36 67
36 66 67
42 43 62
42 62 63
44 59 60
43 60 61
43 44 60
76 98 99
76 77 98
74 100 101
72 102 103
72 73 102
71 72 103
71 103 104
70 71 104
48 51 52
47 48 52
48 49 51
6 7 29
5 6 29
5 29 30
4 30 31
4 5 30
39 65 66
39 40 65
79 80 95
89 90 91
2 68 69
1 69 70
1 2 69
74 75 100
75 76 99
75 99 100
7 28 29
7 8 28
8 27 28
36 37 66
40 41 64
41 63 64
41 42 63
80 94 95
80 81 94
81 87 94
87 93 94
77 97 98
77 78 97
78 79 96
79 95 96
78 96 97
88 89 91
87 88 93
38 39 66
37 38 66
88 92 93
88 91 92
