# points
0 0.49524
0.02381 0.50714
0.040476 0.54524
0.069048 0.57381
0.1 0.59762
0.13095 0.61429
0.15714 0.63571
0.14048 0.67143
0.11667 0.70952
0.1 0.75476
0.085714 0.8
0.083333 0.84524
0.064286 0.88571
0.080952 0.9119
0.10238 0.9119
0.14762 0.90952
0.19286 0.9
0.23095 0.89048
0.27381 0.87143
0.31905 0.85476
0.35952 0.84762
0.37619 0.88095
0.3881 0.90238
0.41667 0.92381
0.44286 0.94048
0.46667 0.95952
0.4881 0.98095
0.50952 0.99286
0.54286 0.9619
0.57381 0.93333
0.59286 0.89524
0.61905 0.87857
0.62381 0.85238
0.64286 0.83571
0.68333 0.86429
0.72143 0.87857
0.75714 0.8881
0.79048 0.90714
0.82381 0.90952
0.86905 0.91429
0.90476 0.92619
0.91429 0.89524
0.91429 0.85476
0.91667 0.80952
0.89762 0.78333
0.88333 0.74524
0.86905 0.70238
0.85 0.66429
0.83571 0.63571
0.87619 0.61905
0.91905 0.58571
0.95714 0.55
1 0.53095
0.98571 0.50476
0.97857 0.46905
0.95238 0.43333
0.9119 0.41429
0.88095 0.37619
0.84286 0.35714
0.85 0.32381
0.87857 0.28095
0.89762 0.23571
0.90238 0.20238
0.90952 0.15714
0.91905 0.1119
0.91905 0.071429
0.88095 0.07619
0.84524 0.07619
0.8119 0.080952
0.76667 0.092857
0.72143 0.10476
0.67857 0.12857
0.64048 0.15476
0.61667 0.12381
0.59286 0.090476
0.57143 0.05
0.5381 0.02619
0.49524 0
0.45 0.02619
0.40952 0.064286
0.40714 0.088095
0.37619 0.12381
0.34048 0.15476
0.30714 0.13095
0.26667 0.10952
0.22381 0.10952
0.19524 0.090476
0.15476 0.080952
0.1119 0.083333
0.07381 0.064286
0.059524 0.083333
0.07619 0.12619
0.083333 0.16667
0.085714 0.20952
0.097619 0.24048
0.1119 0.27857
0.12381 0.31667
0.15476 0.35
0.11905 0.38095
0.083333 0.4119
0.040476 0.44286
0.0095238 0.48095
0 0.49524
# triangles
88 89 90
51 52 53
48 58 72
72 82 97
39 40 41
58 59 72
59 60 71
59 71 72
50 51 56
48 56 58
60 69 70
60 70 71
39 41 42
36 44 45
42 43 44
48 49 56
49 50 56
85 94 95
85 86 92
5 97 98
1 2 100
88 90 91
88 91 92
87 88 92
86 87 92
63 67 68
62 68 69
62 63 68
60 61 69
61 62 69
51 55 56
56 57 58
72 81 82
36 37 38
36 38 44
38 42 44
38 39 42
9 10 16
6 20 33
5 6 97
6 33 48
6 48 72
6 72 97
33 47 48
83 85 95
82 83 97
83 95 97
83 84 85
85 93 94
85 92 93
95 96 97
63 66 67
63 64 66
64 65 66
51 53 54
51 54 55
11 15 16
10 11 16
11 14 15
9 16 17
9 17 18
6 19 20
7 18 19
6 7 19
34 46 47
33 34 47
0 1 101
1 100 101
3 4 99
2 3 99
2 99 100
4 5 99
5 98 99
74 75 76
76 77 78
72 73 81
74 76 80
73 80 81
73 74 80
78 79 80
76 78 80
12 13 14
11 12 14
8 9 18
7 8 18
34 35 46
35 36 45
35 45 46
20 32 33
20 30 32
20 21 30
23 24 30
21 23 30
24 29 30
25 28 29
24 25 29
30 31 32
26 27 28
25 26 28
21 22 23
