# points
0.22169 0.47952
0.24819 0.49157
0.25783 0.52289
0.26747 0.54699
0.28434 0.56867
0.31566 0.58072
0.3253 0.61446
0.35181 0.64337
0.35904 0.67711
0.36867 0.70361
0.37108 0.73735
0.38313 0.75904
0.38795 0.78313
0.39759 0.79759
0.40241 0.83133
0.41446 0.86506
0.4241 0.8988
0.43133 0.91084
0.43855 0.94458
0.4506 0.96627
0.45783 1
0.47952 1
0.48916 0.96627
0.48434 0.94217
0.4988 0.90843
0.51084 0.87711
0.51566 0.84578
0.53253 0.81928
0.54699 0.78554
0.55422 0.75181
0.56627 0.72048
0.58313 0.68675
0.58795 0.65301
0.60964 0.62892
0.62651 0.6
0.66024 0.58072
0.66024 0.56145
0.66506 0.54217
0.68675 0.51566
0.7012 0.48193
0.73012 0.45301
0.73976 0.41928
0.76386 0.38554
0.78313 0.35663
0.78554 0.33494
0.81205 0.30843
0.81928 0.2747
0.84578 0.24337
0.85542 0.21446
0.88675 0.18795
0.89639 0.15422
0.90843 0.12048
0.92289 0.11566
0.93976 0.098795
0.94217 0.06506
0.94458 0.053012
0.91084 0.048193
0.87711 0.043373
0.84337 0.045783
0.80964 0.050602
0.7759 0.048193
0.74217 0.050602
0.70843 0.053012
0.6747 0.048193
0.64096 0.043373
0.60723 0.040964
0.59518 0.021687
0.56627 0.024096
0.54699 0.0048193
0.51325 0.0048193
0.47952 0
0.44578 0.014458
0.4241 0.0048193
0.39277 0.024096
0.36627 0.026506
0.34458 0.053012
0.31084 0.048193
0.27711 0.043373
0.24337 0.045783
0.20964 0.048193
0.1759 0.048193
0.14217 0.050602
0.10843 0.053012
0.074699 0.048193
0.040964 0.043373
0.0072289 0.045783
0 0.074699
0.014458 0.10602
0.038554 0.12771
0.048193 0.16145
0.06506 0.18072
0.077108 0.21446
0.091566 0.23614
0.10602 0.24819
0.10843 0.27711
0.13494 0.29157
0.13976 0.32289
0.15904 0.3494
0.17349 0.38313
0.19759 0.41446
0.21205 0.44819
0.2241 0.4747
0.22169 0.47952
# triangles
41 65 75
2 3 5
39 41 75
75 95 97
75 97 99
41 44 65
84 85 86
39 40 41
1 75 99
1 39 75
1 2 5
1 5 37
1 37 39
95 96 97
65 67 75
67 71 75
65 66 67
75 76 95
13 27 28
13 26 27
13 14 26
3 4 5
37 38 39
69 70 71
67 69 71
67 68 69
48 61 62
48 60 61
44 64 65
44 63 64
46 48 62
46 62 63
44 46 63
79 80 93
16 24 25
11 12 13
5 34 37
5 32 34
5 6 7
5 7 32
41 42 44
42 43 44
97 98 99
1 99 100
51 57 58
44 45 46
51 56 57
84 86 87
83 84 87
83 87 88
82 83 88
80 90 93
88 89 90
82 88 90
93 94 95
76 78 95
76 77 78
78 93 95
78 79 93
16 17 24
17 23 24
17 18 23
19 20 21
19 21 22
19 22 23
18 19 23
15 16 25
15 25 26
14 15 26
13 28 29
11 13 29
30 31 32
9 30 32
9 10 11
9 29 30
9 11 29
0 1 101
1 100 101
50 51 58
46 47 48
80 81 90
81 82 90
90 91 93
71 73 75
73 74 75
71 72 73
32 33 34
34 36 37
7 8 32
8 9 32
50 58 59
48 59 60
48 50 59
54 55 56
53 54 56
51 52 56
52 53 56
48 49 50
91 92 93
34 35 36
