# points
0 0.50125
0.022444 0.54115
0.082294 0.54115
0.14214 0.54115
0.202 0.54115
0.26185 0.54115
0.3217 0.54115
0.38155 0.54115
0.4414 0.54115
0.50125 0.54115
0.5611 0.54115
0.62095 0.54115
0.6808 0.54115
0.74065 0.54115
0.8005 0.54115
0.85786 0.54613
0.81796 0.56858
0.7581 0.56858
0.69825 0.56858
0.6384 0.56858
0.57855 0.56858
0.5187 0.56858
0.45885 0.56858
0.399 0.56858
0.33915 0.56858
0.2793 0.56858
0.21945 0.56858
0.1596 0.56858
0.099751 0.56858
0.0399 0.56858
0.0099751 0.59601
0.027431 0.65586
0.049875 0.71571
0.084788 0.77556
0.12968 0.83541
0.18204 0.88529
0.2419 0.92768
0.30175 0.9601
0.3616 0.98005
0.42145 0.99501
0.4813 1
0.54115 0.99751
0.601 0.98753
0.66085 0.97007
0.7207 0.94264
0.78055 0.90524
0.8404 0.85287
0.89277 0.79302
0.92768 0.73317
0.95511 0.67332
0.97257 0.61347
0.98254 0.55362
0.98504 0.49377
0.95262 0.46633
0.89277 0.46633
0.83292 0.46633
0.77307 0.46633
0.71322 0.46633
0.65337 0.46633
0.59352 0.46633
0.53367 0.46633
0.47382 0.46633
0.41397 0.46633
0.35411 0.46633
0.29426 0.46633
0.23441 0.46633
0.17456 0.46633
0.16459 0.43641
0.22444 0.43641
0.28429 0.43641
0.34414 0.43641
0.40399 0.43641
0.46384 0.43641
0.52369 0.43641
0.58354 0.43641
0.64339 0.43641
0.70324 0.43641
0.76309 0.43641
0.82294 0.43641
0.88279 0.43641
0.94264 0.43641
0.97756 0.41646
0.96509 0.35661
0.94264 0.29676
0.91272 0.23691
0.87032 0.17706
0.81297 0.11721
0.75312 0.072319
0.69327 0.042394
0.63342 0.01995
0.57357 0.0049875
0.51372 0
0.45387 0
0.39401 0.0074813
0.33416 0.024938
0.27431 0.049875
0.21446 0.087282
0.15461 0.13716
0.10474 0.18953
0.067332 0.24938
0.037406 0.30923
0.017456 0.36908
0.0049875 0.42893
0.0024938 0.48878
0 0.50125
# triangles
22 39 40
17 46 47
75 86 87
75 87 88
21 22 40
22 23 38
22 38 39
8 9 61
74 75 88
68 98 99
67 68 99
67 99 100
71 93 94
71 94 95
68 97 98
17 18 46
18 45 46
18 19 45
20 42 43
20 21 42
15 51 54
15 50 51
8 61 62
6 63 64
26 33 34
23 37 38
79 82 83
74 88 89
73 90 91
73 89 90
73 74 89
0 1 103
1 2 103
21 40 41
21 41 42
19 44 45
20 43 44
19 20 44
51 52 53
51 53 54
15 49 50
24 35 36
23 24 37
24 36 37
6 7 63
7 62 63
7 8 62
4 5 65
5 6 64
5 64 65
29 30 31
28 29 31
28 31 32
79 80 82
80 81 82
72 91 92
72 73 91
71 72 93
72 92 93
9 10 60
9 60 61
16 17 47
16 47 48
15 16 49
16 48 49
15 54 55
14 15 55
77 84 85
67 100 101
68 69 97
69 96 97
4 65 66
2 66 67
27 28 32
26 27 33
27 32 33
24 25 35
25 26 34
25 34 35
10 59 60
10 11 59
78 79 83
78 83 84
77 78 84
67 101 102
2 67 102
2 102 103
69 70 96
70 71 95
70 95 96
75 76 86
76 85 86
76 77 85
12 57 58
11 12 58
11 58 59
12 13 57
3 4 66
2 3 66
13 56 57
13 14 56
14 55 56
