# points
0.13281 0.50781
0.14844 0.53385
0.16667 0.5599
0.1849 0.58594
0.20573 0.61198
0.22396 0.63542
0.24479 0.65885
0.27083 0.6849
0.29688 0.70833
0.32031 0.72917
0.34635 0.7526
0.3724 0.77344
0.39844 0.79427
0.42448 0.8151
0.44792 0.83854
0.47396 0.86198
0.5 0.88802
0.52604 0.91406
0.54948 0.9401
0.57552 0.92969
0.60156 0.90365
0.6224 0.88021
0.64323 0.85417
0.66146 0.82812
0.67969 0.80208
0.69531 0.77604
0.70833 0.75
0.72135 0.72396
0.73177 0.69792
0.74219 0.67188
0.75 0.64583
0.75781 0.61979
0.76562 0.59375
0.77083 0.56771
0.77604 0.54167
0.78385 0.51562
0.78906 0.48958
0.79427 0.46354
0.80208 0.4375
0.8099 0.41146
0.82031 0.38542
0.83073 0.35938
0.84375 0.33333
0.85677 0.30729
0.8724 0.28125
0.88802 0.25521
0.90365 0.22917
0.91927 0.20312
0.9375 0.17708
0.95312 0.15104
0.96875 0.125
0.98438 0.098958
0.9974 0.072917
1 0.052083
0.97396 0.044271
0.94792 0.039062
0.92188 0.033854
0.89583 0.028646
0.86979 0.023438
0.84375 0.018229
0.81771 0.015625
0.79167 0.010417
0.76562 0.0078125
0.73958 0.0078125
0.71354 0.0052083
0.6875 0.0026042
0.66146 0.0026042
0.63542 0
0.60938 0.0026042
0.58333 0.0026042
0.55729 0.0026042
0.53125 0.0052083
0.50521 0.0052083
0.47917 0.0078125
0.45312 0.010417
0.42708 0.013021
0.40104 0.013021
0.375 0.015625
0.34896 0.018229
0.32292 0.023438
0.29688 0.023438
0.27083 0.026042
0.24479 0.028646
0.21875 0.03125
0.19271 0.033854
0.16667 0.036458
0.14062 0.039062
0.11458 0.041667
0.088542 0.044271
0.0625 0.049479
0.036458 0.052083
0.010417 0.054688
0 0.070312
0.0052083 0.096354
0.010417 0.1224
0.015625 0.14844
0.020833 0.17448
0.026042 0.20052
0.03125 0.22656
0.036458 0.2526
0.044271 0.27865
0.052083 0.30469
0.059896 0.33073
0.067708 0.35677
0.075521 0.38281
0.085938 0.40885
0.096354 0.4349
0.10938 0.46094
0.1224 0.48698
0.13281 0.50781
# triangles
0 1 75
52 53 54
37 38 75
1 2 75
2 3 37
2 37 75
51 52 54
44 63 64
43 44 64
0 75 108
75 77 108
77 107 108
40 41 69
40 69 71
45 61 62
45 46 61
45 62 63
44 45 63
51 54 55
48 49 57
43 64 65
79 106 107
79 105 106
77 79 107
77 78 79
79 104 105
79 103 104
38 74 75
39 71 73
39 40 71
38 39 74
39 73 74
41 68 69
41 42 68
71 72 73
3 4 37
47 59 60
46 60 61
46 47 60
48 57 58
47 48 58
47 58 59
50 51 55
42 43 66
43 65 66
66 67 68
42 66 68
17 18 19
11 12 28
12 13 26
14 15 23
9 10 31
10 11 30
10 30 31
11 28 29
11 29 30
7 8 34
4 36 37
4 5 36
8 9 33
8 33 34
75 76 77
69 70 71
50 55 56
49 56 57
49 50 56
15 22 23
15 16 22
16 21 22
17 19 20
16 20 21
16 17 20
14 23 24
13 14 24
12 27 28
12 26 27
6 7 34
5 6 36
6 34 36
9 31 32
9 32 33
34 35 36
13 25 26
13 24 25
79 80 103
85 97 98
80 81 103
81 82 102
81 102 103
85 86 97
84 85 98
82 101 102
90 91 92
83 84 100
83 100 101
82 83 101
84 98 99
84 99 100
87 88 95
90 92 93
89 94 95
88 89 95
89 93 94
89 90 93
87 95 96
86 87 96
86 96 97
