# points
0 0.49203
0 0.53303
0.0045558 0.57403
0.013667 0.61503
0.025057 0.65604
0.041002 0.69704
0.059226 0.73804
0.082005 0.77904
0.1139 0.82005
0.1549 0.82232
0.1959 0.82232
0.2369 0.8246
0.2779 0.8246
0.31891 0.82916
0.35991 0.83371
0.40091 0.84055
0.44191 0.84738
0.48292 0.85877
0.50114 0.87244
0.46014 0.87244
0.41913 0.87244
0.37813 0.87244
0.33713 0.87244
0.29613 0.87244
0.25513 0.87244
0.21412 0.87244
0.17312 0.87244
0.19362 0.89749
0.23462 0.92483
0.27563 0.94989
0.31663 0.96583
0.35763 0.9795
0.39863 0.99089
0.43964 0.99772
0.48064 1
0.52164 1
0.56264 0.99544
0.60364 0.98633
0.64465 0.97494
0.68565 0.959
0.72665 0.94077
0.76765 0.91344
0.80866 0.88383
0.84966 0.8451
0.88383 0.8041
0.91116 0.7631
0.93394 0.7221
0.95216 0.68109
0.96583 0.64009
0.97722 0.59909
0.98178 0.55809
0.98633 0.51708
0.98633 0.47608
0.98178 0.43508
0.97494 0.39408
0.96355 0.35308
0.94989 0.31207
0.93166 0.27107
0.90888 0.23007
0.87472 0.20501
0.83371 0.20501
0.79271 0.20501
0.75171 0.20501
0.71071 0.20501
0.6697 0.20501
0.6287 0.20501
0.5877 0.20501
0.5467 0.20501
0.5467 0.19134
0.5877 0.18223
0.6287 0.17312
0.6697 0.16856
0.71071 0.16629
0.75171 0.16401
0.79271 0.16401
0.83371 0.16629
0.84282 0.14806
0.80182 0.10934
0.76082 0.079727
0.71982 0.05467
0.67882 0.036446
0.63781 0.020501
0.59681 0.0091116
0.55581 0.0045558
0.51481 0
0.4738 0
0.4328 0.0022779
0.3918 0.0091116
0.3508 0.020501
0.30979 0.034169
0.26879 0.052392
0.22779 0.077449
0.18679 0.10478
0.14579 0.14351
0.10934 0.18451
0.079727 0.22551
0.056948 0.26651
0.036446 0.30752
0.022779 0.34852
0.01139 0.38952
0.0045558 0.43052
0 0.47153
0 0.49203
# triangles
67 91 92
68 84 85
17 66 67
18 34 35
18 35 36
16 17 67
13 14 67
0 13 100
13 67 100
67 96 97
67 97 98
67 92 93
67 93 94
67 95 96
67 94 95
69 82 83
68 69 83
68 83 84
70 81 82
69 70 82
14 15 67
15 16 67
0 1 12
0 12 13
4 11 12
67 98 99
67 99 100
17 47 48
17 18 44
48 49 50
70 80 81
48 50 64
50 51 64
68 87 88
23 29 30
22 23 30
4 5 11
1 2 12
0 100 101
18 36 37
18 41 42
18 42 43
18 43 44
17 44 45
57 58 60
70 71 80
72 78 79
71 72 79
71 79 80
53 54 63
54 62 63
52 53 63
51 52 63
51 63 64
17 65 66
17 48 65
48 64 65
67 90 91
68 85 86
68 86 87
19 20 33
18 19 34
19 33 34
23 24 29
7 8 9
3 4 12
2 3 12
18 38 39
18 37 38
18 39 40
18 40 41
17 46 47
17 45 46
74 76 77
74 75 76
72 73 78
73 77 78
73 74 77
57 60 61
56 57 61
54 55 62
55 61 62
55 56 61
68 88 89
67 68 89
67 89 90
22 30 31
21 22 31
25 26 27
24 28 29
25 27 28
24 25 28
7 9 10
6 7 10
5 10 11
5 6 10
58 59 60
20 21 32
21 31 32
20 32 33
