# points
0 0.50249
0 0.52985
0.0024876 0.55721
0.0074627 0.58458
0.012438 0.61194
0.0199 0.6393
0.027363 0.66667
0.037313 0.69403
0.049751 0.72139
0.064677 0.74876
0.08209 0.77612
0.099502 0.80348
0.12189 0.83085
0.14428 0.85572
0.16915 0.87811
0.19652 0.9005
0.22388 0.9204
0.25124 0.93532
0.27861 0.95025
0.30597 0.96269
0.33333 0.97264
0.3607 0.98259
0.38806 0.98756
0.41542 0.99254
0.44279 0.99751
0.47015 0.99751
0.49751 1
0.52488 0.99751
0.55224 0.99502
0.5796 0.99005
0.60697 0.98507
0.63433 0.97761
0.66169 0.96766
0.68905 0.95522
0.71642 0.94279
0.74378 0.92786
0.77114 0.90796
0.79851 0.88806
0.82587 0.86318
0.85323 0.83582
0.87562 0.80846
0.89552 0.78109
0.91294 0.75373
0.92786 0.72637
0.9403 0.699
0.95025 0.67164
0.9602 0.64428
0.96766 0.61692
0.97264 0.58955
0.97761 0.56219
0.9801 0.53483
0.9801 0.50746
0.9801 0.4801
0.97761 0.45274
0.97512 0.42537
0.97015 0.39801
0.96269 0.37065
0.95522 0.34328
0.94527 0.31592
0.93532 0.28856
0.9204 0.26119
0.90547 0.23383
0.88806 0.20647
0.86567 0.1791
0.8408 0.15174
0.81343 0.12438
0.78607 0.10199
0.75871 0.08209
0.73134 0.064677
0.70398 0.049751
0.67662 0.037313
0.64925 0.027363
0.62189 0.0199
0.59453 0.012438
0.56716 0.0074627
0.5398 0.0024876
0.51244 0
0.48507 0
0.45771 0
0.43035 0.0049751
0.40299 0.0074627
0.37562 0.014925
0.34826 0.022388
0.3209 0.032338
0.29353 0.042289
0.26617 0.054726
0.23881 0.069652
0.21144 0.089552
0.18408 0.10945
0.15672 0.13433
0.13682 0.15423
0.11194 0.18159
0.09204 0.20896
0.072139 0.23632
0.057214 0.26368
0.044776 0.29104
0.032338 0.31841
0.022388 0.34577
0.014925 0.37313
0.0074627 0.4005
0.0049751 0.42786
0 0.45522
0 0.48259
0 0.50249
# triangles
10 36 45
0 56 100
10 25 36
51 52 53
0 53 56
45 48 51
5 10 45
56 92 95
56 95 100
0 100 102
10 17 25
5 6 7
56 58 92
49 50 51
48 49 51
3 45 51
3 5 45
3 51 53
0 3 53
3 4 5
98 99 100
95 98 100
36 37 38
36 38 45
38 40 45
40 41 45
25 33 36
10 14 17
17 22 25
92 94 95
92 93 94
53 55 56
53 54 55
100 101 102
45 46 48
46 47 48
38 39 40
41 42 45
25 29 33
29 31 32
29 32 33
69 70 72
90 91 92
20 21 22
17 20 22
23 24 25
22 23 25
10 11 12
10 12 14
12 13 14
5 7 8
72 73 74
64 66 72
64 72 83
64 83 90
58 64 92
64 90 92
56 57 58
0 2 3
43 44 45
42 43 45
25 26 27
25 27 29
29 30 31
34 35 36
33 34 36
64 65 66
72 74 79
72 79 83
74 77 79
77 78 79
83 89 90
87 88 89
83 87 89
83 84 87
14 15 17
15 16 17
5 9 10
5 8 9
95 96 98
96 97 98
70 71 72
75 76 77
74 75 77
58 60 64
58 59 60
0 1 2
27 28 29
68 69 72
81 82 83
79 81 83
79 80 81
85 86 87
84 85 87
17 18 20
18 19 20
60 61 63
60 63 64
61 62 63
66 67 72
67 68 72
