# points
0 0.4214
0.030568 0.44323
0.061135 0.46288
0.091703 0.48472
0.11572 0.50437
0.14192 0.53057
0.17467 0.53057
0.19214 0.54803
0.22926 0.54367
0.26638 0.5524
0.25109 0.58297
0.23144 0.62009
0.23144 0.65721
0.24017 0.69214
0.23581 0.72489
0.22926 0.76201
0.22489 0.79913
0.24017 0.81441
0.24454 0.84498
0.28166 0.83188
0.31878 0.82096
0.3559 0.81441
0.39083 0.80349
0.41703 0.76638
0.4476 0.74454
0.4738 0.71834
0.50437 0.71834
0.53712 0.73581
0.5655 0.76201
0.5917 0.79039
0.6179 0.81659
0.65066 0.83624
0.68341 0.84061
0.72052 0.83624
0.74672 0.82969
0.77293 0.80131
0.76856 0.76856
0.76419 0.73144
0.76638 0.69432
0.75764 0.66812
0.76419 0.631
0.75764 0.59389
0.74891 0.56332
0.78384 0.5524
0.82096 0.5524
0.85808 0.53712
0.89301 0.5262
0.91266 0.49563
0.94541 0.46943
0.96725 0.4607
1 0.43668
1 0.41266
0.97598 0.39738
0.94105 0.37555
0.91048 0.35371
0.88428 0.32751
0.85371 0.30568
0.81659 0.30349
0.79258 0.29694
0.75546 0.29913
0.73799 0.27948
0.75764 0.24236
0.76638 0.22052
0.76638 0.19214
0.76856 0.15502
0.77074 0.12009
0.78166 0.091703
0.77293 0.058952
0.77729 0.021834
0.74454 0
0.71179 0.0065502
0.67467 0.0131
0.63755 0.024017
0.60262 0.045852
0.57424 0.080786
0.55022 0.1048
0.5131 0.12227
0.4869 0.1179
0.45415 0.10262
0.42358 0.074236
0.40393 0.050218
0.37991 0.034934
0.35808 0.010917
0.32096 0.017467
0.29258 0.0065502
0.25983 0.0087336
0.23144 0.032751
0.23362 0.056769
0.23362 0.08952
0.23362 0.12664
0.24672 0.15284
0.23799 0.18996
0.23799 0.22707
0.25328 0.25328
0.26419 0.28603
0.22707 0.29694
0.18996 0.30131
0.15721 0.30349
0.1441 0.30349
0.11354 0.32314
0.093886 0.33624
0.09607 0.35808
0.058952 0.37555
0.021834 0.39301
0 0.4214
# triangles
0 1 103
9 60 94
9 25 26
67 68 69
60 76 94
9 94 95
85 86 87
88 89 90
2 3 101
3 4 101
10 11 12
9 10 25
10 24 25
10 12 13
10 13 24
4 5 6
6 96 101
4 6 101
6 95 96
2 101 102
1 2 102
1 102 103
63 64 74
67 69 70
67 70 71
60 75 76
63 74 75
33 34 36
26 27 42
42 59 60
9 42 60
9 26 42
83 87 88
83 88 90
6 7 8
8 9 95
6 8 95
65 66 67
65 67 71
65 71 72
65 72 73
65 73 74
64 65 74
50 51 52
47 53 54
47 48 53
48 52 53
49 50 52
48 49 52
78 90 93
78 93 94
76 77 94
77 78 94
78 79 90
13 23 24
30 31 32
32 33 36
81 82 83
81 83 90
79 81 90
79 80 81
84 85 87
83 84 87
34 35 36
90 91 93
91 92 93
13 14 23
14 21 23
14 20 21
14 15 20
21 22 23
30 32 37
32 36 37
29 30 37
27 28 39
28 29 39
29 37 39
37 38 39
55 56 57
57 58 59
61 62 63
60 61 75
61 63 75
39 40 41
27 41 42
27 39 41
45 46 47
45 55 57
45 47 54
45 54 55
96 97 101
99 100 101
97 99 101
97 98 99
15 19 20
42 43 59
43 57 59
43 44 45
43 45 57
15 16 17
15 17 19
17 18 19
