# points
0.028662 0.59554
0.015924 0.6242
0 0.65287
0.0063694 0.67516
0.035032 0.69108
0.063694 0.70382
0.092357 0.71975
0.12102 0.73567
0.14968 0.75159
0.17834 0.7707
0.20701 0.78981
0.23567 0.80892
0.26433 0.82803
0.29299 0.85032
0.32166 0.87261
0.35032 0.8949
0.37898 0.92038
0.40764 0.94586
0.43631 0.97452
0.46178 1
0.49045 0.99682
0.50955 0.97771
0.53503 0.95541
0.56369 0.92994
0.59236 0.90446
0.62102 0.88217
0.64968 0.85987
0.67834 0.83758
0.70701 0.81847
0.73567 0.79936
0.76433 0.78344
0.79299 0.76433
0.82166 0.74841
0.85032 0.73248
0.87898 0.71975
0.90764 0.70382
0.93631 0.69108
0.96497 0.67834
0.97452 0.65924
0.9586 0.63057
0.94268 0.60191
0.92994 0.57325
0.9172 0.54459
0.90446 0.51592
0.8949 0.48726
0.88535 0.4586
0.8758 0.42994
0.86624 0.40127
0.85987 0.37261
0.85669 0.34395
0.85032 0.31529
0.84395 0.28662
0.84076 0.25796
0.83758 0.2293
0.83758 0.20064
0.83758 0.17197
0.83439 0.14331
0.83439 0.11465
0.83439 0.085987
0.83439 0.057325
0.83439 0.028662
0.83439 0
0.80892 0.0031847
0.78025 0.012739
0.75159 0.022293
0.72293 0.031847
0.69427 0.038217
0.66561 0.044586
0.63694 0.050955
0.60828 0.057325
0.57962 0.06051
0.55096 0.063694
0.52229 0.066879
0.49363 0.070064
0.46497 0.070064
0.43631 0.070064
0.40764 0.066879
0.37898 0.063694
0.35032 0.063694
0.32166 0.057325
0.29299 0.05414
0.26433 0.047771
0.23567 0.038217
0.20701 0.031847
0.17834 0.022293
0.14968 0.015924
0.13057 0.019108
0.13057 0.047771
0.13057 0.076433
0.13057 0.1051
0.13057 0.13376
0.13057 0.16242
0.12739 0.19108
0.12739 0.21975
0.1242 0.24841
0.11783 0.27707
0.11465 0.30573
0.11146 0.33439
0.1051 0.36306
0.098726 0.39172
0.089172 0.42038
0.082803 0.44904
0.073248 0.47771
0.063694 0.50637
0.05414 0.53503
0.041401 0.56369
0.028662 0.59236
0.028662 0.59554
# triangles
85 86 87
84 85 87
51 52 70
54 55 67
18 19 20
84 87 88
83 84 88
83 88 89
81 90 91
60 61 62
60 62 63
59 60 63
50 72 73
50 51 72
51 70 71
51 71 72
52 69 70
78 79 93
77 78 94
78 93 94
82 83 89
82 89 90
81 82 90
80 91 92
80 92 93
79 80 93
80 81 91
55 56 67
59 63 64
58 59 64
58 64 65
52 53 69
54 67 68
53 54 68
53 68 69
31 32 43
29 45 46
18 20 21
75 76 96
76 77 94
28 47 99
28 29 47
29 46 47
12 27 28
12 28 99
75 96 97
57 58 65
56 57 65
56 66 67
56 65 66
33 42 43
32 33 43
33 41 42
31 43 44
31 44 45
30 31 45
29 30 45
76 95 96
76 94 95
74 75 97
9 10 101
1 4 5
7 8 104
8 103 104
47 48 99
48 50 73
48 49 50
11 12 99
10 11 101
11 99 101
12 13 27
74 97 98
73 74 98
48 73 98
48 98 99
18 21 22
17 18 22
99 100 101
9 101 102
8 102 103
8 9 102
0 1 5
0 105 106
7 104 105
35 40 41
33 34 41
34 35 41
36 39 40
35 36 40
14 15 25
13 14 26
14 25 26
13 26 27
16 17 23
17 22 23
6 7 105
0 5 6
0 6 105
37 38 39
36 37 39
15 24 25
15 16 24
16 23 24
1 3 4
1 2 3
