# points
0 0.50374
0.0049875 0.57855
0.022444 0.65337
0.052369 0.72818
0.097257 0.80299
0.1596 0.87032
0.23441 0.92768
0.30923 0.96758
0.29177 0.89277
0.27431 0.81796
0.26185 0.74314
0.25187 0.66833
0.24439 0.59352
0.23441 0.5187
0.22943 0.44389
0.22943 0.36908
0.22943 0.29426
0.26185 0.23441
0.33666 0.23691
0.41147 0.23691
0.48628 0.23691
0.5611 0.23691
0.63591 0.2394
0.70823 0.25935
0.71571 0.33416
0.7182 0.40898
0.7182 0.48379
0.7182 0.5586
0.74065 0.63342
0.70324 0.69077
0.62843 0.70574
0.55362 0.71072
0.4788 0.71072
0.40399 0.69327
0.38653 0.61845
0.38404 0.54364
0.38404 0.46883
0.42893 0.4015
0.50374 0.399
0.57855 0.42145
0.58105 0.49626
0.55112 0.50873
0.55611 0.43392
0.4813 0.42394
0.41147 0.45137
0.40898 0.52618
0.40898 0.601
0.42145 0.67581
0.49626 0.68579
0.57107 0.68579
0.64589 0.6808
0.7182 0.65337
0.69576 0.57855
0.69327 0.50374
0.69327 0.42893
0.69077 0.35411
0.68579 0.2793
0.62095 0.26185
0.54613 0.26185
0.47132 0.26185
0.39651 0.26185
0.3217 0.26185
0.25436 0.26933
0.25436 0.34414
0.25436 0.41895
0.25686 0.49377
0.26434 0.56858
0.27431 0.64339
0.28429 0.7182
0.29426 0.79302
0.31172 0.86783
0.33167 0.94264
0.37905 0.98753
0.45387 1
0.52868 1
0.60349 0.98753
0.6783 0.96509
0.75312 0.92519
0.82793 0.86534
0.89277 0.79052
0.93516 0.71571
0.96259 0.6409
0.97756 0.56608
0.98254 0.49127
0.97506 0.41646
0.95761 0.34165
0.92519 0.26683
0.87781 0.19202
0.80798 0.1197
0.73317 0.064838
0.65835 0.029925
0.58354 0.0099751
0.50873 0
0.43392 0.0049875
0.3591 0.01995
0.28429 0.047382
0.20948 0.089776
0.13965 0.14963
0.082294 0.22444
0.042394 0.29925
0.014963 0.37406
0.0024938 0.44888
0 0.50374
# triangles
30 75 76
70 71 73
4 5 10
26 83 84
23 88 89
71 72 73
30 31 75
31 74 75
33 69 70
26 82 83
26 27 82
27 28 82
28 81 82
30 76 77
40 52 53
40 41 52
28 79 80
28 80 81
29 30 77
29 77 78
29 78 79
28 29 79
1 2 12
17 95 96
17 96 97
19 93 94
20 92 93
19 20 93
23 87 88
23 86 87
38 58 59
0 14 101
14 100 101
25 26 84
25 84 85
6 7 8
32 73 74
31 32 74
32 70 73
32 33 70
41 49 52
33 67 68
33 68 69
35 36 65
4 10 11
3 4 11
2 11 12
2 3 11
16 98 99
16 97 98
16 17 97
61 62 63
17 18 95
18 94 95
18 19 94
55 56 57
21 91 92
20 21 92
21 90 91
0 13 14
0 1 13
1 12 13
40 53 54
23 24 86
24 85 86
24 25 85
5 9 10
5 6 9
6 8 9
41 48 49
33 34 67
35 65 66
34 66 67
34 35 66
50 51 52
49 50 52
36 64 65
15 16 99
15 99 100
14 15 100
21 22 90
22 89 90
22 23 89
41 42 43
41 46 48
46 47 48
37 60 61
37 61 63
36 37 64
37 63 64
37 38 59
37 59 60
39 40 54
39 54 55
39 55 57
39 57 58
38 39 58
41 45 46
41 43 45
43 44 45
