# points
0.2474 0.52865
0.26562 0.55729
0.28125 0.58594
0.29948 0.61458
0.3151 0.64323
0.33333 0.67188
0.35156 0.70052
0.36979 0.72917
0.39062 0.75781
0.40885 0.78646
0.42969 0.8151
0.45052 0.84375
0.47135 0.8724
0.49219 0.90104
0.51042 0.92969
0.53125 0.95833
0.54948 0.98698
0.56771 1
0.58333 0.97135
0.59635 0.94271
0.60938 0.91406
0.6224 0.88542
0.63281 0.85677
0.64323 0.82812
0.65625 0.79948
0.66667 0.77083
0.67708 0.74219
0.6875 0.71354
0.69792 0.6849
0.70833 0.65625
0.71875 0.6276
0.72917 0.59896
0.74219 0.57031
0.7526 0.54167
0.76302 0.51302
0.77604 0.48438
0.78646 0.45573
0.79948 0.42708
0.8099 0.39844
0.82292 0.36979
0.83594 0.34115
0.84896 0.3125
0.86198 0.28385
0.875 0.25521
0.89062 0.22656
0.90625 0.19792
0.92188 0.16927
0.9401 0.14062
0.96094 0.11198
0.97917 0.083333
0.9974 0.054688
0.96875 0.054688
0.9401 0.052083
0.91146 0.049479
0.88281 0.049479
0.85417 0.052083
0.82552 0.052083
0.79688 0.057292
0.76823 0.059896
0.73958 0.067708
0.71094 0.072917
0.68229 0.080729
0.65365 0.088542
0.625 0.098958
0.59635 0.10677
0.56771 0.11458
0.53906 0.1224
0.51042 0.13021
0.48177 0.13542
0.45312 0.14062
0.42448 0.14062
0.39583 0.14323
0.36719 0.14062
0.33854 0.13542
0.3099 0.1276
0.28125 0.11979
0.2526 0.10938
0.22396 0.096354
0.19531 0.083333
0.16667 0.067708
0.13802 0.054688
0.10938 0.039062
0.080729 0.026042
0.052083 0.015625
0.023438 0.0052083
0 0
0.0078125 0.028646
0.018229 0.057292
0.028646 0.085938
0.039062 0.11458
0.052083 0.14323
0.065104 0.17188
0.075521 0.20052
0.091146 0.22917
0.10417 0.25781
0.11979 0.28646
0.13281 0.3151
0.14844 0.34375
0.16406 0.3724
0.17708 0.40104
0.19531 0.42969
0.20833 0.45833
0.22396 0.48698
0.24219 0.51562
0.2474 0.52865
# triangles
16 17 18
15 16 18
10 11 24
11 23 24
11 12 23
13 20 21
13 14 20
12 22 23
13 21 22
12 13 22
43 59 60
10 24 25
35 36 67
1 34 69
81 82 88
81 88 89
14 15 19
14 19 20
15 18 19
38 64 65
38 65 66
36 66 67
44 58 59
43 44 59
1 33 34
34 35 68
35 67 68
34 68 69
49 50 51
36 37 66
37 38 66
5 29 30
8 26 27
6 28 29
5 6 29
8 9 26
9 10 25
9 25 26
82 83 87
82 87 88
80 81 89
44 57 58
46 47 55
48 49 52
49 51 52
41 62 63
41 61 62
41 42 61
42 43 60
42 60 61
39 63 64
38 39 64
3 31 32
3 32 33
1 69 103
0 1 103
69 70 103
70 71 103
6 7 28
7 27 28
7 8 27
83 84 86
83 86 87
84 85 86
71 100 101
71 72 100
75 95 96
74 75 96
46 55 56
44 45 57
45 46 56
45 56 57
47 54 55
72 73 98
40 41 63
39 40 63
1 2 33
2 3 33
71 101 102
71 102 103
80 89 90
79 80 90
79 90 91
75 76 95
78 79 91
78 91 92
78 92 93
77 78 93
72 98 99
72 99 100
47 48 53
47 53 54
48 52 53
3 4 31
4 5 30
4 30 31
76 94 95
74 96 97
73 97 98
73 74 97
76 77 94
77 93 94
