# points
0.386 0.37923
0.37923 0.41084
0.37246 0.44244
0.34763 0.45598
0.31603 0.45598
0.28442 0.45824
0.25282 0.4605
0.22122 0.46275
0.18962 0.46727
0.15801 0.46953
0.12641 0.47404
0.099323 0.48533
0.088036 0.51693
0.072235 0.54853
0.058691 0.58014
0.040632 0.61174
0.024831 0.64334
0.013544 0.67494
0.0045147 0.70655
0 0.73815
0.0090293 0.75847
0.040632 0.75395
0.072235 0.74492
0.10384 0.73363
0.13318 0.72235
0.16479 0.70655
0.19413 0.69074
0.22348 0.67946
0.25508 0.66591
0.28668 0.65688
0.31377 0.65011
0.34537 0.64108
0.37698 0.63431
0.40858 0.63205
0.44018 0.6298
0.47178 0.62754
0.50339 0.62754
0.53499 0.6298
0.56659 0.63205
0.59819 0.63657
0.6298 0.64334
0.6614 0.65011
0.693 0.65914
0.7246 0.67043
0.75621 0.68397
0.7833 0.69526
0.8149 0.71106
0.84199 0.7246
0.87133 0.73589
0.90293 0.74718
0.93454 0.75395
0.96614 0.76072
0.99774 0.76072
1 0.72912
0.99774 0.69752
0.99323 0.66591
0.9842 0.63431
0.97291 0.60271
0.95937 0.57111
0.94582 0.5395
0.93002 0.5079
0.91196 0.48307
0.88036 0.48081
0.84876 0.4763
0.81716 0.47178
0.78555 0.46727
0.75395 0.46501
0.72235 0.4605
0.69074 0.45824
0.65914 0.45598
0.6298 0.44921
0.62302 0.41761
0.61625 0.386
0.60948 0.3544
0.60271 0.3228
0.59819 0.2912
0.59368 0.25959
0.58916 0.22799
0.58465 0.19639
0.58239 0.16479
0.58014 0.13318
0.58014 0.10158
0.58014 0.069977
0.57788 0.038375
0.58014 0.006772
0.55982 0
0.52822 0.006772
0.49661 0.006772
0.46501 0.0090293
0.43567 0.006772
0.43567 0.038375
0.43341 0.069977
0.43115 0.10158
0.42664 0.13318
0.42438 0.16479
0.41986 0.19639
0.41535 0.22799
0.41084 0.25959
0.40406 0.2912
0.39955 0.3228
0.39278 0.3544
0.386 0.37923
# triangles
51 52 53
19 20 21
50 51 53
16 17 23
18 19 21
16 23 24
3 31 32
2 36 70
2 70 71
17 22 23
18 21 22
17 18 22
7 8 28
7 28 29
14 25 26
5 6 29
6 7 29
2 35 36
2 34 35
8 27 28
8 9 27
5 29 30
5 30 31
4 5 31
3 4 31
3 32 33
2 33 34
2 3 33
42 43 66
43 65 66
44 64 65
43 44 65
60 61 62
59 60 62
59 62 63
83 84 85
82 87 91
81 82 91
81 91 92
48 49 56
45 59 63
44 45 64
45 63 64
15 24 25
14 15 25
15 16 24
36 37 70
13 14 26
13 26 27
1 2 71
78 79 94
1 71 72
0 1 72
42 66 67
41 42 67
41 67 68
40 41 69
41 68 69
80 81 92
80 92 93
82 86 87
82 83 86
83 85 86
88 89 90
45 58 59
45 46 58
47 48 57
48 56 57
46 47 57
46 57 58
49 50 55
49 55 56
39 69 70
39 40 69
9 12 27
12 13 27
9 10 12
10 11 12
78 94 95
0 72 100
72 73 100
50 53 54
50 54 55
37 38 70
38 39 70
75 97 98
75 76 97
80 93 94
79 80 94
87 90 91
87 88 90
77 78 95
77 95 96
77 96 97
76 77 97
74 75 99
75 98 99
73 74 99
73 99 100
