# points
0.0059761 0.47012
0.051793 0.49801
0.10956 0.5259
0.16534 0.55578
0.22311 0.57769
0.28088 0.58566
0.33865 0.58566
0.31673 0.60558
0.25896 0.62749
0.2012 0.65936
0.15139 0.70319
0.10757 0.74104
0.11155 0.77092
0.16932 0.76295
0.22709 0.76494
0.28486 0.75896
0.34263 0.73904
0.35657 0.75697
0.33068 0.80677
0.33865 0.86255
0.33665 0.92032
0.35458 0.94422
0.39841 0.89442
0.4502 0.84064
0.49602 0.79681
0.52988 0.74303
0.55179 0.68526
0.57171 0.66534
0.57371 0.72311
0.57769 0.78088
0.59761 0.83466
0.61952 0.89243
0.64741 0.94422
0.66733 0.92032
0.67729 0.86255
0.70518 0.80478
0.70916 0.74701
0.70518 0.68924
0.73904 0.70717
0.78884 0.74303
0.84462 0.75299
0.89841 0.77092
0.89243 0.73307
0.86056 0.68127
0.83466 0.6255
0.80478 0.56773
0.76295 0.51992
0.71116 0.48207
0.71912 0.46813
0.77689 0.48406
0.83466 0.49602
0.89243 0.49004
0.9502 0.48606
1 0.47211
0.95618 0.43825
0.90239 0.4004
0.84462 0.36255
0.78685 0.34661
0.78287 0.32072
0.84064 0.29084
0.86853 0.23705
0.90837 0.18725
0.87649 0.17928
0.81873 0.19124
0.76096 0.1992
0.70319 0.20717
0.64741 0.22908
0.59363 0.26096
0.55378 0.28088
0.58765 0.22908
0.62151 0.17331
0.63745 0.11554
0.65139 0.057769
0.66135 0
0.62351 0.015936
0.56972 0.061753
0.51594 0.095618
0.47809 0.1494
0.44821 0.1753
0.44422 0.11753
0.40837 0.069721
0.37251 0.015936
0.34064 0.0039841
0.33466 0.061753
0.32669 0.11952
0.31474 0.17729
0.31474 0.23506
0.32271 0.29283
0.34064 0.3506
0.31673 0.33665
0.27888 0.29084
0.23108 0.24701
0.17928 0.21315
0.1255 0.18327
0.093625 0.18725
0.12151 0.24502
0.13546 0.30279
0.16335 0.36056
0.20916 0.41633
0.17331 0.42032
0.11554 0.41633
0.057769 0.44422
0 0.46414
0.0059761 0.47012
# triangles
8 15 16
71 72 75
68 69 77
52 53 54
51 54 55
51 52 54
40 41 42
11 12 13
19 22 23
2 100 101
1 2 101
0 1 101
0 101 102
4 5 98
3 4 98
7 8 16
88 89 98
89 90 98
90 97 98
90 91 97
91 96 97
91 92 96
71 75 76
72 73 74
72 74 75
58 64 65
31 32 33
10 11 13
10 13 14
18 19 23
20 21 22
19 20 22
2 99 100
3 98 99
2 3 99
92 95 96
80 83 84
79 80 84
81 82 83
80 81 83
70 71 76
69 70 77
70 76 77
57 58 67
59 60 63
58 59 64
59 63 64
40 42 43
27 47 68
6 68 88
6 27 68
6 88 98
5 6 98
6 7 16
9 10 14
8 9 15
9 14 15
17 18 23
16 17 25
93 94 95
92 93 95
78 85 86
78 86 87
68 77 78
78 84 85
78 79 84
68 78 88
78 87 88
58 65 66
58 66 67
60 61 62
60 62 63
49 56 57
27 37 47
17 23 24
17 24 25
31 33 34
6 26 27
16 25 26
6 16 26
50 51 55
50 55 56
49 50 56
48 49 57
48 57 67
48 67 68
47 48 68
27 28 37
39 40 43
37 44 45
37 46 47
37 45 46
28 36 37
30 34 35
30 31 34
37 38 44
38 39 43
38 43 44
28 29 36
29 35 36
29 30 35
