# points
0.31461 0.49213
0.3236 0.52584
0.33258 0.55955
0.34157 0.59326
0.34607 0.62697
0.34607 0.66067
0.32584 0.67865
0.29213 0.67865
0.25843 0.67865
0.22472 0.6764
0.19101 0.67191
0.1573 0.66742
0.1236 0.66067
0.089888 0.65393
0.05618 0.64719
0.022472 0.6382
0.0044944 0.64944
0.0044944 0.68315
0.0022472 0.71685
0.0022472 0.75056
0.0022472 0.78427
0 0.81798
0 0.85169
0.013483 0.87191
0.047191 0.87416
0.080899 0.87416
0.11461 0.8764
0.14831 0.8809
0.18202 0.88315
0.21573 0.88539
0.24944 0.88764
0.28315 0.88539
0.31685 0.88539
0.35056 0.88539
0.38427 0.88315
0.41798 0.88315
0.45169 0.87865
0.48539 0.87416
0.5191 0.86966
0.55281 0.86517
0.58652 0.86067
0.62022 0.85843
0.65393 0.85618
0.68764 0.85393
0.72135 0.85393
0.75506 0.85393
0.78876 0.85618
0.82247 0.86067
0.85618 0.86292
0.88989 0.86742
0.9236 0.86966
0.9573 0.86966
0.99101 0.87191
0.99775 0.8427
0.99775 0.80899
1 0.77528
1 0.74157
1 0.70787
1 0.67416
1 0.64045
1 0.60674
0.96629 0.59775
0.93258 0.58876
0.89888 0.57978
0.86517 0.57079
0.83146 0.5618
0.79775 0.55281
0.76404 0.54607
0.74382 0.5236
0.73034 0.48989
0.71236 0.45618
0.69438 0.42247
0.67191 0.38876
0.65169 0.35506
0.63146 0.32135
0.61348 0.28764
0.6 0.25393
0.59326 0.22022
0.58652 0.18652
0.58427 0.15281
0.58427 0.1191
0.58652 0.085393
0.58876 0.051685
0.58876 0.017978
0.57303 0
0.53933 0.0022472
0.50562 0.0022472
0.47191 0.0044944
0.4382 0.0067416
0.40449 0.0067416
0.38652 0.035955
0.37303 0.069663
0.35955 0.10337
0.34607 0.13708
0.33483 0.17079
0.3236 0.20449
0.31461 0.2382
0.30787 0.27191
0.30337 0.30562
0.30112 0.33933
0.29888 0.37303
0.30112 0.40674
0.30562 0.44045
0.31236 0.47416
0.31461 0.49213
# triangles
49 50 55
12 13 19
15 16 17
77 78 94
77 94 95
20 25 26
12 20 26
12 19 20
20 21 25
21 24 25
21 22 24
22 23 24
51 52 53
75 99 100
13 18 19
14 15 17
13 14 18
14 17 18
79 92 93
78 79 93
78 93 94
83 84 85
81 85 86
77 95 96
10 27 28
9 28 29
9 10 28
50 54 55
50 51 54
51 53 54
48 56 57
49 55 56
48 49 56
1 72 73
0 1 73
76 77 96
76 96 97
5 40 68
81 86 87
82 83 85
81 82 85
59 60 61
58 59 61
6 7 32
6 32 33
5 37 38
5 36 37
5 6 35
5 35 36
4 5 68
3 4 68
8 29 30
8 9 29
1 2 72
11 12 26
10 11 27
11 26 27
0 73 103
73 74 103
75 98 99
75 76 98
76 97 98
5 38 39
5 39 40
47 48 63
48 57 63
80 81 87
80 87 91
79 80 92
80 91 92
88 89 90
88 90 91
87 88 91
7 31 32
8 30 31
7 8 31
6 33 34
6 34 35
3 68 69
3 69 70
2 3 71
3 70 71
2 71 72
75 100 101
74 75 101
47 63 64
46 47 64
46 64 65
57 58 62
57 62 63
58 61 62
74 102 103
74 101 102
40 41 68
41 67 68
41 42 67
44 45 67
45 66 67
45 46 65
45 65 66
43 44 67
42 43 67
