# points
0.29834 0.49171
0.30939 0.5221
0.33425 0.5442
0.34254 0.57459
0.35635 0.59945
0.36188 0.62983
0.38674 0.65746
0.3895 0.68785
0.39779 0.71547
0.41713 0.74033
0.41989 0.77072
0.42265 0.8011
0.44199 0.81492
0.4337 0.8453
0.45856 0.87017
0.47238 0.90055
0.48619 0.93094
0.50829 0.95304
0.53039 0.9337
0.54144 0.90331
0.56077 0.87293
0.58287 0.84807
0.59669 0.82044
0.61326 0.79006
0.61878 0.75967
0.63812 0.72928
0.65746 0.6989
0.67956 0.66851
0.70166 0.63812
0.70994 0.60773
0.72928 0.57735
0.75138 0.55525
0.74586 0.53867
0.77072 0.50829
0.78177 0.4779
0.79834 0.44751
0.81768 0.42541
0.82873 0.39779
0.85635 0.37017
0.85912 0.33978
0.87017 0.30939
0.88398 0.27901
0.90608 0.24862
0.92541 0.21823
0.9337 0.18785
0.94751 0.15746
0.96685 0.12983
0.96409 0.11602
0.96961 0.09116
0.98619 0.060773
1 0.030387
0.99448 0.024862
0.9779 0
0.95304 0.013812
0.92265 0.013812
0.89227 0.01105
0.86188 0.024862
0.83149 0.046961
0.81768 0.027624
0.78729 0.052486
0.75691 0.049724
0.72652 0.060773
0.6989 0.082873
0.68232 0.063536
0.65193 0.082873
0.62155 0.077348
0.59116 0.08011
0.56077 0.093923
0.54696 0.069061
0.51657 0.08011
0.48619 0.063536
0.4558 0.055249
0.42541 0.060773
0.4116 0.030387
0.38122 0.030387
0.35635 0.01105
0.32597 0.013812
0.3011 0.013812
0.27901 0.0082873
0.24862 0.016575
0.22099 0.0082873
0.19061 0.01105
0.16575 0.016575
0.14641 0.0055249
0.11602 0.019337
0.085635 0.0082873
0.055249 0.01105
0.030387 0.016575
0.01105 0.0027624
0 0.016575
0.024862 0.046961
0.038674 0.077348
0.063536 0.077348
0.060773 0.10773
0.082873 0.11878
0.09116 0.14365
0.1105 0.17127
0.12983 0.19613
0.14365 0.22652
0.16298 0.25414
0.17956 0.28453
0.1989 0.31492
0.21547 0.34254
0.22928 0.37017
0.23757 0.39503
0.26519 0.4116
0.26796 0.44199
0.28453 0.46685
0.29834 0.49171
# triangles
16 17 18
72 102 105
51 52 53
12 13 14
12 20 21
12 14 20
4 5 6
2 4 29
4 6 29
67 68 69
67 69 105
69 72 105
0 67 105
0 34 67
0 2 34
14 15 19
14 19 20
16 18 19
15 16 19
2 3 4
6 7 9
7 8 9
10 11 12
39 40 62
2 32 34
69 70 72
70 71 72
72 101 102
65 66 67
40 41 62
41 59 62
57 58 59
44 57 59
72 73 74
72 74 99
74 77 99
59 61 62
59 60 61
87 88 89
0 1 2
9 10 24
10 12 24
12 23 24
6 9 25
6 25 26
9 24 25
27 28 29
6 27 29
6 26 27
39 62 64
64 65 67
37 38 39
37 39 64
37 64 67
2 29 30
2 30 32
72 99 100
72 100 101
77 79 99
77 78 79
79 81 97
102 103 105
103 104 105
42 44 59
41 42 59
54 55 56
49 50 51
49 51 53
44 45 57
74 75 76
74 76 77
12 21 22
12 22 23
62 63 64
32 33 34
79 80 81
79 98 99
79 97 98
81 96 97
0 105 107
105 106 107
42 43 44
47 56 57
45 47 57
45 46 47
35 36 37
34 35 67
35 37 67
30 31 32
81 82 96
82 84 94
82 83 84
48 53 54
48 49 53
48 54 56
47 48 56
86 87 90
87 89 90
84 92 94
84 85 92
85 86 92
86 90 92
90 91 92
82 94 95
82 95 96
92 93 94
