# points
0.0025 0.5075
0.005 0.56
0.015 0.6125
0.03 0.665
0.05 0.7175
0.08 0.77
0.1175 0.8225
0.1675 0.8125
0.19 0.825
0.17 0.8775
0.2225 0.9175
0.275 0.95
0.3275 0.9725
0.38 0.9875
0.4325 0.9975
0.45 0.975
0.44 0.9225
0.44 0.87
0.445 0.8175
0.4575 0.765
0.475 0.7125
0.495 0.725
0.5075 0.7775
0.5175 0.83
0.52 0.8825
0.515 0.935
0.4975 0.9875
0.5275 1
0.58 0.9925
0.6325 0.9825
0.685 0.9625
0.7375 0.935
0.79 0.9025
0.8125 0.855
0.8025 0.8075
0.855 0.825
0.8975 0.7875
0.93 0.735
0.9525 0.6825
0.97 0.63
0.98 0.5775
0.9675 0.55
0.915 0.56
0.8625 0.56
0.81 0.555
0.7575 0.545
0.705 0.5325
0.6675 0.5175
0.72 0.505
0.7725 0.4975
0.825 0.4925
0.8775 0.49
0.93 0.4975
0.9825 0.5225
0.985 0.475
0.9825 0.4225
0.97 0.37
0.9525 0.3175
0.93 0.265
0.895 0.225
0.8425 0.2375
0.8475 0.2
0.845 0.1475
0.8 0.105
0.7475 0.07
0.695 0.04
0.6425 0.02
0.59 0.0075
0.5375 0.0025
0.5175 0.025
0.5275 0.0775
0.5275 0.13
0.5175 0.1825
0.5 0.235
0.4775 0.225
0.4625 0.1725
0.4525 0.12
0.4525 0.0675
0.4675 0.015
0.4425 0
0.39 0.0075
0.3375 0.025
0.285 0.045
0.2325 0.075
0.18 0.1125
0.1775 0.1625
0.15 0.1775
0.1025 0.195
0.0675 0.2475
0.0425 0.3
0.0225 0.3525
0.01 0.405
0 0.4575
0.0525 0.4425
0.105 0.4425
0.1575 0.45
0.21 0.4625
0.2625 0.48
0.275 0.4975
0.2225 0.505
0.17 0.51
0.1175 0.5125
0.065 0.5075
0.0125 0.4925
0.0025 0.5075
# triangles
20 47 98
47 73 98
74 97 98
73 74 98
65 66 71
20 21 47
21 22 34
25 26 27
34 35 36
37 38 43
34 36 37
32 33 34
22 23 34
50 57 60
52 54 55
0 102 103
86 95 96
60 72 73
25 27 28
77 79 80
77 80 81
75 82 83
66 70 71
38 42 43
34 44 45
37 43 44
34 37 44
47 48 73
48 60 73
31 32 34
23 31 34
57 58 60
58 59 60
50 51 57
51 56 57
51 52 55
51 55 56
52 53 54
0 1 102
7 99 100
4 7 100
88 89 95
86 88 95
86 87 88
85 96 97
85 86 96
74 85 97
74 75 85
75 83 85
83 84 85
91 92 93
90 91 93
90 93 94
89 94 95
89 90 94
60 63 64
60 64 72
64 65 71
64 71 72
24 28 29
24 25 28
76 77 81
75 76 82
76 81 82
77 78 79
66 67 70
67 68 69
67 69 70
38 39 42
39 40 42
21 46 47
21 34 46
34 45 46
49 50 60
48 49 60
60 61 63
61 62 63
40 41 42
3 4 100
3 100 101
23 30 31
23 24 30
24 29 30
4 5 7
5 6 7
2 3 101
2 101 102
1 2 102
11 17 18
11 12 17
12 16 17
8 11 18
8 18 19
8 19 20
8 20 98
8 98 99
7 8 99
12 13 16
13 14 15
13 15 16
8 9 10
8 10 11
