# points
0.068182 0.4517
0.028409 0.46875
0 0.49432
0.034091 0.52841
0.071023 0.55682
0.1108 0.58239
0.15057 0.60511
0.19034 0.61932
0.23011 0.63068
0.26989 0.63636
0.30966 0.63636
0.34943 0.63068
0.35511 0.64773
0.33239 0.6875
0.30966 0.72727
0.29545 0.7642
0.28409 0.80114
0.27557 0.84091
0.27273 0.88068
0.28693 0.90057
0.3267 0.8892
0.36648 0.875
0.40625 0.85511
0.44602 0.83239
0.4858 0.80398
0.51989 0.76705
0.55114 0.72727
0.57102 0.6875
0.58807 0.65909
0.60795 0.69886
0.63068 0.73864
0.65909 0.77841
0.6875 0.8125
0.71875 0.83523
0.75284 0.8608
0.77841 0.85795
0.78977 0.81818
0.7983 0.77841
0.80114 0.73864
0.7983 0.69886
0.7983 0.65909
0.78693 0.61932
0.77557 0.57955
0.75852 0.53977
0.73011 0.5
0.72727 0.47727
0.76705 0.48011
0.80682 0.48011
0.84375 0.47443
0.88352 0.46875
0.9233 0.45739
0.96307 0.44034
1 0.42045
0.96875 0.38068
0.93182 0.34943
0.89205 0.32386
0.85227 0.30114
0.8125 0.28409
0.77273 0.27273
0.73295 0.26705
0.69318 0.2642
0.65341 0.26989
0.62784 0.2642
0.64773 0.22727
0.67045 0.19034
0.68466 0.15057
0.69602 0.11364
0.70455 0.076705
0.71023 0.036932
0.70739 0
0.66761 0.011364
0.62784 0.025568
0.58807 0.042614
0.5483 0.068182
0.51136 0.09375
0.47443 0.13068
0.44602 0.16761
0.42614 0.20739
0.41193 0.24716
0.3892 0.23295
0.36932 0.19318
0.34091 0.15341
0.3125 0.11648
0.27557 0.082386
0.23864 0.053977
0.21023 0.048295
0.19886 0.088068
0.19318 0.12784
0.1875 0.16761
0.1875 0.20739
0.19318 0.24716
0.2017 0.28693
0.21307 0.3267
0.23295 0.36648
0.26136 0.40625
0.26989 0.43466
0.23011 0.43182
0.19034 0.43182
0.15057 0.43466
0.1108 0.44318
0.071023 0.4517
0.068182 0.4517
# triangles
28 78 95
28 62 78
64 73 74
15 16 22
63 64 74
78 94 95
10 11 95
11 28 95
63 74 75
62 75 76
62 63 75
62 77 78
62 76 77
82 83 87
80 90 91
82 87 88
81 82 88
81 88 89
80 81 90
81 89 90
66 71 72
64 65 73
65 66 72
65 72 73
16 17 21
16 21 22
47 56 57
9 10 95
8 9 95
5 6 98
11 12 28
28 41 42
83 86 87
83 84 86
84 85 86
79 80 91
78 79 94
79 93 94
0 1 3
1 2 3
3 4 100
0 3 100
66 67 71
50 51 53
50 53 54
51 52 53
47 48 56
45 59 60
45 60 61
45 61 62
28 44 45
28 45 62
14 15 22
6 7 97
6 97 98
4 99 100
4 5 99
5 98 99
12 26 27
12 27 28
28 43 44
28 42 43
17 20 21
18 19 20
17 18 20
12 25 26
12 13 25
13 24 25
32 37 38
31 32 38
30 31 39
31 38 39
30 39 40
79 92 93
79 91 92
67 70 71
49 50 54
45 58 59
46 47 57
46 57 58
45 46 58
13 23 24
13 14 23
14 22 23
7 96 97
8 95 96
7 8 96
28 29 41
29 40 41
29 30 40
34 35 36
68 69 70
67 68 70
49 54 55
48 55 56
48 49 55
33 34 36
33 36 37
32 33 37
