# points
0 0.49292
0.014151 0.51179
0.028302 0.53774
0.054245 0.56604
0.07783 0.58962
0.10849 0.60613
0.13679 0.61321
0.1533 0.63443
0.15094 0.65802
0.14387 0.6934
0.13443 0.72877
0.12972 0.76415
0.13915 0.79953
0.14151 0.83491
0.14858 0.86321
0.18396 0.84906
0.21934 0.85377
0.25472 0.84198
0.26887 0.86557
0.30425 0.84198
0.33962 0.8467
0.37028 0.85849
0.38915 0.87264
0.38915 0.9033
0.41274 0.91509
0.43396 0.92925
0.44811 0.95755
0.46462 0.97642
0.49528 0.97642
0.50472 1
0.53066 0.98585
0.5566 0.95755
0.58019 0.92925
0.58962 0.89387
0.61792 0.87972
0.63443 0.84434
0.66745 0.84198
0.70283 0.85142
0.72642 0.85613
0.75236 0.85377
0.78774 0.85613
0.82311 0.85142
0.85142 0.82311
0.85377 0.79009
0.86321 0.75472
0.8467 0.72877
0.84906 0.6934
0.84198 0.65802
0.83255 0.64387
0.85849 0.62972
0.89387 0.5967
0.92925 0.57547
0.95755 0.54245
0.98821 0.52594
0.96462 0.51887
0.99764 0.49292
0.96934 0.46226
0.94811 0.4316
0.91981 0.41038
0.89387 0.38443
0.85849 0.375
0.83726 0.34198
0.84906 0.3066
0.85613 0.27123
0.85142 0.24528
0.86085 0.21226
0.86085 0.17925
0.84434 0.15802
0.83255 0.13679
0.8066 0.12736
0.77123 0.12972
0.73585 0.13208
0.70047 0.14151
0.66509 0.14623
0.62972 0.14623
0.61557 0.12264
0.59906 0.091981
0.58019 0.066038
0.54953 0.044811
0.5283 0.016509
0.49528 0
0.46226 0.016509
0.4316 0.04717
0.39623 0.070755
0.40094 0.09434
0.37028 0.11792
0.35142 0.14858
0.3184 0.14387
0.28302 0.13915
0.25 0.13443
0.22877 0.125
0.1934 0.12972
0.16274 0.14623
0.14387 0.13443
0.13443 0.16745
0.12736 0.20283
0.13208 0.23821
0.13208 0.26887
0.13679 0.30189
0.14387 0.32075
0.1533 0.35613
0.12028 0.37736
0.084906 0.39387
0.058962 0.42217
0.028302 0.4434
0.011792 0.47642
0 0.49292
# triangles
48 74 100
48 61 74
35 36 48
3 4 103
2 3 103
48 60 61
48 49 60
46 47 48
49 50 60
61 73 74
36 45 48
45 46 48
13 14 15
17 18 19
10 11 17
7 48 100
7 35 48
7 8 19
7 19 20
6 7 100
1 103 104
1 2 103
74 86 100
97 98 99
50 58 60
50 51 58
51 54 58
54 57 58
51 52 54
52 53 54
54 55 56
54 56 57
36 37 45
37 39 45
43 44 45
39 43 45
41 42 43
11 12 17
12 13 15
12 16 17
12 15 16
4 5 103
5 6 103
9 10 17
8 9 19
9 17 19
6 101 103
6 100 101
0 1 105
1 104 105
67 68 69
92 93 94
92 95 96
92 94 95
58 59 60
65 66 67
64 71 72
61 72 73
40 41 43
39 40 43
37 38 39
21 22 35
7 21 35
7 20 21
22 33 35
25 32 33
22 25 33
101 102 103
67 69 70
64 70 71
64 65 70
65 67 70
79 80 81
74 84 86
74 75 84
75 76 84
62 63 64
61 62 72
62 64 72
28 29 30
25 31 32
25 28 31
28 30 31
33 34 35
22 24 25
22 23 24
78 79 81
76 77 78
76 78 84
82 83 84
78 81 82
78 82 84
88 97 99
88 96 97
25 26 28
26 27 28
84 85 86
88 89 96
89 90 91
89 92 96
89 91 92
87 88 99
86 87 100
87 99 100
