# points
0.0029155 0.50146
0.0029155 0.53936
0.0029155 0.57726
0 0.61516
0.029155 0.62391
0.067055 0.62099
0.10496 0.61808
0.14286 0.61808
0.18076 0.61808
0.21283 0.6035
0.25073 0.57726
0.28863 0.56851
0.32653 0.57726
0.36443 0.60058
0.37901 0.63557
0.37901 0.67347
0.37609 0.71137
0.38192 0.74927
0.39359 0.78717
0.39942 0.82507
0.39359 0.86297
0.37901 0.90087
0.37026 0.93878
0.36735 0.97668
0.38192 1
0.41983 0.99708
0.45773 0.99417
0.49563 0.99708
0.53353 0.99708
0.57143 0.99708
0.60933 0.99708
0.59475 0.95918
0.58309 0.92128
0.57726 0.88338
0.57726 0.84548
0.58017 0.80758
0.58892 0.76968
0.60058 0.73178
0.60058 0.69388
0.59767 0.65598
0.59767 0.61808
0.63265 0.61224
0.67055 0.61224
0.70845 0.61224
0.74636 0.61516
0.78426 0.61516
0.82216 0.62974
0.86006 0.65015
0.89796 0.65598
0.93586 0.65015
0.97376 0.62682
0.97376 0.58892
0.97376 0.55102
0.97376 0.51312
0.97376 0.47522
0.97376 0.43732
0.97376 0.39942
0.9621 0.36152
0.9242 0.34111
0.8863 0.34111
0.8484 0.35569
0.8105 0.38192
0.77259 0.38484
0.73469 0.38484
0.69679 0.38776
0.65889 0.38776
0.62099 0.38776
0.59184 0.37318
0.58309 0.33528
0.58309 0.29738
0.59184 0.25948
0.60933 0.22157
0.62391 0.18367
0.62682 0.14577
0.61808 0.10787
0.60058 0.072886
0.58017 0.034985
0.60933 0
0.57143 0.0029155
0.53353 0.0058309
0.49563 0.0058309
0.45773 0.0058309
0.41983 0.0029155
0.38192 0.0029155
0.38776 0.020408
0.38484 0.058309
0.36152 0.09621
0.34985 0.13411
0.34985 0.17201
0.36152 0.20991
0.38484 0.24781
0.3965 0.28571
0.39067 0.32362
0.37901 0.36152
0.36735 0.39942
0.32945 0.41691
0.29155 0.42274
0.25364 0.41691
0.21574 0.3965
0.17784 0.38484
0.13994 0.38192
0.10204 0.38192
0.06414 0.37901
0.026239 0.37609
0 0.38776
0 0.42566
0.0029155 0.46356
0.0029155 0.50146
0.0029155 0.50146
# triangles
23 24 25
56 57 58
56 58 59
40 67 94
103 104 105
7 9 99
7 8 9
9 98 99
70 71 90
45 53 61
55 56 59
45 46 53
70 90 91
0 101 106
7 99 100
6 7 100
0 6 100
0 100 101
71 89 90
71 74 89
74 86 89
71 72 74
76 77 78
76 78 79
74 75 86
75 85 86
47 48 51
48 49 51
49 50 51
53 54 61
54 55 61
43 44 63
16 17 37
43 63 64
42 43 64
42 64 65
41 42 65
67 93 94
67 68 93
12 94 95
22 23 25
1 5 6
0 1 6
81 82 85
102 103 105
102 105 106
101 102 106
72 73 74
55 59 60
55 60 61
80 81 85
75 80 85
76 79 80
75 76 80
46 52 53
46 47 52
47 51 52
16 37 38
41 65 66
40 66 67
40 41 66
69 70 91
68 69 91
68 91 92
68 92 93
15 38 39
15 16 38
11 96 97
11 95 96
11 12 95
22 25 26
21 22 26
2 4 5
1 2 5
2 3 4
82 83 84
82 84 85
45 61 62
44 62 63
44 45 62
13 40 94
12 13 94
10 11 97
9 10 98
10 97 98
29 30 31
28 31 32
28 29 31
17 36 37
13 14 40
14 39 40
14 15 39
27 28 32
20 21 26
18 35 36
18 19 35
17 18 36
19 34 35
19 20 34
20 33 34
27 32 33
26 27 33
20 26 33
87 88 89
86 87 89
