# points
0.037234 0.50266
0.037234 0.58245
0.031915 0.66223
0.023936 0.74202
0.015957 0.82181
0.0053191 0.9016
0 0.98138
0.058511 1
0.1383 0.99202
0.21809 0.98404
0.29787 0.97606
0.37766 0.96809
0.45745 0.96543
0.53723 0.96543
0.61702 0.97074
0.69681 0.97606
0.7766 0.98404
0.85638 0.99468
0.93617 1
0.94681 0.98936
0.86702 0.95745
0.78723 0.92287
0.70745 0.8883
0.62766 0.85372
0.54787 0.82447
0.46809 0.79521
0.3883 0.77128
0.30851 0.74734
0.22872 0.72872
0.14894 0.71277
0.17021 0.67553
0.25 0.69149
0.32979 0.71011
0.40957 0.73138
0.48936 0.75532
0.56915 0.77926
0.64894 0.80851
0.72872 0.83777
0.80851 0.86968
0.8883 0.9016
0.96809 0.93085
0.97074 0.86436
0.96011 0.78457
0.95213 0.70479
0.94681 0.625
0.94149 0.54521
0.94149 0.46543
0.94415 0.38564
0.95213 0.30585
0.96011 0.22606
0.97074 0.14628
0.97872 0.066489
0.96809 0
0.8883 0.0053191
0.80851 0.015957
0.72872 0.023936
0.64894 0.031915
0.56915 0.037234
0.48936 0.037234
0.40957 0.037234
0.43883 0.06383
0.51596 0.098404
0.59574 0.13298
0.67553 0.15957
0.75532 0.18617
0.83511 0.20745
0.8484 0.27128
0.76862 0.25266
0.68883 0.22872
0.60904 0.20213
0.52926 0.17287
0.44947 0.14096
0.36968 0.10372
0.28989 0.066489
0.21011 0.026596
0.13032 0.010638
0.050532 0.0026596
0 0.026596
0.0053191 0.10638
0.015957 0.18617
0.058511 0.24468
0.1383 0.27926
0.21809 0.31383
0.29787 0.34574
0.37766 0.37766
0.45745 0.40957
0.53723 0.44149
0.61702 0.47074
0.69681 0.50266
0.7766 0.52926
0.81649 0.58777
0.74202 0.56915
0.66223 0.53989
0.58245 0.51064
0.50266 0.47872
0.42287 0.44947
0.34309 0.42021
0.2633 0.3883
0.18351 0.35638
0.10372 0.32713
0.029255 0.30319
0.034574 0.38298
0.037234 0.46277
0.037234 0.50266
# triangles
51 52 53
99 100 101
76 77 78
58 59 60
57 58 61
58 60 61
75 76 78
75 78 79
73 74 81
75 79 80
74 80 81
74 75 80
18 19 20
53 54 65
5 6 7
5 7 8
4 5 8
8 9 28
1 2 30
73 81 82
72 73 82
17 18 20
11 12 25
13 14 23
54 55 64
54 64 65
98 99 101
0 30 97
0 1 30
0 97 98
9 10 27
9 27 28
72 82 83
71 72 83
71 83 84
37 38 43
15 16 21
16 17 20
16 20 21
15 21 22
14 15 22
14 22 23
13 23 24
12 13 24
12 24 25
55 56 63
55 63 64
39 40 41
66 67 89
50 51 53
50 53 65
3 4 29
4 8 29
8 28 29
2 29 30
2 3 29
98 101 102
0 98 102
10 11 26
10 26 27
11 25 26
38 39 42
38 42 43
39 41 42
70 71 84
35 36 92
36 91 92
36 37 91
47 48 66
47 66 89
67 88 89
30 31 97
31 96 97
31 32 96
49 50 65
49 65 66
48 49 66
57 61 62
56 57 62
56 62 63
32 95 96
45 89 90
37 43 90
37 90 91
45 46 89
46 47 89
67 68 87
67 87 88
32 33 95
44 45 90
43 44 90
34 35 93
35 92 93
68 86 87
68 69 86
33 94 95
33 34 94
34 93 94
69 70 85
69 85 86
70 84 85
