# points
0.36119 0.5283
0.31536 0.55256
0.24798 0.55256
0.18059 0.55256
0.11321 0.55256
0.045822 0.55256
0 0.57412
0.016173 0.62534
0.083558 0.62534
0.15094 0.62534
0.21833 0.62534
0.28571 0.62534
0.3531 0.62534
0.36658 0.68194
0.36658 0.74933
0.36658 0.81671
0.36658 0.8841
0.36658 0.95148
0.38814 1
0.41509 0.95957
0.41509 0.89218
0.41509 0.8248
0.41509 0.75741
0.41509 0.69003
0.42049 0.62534
0.44474 0.67116
0.44474 0.73854
0.44474 0.80593
0.44474 0.87332
0.44474 0.9407
0.45283 1
0.52022 1
0.5876 1
0.61456 0.95687
0.61456 0.88949
0.61456 0.8221
0.61456 0.75472
0.61456 0.68733
0.62264 0.62534
0.69003 0.62534
0.75741 0.62534
0.8248 0.62534
0.89218 0.62534
0.95957 0.62534
0.98113 0.57951
0.98113 0.51213
0.96496 0.46092
0.89757 0.46092
0.83019 0.46092
0.7628 0.46092
0.69542 0.46092
0.62803 0.46092
0.62803 0.41779
0.69542 0.41779
0.7628 0.41779
0.83019 0.41779
0.89757 0.41779
0.96496 0.41779
0.97305 0.37466
0.90566 0.37466
0.83827 0.37466
0.77089 0.37466
0.7035 0.37466
0.63612 0.37466
0.61456 0.32615
0.61456 0.25876
0.61456 0.19137
0.61456 0.12399
0.61456 0.056604
0.60377 0
0.53639 0
0.52022 0.051213
0.52022 0.1186
0.52022 0.18598
0.52022 0.25337
0.52022 0.32075
0.50674 0.37736
0.49057 0.32345
0.49057 0.25606
0.49057 0.18868
0.49057 0.12129
0.49057 0.053908
0.47709 0
0.4097 0
0.36658 0.026954
0.36658 0.09434
0.36658 0.16173
0.36658 0.22911
0.36658 0.2965
0.36658 0.36388
0.30728 0.37466
0.23989 0.37466
0.17251 0.37466
0.10512 0.37466
0.037736 0.37466
0 0.40431
0 0.4717
0.02965 0.50943
0.097035 0.50943
0.16442 0.50943
0.23181 0.50943
0.29919 0.50943
0.36119 0.51752
0.36119 0.5283
# triangles
5 6 7
83 84 85
79 86 87
81 83 85
42 43 44
42 47 48
17 18 19
24 51 76
12 13 24
94 96 98
94 95 96
81 82 83
68 69 70
67 68 72
45 46 47
42 44 45
42 45 47
56 59 60
96 97 98
41 42 48
40 41 49
41 48 49
5 7 8
4 5 8
4 8 9
28 34 35
31 32 33
31 33 34
28 29 34
29 31 34
93 94 98
40 49 50
24 38 51
24 25 38
25 37 38
13 14 23
13 23 24
3 4 9
3 9 10
2 3 10
0 12 24
2 10 11
65 66 74
78 79 87
68 71 72
68 70 71
80 81 85
80 85 86
79 80 86
57 58 59
56 57 59
54 61 62
63 64 76
64 75 76
65 74 75
64 65 75
29 30 31
16 17 20
17 19 20
78 87 88
77 78 88
39 40 50
39 50 51
38 39 51
27 35 36
27 28 35
91 92 100
90 91 101
91 100 101
92 99 100
93 98 99
92 93 99
90 101 102
24 76 102
0 24 102
0 1 12
1 11 12
1 2 11
66 73 74
67 72 73
66 67 73
55 56 60
55 60 61
54 55 61
51 52 76
52 63 76
14 22 23
14 15 22
76 89 102
89 90 102
76 77 89
77 88 89
53 54 62
53 62 63
52 53 63
15 21 22
15 16 21
16 20 21
26 27 36
26 36 37
25 26 37
