# points
0 0.4976
0.0024038 0.53606
0.028846 0.56971
0.060096 0.60337
0.09375 0.63462
0.13221 0.66106
0.17067 0.68029
0.15385 0.70913
0.12981 0.73798
0.10817 0.77404
0.091346 0.8101
0.081731 0.84856
0.072115 0.88702
0.067308 0.92548
0.10577 0.92308
0.14423 0.92067
0.18269 0.91827
0.22115 0.91106
0.25962 0.90625
0.29808 0.89663
0.33654 0.88462
0.375 0.86538
0.40385 0.87019
0.42308 0.90865
0.44712 0.94712
0.48077 0.98317
0.51683 0.9976
0.55529 0.97115
0.59135 0.9399
0.6226 0.90625
0.65144 0.86779
0.67548 0.82933
0.70433 0.83894
0.73558 0.86779
0.77163 0.88702
0.8101 0.90144
0.84615 0.91587
0.88462 0.92308
0.92067 0.92308
0.92067 0.88462
0.91587 0.84615
0.91346 0.80769
0.90865 0.76923
0.90144 0.73077
0.89183 0.69231
0.87981 0.65385
0.86298 0.61538
0.86779 0.58654
0.90625 0.56971
0.94231 0.54567
0.97356 0.51683
1 0.48077
0.97356 0.44231
0.9399 0.40385
0.90625 0.37019
0.8726 0.34375
0.83413 0.32212
0.82452 0.29567
0.84615 0.27163
0.87019 0.23798
0.88942 0.19952
0.90385 0.16106
0.91346 0.1226
0.92067 0.084135
0.89423 0.069712
0.85577 0.074519
0.81731 0.076923
0.77885 0.079327
0.74038 0.086538
0.70192 0.09375
0.66346 0.10577
0.6274 0.12019
0.59135 0.13942
0.57212 0.10817
0.55288 0.069712
0.52644 0.033654
0.49038 0
0.45192 0.0096154
0.41346 0.038462
0.37981 0.069712
0.34856 0.10817
0.32212 0.14663
0.30048 0.18029
0.26923 0.14904
0.23558 0.125
0.19712 0.10337
0.15865 0.088942
0.12019 0.079327
0.081731 0.074519
0.067308 0.096154
0.069712 0.13462
0.072115 0.17308
0.076923 0.21154
0.081731 0.25
0.091346 0.28846
0.10337 0.32692
0.11779 0.36538
0.13462 0.40385
0.10337 0.42067
0.067308 0.4399
0.03125 0.46635
0 0.4976
0 0.4976
# triangles
31 47 72
6 31 72
10 15 16
10 11 15
47 56 72
83 84 93
9 10 16
24 27 28
84 92 93
62 63 64
11 14 15
73 74 79
56 57 72
6 20 21
6 22 31
6 21 22
31 46 47
31 45 46
48 49 53
32 43 44
31 32 45
32 44 45
35 36 40
35 40 41
32 42 43
32 33 42
73 79 80
72 80 81
72 73 80
85 86 91
84 85 92
85 91 92
75 76 77
6 72 97
7 8 18
6 7 20
8 9 17
8 17 18
9 16 17
25 26 27
24 25 27
7 18 19
7 19 20
86 90 91
62 64 65
61 65 66
61 62 65
12 13 14
11 12 14
57 69 70
57 68 69
60 66 67
60 61 66
50 51 52
49 50 52
49 52 53
23 28 29
22 23 29
23 24 28
22 30 31
22 29 30
36 37 39
36 39 40
37 38 39
33 34 42
34 35 41
34 41 42
75 77 78
74 78 79
74 75 78
72 81 82
72 82 97
2 3 99
2 99 100
5 6 97
4 5 97
86 87 90
87 89 90
87 88 89
0 1 100
1 2 100
57 71 72
57 70 71
59 67 68
59 60 67
57 58 68
58 59 68
47 48 54
48 53 54
82 94 95
83 93 94
82 83 94
82 96 97
82 95 96
47 55 56
47 54 55
3 98 99
3 4 98
4 97 98
