# points
0.3114 0.51535
0.33772 0.53728
0.3136 0.58114
0.27193 0.59868
0.23246 0.63596
0.19079 0.67763
0.15789 0.71711
0.11842 0.75439
0.087719 0.79825
0.098684 0.83333
0.13816 0.85746
0.16886 0.88596
0.1864 0.92105
0.23246 0.89693
0.2807 0.85965
0.32675 0.82018
0.33772 0.79605
0.36623 0.77193
0.38816 0.75219
0.40351 0.73026
0.43202 0.69298
0.47588 0.66228
0.49123 0.70614
0.49561 0.75658
0.51535 0.78947
0.53947 0.83114
0.56579 0.875
0.58333 0.92105
0.61184 0.95175
0.63816 0.98684
0.67105 0.98465
0.71711 0.95175
0.76754 0.94518
0.78289 0.9057
0.76974 0.86623
0.74781 0.82018
0.72807 0.7807
0.71272 0.74781
0.69298 0.71491
0.67105 0.66886
0.63816 0.63158
0.62061 0.58991
0.66667 0.5636
0.71272 0.56798
0.76096 0.57018
0.8136 0.55702
0.86623 0.55263
0.91447 0.53509
0.94737 0.54386
1 0.50877
0.98026 0.48026
0.97588 0.4364
0.97149 0.38816
0.95175 0.35965
0.90132 0.36623
0.85965 0.35965
0.80702 0.36623
0.75439 0.38377
0.71053 0.38816
0.67763 0.40132
0.63158 0.40789
0.59649 0.41228
0.5943 0.36404
0.61404 0.3136
0.62281 0.26316
0.625 0.22588
0.63816 0.17763
0.63816 0.14474
0.64912 0.092105
0.64912 0.046053
0.62061 0.024123
0.57237 0.035088
0.53289 0.026316
0.50439 0
0.47588 0.041667
0.46053 0.092105
0.45395 0.14474
0.44298 0.19737
0.43421 0.25
0.43202 0.29167
0.42982 0.3443
0.4386 0.37719
0.40132 0.38816
0.36184 0.36184
0.32456 0.32456
0.28509 0.30263
0.25 0.28728
0.22368 0.26096
0.18421 0.25
0.13596 0.23246
0.085526 0.22149
0.059211 0.23904
0.054825 0.28289
0.048246 0.3136
0 0.33991
0.017544 0.36842
0.048246 0.39474
0.072368 0.42105
0.12061 0.4364
0.16886 0.46053
0.20395 0.48465
0.23246 0.5
0.28509 0.50439
0.3114 0.51535
# triangles
68 69 70
1 81 82
48 49 50
47 48 50
47 50 51
72 73 74
72 74 75
71 72 75
68 70 71
88 89 93
88 93 98
89 92 93
90 91 92
89 90 92
52 53 54
51 52 54
47 51 54
47 54 55
65 76 77
85 86 99
86 98 99
86 87 88
86 88 98
93 94 95
93 95 96
93 96 97
93 97 98
85 99 100
84 85 100
84 100 101
44 57 58
62 80 81
62 63 79
62 79 80
28 29 30
21 40 41
21 22 40
1 21 81
44 45 57
45 56 57
67 68 71
67 75 76
67 71 75
84 101 102
83 84 102
4 16 17
6 15 16
6 14 15
6 10 14
26 35 36
26 27 35
22 39 40
22 23 39
42 59 60
61 62 81
21 61 81
21 41 61
42 60 61
41 42 61
10 11 14
11 13 14
11 12 13
24 25 38
24 38 39
23 24 39
45 46 56
46 47 55
46 55 56
25 37 38
25 26 37
26 36 37
65 66 76
66 67 76
63 78 79
63 64 78
65 77 78
64 65 78
0 1 82
0 82 83
0 83 102
3 4 19
4 18 19
4 17 18
4 5 16
5 6 16
6 7 10
7 9 10
7 8 9
31 34 35
28 30 31
27 28 31
27 31 35
31 32 33
31 33 34
42 43 59
43 44 58
43 58 59
2 20 21
1 2 21
2 19 20
2 3 19
