# points
0.0021322 0.42004
0.023454 0.4435
0.051173 0.46482
0.074627 0.48401
0.093817 0.51173
0.11301 0.53945
0.14072 0.55437
0.17058 0.56077
0.20043 0.5693
0.21962 0.58635
0.20469 0.6162
0.19616 0.64606
0.20256 0.67591
0.21535 0.70576
0.21748 0.73561
0.21748 0.76546
0.21962 0.79531
0.23454 0.82516
0.26013 0.83582
0.28998 0.82942
0.31983 0.83156
0.34968 0.83369
0.37953 0.82303
0.40512 0.8081
0.42644 0.78678
0.45629 0.76972
0.48614 0.76333
0.51599 0.77612
0.54584 0.78465
0.57569 0.80171
0.60341 0.82303
0.63326 0.84009
0.66311 0.84435
0.69296 0.84009
0.72281 0.84222
0.75053 0.82729
0.76972 0.79957
0.77612 0.76972
0.77612 0.73987
0.77612 0.71002
0.78465 0.68017
0.79531 0.65032
0.78891 0.62047
0.78038 0.59062
0.81023 0.57356
0.83795 0.56716
0.8678 0.55864
0.89552 0.54584
0.91471 0.52026
0.9339 0.49041
0.96162 0.46482
0.98934 0.4435
1 0.41791
0.97441 0.39446
0.9467 0.371
0.92111 0.34755
0.90618 0.3177
0.87846 0.29211
0.84861 0.28145
0.81876 0.27719
0.79104 0.26652
0.78678 0.24094
0.79957 0.21109
0.80171 0.18124
0.78891 0.15139
0.78252 0.12154
0.78252 0.091684
0.78038 0.061834
0.77399 0.031983
0.75267 0.0042644
0.72281 0.0063966
0.69296 0.0063966
0.66311 0.0042644
0.63326 0.0063966
0.60341 0.025586
0.57356 0.046908
0.54584 0.066098
0.51599 0.072495
0.48614 0.072495
0.45629 0.061834
0.42644 0.046908
0.40085 0.025586
0.37313 0.0085288
0.34328 0
0.31343 0.0042644
0.28358 0.0042644
0.25586 0.0042644
0.23241 0.029851
0.22175 0.059701
0.21962 0.089552
0.21962 0.1194
0.21535 0.14925
0.20469 0.1791
0.20256 0.20896
0.21322 0.23881
0.20682 0.26652
0.1791 0.27505
0.14925 0.28145
0.12154 0.29211
0.093817 0.31557
0.076759 0.34542
0.051173 0.371
0.025586 0.39019
0 0.41365
0.0021322 0.42004
# triangles
30 31 32
8 9 95
8 95 96
7 8 96
3 96 100
3 100 101
16 17 18
9 13 24
60 61 77
9 60 95
60 78 95
60 77 78
78 94 95
78 79 94
80 90 91
80 81 90
80 91 94
79 80 94
9 10 13
96 97 100
97 99 100
97 98 99
3 4 96
4 7 96
4 6 7
4 5 6
2 3 101
61 76 77
72 73 74
33 34 35
33 37 38
30 32 33
30 33 38
9 24 25
9 25 26
85 88 89
81 82 84
81 84 90
82 83 84
84 89 90
84 85 89
10 11 12
10 12 13
91 92 94
13 14 24
14 20 24
20 22 24
44 59 60
66 67 71
33 35 36
33 36 37
85 86 87
85 87 88
92 93 94
2 101 102
1 2 102
0 1 102
0 102 103
14 19 20
16 18 19
20 21 22
22 23 24
51 52 53
43 44 60
9 26 43
9 43 60
26 27 43
27 28 43
44 45 59
56 57 58
61 64 76
64 75 76
67 70 71
15 16 19
14 15 19
61 62 64
62 63 64
65 66 71
65 74 75
64 65 75
65 71 72
65 72 74
68 69 70
67 68 70
28 29 39
30 38 39
29 30 39
50 51 53
55 56 58
55 58 59
45 55 59
28 40 43
28 39 40
40 42 43
40 41 42
45 48 55
48 49 55
45 46 48
46 47 48
50 53 54
49 50 54
49 54 55
