# points
0.0042918 0.40987
0.032189 0.43348
0.064378 0.45064
0.096567 0.46996
0.12446 0.49785
0.15451 0.52361
0.1867 0.5279
0.21888 0.53004
0.25107 0.53219
0.26824 0.54721
0.24678 0.5794
0.22961 0.61159
0.23391 0.64378
0.2382 0.67597
0.23391 0.70815
0.22747 0.74034
0.22532 0.77253
0.23391 0.80472
0.25966 0.81974
0.29185 0.80687
0.32403 0.80472
0.35622 0.80258
0.38841 0.78541
0.41416 0.75751
0.43991 0.72747
0.4721 0.70386
0.50215 0.70172
0.53219 0.72318
0.56438 0.74678
0.58798 0.77468
0.61803 0.80258
0.65021 0.8176
0.6824 0.8176
0.71459 0.82189
0.74464 0.80901
0.7618 0.77682
0.7618 0.74464
0.75751 0.71245
0.75107 0.68026
0.74893 0.64807
0.75751 0.61588
0.74678 0.58369
0.72747 0.5515
0.75751 0.53863
0.7897 0.53648
0.82189 0.53433
0.85408 0.5279
0.88627 0.50644
0.91202 0.47425
0.94421 0.45494
0.97639 0.43777
1 0.41202
0.96781 0.38627
0.93562 0.3691
0.90343 0.34979
0.87554 0.31974
0.84549 0.29614
0.8133 0.29185
0.78112 0.2897
0.74893 0.28755
0.72747 0.27253
0.74893 0.24464
0.76395 0.21245
0.75966 0.18026
0.75751 0.14807
0.7618 0.11588
0.76609 0.083691
0.76824 0.051502
0.75966 0.019313
0.73391 0
0.70172 0.01073
0.66953 0.012876
0.63734 0.017167
0.6073 0.036481
0.5794 0.064378
0.55365 0.094421
0.52146 0.11373
0.49142 0.12017
0.45923 0.10086
0.42918 0.072961
0.40129 0.042918
0.37339 0.017167
0.3412 0.0064378
0.30901 0.0085837
0.27682 0.0021459
0.24678 0.012876
0.23391 0.045064
0.23391 0.077253
0.2382 0.10944
0.24464 0.14163
0.24464 0.17382
0.23605 0.20601
0.24893 0.2382
0.26824 0.26824
0.24678 0.28541
0.21459 0.28755
0.1824 0.2897
0.15021 0.29399
0.12017 0.31545
0.092275 0.34549
0.062232 0.36481
0.030043 0.38197
0 0.40343
0.0042918 0.40987
# triangles
9 26 42
17 18 19
8 9 93
8 93 94
68 69 70
79 89 90
84 85 86
83 84 86
42 59 60
9 60 93
9 42 60
61 62 63
60 61 63
44 57 58
32 36 37
30 31 32
30 32 37
28 38 39
26 27 42
27 39 42
27 28 39
28 29 38
29 30 37
29 37 38
9 25 26
9 24 25
16 17 19
12 13 24
48 53 54
7 8 94
66 70 71
65 66 71
78 90 93
78 79 90
79 80 89
65 71 73
71 72 73
80 88 89
80 83 88
80 81 82
80 82 83
64 73 74
64 65 73
60 75 76
60 63 75
64 74 75
63 64 75
39 41 42
39 40 41
45 46 47
45 48 54
45 47 48
43 58 59
43 44 58
42 43 59
20 21 22
0 1 101
0 101 102
15 16 19
33 34 35
32 33 35
32 35 36
50 51 52
9 10 24
10 12 24
67 68 70
66 67 70
77 78 93
60 77 93
60 76 77
7 94 95
4 96 98
3 4 98
3 98 99
96 97 98
83 86 87
83 87 88
44 55 57
44 45 55
45 54 55
55 56 57
13 23 24
14 20 22
13 14 23
14 22 23
14 19 20
14 15 19
2 3 99
48 49 53
49 52 53
49 50 52
10 11 12
90 92 93
90 91 92
4 6 96
6 95 96
6 7 95
4 5 6
2 99 100
1 100 101
1 2 100
