# points
0 0.49881
0.019002 0.52969
0.047506 0.56057
0.07601 0.5867
0.10214 0.60808
0.13064 0.6247
0.15914 0.63895
0.15439 0.66746
0.14727 0.69834
0.14014 0.72922
0.14014 0.7601
0.13777 0.79097
0.14252 0.82185
0.14489 0.85273
0.17577 0.86223
0.20665 0.86223
0.23753 0.86461
0.26841 0.86223
0.29929 0.85748
0.33017 0.85036
0.36105 0.83848
0.3753 0.86698
0.38955 0.89311
0.41093 0.92162
0.43943 0.95249
0.47031 0.97862
0.49881 1
0.52732 0.98337
0.55582 0.962
0.58195 0.93349
0.6057 0.90499
0.6247 0.87886
0.63895 0.85036
0.66271 0.84798
0.69359 0.85748
0.72447 0.86223
0.75534 0.86461
0.78622 0.86461
0.8171 0.86223
0.84798 0.85986
0.86223 0.83848
0.86698 0.8076
0.86698 0.77672
0.86461 0.74584
0.86223 0.71496
0.85511 0.68409
0.84561 0.65321
0.86223 0.6342
0.89074 0.61758
0.92162 0.59382
0.95012 0.57007
0.97625 0.53919
0.99762 0.51544
0.99762 0.48456
0.97625 0.46081
0.95487 0.43468
0.92637 0.41093
0.89786 0.38717
0.86698 0.37055
0.84561 0.35154
0.85511 0.32067
0.86223 0.28979
0.86698 0.25891
0.86698 0.22803
0.86698 0.19715
0.86461 0.16627
0.85273 0.14014
0.82185 0.13777
0.79097 0.13302
0.7601 0.13302
0.72922 0.13777
0.69834 0.14252
0.66746 0.14964
0.63895 0.15202
0.62708 0.12589
0.61045 0.097387
0.58432 0.066508
0.56057 0.042755
0.53444 0.019002
0.50831 0
0.47981 0.011876
0.45368 0.030879
0.42755 0.059382
0.40143 0.087886
0.38242 0.11639
0.3658 0.14727
0.34204 0.15202
0.31116 0.14489
0.28029 0.13777
0.24941 0.13539
0.21853 0.13539
0.18765 0.13777
0.15677 0.14014
0.14252 0.16152
0.13777 0.1924
0.13777 0.22328
0.13777 0.25416
0.14252 0.28504
0.14964 0.31591
0.15677 0.34679
0.14489 0.36817
0.11639 0.3848
0.087886 0.4038
0.059382 0.42755
0.033254 0.45606
0.011876 0.48219
0 0.49881
# triangles
6 99 100
3 102 103
2 3 103
3 4 102
6 85 99
51 54 55
50 51 55
63 68 69
63 64 68
64 67 68
20 21 32
2 103 104
4 101 102
76 77 82
65 66 67
64 65 67
10 16 17
10 15 16
8 18 19
8 17 18
25 27 28
24 25 28
25 26 27
24 28 29
23 29 30
23 24 29
22 23 30
21 22 30
1 2 104
85 86 99
77 78 81
77 81 82
75 76 83
76 82 83
75 83 84
32 33 46
20 32 46
20 46 59
74 75 84
63 69 70
6 20 73
20 59 73
6 73 85
73 84 85
73 74 84
12 14 15
12 13 14
4 5 101
5 6 100
5 100 101
9 10 17
8 9 17
7 19 20
7 8 19
6 7 20
35 36 43
36 42 43
38 39 40
38 40 41
0 1 105
1 104 105
89 95 96
86 98 99
78 79 80
78 80 81
90 94 95
89 90 95
50 55 56
35 43 44
49 50 56
49 56 57
46 47 59
61 70 71
10 11 15
11 12 15
21 31 32
21 30 31
37 41 42
37 38 41
36 37 42
91 93 94
90 91 94
91 92 93
86 87 98
89 96 97
88 89 97
87 97 98
87 88 97
60 61 71
62 63 70
61 62 70
47 58 59
33 45 46
33 34 45
35 44 45
34 35 45
59 72 73
59 60 72
60 71 72
47 48 58
48 49 57
48 57 58
51 53 54
51 52 53
