# points
0.21486 0.51406
0.22892 0.54819
0.23494 0.57229
0.22691 0.60643
0.18474 0.64458
0.14056 0.66867
0.14257 0.70482
0.11647 0.74096
0.084337 0.77711
0.064257 0.81325
0.080321 0.83735
0.11044 0.8494
0.12249 0.88153
0.1506 0.90361
0.18072 0.91365
0.2249 0.90562
0.26908 0.88956
0.2992 0.85743
0.33333 0.82129
0.35743 0.79719
0.38755 0.77912
0.41968 0.74498
0.44779 0.77309
0.46988 0.75904
0.48795 0.78715
0.48795 0.82932
0.50803 0.85341
0.53012 0.87952
0.55622 0.8996
0.58032 0.93173
0.59639 0.96386
0.62249 0.98996
0.65863 1
0.66867 0.97189
0.70482 0.96586
0.749 0.95181
0.76707 0.90964
0.77108 0.86546
0.76506 0.83735
0.75502 0.8012
0.73092 0.76305
0.71084 0.72892
0.7008 0.68675
0.69478 0.64458
0.7008 0.62249
0.70884 0.59438
0.73896 0.59237
0.78313 0.58635
0.81526 0.59237
0.85944 0.5743
0.8996 0.55221
0.94378 0.53614
0.98394 0.51606
0.98193 0.48594
0.98594 0.44177
0.98193 0.40763
0.95783 0.37751
0.91968 0.34739
0.8755 0.34337
0.84739 0.33936
0.80321 0.3494
0.75904 0.36145
0.71687 0.35141
0.68675 0.35341
0.65261 0.34538
0.64257 0.31526
0.62249 0.3012
0.64257 0.25703
0.65462 0.21486
0.6506 0.18072
0.64257 0.13655
0.63655 0.098394
0.64458 0.054217
0.62651 0.022088
0.58233 0.040161
0.55622 0.02008
0.5241 0
0.48594 0.032129
0.4498 0.058233
0.42771 0.10241
0.41968 0.14659
0.40964 0.19076
0.40361 0.23494
0.39759 0.27711
0.35944 0.29518
0.34739 0.30321
0.31928 0.31124
0.28112 0.28514
0.24297 0.25703
0.20482 0.24498
0.17068 0.24096
0.12651 0.23092
0.086345 0.22892
0.058233 0.21687
0.052209 0.26104
0.014056 0.28916
0.0060241 0.32129
0 0.36145
0.026104 0.38554
0.048193 0.41767
0.080321 0.44378
0.10843 0.45783
0.13855 0.47189
0.16667 0.49398
0.20281 0.50803
0.21486 0.51406
# triangles
13 14 15
23 24 42
21 22 23
29 30 33
31 32 33
30 31 33
28 39 40
87 102 103
94 95 96
89 90 102
90 94 99
90 91 94
90 99 100
7 11 15
11 12 13
11 13 15
7 8 11
8 9 10
8 10 11
4 5 6
51 52 53
50 51 54
51 53 54
45 46 61
21 23 45
24 41 42
27 28 41
28 40 41
46 47 61
4 6 18
29 33 38
28 29 38
28 38 39
34 37 38
33 34 38
88 89 102
87 88 102
92 93 94
91 92 94
94 96 98
94 98 99
96 97 98
90 101 102
90 100 101
23 42 43
54 55 56
50 54 56
45 61 62
45 62 63
6 17 18
6 7 17
15 16 17
7 15 17
24 25 26
26 27 41
24 26 41
3 20 21
34 36 37
34 35 36
87 103 104
23 44 45
23 43 44
47 48 49
47 49 61
49 60 61
49 50 60
86 87 104
0 86 104
0 1 86
1 85 86
72 73 74
71 72 74
50 58 60
58 59 60
50 56 58
56 57 58
3 19 20
3 4 19
4 18 19
2 3 21
2 21 85
1 2 85
83 84 85
69 80 81
69 70 80
70 79 80
70 71 74
70 74 79
64 65 66
64 66 83
45 63 64
64 83 85
21 45 64
21 64 85
67 68 69
67 69 81
66 82 83
66 67 82
67 81 82
74 77 79
75 76 77
74 75 77
77 78 79
