# points
0.068241 0.49344
0.14173 0.54856
0.21522 0.60367
0.28871 0.65879
0.3622 0.71391
0.4357 0.76903
0.40157 0.8189
0.32808 0.76378
0.25459 0.70604
0.1811 0.65092
0.10761 0.59318
0.034121 0.53806
0 0.58793
0.047244 0.64829
0.12073 0.70341
0.19423 0.75591
0.26772 0.81102
0.34121 0.86614
0.4147 0.92126
0.48819 0.87139
0.56168 0.81627
0.63517 0.75853
0.70866 0.70341
0.78215 0.64567
0.85564 0.64567
0.80052 0.70079
0.72703 0.75328
0.65354 0.8084
0.58005 0.86352
0.50656 0.91601
0.48556 0.97375
0.55906 0.94226
0.63255 0.88714
0.70604 0.83465
0.77953 0.77953
0.85302 0.72703
0.92388 0.67192
0.90026 0.59843
0.87664 0.52493
0.85039 0.45144
0.82415 0.37795
0.80052 0.30446
0.77428 0.23097
0.75066 0.15748
0.80052 0.12861
0.82677 0.2021
0.85039 0.27559
0.87402 0.34908
0.89764 0.42257
0.92126 0.49606
0.94488 0.56955
0.9685 0.64042
1 0.57743
0.97638 0.50394
0.95276 0.43045
0.93176 0.35696
0.90814 0.28346
0.88451 0.20997
0.86089 0.13648
0.81627 0.091864
0.74278 0.091864
0.66929 0.091864
0.5958 0.091864
0.52231 0.091864
0.44882 0.091864
0.37533 0.091864
0.30709 0.086614
0.34646 0.044619
0.41995 0.044619
0.49344 0.044619
0.56693 0.044619
0.64042 0.044619
0.71391 0.044619
0.7874 0.044619
0.82152 0.013123
0.75591 0
0.68241 0
0.60892 0
0.53543 0
0.46194 0
0.38845 0
0.31496 0
0.27559 0.049869
0.25197 0.12336
0.23097 0.19685
0.20997 0.27034
0.18635 0.34383
0.16535 0.41732
0.14173 0.49081
0.097113 0.44357
0.12073 0.37008
0.14436 0.29659
0.16798 0.2231
0.1916 0.14961
0.21522 0.076115
0.23885 0.0026247
0.1811 0.018373
0.15748 0.091864
0.13648 0.16535
0.11286 0.23885
0.089239 0.31234
0.065617 0.38583
0.041995 0.45932
0.068241 0.49344
# triangles
10 12 13
10 13 14
43 60 61
10 11 12
91 92 99
29 30 31
8 15 16
2 87 88
2 3 87
63 64 85
73 74 75
43 44 60
44 45 58
3 86 87
63 85 86
90 91 100
90 100 101
91 99 100
89 90 101
89 101 102
0 88 89
0 89 102
93 97 98
92 98 99
92 93 98
94 95 96
94 96 97
93 94 97
6 18 19
6 17 18
1 2 88
0 1 88
9 10 14
9 14 15
8 9 15
3 4 41
3 41 86
41 63 86
43 61 62
45 57 58
44 59 60
44 58 59
72 75 76
72 73 75
66 82 83
7 8 16
7 16 17
6 7 17
4 21 22
41 42 63
42 62 63
42 43 62
45 46 57
46 56 57
46 47 56
5 6 19
5 19 20
4 5 21
5 20 21
28 29 31
50 52 53
50 51 52
24 36 37
68 79 80
22 23 40
4 40 41
4 22 40
26 33 34
47 55 56
69 78 79
68 69 79
26 27 33
24 35 36
67 80 81
66 67 82
67 81 82
67 68 80
23 24 38
24 37 38
48 54 55
47 48 55
25 26 34
25 34 35
24 25 35
70 77 78
69 70 78
71 76 77
71 72 76
70 71 77
27 32 33
27 28 32
28 31 32
64 65 85
65 84 85
65 66 83
65 83 84
48 49 54
49 53 54
49 50 53
23 39 40
23 38 39
