# points
0 0.47746
0.043033 0.49795
0.098361 0.51844
0.14754 0.52869
0.19672 0.53689
0.2541 0.54303
0.29918 0.53689
0.27869 0.55943
0.23361 0.59426
0.18852 0.64754
0.14549 0.70082
0.10451 0.75205
0.11066 0.79098
0.16393 0.77869
0.22336 0.77049
0.28279 0.75205
0.33197 0.73566
0.31967 0.79508
0.32787 0.83811
0.32172 0.89754
0.34016 0.93648
0.36066 0.94672
0.39959 0.90369
0.43852 0.85041
0.47131 0.79098
0.4877 0.75
0.5123 0.69262
0.53279 0.71926
0.54508 0.77459
0.56762 0.82787
0.59016 0.8668
0.62295 0.90779
0.65164 0.94672
0.68443 0.94262
0.69262 0.8832
0.70492 0.82377
0.69672 0.76434
0.71926 0.7377
0.76844 0.76025
0.81967 0.77254
0.86885 0.77869
0.92213 0.78484
0.91189 0.7541
0.8791 0.70287
0.83811 0.64959
0.79508 0.60656
0.7418 0.56762
0.71721 0.53689
0.77459 0.53279
0.82172 0.53893
0.88115 0.52664
0.93238 0.51639
0.9877 0.49385
1 0.46311
0.95492 0.43443
0.90574 0.40779
0.84836 0.3873
0.80738 0.37705
0.85451 0.32377
0.89139 0.27254
0.91803 0.21311
0.90369 0.17623
0.84426 0.18648
0.78484 0.21516
0.73361 0.24385
0.67418 0.27869
0.6373 0.29713
0.65164 0.2459
0.66598 0.18648
0.67828 0.12705
0.68443 0.067623
0.67828 0.014344
0.63525 0.012295
0.59221 0.057377
0.54508 0.10861
0.52459 0.16803
0.4959 0.14549
0.46107 0.094262
0.41393 0.038934
0.36885 0
0.34836 0.014344
0.34631 0.057377
0.34016 0.11475
0.35041 0.16189
0.36475 0.21926
0.37705 0.2623
0.39139 0.31352
0.34426 0.29098
0.29918 0.25615
0.24795 0.23566
0.22746 0.20082
0.17213 0.19262
0.1127 0.19467
0.10861 0.22746
0.1373 0.27869
0.16393 0.32582
0.20082 0.37295
0.15164 0.40164
0.125 0.39549
0.069672 0.43033
0.014344 0.45902
0 0.47746
# triangles
78 79 80
6 86 96
75 85 86
66 75 86
77 82 83
77 78 82
75 76 85
76 77 83
76 83 84
76 84 85
86 87 96
7 8 16
6 7 16
4 96 97
3 4 97
97 98 99
58 63 64
59 62 63
58 59 63
16 24 25
6 26 86
6 16 26
16 25 26
57 58 64
78 80 81
78 81 82
69 70 73
89 95 96
89 94 95
88 89 96
87 88 96
5 6 96
4 5 96
2 3 97
2 97 99
1 2 99
51 54 55
52 53 54
51 52 54
60 61 62
59 60 62
18 22 23
18 19 22
20 21 22
19 20 22
17 18 23
16 17 24
17 23 24
9 10 14
10 11 13
10 13 14
11 12 13
47 57 66
27 46 47
26 27 47
47 66 86
26 47 86
66 67 75
67 68 75
89 91 94
89 90 91
91 93 94
91 92 93
70 71 72
70 72 73
69 73 74
68 69 74
68 74 75
0 1 100
1 99 100
50 51 55
9 14 15
8 15 16
8 9 15
48 49 57
47 48 57
57 64 65
57 65 66
49 56 57
49 50 56
50 55 56
27 28 36
28 29 36
39 43 44
38 39 44
37 44 45
37 38 44
37 45 46
27 37 46
27 36 37
32 33 34
31 32 34
40 42 43
39 40 43
40 41 42
29 35 36
30 31 34
30 34 35
29 30 35
