# points
0.22018 0.46789
0.23624 0.49541
0.25229 0.52294
0.26835 0.55046
0.2867 0.57798
0.30505 0.6055
0.33257 0.6078
0.36009 0.61927
0.38761 0.6422
0.40367 0.66972
0.41055 0.69725
0.41055 0.72477
0.40826 0.75229
0.42202 0.77982
0.43349 0.80734
0.44495 0.83486
0.45642 0.86239
0.4633 0.88991
0.47018 0.91743
0.47706 0.94495
0.48165 0.97248
0.48394 1
0.49541 0.99541
0.50688 0.96789
0.51835 0.94037
0.52752 0.91284
0.5367 0.88532
0.54358 0.8578
0.54817 0.83028
0.55505 0.80275
0.54128 0.77523
0.53211 0.74771
0.52982 0.72018
0.53211 0.69266
0.53899 0.66514
0.55275 0.63761
0.57569 0.61009
0.60321 0.58716
0.63073 0.57569
0.64908 0.55734
0.66055 0.52982
0.66972 0.50229
0.68119 0.47477
0.69266 0.44725
0.70413 0.41972
0.7156 0.3922
0.72706 0.36468
0.74083 0.33716
0.75229 0.30963
0.76376 0.28211
0.77752 0.25459
0.79128 0.22706
0.80734 0.19954
0.82339 0.17202
0.83945 0.1445
0.8555 0.11697
0.87615 0.08945
0.8945 0.061927
0.89908 0.041284
0.87156 0.038991
0.84404 0.036697
0.81651 0.034404
0.78899 0.034404
0.76147 0.034404
0.73394 0.034404
0.70642 0.036697
0.6789 0.038991
0.65138 0.043578
0.62385 0.048165
0.59633 0.057339
0.56881 0.045872
0.54128 0.041284
0.51376 0.041284
0.48624 0.045872
0.45872 0.052752
0.43119 0.059633
0.40367 0.068807
0.37615 0.080275
0.34862 0.094037
0.3211 0.11239
0.29358 0.11009
0.26606 0.1055
0.23853 0.098624
0.21101 0.08945
0.18349 0.077982
0.15596 0.066514
0.12844 0.052752
0.10092 0.038991
0.073394 0.025229
0.045872 0.011468
0.018349 0
0 0.0022936
0.0091743 0.029817
0.020642 0.057339
0.029817 0.084862
0.038991 0.11239
0.050459 0.13991
0.061927 0.16743
0.075688 0.19495
0.08945 0.22248
0.10321 0.25
0.11697 0.27752
0.13073 0.30505
0.1445 0.33257
0.16055 0.36009
0.17431 0.38761
0.19037 0.41514
0.20413 0.44266
0.22018 0.46789
# triangles
79 80 104
90 91 92
1 2 42
2 7 37
55 60 61
55 56 60
56 59 60
82 83 100
86 95 96
0 79 107
43 44 79
0 43 79
1 42 43
0 1 43
7 36 37
37 40 41
2 41 42
2 37 41
8 9 35
7 8 36
8 35 36
9 10 33
57 58 59
56 57 59
80 103 104
80 102 103
79 106 107
83 99 100
83 98 99
80 81 102
87 94 95
86 87 95
85 86 96
44 78 79
44 77 78
2 3 7
4 5 6
3 6 7
3 4 6
9 34 35
9 33 34
18 19 24
55 61 62
69 72 73
69 71 72
79 104 105
79 105 106
81 101 102
82 100 101
81 82 101
88 93 94
87 88 94
83 84 98
85 96 97
84 97 98
84 85 97
16 17 26
15 16 28
14 15 30
14 30 31
28 29 30
15 28 30
18 24 25
17 18 25
17 25 26
13 14 31
11 12 13
11 13 31
19 23 24
54 55 62
54 62 63
53 54 63
49 50 69
50 68 69
50 67 68
52 65 66
50 51 67
51 52 66
51 66 67
46 47 69
89 92 93
88 89 93
89 90 92
16 26 27
16 27 28
11 31 32
10 11 32
10 32 33
19 20 23
20 21 22
20 22 23
52 64 65
52 53 64
53 63 64
47 48 69
48 49 69
69 70 71
45 75 76
45 46 75
44 45 77
45 76 77
46 74 75
69 73 74
46 69 74
37 38 39
37 39 40
