# points
0.23113 0.49528
0.28302 0.51887
0.33726 0.53066
0.39151 0.53302
0.44575 0.5283
0.5 0.51415
0.55425 0.5
0.60849 0.48113
0.66274 0.46698
0.69575 0.48585
0.66274 0.51415
0.60849 0.53066
0.55425 0.54717
0.5 0.56132
0.44575 0.57311
0.39151 0.57783
0.33726 0.57311
0.28302 0.56132
0.28774 0.59198
0.32075 0.64623
0.35613 0.70047
0.39387 0.75472
0.4316 0.80896
0.46698 0.86321
0.50236 0.91745
0.53302 0.9717
0.56368 0.97642
0.59434 0.92217
0.62264 0.86792
0.64623 0.81368
0.66745 0.75943
0.67689 0.71226
0.62264 0.72877
0.5684 0.74528
0.51415 0.76179
0.51887 0.7217
0.57311 0.70519
0.62736 0.69104
0.6816 0.67453
0.71462 0.63679
0.73585 0.58255
0.75943 0.5283
0.78066 0.47406
0.80425 0.41981
0.82783 0.36557
0.85377 0.31132
0.87972 0.25708
0.85613 0.23349
0.80189 0.23585
0.74764 0.24057
0.6934 0.25
0.63915 0.26179
0.58491 0.2783
0.53066 0.29481
0.47642 0.31132
0.42217 0.3184
0.36792 0.3184
0.31368 0.31132
0.26651 0.29009
0.28538 0.26415
0.33962 0.27594
0.39387 0.28066
0.44811 0.27594
0.50236 0.26415
0.5566 0.25
0.61085 0.23349
0.66509 0.21934
0.71934 0.20755
0.77358 0.20047
0.82783 0.20047
0.88208 0.20047
0.92453 0.17689
0.95991 0.12264
1 0.068396
0.96462 0.051887
0.91038 0.04717
0.85613 0.044811
0.80189 0.044811
0.74764 0.049528
0.6934 0.056604
0.63915 0.070755
0.58491 0.087264
0.53066 0.10377
0.47642 0.11792
0.42217 0.125
0.36792 0.12736
0.31368 0.11792
0.25943 0.10142
0.20519 0.07783
0.15094 0.051887
0.096698 0.023585
0.042453 0.0023585
0 0
0.018868 0.054245
0.037736 0.10849
0.061321 0.16274
0.084906 0.21698
0.11321 0.27123
0.14151 0.32547
0.16981 0.37972
0.19811 0.43396
0.22877 0.48821
0.23113 0.49528
# triangles
23 24 28
61 84 85
64 65 82
63 64 83
64 82 83
24 27 28
25 26 27
24 25 27
87 88 96
58 98 99
59 60 85
60 61 85
58 99 100
57 58 100
15 19 20
21 22 34
22 23 34
23 28 34
71 75 76
70 71 76
8 50 51
67 79 80
67 78 79
68 77 78
67 68 78
65 81 82
7 8 52
8 51 52
88 95 96
59 85 86
59 86 87
58 97 98
58 59 97
59 87 97
87 96 97
3 55 56
2 3 56
3 4 55
4 5 55
61 62 84
62 63 83
62 83 84
5 54 55
1 56 57
1 2 56
16 17 18
16 18 19
15 16 19
71 72 75
45 47 48
45 46 47
44 49 50
45 48 49
44 45 49
66 67 80
66 80 81
65 66 81
43 44 50
8 43 50
10 39 40
10 40 41
9 10 41
9 41 42
9 42 43
8 9 43
90 93 94
88 89 95
89 90 94
89 94 95
14 15 20
5 6 54
7 52 53
6 7 53
6 53 54
57 100 101
1 57 101
0 1 101
28 29 33
28 33 34
11 12 37
10 11 39
72 73 74
72 74 75
68 69 77
69 76 77
69 70 76
91 92 93
90 91 93
11 38 39
11 37 38
30 31 32
29 30 32
29 32 33
12 36 37
12 13 36
21 34 35
13 14 35
13 35 36
20 21 35
14 20 35
