# points
0 0.44153
0.0040323 0.46976
0.054435 0.47984
0.092742 0.50403
0.1129 0.53024
0.16129 0.54234
0.17742 0.56452
0.22782 0.55444
0.27218 0.55645
0.26815 0.60081
0.23185 0.64113
0.22782 0.66734
0.24194 0.69556
0.21573 0.74194
0.23185 0.78024
0.21774 0.83065
0.21371 0.87903
0.25605 0.85081
0.29637 0.86089
0.33669 0.82661
0.37903 0.81048
0.40726 0.78226
0.42742 0.73387
0.45968 0.71573
0.47782 0.66734
0.49798 0.65121
0.50605 0.70161
0.53226 0.69556
0.5504 0.74597
0.58065 0.78226
0.61895 0.81855
0.64718 0.86089
0.6754 0.83468
0.71573 0.86895
0.75202 0.89516
0.74597 0.84476
0.76815 0.81452
0.77218 0.77823
0.74798 0.73387
0.75 0.69355
0.74798 0.66129
0.74194 0.62097
0.72581 0.59073
0.70968 0.55645
0.76008 0.57056
0.79839 0.56452
0.84476 0.55645
0.89516 0.55645
0.88508 0.51411
0.93548 0.50605
0.98185 0.4879
1 0.44556
0.99194 0.41532
0.94153 0.40524
0.89113 0.39113
0.87903 0.36089
0.82863 0.35685
0.80847 0.32863
0.75806 0.33871
0.70766 0.35081
0.68548 0.33065
0.70565 0.29032
0.73992 0.25403
0.71573 0.2379
0.74194 0.19153
0.76613 0.14516
0.75202 0.10282
0.77218 0.052419
0.7621 0.018145
0.71371 0.03629
0.68145 0.022177
0.63911 0.060484
0.60484 0.052419
0.58065 0.09879
0.54839 0.13911
0.52419 0.15121
0.49798 0.1875
0.48387 0.1371
0.45766 0.15927
0.4375 0.10887
0.40323 0.086694
0.36694 0.044355
0.33065 0.0080645
0.30847 0.048387
0.26815 0.010081
0.23992 0
0.24798 0.050403
0.21774 0.076613
0.23589 0.125
0.26008 0.16935
0.25202 0.20565
0.27016 0.24597
0.27823 0.28629
0.30444 0.31855
0.34274 0.34879
0.29839 0.34476
0.24798 0.32863
0.20766 0.34274
0.15726 0.33871
0.13105 0.35282
0.10887 0.37903
0.058468 0.38508
0.028226 0.41532
0 0.44153
# triangles
25 27 43
32 37 38
8 24 25
8 9 24
27 42 43
40 41 42
27 40 42
9 10 12
8 25 94
29 30 38
30 32 38
32 36 37
12 20 21
43 44 45
12 19 20
12 14 19
17 18 19
14 17 19
25 60 94
25 43 60
43 59 60
97 98 99
45 48 56
50 51 53
49 50 53
48 49 53
30 31 32
32 35 36
12 21 22
9 12 22
9 22 24
22 23 24
25 26 27
27 39 40
27 28 39
28 29 39
29 38 39
80 81 83
81 82 83
86 87 88
83 86 88
64 71 73
71 72 73
15 16 17
14 15 17
63 64 73
60 76 94
8 94 95
80 83 89
83 88 89
3 5 100
97 99 100
5 97 100
2 101 102
2 100 101
2 3 100
0 2 102
5 6 7
5 7 97
7 8 95
7 95 97
12 13 14
3 4 5
46 47 48
45 46 48
48 54 56
48 53 54
51 52 53
54 55 56
33 34 35
32 33 35
84 85 86
83 84 86
64 66 71
76 78 94
78 89 91
78 79 80
78 80 89
63 73 74
60 61 76
61 62 63
61 63 74
61 74 76
95 96 97
89 90 91
0 1 2
10 11 12
64 65 66
66 69 71
69 70 71
76 77 78
56 57 58
43 58 59
43 45 58
45 56 58
67 68 69
66 67 69
74 75 76
91 92 93
78 93 94
78 91 93
