# points
0 0.5297
0 0.56683
0 0.60396
0.017327 0.62624
0.054455 0.62624
0.091584 0.62624
0.12871 0.62624
0.16584 0.62624
0.20297 0.62624
0.2401 0.62624
0.27723 0.62624
0.31436 0.62624
0.35149 0.62624
0.36634 0.65099
0.36634 0.68812
0.36634 0.72525
0.36634 0.76238
0.36634 0.7995
0.36634 0.83663
0.36881 0.87376
0.36881 0.91089
0.36881 0.94802
0.36881 0.98515
0.39109 1
0.42822 1
0.46535 1
0.50248 1
0.5396 1
0.57673 1
0.61386 1
0.61386 0.96287
0.61386 0.92574
0.61386 0.88861
0.61386 0.85149
0.61386 0.81436
0.61386 0.77723
0.61386 0.7401
0.61386 0.70297
0.61386 0.66584
0.61386 0.62871
0.65099 0.62376
0.68812 0.62376
0.72525 0.62376
0.76238 0.62376
0.7995 0.62376
0.83663 0.62376
0.87376 0.62376
0.91089 0.62376
0.94802 0.62376
0.9802 0.62129
0.98267 0.58416
0.9802 0.54703
0.98267 0.5099
0.98267 0.47277
0.98267 0.43564
0.9802 0.39851
0.96782 0.37376
0.93069 0.37376
0.89356 0.37376
0.85644 0.37376
0.81931 0.37376
0.78218 0.37376
0.74505 0.37376
0.70792 0.37376
0.67079 0.37376
0.63366 0.37376
0.61386 0.35396
0.61386 0.31683
0.61386 0.2797
0.61386 0.24257
0.61386 0.20545
0.61386 0.16832
0.61386 0.13119
0.61386 0.094059
0.61386 0.056931
0.61386 0.019802
0.59653 0
0.55941 0
0.52228 0
0.48515 0
0.44802 0
0.41089 0
0.37376 0
0.36634 0.032178
0.36634 0.069307
0.36634 0.10644
0.36634 0.14356
0.36634 0.18069
0.36634 0.21782
0.36634 0.25495
0.36881 0.29208
0.36881 0.32921
0.36881 0.36634
0.33663 0.37376
0.2995 0.37376
0.26238 0.37376
0.22525 0.37376
0.18812 0.37376
0.15099 0.37376
0.11386 0.37624
0.076733 0.37376
0.039604 0.37624
0.0024752 0.37376
0 0.41089
0 0.44802
0 0.48515
0 0.52228
0 0.5297
# triangles
1 2 4
81 82 83
66 91 92
100 101 104
12 92 93
2 3 4
6 105 106
75 76 77
74 75 77
41 63 64
8 96 97
101 102 103
101 103 104
41 42 63
42 62 63
12 39 92
7 8 97
0 1 5
1 4 5
0 5 106
5 6 106
52 53 59
66 67 91
7 97 98
6 7 98
70 87 88
81 83 84
68 89 90
67 68 90
67 90 91
68 69 89
69 70 88
69 88 89
28 29 30
19 25 26
19 32 33
19 26 32
16 35 36
47 50 51
44 60 61
10 94 95
40 41 64
14 37 38
12 13 39
13 14 38
13 38 39
53 54 58
53 58 59
99 104 105
99 100 104
6 99 105
6 98 99
71 72 86
71 86 87
70 71 87
72 85 86
19 20 25
18 33 34
18 19 33
15 16 36
14 15 37
15 36 37
48 49 50
47 48 50
42 43 62
43 61 62
43 44 61
45 59 60
44 45 60
9 95 96
9 10 95
8 9 96
40 64 65
39 40 65
65 66 92
39 65 92
10 11 94
11 93 94
11 12 93
55 56 57
54 55 57
54 57 58
72 73 79
72 79 85
20 24 25
17 18 34
16 17 35
17 34 35
46 51 52
46 47 51
46 52 59
45 46 59
80 81 84
80 84 85
79 80 85
73 78 79
73 74 78
74 77 78
21 23 24
21 22 23
20 21 24
26 27 32
27 31 32
27 30 31
27 28 30
