# points
0.046012 0.45706
0.006135 0.49693
0.006135 0.54294
0.0092025 0.58896
0 0.62577
0.042945 0.66258
0.067485 0.70859
0.1135 0.73006
0.15951 0.72393
0.20552 0.71166
0.25153 0.68712
0.29755 0.65951
0.34356 0.62883
0.3865 0.59509
0.41411 0.59816
0.39571 0.64417
0.38037 0.69018
0.3681 0.7362
0.3589 0.78221
0.35276 0.82822
0.35276 0.87423
0.3681 0.92025
0.40798 0.95092
0.45399 0.96012
0.5 0.9908
0.53988 0.96319
0.58589 0.95399
0.62883 0.92945
0.64724 0.88344
0.65031 0.83742
0.64724 0.79141
0.63804 0.7454
0.62577 0.69939
0.61043 0.65337
0.59509 0.60736
0.60736 0.58589
0.65031 0.61963
0.69632 0.65337
0.74233 0.68405
0.78834 0.70859
0.83436 0.72393
0.88037 0.72699
0.92638 0.71779
0.95399 0.67178
0.99387 0.6319
0.99693 0.59816
0.99387 0.55215
1 0.50613
0.96626 0.46319
0.92025 0.43865
0.87423 0.42638
0.82822 0.41718
0.78221 0.41411
0.7362 0.41411
0.69018 0.41411
0.64417 0.41411
0.68098 0.38037
0.72699 0.34969
0.77301 0.31288
0.81902 0.26994
0.85583 0.22699
0.87423 0.18098
0.88037 0.13497
0.84049 0.088957
0.81902 0.042945
0.78834 0.030675
0.74233 0.018405
0.69632 0
0.65031 0.018405
0.61043 0.055215
0.58282 0.09816
0.56135 0.14417
0.54294 0.19018
0.52761 0.2362
0.51534 0.28221
0.4908 0.29448
0.47853 0.24847
0.46626 0.20245
0.44785 0.15644
0.42638 0.11043
0.40184 0.064417
0.36503 0.02454
0.31902 0
0.27301 0.01227
0.22699 0.030675
0.18405 0.030675
0.17485 0.076687
0.12883 0.1227
0.12577 0.16871
0.1411 0.21472
0.17178 0.25767
0.21779 0.30368
0.2638 0.34049
0.30982 0.37423
0.35583 0.40184
0.32515 0.41411
0.27914 0.41411
0.23313 0.41411
0.18712 0.41718
0.1411 0.42331
0.095092 0.43252
0.04908 0.45399
0.046012 0.45706
# triangles
23 24 25
5 6 7
10 11 98
79 86 90
78 79 91
79 90 91
11 97 98
5 7 8
3 4 5
3 5 99
3 99 100
10 98 99
63 64 65
84 85 86
79 84 86
80 81 83
79 80 84
80 83 84
81 82 83
13 94 95
13 95 96
12 13 96
11 12 97
12 96 97
78 91 92
76 92 93
5 8 9
5 9 99
9 10 99
2 3 100
86 89 90
86 88 89
86 87 88
63 66 70
63 65 66
66 67 68
61 62 63
60 61 63
59 63 70
59 60 63
58 59 71
59 70 71
25 26 28
26 27 28
25 28 29
39 40 43
66 69 70
66 68 69
77 78 92
76 77 92
0 1 2
0 2 100
46 47 48
46 48 49
37 52 53
46 49 50
39 43 50
43 46 50
37 38 52
38 51 52
38 39 50
38 50 51
56 57 73
41 42 43
40 41 43
20 22 23
19 20 23
20 21 22
18 19 23
18 23 25
0 100 101
57 72 73
58 71 72
57 58 72
43 45 46
43 44 45
25 29 30
18 25 30
13 14 94
14 55 94
14 35 55
35 54 55
56 73 74
55 56 74
16 17 32
55 75 94
55 74 75
75 93 94
75 76 93
14 34 35
14 15 34
17 31 32
17 18 31
18 30 31
15 33 34
15 16 33
16 32 33
36 37 53
36 53 54
35 36 54
