# points
0 0.50135
0 0.53908
0 0.57682
0 0.61456
0.026954 0.62534
0.06469 0.62534
0.10243 0.62534
0.14016 0.62534
0.1779 0.62534
0.21563 0.59299
0.25337 0.57682
0.29111 0.57951
0.32884 0.59569
0.36658 0.62264
0.36927 0.66038
0.36927 0.69811
0.36927 0.73585
0.37466 0.77358
0.39084 0.81132
0.39623 0.84906
0.39084 0.88679
0.37736 0.92453
0.36927 0.96226
0.36927 1
0.40701 1
0.44474 1
0.48248 1
0.52022 1
0.55795 1
0.59569 1
0.60647 0.98113
0.59299 0.9434
0.58491 0.90566
0.58491 0.86792
0.5903 0.83019
0.60108 0.79245
0.61456 0.75472
0.61456 0.71698
0.61456 0.67925
0.61456 0.64151
0.63881 0.62534
0.67655 0.62534
0.71429 0.62534
0.75202 0.62534
0.78976 0.62534
0.82749 0.62534
0.86523 0.6496
0.90296 0.66038
0.9407 0.65499
0.97844 0.63073
0.98383 0.59299
0.98383 0.55526
0.98383 0.51752
0.98383 0.47978
0.98383 0.44205
0.98383 0.40431
0.97574 0.36658
0.9407 0.33962
0.90296 0.33423
0.86523 0.3504
0.82749 0.37466
0.78976 0.37466
0.75202 0.37466
0.71429 0.37466
0.67655 0.37466
0.63881 0.37466
0.60916 0.35849
0.59838 0.32075
0.59569 0.28302
0.60108 0.24528
0.61725 0.20755
0.63612 0.16981
0.63881 0.13208
0.63073 0.09434
0.60916 0.059299
0.58491 0.026954
0.60916 0
0.57143 0
0.53369 0
0.49596 0
0.45822 0
0.42049 0
0.38275 0
0.39353 0.018868
0.37466 0.056604
0.3531 0.09434
0.34501 0.13208
0.3504 0.16981
0.36658 0.20755
0.38544 0.24528
0.38814 0.28302
0.37197 0.32075
0.36927 0.35849
0.34771 0.39084
0.30997 0.4097
0.27224 0.4124
0.2345 0.40701
0.19677 0.38814
0.15903 0.37466
0.12129 0.37466
0.083558 0.37466
0.045822 0.37466
0.0080863 0.37466
0 0.40431
0 0.44205
0 0.47978
0 0.50135
# triangles
75 76 77
100 104 105
85 86 87
0 99 105
99 100 105
101 102 103
101 103 104
100 101 104
84 85 87
84 87 88
75 77 78
0 7 99
66 92 93
48 49 50
55 56 57
55 57 58
80 83 84
79 80 84
75 78 79
74 75 79
79 84 88
1 5 6
0 1 6
0 6 7
7 9 99
9 10 96
7 8 9
46 50 51
13 39 66
13 66 93
13 14 39
54 55 59
55 58 59
81 82 83
80 81 83
2 3 4
2 4 5
1 2 5
22 23 24
21 22 24
9 97 99
9 96 97
10 11 95
10 95 96
47 48 50
46 47 50
45 51 52
45 46 51
12 13 93
14 38 39
18 19 34
70 88 89
69 70 89
70 79 88
70 74 79
53 54 60
54 59 60
52 53 60
45 52 60
70 71 72
72 73 74
70 72 74
19 33 34
19 20 33
97 98 99
11 94 95
11 12 94
12 93 94
15 16 37
15 37 38
14 15 38
18 34 35
17 18 35
16 17 35
16 35 37
35 36 37
66 67 92
67 91 92
67 90 91
39 40 66
40 65 66
67 68 90
68 89 90
68 69 89
20 21 25
20 25 26
21 24 25
20 32 33
20 26 32
28 29 30
28 30 31
26 27 32
27 31 32
27 28 31
44 45 60
44 60 61
44 61 62
43 44 62
42 43 62
42 62 63
40 41 65
41 64 65
41 42 63
41 63 64
