# points
0 0.47835
0.068041 0.49897
0.13608 0.50722
0.20412 0.51134
0.27216 0.51546
0.34021 0.51753
0.39381 0.52165
0.32784 0.56907
0.26186 0.62268
0.2 0.67629
0.13814 0.73196
0.10928 0.78557
0.17526 0.76495
0.2433 0.73196
0.31134 0.69278
0.37526 0.65361
0.38969 0.6866
0.37526 0.75464
0.36082 0.82268
0.35052 0.89072
0.35258 0.95876
0.39175 0.92165
0.42268 0.85567
0.45155 0.78763
0.48041 0.71959
0.50309 0.65155
0.52371 0.61649
0.54433 0.68454
0.56907 0.75258
0.59794 0.82062
0.62474 0.88866
0.66392 0.95464
0.68454 0.92371
0.67835 0.85567
0.66392 0.78763
0.65361 0.71959
0.63711 0.65155
0.69072 0.67216
0.75876 0.71134
0.82268 0.74845
0.89072 0.77732
0.91959 0.76289
0.86392 0.70309
0.8 0.64536
0.73814 0.59381
0.67423 0.54227
0.65979 0.51546
0.72784 0.51753
0.79588 0.5134
0.86392 0.50722
0.93196 0.50103
1 0.49072
0.99794 0.46186
0.9299 0.44536
0.86186 0.43505
0.79381 0.4268
0.72577 0.42062
0.75258 0.37526
0.81237 0.32165
0.86598 0.26804
0.91546 0.21237
0.90309 0.18557
0.83505 0.21856
0.76907 0.25979
0.70309 0.29897
0.63711 0.34227
0.59588 0.35876
0.61856 0.29072
0.63711 0.22268
0.65361 0.15464
0.66598 0.086598
0.67629 0.018557
0.64948 0.016495
0.60825 0.082474
0.57526 0.15052
0.54639 0.21649
0.5134 0.2701
0.48247 0.20206
0.44948 0.13402
0.41856 0.065979
0.37113 0
0.35876 0.037113
0.37113 0.10515
0.38557 0.1732
0.40206 0.24124
0.42062 0.30928
0.44742 0.37732
0.38351 0.33196
0.31546 0.28866
0.24742 0.24742
0.18144 0.21031
0.1134 0.17938
0.12371 0.2268
0.17938 0.28247
0.23505 0.33402
0.29897 0.39175
0.2866 0.42062
0.21856 0.42887
0.15052 0.43711
0.082474 0.44536
0.014433 0.4701
0 0.47835
# triangles
89 90 93
2 3 98
6 7 15
8 13 14
8 9 13
8 14 15
7 8 15
46 47 56
46 56 66
50 51 52
90 91 92
90 92 93
3 97 98
1 2 99
2 98 99
9 12 13
9 10 12
10 11 12
4 5 96
3 4 97
4 96 97
46 66 86
66 67 76
66 76 86
47 55 56
56 65 66
40 41 42
39 40 42
68 69 74
60 61 62
89 93 94
0 1 100
1 99 100
6 86 95
5 6 95
5 95 96
67 68 75
67 75 76
68 74 75
76 85 86
47 48 55
48 54 55
56 57 65
57 64 65
58 63 64
57 58 64
26 45 46
6 26 86
26 46 86
69 70 73
69 73 74
59 60 62
58 59 63
59 62 63
86 87 95
76 77 84
76 84 85
77 83 84
39 42 43
48 49 54
36 44 45
26 36 45
19 20 21
17 23 24
16 17 24
70 71 72
70 72 73
79 80 81
79 81 82
50 52 53
49 50 53
49 53 54
88 89 94
88 94 95
87 88 95
38 39 43
26 27 36
27 28 35
27 35 36
17 18 23
28 34 35
78 82 83
78 79 82
77 78 83
37 43 44
37 38 43
36 37 44
16 24 25
15 16 25
6 15 25
6 25 26
18 22 23
19 21 22
18 19 22
30 31 32
30 32 33
28 29 34
29 33 34
29 30 33
