# points
0.22245 0.51429
0.22449 0.55306
0.23878 0.5898
0.2 0.62857
0.16122 0.65714
0.13061 0.69184
0.097959 0.72449
0.081633 0.76122
0.071429 0.79796
0.081633 0.82449
0.10204 0.84694
0.11633 0.88367
0.14286 0.90612
0.16735 0.92857
0.21224 0.91429
0.25306 0.89184
0.29184 0.86735
0.33265 0.84082
0.36939 0.80816
0.38367 0.78163
0.39592 0.75714
0.43265 0.76735
0.46531 0.77551
0.49184 0.79592
0.49592 0.83673
0.52245 0.85918
0.5449 0.88367
0.56122 0.91837
0.58163 0.94694
0.60612 0.97143
0.63469 0.9898
0.66939 0.9898
0.71224 0.97551
0.75714 0.9551
0.77959 0.91633
0.77755 0.87347
0.76939 0.83061
0.7551 0.79388
0.74286 0.7551
0.72041 0.72041
0.69388 0.67755
0.71224 0.6449
0.7102 0.62041
0.7449 0.59388
0.7898 0.58367
0.82653 0.58571
0.85918 0.58367
0.89796 0.56531
0.93265 0.54694
0.97347 0.53061
0.99796 0.48776
1 0.44694
0.98571 0.41837
0.98367 0.37347
0.94898 0.34694
0.90408 0.34694
0.87551 0.33469
0.83061 0.33878
0.79184 0.33469
0.74898 0.34898
0.71224 0.36122
0.67755 0.34898
0.65306 0.32041
0.63469 0.29388
0.64694 0.24898
0.65918 0.20612
0.65918 0.17143
0.6551 0.12653
0.6449 0.091837
0.64694 0.046939
0.62449 0.016327
0.58776 0.014286
0.55306 0
0.50816 0
0.46939 0.016327
0.45102 0.061224
0.43469 0.10408
0.41633 0.14898
0.40816 0.19388
0.40612 0.23878
0.40612 0.27143
0.36122 0.29184
0.31837 0.30204
0.27551 0.28367
0.24082 0.2551
0.20204 0.2449
0.17347 0.23673
0.13673 0.22449
0.093878 0.22449
0.069388 0.2102
0.040816 0.25102
0.016327 0.29592
0 0.34082
0.012245 0.36735
0.032653 0.4
0.069388 0.41837
0.093878 0.43878
0.12041 0.45918
0.14898 0.47347
0.18163 0.49388
0.22041 0.51224
0.22245 0.51429
# triangles
91 92 93
91 93 95
93 94 95
29 30 31
28 29 32
29 31 32
4 16 17
48 49 50
2 20 42
4 5 16
5 15 16
0 1 2
87 91 95
48 52 55
50 51 52
48 50 52
47 48 55
28 32 35
23 39 40
43 60 61
42 43 61
2 42 81
0 2 81
61 80 81
42 61 81
7 8 9
6 7 10
5 6 10
5 10 15
7 9 10
10 14 15
2 3 20
3 19 20
3 4 17
3 17 19
67 68 76
66 67 76
52 53 54
52 54 55
12 13 14
10 11 12
10 12 14
20 21 42
17 18 19
45 46 47
32 33 34
32 34 35
27 36 37
28 35 36
27 28 36
26 38 39
26 27 37
26 37 38
44 59 60
43 44 60
40 41 42
61 62 80
62 63 80
68 75 76
72 73 75
73 74 75
71 72 75
68 71 75
64 78 79
63 79 80
63 64 79
66 76 77
65 66 77
64 77 78
64 65 77
69 70 71
68 69 71
22 23 40
22 40 42
21 22 42
23 25 39
25 26 39
44 45 57
45 47 57
57 58 59
44 57 59
55 56 57
47 55 57
0 81 82
83 85 98
88 89 90
87 88 91
88 90 91
23 24 25
83 98 99
85 96 97
85 97 98
86 95 96
85 86 96
86 87 95
83 84 85
82 83 100
83 99 100
0 82 100
