# points
0.11022 0.4328
0.14516 0.46237
0.16667 0.5
0.11022 0.52688
0.053763 0.55645
0 0.59409
0.045699 0.60484
0.10215 0.59946
0.1586 0.58871
0.21505 0.58871
0.18548 0.64516
0.2043 0.66398
0.26075 0.6371
0.31452 0.60215
0.37097 0.57258
0.35484 0.62903
0.37903 0.63441
0.42204 0.61559
0.4086 0.67204
0.39516 0.72849
0.38441 0.78495
0.40591 0.81183
0.45161 0.76344
0.47043 0.81452
0.47849 0.87097
0.48925 0.92742
0.51613 0.96505
0.53226 0.9086
0.54301 0.85215
0.55108 0.7957
0.58602 0.77419
0.63172 0.82258
0.63172 0.76613
0.61828 0.70968
0.60484 0.65323
0.61022 0.60753
0.6586 0.65054
0.65591 0.61022
0.66667 0.57796
0.72312 0.6129
0.77688 0.64516
0.83333 0.66935
0.81989 0.62634
0.82258 0.58333
0.87903 0.5914
0.93548 0.60215
0.99194 0.60484
1 0.58065
0.94624 0.5457
0.88978 0.51882
0.83871 0.48118
0.89247 0.4543
0.88978 0.42742
0.83333 0.41667
0.77688 0.41129
0.72043 0.4086
0.73387 0.37634
0.75 0.34677
0.69355 0.35215
0.72312 0.30645
0.77151 0.26882
0.81452 0.22581
0.8172 0.18817
0.76075 0.2043
0.75806 0.1586
0.78763 0.10215
0.81452 0.045699
0.81989 0
0.76882 0.037634
0.72581 0.080645
0.67742 0.12634
0.64785 0.10215
0.63978 0.048387
0.60215 0.10215
0.57796 0.1586
0.55645 0.21505
0.52688 0.21774
0.51075 0.16398
0.49194 0.21505
0.46505 0.21774
0.44355 0.16129
0.41667 0.10484
0.38172 0.048387
0.37097 0.099462
0.34409 0.12903
0.2957 0.080645
0.25269 0.040323
0.20161 0
0.20161 0.043011
0.22849 0.099462
0.25806 0.15591
0.26075 0.2043
0.2043 0.19086
0.20161 0.22312
0.24731 0.26613
0.29301 0.30645
0.32796 0.35215
0.27151 0.34677
0.28226 0.37366
0.30108 0.4086
0.24462 0.41129
0.18817 0.41667
0.13172 0.42742
0.11022 0.4328
# triangles
58 76 96
14 58 96
14 35 58
9 10 11
9 11 12
58 75 76
58 59 75
59 70 75
91 93 94
84 91 95
91 94 95
79 95 96
79 80 84
79 84 95
80 81 84
66 67 68
65 66 68
65 68 69
59 63 70
61 62 63
3 7 8
4 6 7
3 4 7
4 5 6
0 1 102
2 9 100
2 8 9
2 3 8
1 101 102
1 2 101
2 100 101
9 13 100
9 12 13
96 97 98
35 55 58
35 38 55
45 46 47
45 47 48
14 17 35
17 34 35
17 18 34
22 33 34
18 22 34
70 74 75
84 90 91
86 88 89
86 87 88
76 77 78
76 78 96
78 79 96
81 83 84
81 82 83
60 61 63
59 60 63
63 64 70
64 65 69
64 69 70
13 14 99
13 99 100
14 96 99
96 98 99
38 50 55
35 36 37
35 37 38
50 53 54
50 54 55
23 24 28
84 85 90
85 89 90
85 86 89
91 92 93
14 16 17
14 15 16
51 52 53
50 51 53
56 57 58
55 56 58
23 28 29
22 23 29
24 25 27
24 27 28
25 26 27
20 21 22
18 19 22
19 20 22
43 49 50
38 39 50
39 43 50
39 40 43
40 41 42
40 42 43
22 30 33
22 29 30
30 32 33
30 31 32
71 72 73
70 71 74
71 73 74
43 44 49
44 45 48
44 48 49
