# points
0.35417 0.51875
0.31667 0.54792
0.25208 0.54792
0.1875 0.54583
0.12292 0.54583
0.058333 0.54583
0 0.55
0.0020833 0.61458
0.064583 0.625
0.12917 0.62917
0.19375 0.63125
0.25833 0.63333
0.32292 0.63542
0.3625 0.6625
0.36458 0.72708
0.36667 0.79167
0.36875 0.85625
0.37292 0.92083
0.37917 0.98542
0.42917 0.99583
0.42708 0.93125
0.425 0.86667
0.42292 0.80208
0.42083 0.7375
0.42083 0.67292
0.45208 0.6375
0.45417 0.70208
0.45417 0.76667
0.45625 0.83125
0.45625 0.89583
0.45625 0.96042
0.48333 1
0.54792 1
0.6125 0.99375
0.63542 0.94375
0.64375 0.87917
0.65 0.81458
0.65208 0.75
0.65417 0.68542
0.67292 0.63542
0.7375 0.63333
0.80208 0.62917
0.86667 0.62708
0.93125 0.62083
0.98542 0.60208
0.9875 0.5375
0.9875 0.47292
0.94167 0.45
0.87708 0.44583
0.8125 0.44375
0.74792 0.44167
0.68333 0.43958
0.65417 0.39792
0.71458 0.39167
0.77917 0.39583
0.84375 0.39792
0.90833 0.40417
0.97292 0.41042
0.96667 0.36667
0.90208 0.35625
0.8375 0.35
0.77292 0.34583
0.70833 0.34167
0.65417 0.32708
0.65208 0.2625
0.64583 0.19792
0.64167 0.13333
0.63333 0.06875
0.61667 0.010417
0.55208 0.0041667
0.53542 0.047917
0.53958 0.1125
0.54167 0.17708
0.54167 0.24167
0.54375 0.30625
0.51042 0.3375
0.51042 0.27292
0.51042 0.20833
0.50833 0.14375
0.50833 0.079167
0.50625 0.014583
0.45208 0
0.3875 0.0041667
0.375 0.064583
0.37292 0.12917
0.36875 0.19375
0.36458 0.25833
0.36458 0.32292
0.3125 0.33958
0.24792 0.34167
0.18333 0.34583
0.11875 0.35
0.054167 0.35625
0.00625 0.38125
0.0020833 0.44583
0.010417 0.5
0.075 0.5
0.13958 0.5
0.20417 0.49792
0.26875 0.5
0.33333 0.49792
0.35417 0.51875
# triangles
5 6 7
0 25 75
28 35 36
89 90 98
89 98 99
91 92 96
5 7 8
4 5 8
0 75 87
81 82 83
28 29 35
29 34 35
26 37 38
25 26 38
52 63 74
52 74 75
25 52 75
92 93 94
92 94 96
94 95 96
91 96 97
90 97 98
90 91 97
4 8 9
2 3 10
3 9 10
3 4 9
78 84 85
88 89 99
17 18 20
18 19 20
17 20 21
29 32 34
32 33 34
26 27 37
27 36 37
27 28 36
15 22 23
40 41 50
43 44 45
25 38 39
16 17 21
15 16 22
16 21 22
2 10 11
1 2 11
43 45 48
42 43 48
54 60 61
63 64 74
67 68 70
68 69 70
64 73 74
64 65 73
88 99 100
0 87 100
87 88 100
30 31 32
29 30 32
25 51 52
25 39 51
40 50 51
39 40 51
0 13 25
66 67 71
67 70 71
55 59 60
54 55 60
45 46 47
45 47 48
53 54 61
76 86 87
75 76 87
13 24 25
14 15 23
14 23 24
13 14 24
0 1 12
0 12 13
1 11 12
65 72 73
65 66 72
66 71 72
79 80 81
79 81 83
79 83 84
78 79 84
55 56 59
56 58 59
41 49 50
41 42 49
42 48 49
56 57 58
53 61 62
52 62 63
52 53 62
77 78 85
77 85 86
76 77 86
