# points
0.048232 0.53055
0.025723 0.57878
0 0.62701
0.022508 0.65916
0.07074 0.68167
0.11897 0.7074
0.1672 0.73312
0.21543 0.76206
0.26367 0.79743
0.3119 0.8328
0.36013 0.87138
0.40514 0.91318
0.45016 0.95498
0.49196 1
0.53376 0.9582
0.57878 0.91318
0.62058 0.8746
0.66881 0.83601
0.71704 0.80064
0.67203 0.75884
0.62379 0.72026
0.57556 0.68167
0.52733 0.64309
0.4791 0.60772
0.43087 0.56913
0.38264 0.53376
0.33441 0.49839
0.28617 0.46302
0.33119 0.43408
0.37942 0.46945
0.42765 0.50804
0.47588 0.54341
0.52412 0.58199
0.57235 0.62058
0.62058 0.65916
0.66881 0.69775
0.71704 0.73633
0.76527 0.76527
0.8135 0.73633
0.86174 0.7074
0.90997 0.68489
0.9582 0.66238
0.99035 0.63344
0.96463 0.58521
0.93891 0.53698
0.91961 0.48875
0.90032 0.44051
0.88424 0.39228
0.87138 0.34405
0.85852 0.29582
0.84887 0.24759
0.84244 0.19936
0.83601 0.15113
0.8328 0.10289
0.82958 0.054662
0.82958 0.0064309
0.78778 0.012862
0.73955 0.025723
0.69132 0.03537
0.64309 0.045016
0.59486 0.051447
0.54662 0.054662
0.49839 0.057878
0.45016 0.057878
0.40193 0.051447
0.3537 0.048232
0.30547 0.038585
0.25723 0.028939
0.209 0.016077
0.16077 0
0.13505 0
0.17685 0.045016
0.22508 0.093248
0.2701 0.13505
0.31833 0.18328
0.36656 0.22508
0.41479 0.26688
0.45981 0.30547
0.50804 0.34405
0.55627 0.38264
0.6045 0.41801
0.65273 0.45338
0.70096 0.48875
0.74598 0.52412
0.72347 0.57235
0.67524 0.54341
0.62701 0.50482
0.57878 0.46624
0.53055 0.42444
0.48232 0.38585
0.43408 0.34405
0.38585 0.29904
0.33762 0.25723
0.2926 0.21222
0.24437 0.1672
0.19936 0.12219
0.16077 0.086817
0.14469 0.096463
0.14148 0.14469
0.13826 0.19293
0.13183 0.24116
0.12219 0.28939
0.11254 0.33762
0.099678 0.38585
0.086817 0.43408
0.067524 0.48232
0.048232 0.53055
0.048232 0.53055
# triangles
8 9 23
94 99 100
28 92 102
0 27 105
0 5 27
27 102 103
27 28 102
92 101 102
30 31 88
35 36 84
36 38 84
47 48 82
0 4 5
36 37 38
40 43 44
11 12 15
28 91 92
27 104 105
27 103 104
5 6 27
68 69 71
69 70 71
59 60 78
31 87 88
48 81 82
48 49 81
49 80 81
93 94 100
92 93 101
93 100 101
64 65 74
61 62 77
60 61 78
61 77 78
64 74 75
8 23 24
7 8 24
7 24 25
33 85 86
47 82 83
46 47 83
1 3 4
0 1 4
1 2 3
41 42 43
40 41 43
10 11 21
11 15 21
31 32 87
32 33 86
32 86 87
12 13 14
12 14 15
28 29 90
28 90 91
7 25 26
6 7 26
6 26 27
68 71 72
52 53 58
51 52 59
52 58 59
54 55 56
53 57 58
53 54 57
54 56 57
51 59 79
59 78 79
49 50 80
50 51 79
50 79 80
65 66 73
65 73 74
66 72 73
62 76 77
63 64 75
62 63 76
63 75 76
39 83 84
38 39 84
39 40 44
39 44 83
44 45 83
45 46 83
10 21 22
9 10 22
9 22 23
33 34 85
34 35 84
34 84 85
17 18 19
17 19 20
16 17 20
16 20 21
15 16 21
29 89 90
30 88 89
29 30 89
66 67 72
67 68 72
95 97 98
95 96 97
94 95 99
95 98 99
