# points
0.36631 0.53209
0.31016 0.55882
0.24064 0.55882
0.1738 0.55615
0.10695 0.55348
0.034759 0.55348
0 0.60695
0.053476 0.62567
0.12567 0.6123
0.17914 0.62834
0.25134 0.61765
0.30214 0.63102
0.36898 0.63904
0.36898 0.70053
0.36898 0.77273
0.37166 0.83422
0.36898 0.90642
0.37166 0.96791
0.40107 1
0.41711 0.96257
0.42513 0.89305
0.41979 0.84225
0.42781 0.77005
0.42246 0.71925
0.42246 0.64706
0.45722 0.65775
0.44652 0.72995
0.45455 0.7861
0.44652 0.85829
0.4492 0.91979
0.44652 0.98663
0.5107 0.99465
0.55882 1
0.61765 0.98128
0.61765 0.91444
0.6123 0.84759
0.61765 0.77807
0.60695 0.71123
0.61497 0.63904
0.6631 0.62299
0.7246 0.62299
0.79679 0.61497
0.84759 0.62567
0.91979 0.6123
0.97326 0.62834
0.97861 0.55615
0.97861 0.5
0.94118 0.48128
0.89305 0.46791
0.82086 0.47059
0.77273 0.46524
0.70053 0.46257
0.65241 0.45989
0.60428 0.43583
0.6738 0.42246
0.73529 0.42246
0.80749 0.42513
0.87166 0.42513
0.94385 0.42781
0.98396 0.40374
0.95455 0.38235
0.88235 0.37701
0.81016 0.37701
0.73797 0.37701
0.66845 0.37968
0.6123 0.35561
0.61497 0.29144
0.6123 0.21925
0.61765 0.15241
0.60963 0.080214
0.62032 0.016043
0.56952 0
0.52674 0.037433
0.51604 0.10963
0.52674 0.18182
0.51604 0.25401
0.52139 0.3262
0.50267 0.39037
0.4893 0.32888
0.47861 0.27005
0.48396 0.20588
0.48663 0.13904
0.48396 0.080214
0.49465 0.010695
0.43583 0
0.36898 0.02139
0.36898 0.082888
0.36898 0.15508
0.36898 0.21658
0.36631 0.28877
0.36898 0.35027
0.3369 0.37968
0.26471 0.37968
0.19251 0.37968
0.12299 0.38235
0.050802 0.37166
0.010695 0.41176
0 0.48396
0.045455 0.5107
0.11765 0.50535
0.18717 0.5107
0.25936 0.51604
0.33155 0.51872
0.36631 0.53209
# triangles
0 77 91
94 95 96
53 65 77
0 53 77
65 76 77
77 90 91
67 74 75
67 68 74
68 73 74
96 97 98
68 69 73
69 72 73
69 70 71
69 71 72
66 67 75
66 75 76
65 66 76
81 86 87
25 38 53
0 25 53
5 6 7
78 89 90
77 78 90
0 91 102
91 92 102
92 101 102
96 98 99
94 96 99
53 64 65
81 82 86
32 33 34
29 34 35
16 17 19
17 18 19
79 88 89
78 79 89
1 10 11
1 11 12
0 1 12
92 93 101
4 7 8
4 5 7
53 54 64
39 40 51
54 63 64
84 85 86
82 84 86
82 83 84
0 24 25
0 12 24
31 32 34
29 31 34
29 30 31
28 29 35
27 28 35
26 27 37
25 37 38
25 26 37
79 80 88
80 81 87
80 87 88
1 2 10
2 9 10
93 100 101
94 99 100
93 94 100
39 51 52
38 52 53
38 39 52
58 59 60
58 60 61
57 58 61
55 56 63
54 55 63
43 44 45
40 50 51
14 22 23
14 15 22
12 13 24
13 23 24
13 14 23
15 21 22
27 35 36
27 36 37
3 4 8
3 8 9
2 3 9
56 62 63
56 57 62
57 61 62
42 43 48
40 41 50
15 16 20
15 20 21
16 19 20
43 45 47
43 47 48
45 46 47
41 49 50
42 48 49
41 42 49
