# points
0.0071599 0.45823
0 0.52506
0.0095465 0.57757
0.050119 0.60621
0.11933 0.5895
0.17422 0.59905
0.24344 0.57995
0.29594 0.59189
0.28162 0.61337
0.21718 0.6611
0.15752 0.7136
0.088305 0.76134
0.1074 0.81384
0.15036 0.84964
0.21002 0.90692
0.25776 0.8926
0.3031 0.83532
0.36038 0.77804
0.40334 0.7136
0.42959 0.72792
0.42243 0.79714
0.42243 0.85203
0.4105 0.92124
0.40811 0.98568
0.45585 0.99761
0.51551 0.99761
0.58234 0.99761
0.60859 0.97613
0.59427 0.91647
0.59666 0.85442
0.57757 0.80191
0.57757 0.73986
0.58711 0.69212
0.61814 0.7327
0.65632 0.79236
0.69928 0.84726
0.75179 0.90215
0.78759 0.91647
0.84248 0.86158
0.90215 0.80907
0.90692 0.76134
0.86396 0.7327
0.8401 0.69928
0.81384 0.66348
0.75656 0.63246
0.70406 0.59427
0.75656 0.57757
0.81384 0.5895
0.86874 0.59189
0.93079 0.60382
0.99284 0.60621
1 0.55609
0.99523 0.48687
1 0.43437
0.95227 0.40095
0.90215 0.40334
0.83294 0.40811
0.76372 0.42721
0.70644 0.41527
0.71838 0.39141
0.78043 0.34845
0.8401 0.30072
0.89499 0.23866
0.88544 0.19093
0.83294 0.13604
0.79236 0.093079
0.74702 0.097852
0.70406 0.16468
0.64916 0.22673
0.59905 0.28878
0.56086 0.29594
0.57041 0.22673
0.56086 0.16945
0.56563 0.10024
0.56086 0.042959
0.54177 0
0.47255 0.0023866
0.45107 0.0358
0.43914 0.10501
0.45585 0.1599
0.43914 0.22912
0.45585 0.28401
0.41766 0.31026
0.38186 0.26253
0.36038 0.21957
0.32697 0.19332
0.29356 0.14558
0.24582 0.10024
0.19809 0.10263
0.1432 0.16229
0.085919 0.21718
0.13126 0.26253
0.18377 0.31265
0.24105 0.34845
0.29117 0.39379
0.30072 0.42959
0.23628 0.41289
0.18616 0.42005
0.11933 0.40573
0.069212 0.40573
0 0.40573
0.0047733 0.45346
0.0071599 0.45823
# triangles
4 97 98
61 62 63
1 3 4
4 5 97
74 75 76
0 1 4
4 98 99
0 4 99
32 82 95
32 45 58
82 94 95
60 61 67
60 67 68
61 63 64
61 64 67
1 2 3
5 6 97
9 10 16
10 12 13
10 13 16
13 15 16
13 14 15
10 11 12
34 43 44
71 80 81
99 100 101
0 99 101
32 70 82
32 58 70
58 69 70
70 81 82
70 71 81
82 83 94
73 78 79
86 87 88
85 86 92
74 76 77
73 77 78
73 74 77
83 93 94
85 92 93
6 96 97
6 95 96
6 7 95
7 8 18
7 32 95
7 18 32
22 23 24
34 42 43
36 37 38
33 34 44
32 33 45
33 44 45
58 59 69
59 60 68
59 68 69
18 19 32
84 85 93
83 84 93
71 72 80
72 79 80
72 73 79
52 53 54
52 54 55
64 66 67
64 65 66
39 40 41
38 39 41
22 24 25
35 36 38
35 38 41
34 35 42
35 41 42
19 31 32
21 29 30
89 90 91
86 88 89
86 89 92
89 91 92
49 50 51
49 51 52
20 21 30
20 30 31
19 20 31
21 28 29
22 25 28
21 22 28
26 27 28
25 26 28
45 46 58
46 57 58
47 56 57
46 47 57
48 52 55
48 49 52
48 55 56
47 48 56
9 16 17
8 9 17
8 17 18
