# points
0.25521 0.46094
0.26562 0.48958
0.28125 0.51042
0.28906 0.53646
0.30729 0.5625
0.3151 0.58854
0.33854 0.61198
0.34115 0.64323
0.36719 0.66146
0.375 0.69271
0.38802 0.71354
0.40104 0.72917
0.41146 0.7474
0.42188 0.76562
0.43229 0.78646
0.45052 0.79948
0.46094 0.83073
0.47656 0.86198
0.49219 0.88802
0.51562 0.8776
0.52604 0.84635
0.55208 0.8151
0.57031 0.78646
0.58594 0.75521
0.59896 0.72396
0.61198 0.69271
0.6276 0.66146
0.64844 0.63281
0.67969 0.60417
0.6875 0.57292
0.70312 0.54167
0.72656 0.52083
0.72135 0.5
0.74479 0.46875
0.76042 0.4375
0.77083 0.40625
0.80208 0.38542
0.8125 0.35677
0.82031 0.32812
0.83333 0.29688
0.84896 0.26562
0.86979 0.23438
0.89583 0.20312
0.90885 0.17188
0.92969 0.14062
0.94792 0.1224
0.94271 0.10156
0.96615 0.072917
0.98177 0.041667
1 0.010417
0.97917 0.0078125
0.94792 0.020833
0.9349 0.0026042
0.90365 0.015625
0.875 0.0078125
0.84375 0.010417
0.81771 0.013021
0.79688 0.0078125
0.76562 0.010417
0.73438 0.0078125
0.70312 0.020833
0.6875 0.0026042
0.65885 0.013021
0.63021 0.0078125
0.59896 0.0078125
0.56771 0.023438
0.55208 0
0.52083 0.015625
0.48958 0.0078125
0.45833 0.010417
0.42969 0.015625
0.41406 0.0052083
0.38281 0.015625
0.35417 0.0078125
0.32292 0.015625
0.30208 0.0078125
0.27604 0.010417
0.24479 0.0078125
0.21354 0.0078125
0.18229 0.023438
0.16927 0
0.13802 0.013021
0.10938 0.0052083
0.078125 0.0078125
0.046875 0.020833
0.03125 0.0026042
0 0.015625
0 0.03125
0.023438 0.052083
0.026042 0.080729
0.046875 0.10677
0.065104 0.13281
0.070312 0.16406
0.098958 0.16927
0.091146 0.20052
0.11719 0.20833
0.11979 0.23958
0.14062 0.26823
0.15365 0.29688
0.16927 0.32552
0.1875 0.35417
0.20312 0.38021
0.21354 0.40625
0.22396 0.42188
0.23958 0.4375
0.2526 0.45833
0.25521 0.46094
# triangles
85 86 87
48 49 50
0 67 104
17 18 19
102 103 104
101 102 104
35 36 37
0 104 105
67 70 104
70 101 104
77 78 79
74 75 76
60 61 62
39 60 62
0 1 2
6 7 8
27 28 29
4 6 29
6 27 29
2 3 4
67 68 69
67 69 70
74 98 99
72 73 74
72 74 99
72 99 100
70 72 101
72 100 101
70 71 72
74 97 98
79 80 81
81 90 91
81 82 90
39 62 65
62 63 65
0 35 65
0 65 67
65 66 67
58 59 60
8 11 25
11 24 25
8 10 11
4 5 6
8 25 26
6 8 26
6 26 27
2 4 30
4 29 30
74 76 95
74 95 97
77 79 95
76 77 95
82 83 90
35 38 65
38 39 65
35 37 38
63 64 65
46 47 53
46 53 54
56 57 58
41 58 60
11 12 24
12 23 24
12 13 23
8 9 10
2 30 32
0 2 32
30 31 32
0 32 35
32 34 35
32 33 34
95 96 97
79 93 95
79 81 93
81 91 93
91 92 93
93 94 95
84 89 90
83 84 90
84 88 89
84 85 87
84 87 88
51 52 53
47 51 53
47 48 51
48 50 51
44 45 46
43 56 58
41 43 58
41 42 43
39 40 60
40 41 60
16 17 20
16 20 21
17 19 20
46 54 55
44 46 55
43 55 56
43 44 55
15 16 21
13 15 23
13 14 15
15 21 22
15 22 23
