# points
0.31765 0.52706
0.28941 0.56706
0.26824 0.60706
0.23059 0.63765
0.19529 0.67294
0.16471 0.70824
0.14118 0.74824
0.12 0.78824
0.11529 0.82824
0.12941 0.86824
0.14824 0.90824
0.17176 0.94824
0.20706 0.94118
0.24706 0.91529
0.28471 0.88235
0.32235 0.84941
0.35765 0.81176
0.38824 0.77176
0.41412 0.73176
0.43765 0.69412
0.46353 0.73176
0.49882 0.76941
0.51294 0.80941
0.53412 0.84941
0.55765 0.88706
0.58588 0.92471
0.62118 0.96
0.66118 0.98118
0.70118 0.97882
0.74118 0.97647
0.78118 0.96706
0.80235 0.94588
0.79059 0.90588
0.77882 0.86588
0.76235 0.82588
0.74353 0.78588
0.72 0.74588
0.69412 0.70588
0.66118 0.66588
0.63529 0.62824
0.67529 0.61882
0.71529 0.6
0.75529 0.59765
0.79529 0.59059
0.83529 0.58353
0.87529 0.57176
0.91529 0.55529
0.95529 0.53176
0.97882 0.49882
0.98824 0.45882
0.99765 0.41882
1 0.37882
0.97647 0.36235
0.93647 0.36
0.89647 0.36235
0.85647 0.36471
0.81647 0.36941
0.77647 0.37882
0.73647 0.38824
0.69647 0.40235
0.65647 0.41882
0.63529 0.40941
0.63529 0.36941
0.63059 0.32941
0.64 0.28941
0.64706 0.24941
0.65176 0.20941
0.65176 0.16941
0.64706 0.12941
0.64 0.089412
0.61176 0.056471
0.57176 0.030588
0.53176 0.0094118
0.49176 0
0.47529 0.04
0.46118 0.08
0.45176 0.12
0.44471 0.16
0.43765 0.2
0.43529 0.24
0.43529 0.28
0.43765 0.32
0.44235 0.36
0.40235 0.34824
0.36235 0.33882
0.32471 0.32235
0.28471 0.29882
0.24471 0.28
0.20471 0.26824
0.16471 0.25882
0.12471 0.25176
0.084706 0.26588
0.044706 0.29882
0.0070588 0.33647
0 0.37176
0.037647 0.40471
0.077647 0.43059
0.11765 0.45647
0.15765 0.47529
0.19765 0.49176
0.23765 0.50588
0.27765 0.51765
0.31765 0.52471
0.31765 0.52706
# triangles
50 51 52
50 52 53
93 94 95
88 97 98
92 93 95
92 95 96
91 92 96
66 77 78
65 66 78
66 67 77
5 6 15
6 14 15
2 17 18
45 55 56
9 13 14
0 82 102
70 75 76
87 88 98
85 99 100
85 86 99
87 98 99
86 87 99
65 78 79
70 71 75
25 26 34
21 22 37
0 1 19
2 18 19
1 2 19
47 48 54
10 12 13
9 10 13
10 11 12
6 7 14
7 9 14
82 83 102
83 84 102
68 69 70
68 70 76
67 68 77
68 76 77
89 96 97
88 89 97
89 91 96
89 90 91
71 74 75
3 16 17
2 3 17
26 27 28
26 28 34
29 30 32
30 31 32
28 29 32
42 43 58
44 45 56
22 23 37
23 36 37
23 24 36
85 100 101
84 85 101
84 101 102
20 21 39
19 20 39
39 40 60
39 60 61
39 61 82
0 39 82
0 19 39
44 56 57
43 57 58
43 44 57
63 80 81
63 81 82
48 49 54
49 50 53
49 53 54
7 8 9
72 73 74
71 72 74
3 4 16
4 15 16
4 5 15
28 33 34
28 32 33
40 41 60
24 35 36
25 34 35
24 25 35
21 37 38
21 38 39
63 64 80
64 65 79
64 79 80
42 58 59
41 59 60
41 42 59
45 46 55
46 54 55
46 47 54
61 62 82
62 63 82
