# points
0.26014 0.45346
0.31981 0.49403
0.32697 0.5179
0.2673 0.52267
0.20764 0.5179
0.14797 0.50597
0.088305 0.49165
0.02864 0.47494
0 0.49642
0.0023866 0.55609
0.033413 0.59427
0.093079 0.60859
0.15274 0.62053
0.21241 0.62768
0.27208 0.63007
0.33174 0.62768
0.39141 0.61814
0.34845 0.67064
0.29117 0.7136
0.2315 0.75179
0.17184 0.7852
0.11456 0.821
0.16945 0.87351
0.22196 0.89021
0.28162 0.85203
0.34129 0.81384
0.40095 0.77088
0.45823 0.71838
0.50835 0.65871
0.51074 0.71599
0.50119 0.77566
0.48687 0.83532
0.47017 0.89499
0.45346 0.95465
0.45585 1
0.51551 0.99761
0.56802 0.98568
0.58234 0.92601
0.59905 0.86635
0.61098 0.80668
0.62291 0.74702
0.62768 0.68735
0.62768 0.62768
0.66826 0.64916
0.70883 0.70644
0.74224 0.76611
0.77566 0.82578
0.80907 0.88067
0.86396 0.821
0.87589 0.76134
0.84248 0.70167
0.80668 0.642
0.7685 0.58234
0.72076 0.52506
0.68019 0.4821
0.73986 0.47971
0.79952 0.48687
0.85919 0.50119
0.91885 0.5179
0.97852 0.53461
0.98329 0.4821
0.98091 0.42243
0.93317 0.39618
0.87351 0.37947
0.81384 0.36516
0.75418 0.35561
0.69451 0.35322
0.63484 0.358
0.62768 0.32697
0.6778 0.27446
0.73508 0.2315
0.79475 0.1957
0.85442 0.16229
0.80668 0.11217
0.74702 0.085919
0.68735 0.12172
0.62768 0.1599
0.56802 0.21002
0.51551 0.26969
0.47971 0.31504
0.46778 0.25537
0.46778 0.1957
0.47494 0.13604
0.48926 0.076372
0.50597 0.016706
0.47255 0
0.41289 0.0047733
0.37947 0.040573
0.36516 0.10024
0.35561 0.1599
0.34845 0.21957
0.35084 0.27924
0.36038 0.3389
0.36516 0.38902
0.30549 0.34368
0.25537 0.2864
0.2148 0.22673
0.18138 0.16706
0.1432 0.14081
0.093079 0.20048
0.10501 0.26014
0.1432 0.31981
0.18854 0.37947
0.24105 0.43675
0.26014 0.45346
# triangles
7 8 9
5 6 11
6 10 11
6 9 10
6 7 9
19 24 25
18 19 25
18 25 26
17 18 26
5 11 12
54 79 93
46 47 48
45 46 49
46 48 49
33 34 35
32 33 35
3 4 13
4 5 12
4 12 13
2 16 93
3 13 14
45 49 50
28 42 54
16 28 93
28 54 93
29 30 40
16 17 27
17 26 27
16 27 28
20 21 22
20 22 23
20 23 24
19 20 24
80 81 90
83 84 85
83 85 86
83 86 87
83 87 88
82 83 88
54 66 67
54 67 79
95 101 102
70 75 76
69 70 76
60 61 62
35 36 37
32 35 37
31 32 37
31 37 38
0 1 93
1 2 93
2 3 15
3 14 15
2 15 16
42 53 54
58 59 60
58 60 62
44 45 50
44 50 51
44 51 52
29 40 41
28 41 42
28 29 41
30 39 40
30 31 39
31 38 39
69 76 77
81 89 90
82 88 89
81 82 89
68 69 77
68 77 78
68 78 79
67 68 79
80 90 91
79 80 91
70 71 75
71 73 74
71 74 75
43 44 52
42 43 53
43 52 53
96 100 101
95 96 101
0 93 94
0 94 103
94 95 102
94 102 103
79 92 93
79 91 92
56 63 64
56 57 63
57 58 62
57 62 63
54 55 66
55 65 66
55 64 65
55 56 64
97 98 99
97 99 100
96 97 100
71 72 73
