# points
0.005305 0.50133
0.01061 0.54111
0.013263 0.5809
0.015915 0.62069
0.018568 0.66048
0.058355 0.67109
0.098143 0.67905
0.13793 0.68435
0.17772 0.68966
0.21751 0.69231
0.25729 0.66578
0.29708 0.65252
0.33687 0.64987
0.37666 0.65252
0.41645 0.65782
0.44297 0.68435
0.45093 0.72414
0.45358 0.76393
0.46419 0.80371
0.4748 0.8435
0.46419 0.88329
0.43767 0.92308
0.42175 0.96286
0.41379 1
0.45358 0.99735
0.49337 0.99469
0.53316 0.98939
0.57294 0.98674
0.61273 0.98408
0.65252 0.97878
0.64456 0.93899
0.64456 0.8992
0.64987 0.85942
0.65517 0.81963
0.66578 0.77984
0.67639 0.74005
0.6817 0.70027
0.67905 0.66048
0.67374 0.62069
0.66313 0.5809
0.67374 0.55172
0.71353 0.54377
0.75332 0.54377
0.7931 0.54377
0.83289 0.54907
0.87003 0.57294
0.90981 0.60212
0.9496 0.60477
0.98408 0.57825
0.98143 0.53846
0.97878 0.49867
0.97347 0.45889
0.97082 0.4191
0.96552 0.37931
0.96552 0.33952
0.92838 0.30504
0.88859 0.28647
0.84881 0.28647
0.80902 0.30239
0.76923 0.30769
0.72944 0.30504
0.68966 0.30769
0.64987 0.31034
0.61008 0.3183
0.57029 0.32891
0.5305 0.32095
0.51194 0.28117
0.51459 0.24138
0.52785 0.20159
0.55703 0.1618
0.57029 0.12202
0.56764 0.082228
0.54377 0.050398
0.55172 0.013263
0.55438 0
0.51459 0.0026525
0.4748 0.0079576
0.43501 0.01061
0.39523 0.013263
0.35544 0.015915
0.34748 0.03183
0.33422 0.071618
0.30504 0.11141
0.28912 0.15119
0.28382 0.19098
0.28912 0.23077
0.30769 0.27056
0.3183 0.31034
0.32095 0.35013
0.313 0.38992
0.32361 0.42971
0.31565 0.4695
0.27586 0.49602
0.23607 0.49602
0.19629 0.48011
0.1565 0.45358
0.11671 0.44562
0.076923 0.43767
0.037135 0.42706
0 0.42175
0.0026525 0.46154
0.005305 0.50133
0.005305 0.50133
# triangles
18 19 33
14 15 39
19 32 33
19 31 32
55 56 57
14 39 40
67 68 83
98 99 100
15 38 39
15 16 37
16 36 37
15 37 38
21 22 24
22 23 24
40 62 63
40 63 64
13 14 91
12 13 91
1 95 96
1 2 95
47 48 49
46 47 49
45 46 49
45 49 50
69 70 72
70 71 72
68 81 82
68 82 83
67 84 85
67 83 84
3 5 6
2 3 6
3 4 5
0 1 97
1 96 97
0 97 100
97 98 100
16 17 34
18 33 34
17 18 34
10 11 93
8 9 10
8 10 93
44 52 58
44 45 50
19 20 31
27 30 31
20 27 31
20 26 27
21 24 25
20 21 25
20 25 26
11 92 93
11 12 92
12 91 92
7 8 94
8 93 94
6 7 94
2 6 94
2 94 95
67 85 86
65 90 91
14 65 91
14 40 65
40 64 65
53 54 55
52 53 58
53 55 57
53 57 58
16 35 36
16 34 35
44 50 51
44 51 52
28 29 30
27 28 30
88 89 90
65 88 90
66 67 86
66 86 87
66 87 88
65 66 88
73 74 75
72 75 76
72 73 75
43 44 58
43 58 59
78 79 80
78 80 81
42 59 60
42 43 59
68 69 77
68 77 81
77 78 81
69 72 77
72 76 77
41 60 61
41 42 60
40 41 62
41 61 62
