# points
0 0.47764
0.058943 0.49797
0.13008 0.50203
0.20122 0.5061
0.27236 0.51626
0.3435 0.51829
0.38618 0.52236
0.31707 0.56504
0.25203 0.62602
0.18699 0.68089
0.11992 0.7378
0.095528 0.78659
0.16667 0.75813
0.2378 0.71951
0.30691 0.69106
0.37398 0.64228
0.38008 0.67683
0.36179 0.74797
0.35772 0.81911
0.3435 0.89024
0.33943 0.96138
0.37805 0.92683
0.4065 0.85772
0.43496 0.78659
0.46951 0.71545
0.4939 0.64431
0.51016 0.60569
0.52642 0.67683
0.55894 0.74593
0.58943 0.81707
0.61585 0.88821
0.65244 0.95732
0.67073 0.92886
0.66057 0.85772
0.64837 0.78659
0.64431 0.71545
0.61992 0.64431
0.67073 0.6687
0.73984 0.70325
0.81098 0.7378
0.88008 0.77642
0.9126 0.76423
0.85366 0.70528
0.78659 0.65041
0.72154 0.5874
0.65244 0.53659
0.64431 0.51423
0.71545 0.51829
0.78659 0.50813
0.85772 0.50203
0.92886 0.49797
1 0.4878
0.98171 0.45935
0.91057 0.44919
0.83943 0.43902
0.76829 0.42073
0.69715 0.42276
0.73984 0.37805
0.79472 0.31707
0.85163 0.2622
0.9126 0.20122
0.88821 0.18496
0.81707 0.22561
0.74593 0.27236
0.6748 0.30691
0.60772 0.35569
0.58537 0.35569
0.61179 0.28455
0.62195 0.21341
0.64024 0.14228
0.65854 0.071138
0.6687 0
0.63008 0.028455
0.59553 0.099593
0.56098 0.16463
0.52642 0.22967
0.50203 0.28252
0.47967 0.21138
0.43902 0.14837
0.4065 0.079268
0.36992 0.010163
0.3435 0.018293
0.35569 0.089431
0.37602 0.16057
0.39228 0.23171
0.4065 0.30285
0.43699 0.37398
0.38821 0.34146
0.31911 0.29878
0.24797 0.25813
0.17683 0.21341
0.10772 0.17886
0.10569 0.21138
0.17073 0.27439
0.22561 0.3374
0.28862 0.39024
0.29675 0.42073
0.22561 0.42073
0.15447 0.44106
0.083333 0.44919
0.012195 0.46341
0 0.47764
# triangles
19 20 21
19 21 22
0 1 100
1 99 100
78 79 83
70 71 72
46 66 86
66 76 86
66 67 76
70 72 73
26 46 86
6 26 86
58 62 63
58 59 62
89 93 94
88 89 94
89 90 93
90 91 92
90 92 93
78 83 84
79 82 83
80 81 82
79 80 82
59 60 61
59 61 62
40 41 42
39 40 42
6 86 96
26 45 46
29 30 33
15 25 26
6 15 26
86 87 96
46 65 66
46 56 65
57 58 63
67 75 76
69 70 73
69 73 74
39 42 43
50 51 52
50 52 53
2 98 99
1 2 99
36 44 45
26 36 45
26 27 36
47 55 56
46 47 56
30 31 32
30 32 33
38 39 43
38 43 44
29 33 34
28 34 35
28 29 34
28 35 36
27 28 36
16 24 25
15 16 25
6 7 15
87 88 95
87 95 96
88 94 95
76 85 86
57 63 64
56 64 65
56 57 64
77 78 84
76 77 85
77 84 85
68 69 74
67 68 75
68 74 75
48 54 55
47 48 55
48 49 54
49 53 54
49 50 53
10 11 12
9 10 12
36 37 44
37 38 44
17 23 24
16 17 24
3 97 98
2 3 98
18 22 23
17 18 23
18 19 22
7 8 15
8 14 15
9 12 13
8 9 13
8 13 14
4 96 97
3 4 97
5 6 96
4 5 96
