# points
0 0.44313
0.026066 0.46682
0.049763 0.49289
0.06872 0.51659
0.087678 0.54028
0.109 0.55687
0.1327 0.57583
0.15403 0.59005
0.18483 0.609
0.19431 0.63981
0.19668 0.66588
0.19905 0.69194
0.19905 0.72512
0.20616 0.75829
0.21801 0.78673
0.22986 0.8128
0.24408 0.83886
0.25592 0.86256
0.28673 0.8673
0.31754 0.8673
0.34834 0.86256
0.37678 0.85782
0.40995 0.84597
0.43602 0.83649
0.46209 0.82701
0.48578 0.81043
0.50948 0.81754
0.53555 0.83412
0.55924 0.85071
0.58531 0.86019
0.61374 0.86967
0.64692 0.87678
0.68009 0.88152
0.71564 0.88863
0.75118 0.88863
0.7654 0.86019
0.77725 0.82701
0.7891 0.79858
0.79858 0.76777
0.80095 0.74408
0.80806 0.7109
0.81043 0.6872
0.81043 0.65877
0.81517 0.62559
0.84597 0.61137
0.87204 0.59716
0.89573 0.58057
0.91943 0.55924
0.93839 0.53791
0.95972 0.51896
0.98104 0.49526
1 0.46919
1 0.43839
0.98578 0.40995
0.97393 0.38389
0.95498 0.35782
0.92891 0.33412
0.90284 0.3128
0.87915 0.29384
0.85071 0.27962
0.81991 0.2654
0.82227 0.23697
0.81754 0.20379
0.82227 0.17536
0.81991 0.14455
0.80806 0.11611
0.80095 0.082938
0.7891 0.052133
0.77488 0.018957
0.74408 0.007109
0.7109 0.007109
0.68246 0.007109
0.64929 0.011848
0.61848 0.018957
0.58768 0.030806
0.55924 0.045024
0.53081 0.063981
0.50474 0.07109
0.48104 0.059242
0.45261 0.045024
0.4218 0.037915
0.39336 0.026066
0.36256 0.014218
0.32938 0.007109
0.29858 0
0.2654 0.0023697
0.24645 0.026066
0.23223 0.056872
0.22038 0.090047
0.2109 0.12085
0.20616 0.14929
0.20616 0.17536
0.20142 0.20142
0.20379 0.23223
0.20379 0.25829
0.18009 0.27488
0.14929 0.29384
0.12085 0.31043
0.094787 0.33412
0.07346 0.35545
0.056872 0.37915
0.042654 0.40047
0.023697 0.42417
0 0.44313
# triangles
60 77 94
84 85 86
77 93 94
8 94 95
50 51 52
81 82 88
81 88 89
91 92 93
6 7 96
7 8 95
7 95 96
10 11 25
5 96 97
5 6 96
5 97 98
3 5 98
3 4 5
60 76 77
60 62 76
62 75 76
50 52 53
49 50 53
49 53 54
60 61 62
46 47 57
83 87 88
82 83 88
83 84 86
83 86 87
80 81 91
80 91 93
81 90 91
81 89 90
0 1 102
1 101 102
1 2 101
2 3 100
2 100 101
3 98 99
3 99 100
8 9 25
9 10 25
8 43 94
8 25 43
43 60 94
15 16 19
33 34 35
12 13 22
11 12 22
67 69 70
66 67 70
67 68 69
65 71 72
66 70 71
65 66 71
78 79 80
77 78 93
78 80 93
62 74 75
62 65 74
47 48 57
48 49 54
45 46 59
46 57 59
57 58 59
44 45 59
43 44 60
44 59 60
16 17 18
16 18 19
11 23 25
11 22 23
13 14 21
13 21 22
65 72 73
65 73 74
48 56 57
62 63 65
63 64 65
14 20 21
14 15 20
15 19 20
48 54 55
48 55 56
27 41 42
23 24 25
27 28 29
27 29 39
31 38 39
26 27 42
25 26 43
26 42 43
27 40 41
27 39 40
29 30 39
30 31 39
31 37 38
32 36 37
31 32 37
32 33 36
33 35 36
