# points
0.0090909 0.5
0.0090909 0.52424
0.0090909 0.54848
0.0090909 0.57273
0.0060606 0.59697
0.0060606 0.62121
0.0060606 0.64545
0.0060606 0.6697
0.0060606 0.69394
0.0060606 0.71818
0.0060606 0.74242
0.0030303 0.76667
0.0030303 0.79091
0.0030303 0.81515
0.0030303 0.83939
0.0030303 0.86364
0.0030303 0.88788
0.0030303 0.91212
0.0030303 0.93636
0 0.96061
0 0.98485
0.012121 1
0.036364 0.99697
0.060606 0.99697
0.084848 0.99394
0.10909 0.99091
0.13333 0.98788
0.15758 0.98182
0.18182 0.97576
0.20606 0.9697
0.2303 0.96061
0.25455 0.95455
0.27879 0.94242
0.30303 0.9303
0.32727 0.91818
0.35152 0.90303
0.37576 0.88788
0.4 0.8697
0.42424 0.85152
0.44848 0.8303
0.4697 0.80606
0.49091 0.78182
0.50909 0.75758
0.52121 0.73333
0.53636 0.70909
0.54848 0.68485
0.55758 0.66061
0.56667 0.63636
0.57273 0.61212
0.57879 0.58788
0.58182 0.56364
0.58485 0.53939
0.58485 0.51515
0.57879 0.49091
0.56364 0.46667
0.53939 0.44242
0.51818 0.42424
0.49394 0.4
0.48182 0.37576
0.47576 0.35152
0.47879 0.32727
0.48182 0.30303
0.48788 0.27879
0.49091 0.25455
0.49394 0.2303
0.48788 0.20606
0.4697 0.18182
0.44848 0.16061
0.42424 0.13636
0.4 0.11818
0.37576 0.1
0.35152 0.084848
0.32727 0.072727
0.30303 0.060606
0.27879 0.048485
0.25455 0.039394
0.2303 0.033333
0.20606 0.024242
0.18182 0.018182
0.15758 0.015152
0.13333 0.0090909
0.10909 0.0060606
0.084848 0.0030303
0.060606 0.0030303
0.036364 0
0.018182 0.0060606
0.018182 0.030303
0.015152 0.054545
0.015152 0.078788
0.015152 0.10303
0.015152 0.12727
0.015152 0.15152
0.015152 0.17576
0.015152 0.2
0.012121 0.22424
0.012121 0.24848
0.012121 0.27273
0.012121 0.29697
0.012121 0.32121
0.012121 0.34545
0.012121 0.3697
0.012121 0.39394
0.0090909 0.41818
0.0090909 0.44242
0.0090909 0.46667
0.0090909 0.49091
0.0090909 0.5
# triangles
19 20 22
20 21 22
17 24 25
10 33 34
47 48 56
48 49 56
50 55 56
49 50 56
50 51 55
38 39 40
76 77 92
72 73 95
59 100 101
58 59 101
46 47 56
46 56 57
18 23 24
17 18 24
18 19 22
18 22 23
14 27 28
9 10 34
10 32 33
30 31 32
5 40 41
3 43 57
41 42 43
3 5 43
5 41 43
3 4 5
7 37 38
5 6 40
6 38 40
6 7 38
76 92 93
73 93 95
77 91 92
72 95 96
59 99 100
63 66 67
62 63 67
63 65 66
63 64 65
15 26 27
14 15 27
9 34 35
8 36 37
7 8 37
8 35 36
8 9 35
43 44 57
44 45 46
44 46 57
10 11 32
11 30 32
0 1 57
0 58 105
0 57 58
2 3 57
1 2 57
82 87 88
81 88 89
81 82 88
93 94 95
73 74 93
60 70 97
71 96 97
70 71 97
71 72 96
59 98 99
59 60 98
60 97 98
51 54 55
51 52 54
52 53 54
16 17 25
16 25 26
15 16 26
11 12 30
82 83 87
80 81 89
79 80 89
77 78 91
78 79 91
79 89 90
79 90 91
75 76 93
74 75 93
60 69 70
13 29 30
12 13 30
13 28 29
13 14 28
83 84 86
83 86 87
84 85 86
61 68 69
60 61 69
61 62 67
61 67 68
58 104 105
58 103 104
58 101 103
101 102 103
