# points
0.0090909 0.5
0.0090909 0.52424
0.0090909 0.54848
0.0090909 0.57273
0.0060606 0.59697
0.0060606 0.62121
0.0060606 0.64545
0.0060606 0.6697
0.0060606 0.69394
0.0060606 0.71818
0.0060606 0.74242
0.0030303 0.76667
0.0030303 0.79091
0.0030303 0.81515
0.0030303 0.83939
0.0030303 0.86364
0.0030303 0.88788
0.0030303 0.91212
0.0030303 0.93636
0 0.96061
0 0.98485
0.012121 1
0.036364 0.99697
0.060606 0.99697
0.084848 0.99394
0.10909 0.99091
0.13333 0.98788
0.15758 0.98182
0.18182 0.97576
0.20606 0.9697
0.2303 0.96061
0.25455 0.95152
0.27576 0.9303
0.28788 0.90606
0.29697 0.88182
0.30303 0.85758
0.30909 0.83333
0.31818 0.80909
0.33333 0.78485
0.35455 0.7697
0.37879 0.76667
0.40303 0.76667
0.42727 0.7697
0.45152 0.77273
0.47576 0.77273
0.5 0.76364
0.51515 0.74545
0.5303 0.72121
0.54242 0.69697
0.55152 0.67273
0.56364 0.64848
0.5697 0.62424
0.57576 0.6
0.57879 0.57576
0.58182 0.55152
0.58485 0.52727
0.58485 0.50303
0.58182 0.47879
0.58182 0.45455
0.57879 0.4303
0.57273 0.40606
0.5697 0.38182
0.56061 0.35758
0.55455 0.33333
0.54545 0.30909
0.53333 0.28485
0.52121 0.26061
0.50909 0.23636
0.49091 0.21212
0.47273 0.18788
0.45455 0.16667
0.4303 0.14242
0.40606 0.12121
0.38182 0.10303
0.35758 0.087879
0.33333 0.075758
0.30909 0.063636
0.28485 0.051515
0.26061 0.042424
0.23636 0.033333
0.21212 0.027273
0.18788 0.021212
0.16364 0.015152
0.13939 0.012121
0.11515 0.0090909
0.090909 0.0060606
0.066667 0.0030303
0.042424 0
0.018182 0
0.018182 0.024242
0.015152 0.048485
0.015152 0.072727
0.015152 0.09697
0.015152 0.12121
0.015152 0.14545
0.015152 0.1697
0.015152 0.19394
0.012121 0.21818
0.012121 0.24242
0.012121 0.26667
0.012121 0.29091
0.012121 0.31515
0.012121 0.33939
0.012121 0.36364
0.012121 0.38788
0.0090909 0.41212
0.0090909 0.43636
0.0090909 0.46061
0.0090909 0.48485
0.0090909 0.5
# triangles
87 88 89
19 20 22
20 21 22
57 60 108
60 61 62
60 107 108
60 62 107
29 30 34
41 48 49
65 66 104
66 68 104
68 103 104
62 65 104
30 33 34
42 47 48
41 42 48
39 57 108
1 2 39
3 38 39
2 3 39
49 50 51
41 49 51
16 25 26
3 5 38
57 59 60
62 64 65
62 63 64
71 101 102
62 106 107
62 104 106
30 31 32
30 32 33
43 46 47
42 43 47
13 35 36
29 34 35
39 54 57
0 39 108
0 1 39
40 41 51
40 52 53
40 51 52
40 53 54
39 40 54
14 27 28
13 14 28
28 29 35
13 28 35
15 26 27
15 16 26
14 15 27
17 24 25
16 17 25
11 12 36
12 13 36
6 7 38
5 6 38
3 4 5
7 8 38
8 37 38
8 9 37
86 87 89
86 89 90
86 90 91
85 86 91
77 97 98
57 58 59
66 67 68
75 99 100
70 71 102
68 69 103
69 102 103
69 70 102
104 105 106
43 44 46
44 45 46
9 10 37
10 11 36
10 36 37
18 23 24
17 18 24
18 19 22
18 22 23
85 91 92
76 98 99
75 76 99
76 77 98
84 85 92
84 92 93
77 96 97
79 80 96
74 75 100
73 74 100
72 100 101
72 73 100
71 72 101
83 84 93
80 95 96
77 78 96
78 79 96
82 83 94
83 93 94
81 82 94
80 81 95
81 94 95
54 55 56
54 56 57
