# points
0.021212 0.5
0.0090909 0.52424
0.0090909 0.54848
0.0090909 0.57273
0.0060606 0.59697
0.0060606 0.62121
0.0060606 0.64545
0.0060606 0.6697
0.0060606 0.69394
0.0060606 0.71818
0.0060606 0.74242
0.0030303 0.76667
0.0030303 0.79091
0.0030303 0.81515
0.0030303 0.83939
0.0030303 0.86364
0.0030303 0.88788
0.0030303 0.91212
0.0030303 0.93636
0 0.96061
0 0.98485
0.012121 1
0.036364 0.99697
0.060606 0.99697
0.084848 0.99394
0.10909 0.99091
0.13333 0.98788
0.15758 0.98182
0.18182 0.97576
0.20606 0.9697
0.2303 0.96061
0.25455 0.95455
0.27879 0.94242
0.30303 0.9303
0.32727 0.91818
0.35152 0.90303
0.37576 0.88788
0.4 0.8697
0.42424 0.85152
0.44848 0.8303
0.4697 0.80606
0.49091 0.78182
0.50909 0.75758
0.52121 0.73333
0.53636 0.70909
0.54848 0.68485
0.55758 0.66061
0.56667 0.63636
0.57273 0.61212
0.57879 0.58788
0.58182 0.56364
0.58485 0.53939
0.58485 0.51515
0.58182 0.49091
0.58182 0.46667
0.57879 0.44242
0.57576 0.41818
0.5697 0.39394
0.56667 0.3697
0.55758 0.34545
0.54848 0.32121
0.53939 0.29697
0.52727 0.27273
0.51515 0.24848
0.5 0.22424
0.48182 0.2
0.46364 0.17879
0.44242 0.15455
0.41818 0.13333
0.39394 0.11212
0.3697 0.09697
0.34545 0.081818
0.32121 0.069697
0.29697 0.057576
0.27273 0.048485
0.24848 0.039394
0.22424 0.030303
0.2 0.024242
0.17576 0.018182
0.15152 0.012121
0.12727 0.0090909
0.10303 0.0060606
0.078788 0.0030303
0.054545 0.0030303
0.030303 0
0.018182 0.012121
0.015152 0.036364
0.015152 0.060606
0.015152 0.084848
0.015152 0.10909
0.015152 0.13333
0.015152 0.15758
0.015152 0.18182
0.015152 0.20606
0.012121 0.2303
0.030303 0.24545
0.054545 0.25455
0.078788 0.26667
0.10303 0.27576
0.12727 0.28485
0.12121 0.30909
0.10909 0.33333
0.093939 0.35758
0.081818 0.38182
0.069697 0.40606
0.057576 0.4303
0.045455 0.45455
0.033333 0.47879
0.021212 0.5
# triangles
68 69 99
19 20 22
20 21 22
67 68 99
63 99 100
17 24 25
10 33 34
62 63 100
18 23 24
17 18 24
18 19 22
18 22 23
9 10 34
10 32 33
30 31 32
46 47 48
48 49 50
48 50 104
44 45 46
43 44 106
44 46 106
3 5 43
5 6 40
38 39 40
6 38 40
53 103 104
53 102 103
50 53 104
57 58 59
59 60 100
57 59 100
55 56 57
60 61 100
61 62 100
66 67 99
65 66 99
63 64 99
64 65 99
69 70 99
70 71 99
72 73 99
71 72 99
73 74 99
74 75 99
75 76 99
83 84 85
83 85 86
16 25 26
16 17 25
14 27 28
10 11 32
11 30 32
9 34 35
93 94 95
46 105 106
46 48 105
48 104 105
43 106 107
3 43 107
3 4 5
5 41 43
5 40 41
41 42 43
6 7 38
7 37 38
55 57 101
53 55 101
53 101 102
57 100 101
53 54 55
76 77 99
14 15 27
15 26 27
15 16 26
13 29 30
13 28 29
13 14 28
91 97 98
78 91 98
77 98 99
77 78 98
91 92 97
93 95 96
92 96 97
92 93 96
0 1 2
2 3 107
0 2 107
8 36 37
7 8 37
8 35 36
8 9 35
83 86 87
78 90 91
11 12 30
12 13 30
80 88 89
79 89 90
79 80 89
78 79 90
81 87 88
80 81 88
82 83 87
81 82 87
50 51 53
51 52 53
