# points
0.0090909 0.5
0.0090909 0.52424
0.0090909 0.54848
0.0090909 0.57273
0.0060606 0.59697
0.0060606 0.62121
0.0060606 0.64545
0.0060606 0.6697
0.0060606 0.69394
0.0060606 0.71818
0.0060606 0.74242
0.0030303 0.76667
0.0030303 0.79091
0.0030303 0.81515
0.0030303 0.83939
0.0030303 0.86364
0.0030303 0.88788
0.0030303 0.91212
0.0030303 0.93636
0 0.96061
0 0.98485
0.012121 1
0.036364 0.99697
0.060606 0.99697
0.084848 0.99394
0.10909 0.99091
0.13333 0.98788
0.15758 0.98182
0.18182 0.97879
0.20606 0.97273
0.2303 0.96667
0.25455 0.95758
0.27879 0.94848
0.30303 0.93939
0.32727 0.9303
0.35152 0.91818
0.37576 0.90606
0.4 0.89394
0.42424 0.87879
0.44848 0.86364
0.47273 0.84545
0.49697 0.82727
0.51818 0.80909
0.54242 0.78485
0.56667 0.76061
0.58485 0.73636
0.60303 0.71212
0.61818 0.68788
0.6303 0.66364
0.64242 0.63939
0.64848 0.61515
0.65758 0.59091
0.66061 0.56667
0.66364 0.54242
0.66667 0.51818
0.66364 0.49394
0.66364 0.4697
0.66061 0.44545
0.65455 0.42121
0.64848 0.39697
0.64242 0.37273
0.63333 0.34848
0.62424 0.32424
0.61212 0.3
0.59697 0.27576
0.58182 0.25152
0.56061 0.22727
0.53939 0.20303
0.52121 0.18182
0.49697 0.16061
0.47576 0.14545
0.45152 0.12727
0.42727 0.11212
0.40303 0.09697
0.37879 0.084848
0.35455 0.072727
0.3303 0.063636
0.30606 0.054545
0.28182 0.045455
0.25758 0.036364
0.23333 0.030303
0.20909 0.024242
0.18485 0.018182
0.16061 0.015152
0.13636 0.0090909
0.11212 0.0060606
0.087879 0.0030303
0.063636 0.0030303
0.039394 0
0.018182 0.0030303
0.018182 0.027273
0.015152 0.051515
0.015152 0.075758
0.015152 0.1
0.015152 0.12424
0.015152 0.14848
0.015152 0.17273
0.015152 0.19697
0.012121 0.22121
0.012121 0.24545
0.012121 0.2697
0.012121 0.29394
0.012121 0.31818
0.012121 0.34242
0.012121 0.36667
0.012121 0.39091
0.0090909 0.41515
0.0090909 0.43939
0.0090909 0.46364
0.0090909 0.48788
0.0090909 0.5
# triangles
19 20 22
20 21 22
15 16 26
18 19 22
18 22 23
18 23 24
17 18 24
88 89 90
16 25 26
17 24 25
16 17 25
71 72 104
70 71 104
55 56 57
83 84 94
78 97 99
72 73 102
97 98 99
43 44 45
6 7 38
50 52 55
50 51 52
2 43 45
2 3 43
70 104 105
61 62 63
59 60 61
55 57 58
0 55 58
58 59 109
0 58 109
53 54 55
52 53 55
80 81 97
83 94 95
77 78 99
82 83 95
79 80 97
78 79 97
76 77 100
77 99 100
72 103 104
72 102 103
73 74 102
85 86 92
13 14 28
9 33 34
3 40 41
3 5 40
5 39 40
5 6 38
5 38 39
1 2 45
0 1 55
1 50 55
66 67 105
67 70 105
67 68 69
67 69 70
81 96 97
81 82 96
82 95 96
87 90 91
87 88 90
76 100 101
74 101 102
75 76 101
74 75 101
85 92 93
84 93 94
84 85 93
11 12 31
14 15 27
14 27 28
15 26 27
7 8 36
9 10 33
10 11 31
3 42 43
3 41 42
7 37 38
7 36 37
3 4 5
1 48 50
48 49 50
66 105 107
105 106 107
12 13 29
13 28 29
8 35 36
9 34 35
8 9 35
10 32 33
10 31 32
1 45 46
1 46 48
64 66 107
64 65 66
61 63 64
12 30 31
12 29 30
46 47 48
61 64 108
64 107 108
59 108 109
59 61 108
86 87 92
87 91 92
