# points
0.0090909 0.5
0.0090909 0.52424
0.0090909 0.54848
0.0090909 0.57273
0.0060606 0.59697
0.0060606 0.62121
0.0060606 0.64545
0.0060606 0.6697
0.0060606 0.69394
0.0060606 0.71818
0.0060606 0.74242
0.0030303 0.76667
0.0030303 0.79091
0.0030303 0.81515
0.0030303 0.83939
0.0030303 0.86364
0.0030303 0.88788
0.0030303 0.91212
0.0030303 0.93636
0 0.96061
0 0.98485
0.012121 1
0.036364 0.99697
0.060606 0.99697
0.084848 0.99394
0.10909 0.99091
0.13333 0.98788
0.15758 0.98182
0.18182 0.97576
0.20606 0.9697
0.2303 0.96061
0.25455 0.95455
0.27879 0.94242
0.30303 0.9303
0.32727 0.91818
0.35152 0.90303
0.37576 0.88788
0.4 0.8697
0.42424 0.85152
0.44848 0.8303
0.4697 0.80606
0.49091 0.78182
0.50909 0.75758
0.52121 0.73333
0.53636 0.70909
0.54848 0.68485
0.55758 0.66061
0.56667 0.63636
0.57273 0.61212
0.57879 0.58788
0.58182 0.56364
0.58485 0.53939
0.58485 0.51515
0.58182 0.49091
0.58182 0.46667
0.57879 0.44242
0.57576 0.41818
0.5697 0.39394
0.56667 0.3697
0.55758 0.34545
0.54848 0.32121
0.53939 0.29697
0.52727 0.27273
0.51515 0.24848
0.5 0.22424
0.48182 0.2
0.46061 0.18182
0.43636 0.17576
0.41212 0.17273
0.38788 0.17576
0.36364 0.17576
0.33939 0.17879
0.31515 0.17879
0.29091 0.18182
0.26667 0.18182
0.24242 0.17576
0.21818 0.16364
0.19394 0.14545
0.1697 0.12121
0.15152 0.09697
0.13636 0.072727
0.11515 0.048485
0.090909 0.024242
0.066667 0.012121
0.042424 0.0030303
0.018182 0
0.018182 0.024242
0.015152 0.048485
0.015152 0.072727
0.015152 0.09697
0.015152 0.12121
0.015152 0.14545
0.015152 0.1697
0.015152 0.19394
0.012121 0.21818
0.012121 0.24242
0.012121 0.26667
0.012121 0.29091
0.012121 0.31515
0.012121 0.33939
0.012121 0.36364
0.012121 0.38788
0.0090909 0.41212
0.0090909 0.43636
0.0090909 0.46061
0.0090909 0.48485
0.0090909 0.5
# triangles
19 20 22
20 21 22
17 24 25
10 33 34
48 49 50
38 39 40
65 66 67
64 65 67
82 83 87
77 94 95
74 75 100
74 103 104
78 79 91
18 23 24
17 18 24
18 19 22
18 22 23
14 27 28
9 10 34
10 32 33
30 31 32
3 5 43
46 47 48
3 43 46
3 4 5
1 48 50
1 50 53
7 37 38
5 6 40
6 38 40
6 7 38
53 55 105
55 104 105
55 57 104
83 86 87
83 84 86
84 85 86
64 67 69
67 68 69
59 60 71
75 76 98
76 77 95
75 99 100
75 98 99
76 95 96
74 100 101
74 101 103
57 73 104
73 74 104
57 59 73
71 72 73
59 71 73
80 81 89
77 78 93
77 93 94
16 25 26
16 17 25
9 34 35
8 36 37
7 8 37
8 35 36
8 9 35
5 40 41
5 41 43
41 42 43
2 46 48
2 3 46
1 2 48
44 45 46
43 44 46
10 11 32
11 30 32
0 53 105
0 1 53
53 54 55
57 58 59
62 69 70
62 70 71
76 97 98
76 96 97
101 102 103
82 87 88
81 82 88
81 88 89
80 89 90
79 80 90
79 90 91
78 91 92
78 92 93
14 15 27
15 26 27
15 16 26
11 12 30
55 56 57
60 61 71
61 62 71
63 64 69
62 63 69
13 29 30
12 13 30
13 28 29
13 14 28
50 52 53
50 51 52
