# points
0.0090909 0.5
0.0090909 0.52424
0.0090909 0.54848
0.0090909 0.57273
0.0060606 0.59697
0.0060606 0.62121
0.0060606 0.64545
0.0060606 0.6697
0.0060606 0.69394
0.0060606 0.71818
0.0060606 0.74242
0.0030303 0.76667
0.0030303 0.79091
0.0030303 0.81515
0.0030303 0.83939
0.0030303 0.86364
0.0030303 0.88788
0.0030303 0.91212
0.0030303 0.93636
0 0.96061
0 0.98485
0.012121 1
0.036364 0.99697
0.060606 0.99697
0.084848 0.99394
0.10909 0.99091
0.13333 0.98788
0.15758 0.98182
0.18182 0.97576
0.20606 0.9697
0.2303 0.96061
0.25455 0.95152
0.27879 0.94242
0.30303 0.9303
0.32727 0.91818
0.35152 0.90606
0.37576 0.88788
0.4 0.87273
0.42424 0.85152
0.44848 0.8303
0.4697 0.80606
0.48788 0.78485
0.50606 0.76061
0.52121 0.73636
0.53636 0.71212
0.54545 0.68788
0.55758 0.66364
0.56364 0.63939
0.57273 0.61515
0.57576 0.59091
0.58182 0.56667
0.58182 0.54242
0.58485 0.51818
0.58485 0.49394
0.58182 0.4697
0.57879 0.44545
0.57576 0.42121
0.57273 0.39697
0.56667 0.37273
0.55758 0.34848
0.55152 0.32424
0.54242 0.3
0.5303 0.27576
0.51818 0.25152
0.50303 0.22727
0.48485 0.20303
0.46667 0.18182
0.44545 0.15758
0.42121 0.13333
0.39697 0.11515
0.37273 0.09697
0.34848 0.081818
0.32424 0.069697
0.3 0.057576
0.27576 0.048485
0.25152 0.039394
0.22727 0.030303
0.20303 0.024242
0.17879 0.018182
0.15455 0.015152
0.1303 0.0090909
0.10606 0.0060606
0.081818 0.0030303
0.057576 0.0030303
0.033333 0
0.018182 0.0090909
0.015152 0.033333
0.015152 0.057576
0.015152 0.081818
0.015152 0.10606
0.015152 0.1303
0.015152 0.15455
0.015152 0.17879
0.015152 0.20303
0.012121 0.22727
0.012121 0.25152
0.012121 0.27576
0.012121 0.3
0.012121 0.32424
0.012121 0.34848
0.012121 0.37273
0.012121 0.39697
0.0090909 0.42121
0.0090909 0.44545
0.0090909 0.4697
0.0090909 0.49394
0.0090909 0.5
# triangles
19 20 22
20 21 22
54 55 105
56 59 103
84 85 86
17 24 25
36 37 38
56 58 59
59 101 103
55 56 104
56 103 104
55 104 105
18 19 22
17 18 24
14 27 28
15 26 27
14 15 27
47 48 49
45 46 47
38 39 40
7 8 36
7 36 38
56 57 58
101 102 103
62 100 101
59 62 101
59 61 62
67 98 99
65 66 100
66 99 100
66 67 99
72 73 95
73 74 95
72 95 96
69 97 98
67 68 69
67 69 98
18 22 23
18 23 24
8 9 36
10 32 33
10 31 32
16 25 26
15 16 26
16 17 25
49 50 51
3 45 47
5 40 41
3 41 42
3 5 41
5 6 40
6 38 40
6 7 38
59 60 61
64 65 100
71 72 96
10 11 31
9 10 34
10 33 34
34 35 36
9 34 36
3 42 43
3 43 45
43 44 45
3 4 5
2 47 49
2 3 47
62 63 100
63 64 100
93 94 95
74 93 95
79 89 90
83 84 86
83 86 87
82 83 87
70 71 96
70 96 97
69 70 97
11 12 31
0 51 54
0 54 105
1 49 51
1 2 49
0 1 51
75 92 93
74 75 93
79 80 89
80 81 89
81 88 89
82 87 88
81 82 88
12 30 31
77 91 92
77 78 91
79 90 91
78 79 91
76 77 92
75 76 92
13 29 30
12 13 30
13 28 29
13 14 28
51 52 53
51 53 54
