# points
0.0055402 0.50139
0.01108 0.52355
0.01385 0.54571
0.019391 0.56787
0.024931 0.59003
0.027701 0.61219
0.033241 0.63435
0.038781 0.65651
0.041551 0.67867
0.047091 0.70083
0.052632 0.72299
0.055402 0.74515
0.060942 0.76731
0.066482 0.78947
0.069252 0.81163
0.074792 0.8338
0.080332 0.85596
0.083102 0.87812
0.088643 0.90028
0.094183 0.92244
0.096953 0.9446
0.10249 0.96676
0.10803 0.98892
0.12188 1
0.14404 0.99723
0.1662 0.99169
0.18837 0.98061
0.21053 0.96953
0.23269 0.95014
0.25208 0.92798
0.2687 0.90582
0.28255 0.88366
0.29917 0.8615
0.31579 0.83934
0.33518 0.81717
0.35457 0.79778
0.37673 0.78116
0.39612 0.76177
0.41274 0.74515
0.42936 0.72576
0.44875 0.7036
0.4626 0.68144
0.47645 0.65928
0.48753 0.63712
0.49861 0.61496
0.50693 0.5928
0.51247 0.57064
0.51801 0.54848
0.52078 0.52632
0.52355 0.50416
0.52632 0.48199
0.52632 0.45983
0.52355 0.43767
0.52355 0.41551
0.52078 0.39335
0.51524 0.37119
0.51247 0.34903
0.50416 0.32687
0.49861 0.30471
0.4903 0.28255
0.47922 0.26039
0.46814 0.23823
0.45706 0.21607
0.44044 0.19391
0.42382 0.17175
0.40443 0.14958
0.38227 0.12742
0.36011 0.10803
0.33795 0.091413
0.31579 0.080332
0.29363 0.066482
0.27147 0.055402
0.24931 0.047091
0.22715 0.038781
0.20499 0.030471
0.18283 0.024931
0.16066 0.019391
0.1385 0.01385
0.11634 0.01108
0.094183 0.0055402
0.072022 0.0027701
0.049861 0.0027701
0.027701 0
0.0083102 0.0027701
0.0083102 0.024931
0.0083102 0.047091
0.0083102 0.069252
0.0083102 0.091413
0.0055402 0.11357
0.0055402 0.13573
0.0055402 0.15789
0.0055402 0.18006
0.0055402 0.20222
0.0055402 0.22438
0.0055402 0.24654
0.0027701 0.2687
0.0027701 0.29086
0.0027701 0.31302
0.0027701 0.33518
0.0027701 0.35734
0.0027701 0.3795
0.0027701 0.40166
0.0027701 0.42382
0 0.44598
0 0.46814
0.0027701 0.4903
0.0055402 0.50139
# triangles
82 83 84
22 23 24
1 3 48
4 42 43
3 4 43
0 103 104
0 104 105
19 26 27
1 2 3
55 56 57
52 55 102
0 102 103
1 52 102
0 1 102
61 62 63
20 25 26
19 20 26
1 49 52
1 48 49
3 46 48
3 43 46
4 41 42
4 39 41
39 40 41
10 34 35
13 32 33
19 27 28
7 37 38
7 35 37
35 36 37
15 16 31
15 31 32
16 30 31
57 59 60
57 58 59
61 63 98
21 24 25
20 21 25
21 22 24
73 74 91
70 93 94
69 70 94
46 47 48
13 14 32
14 15 32
17 29 30
16 17 30
52 54 55
52 53 54
64 65 97
63 64 98
64 97 98
67 69 94
67 68 69
65 66 96
65 96 97
66 67 96
67 94 96
60 61 99
61 98 99
71 72 93
70 71 93
43 44 46
44 45 46
10 11 34
17 18 29
18 19 28
18 28 29
94 95 96
57 60 100
60 99 100
78 87 88
74 75 91
78 79 87
12 13 33
12 33 34
11 12 34
73 91 92
72 73 92
72 92 93
75 90 91
76 89 90
75 76 90
57 100 101
55 57 101
55 101 102
77 78 88
76 77 89
77 88 89
79 86 87
81 82 84
81 84 85
9 10 35
7 9 35
7 8 9
79 80 86
80 85 86
80 81 85
6 7 38
6 38 39
4 6 39
4 5 6
49 51 52
49 50 51
