# points
0.0090909 0.5
0.0090909 0.52424
0.0090909 0.54848
0.0090909 0.57273
0.0060606 0.59697
0.0060606 0.62121
0.0060606 0.64545
0.0060606 0.6697
0.0060606 0.69394
0.0060606 0.71818
0.0060606 0.74242
0.0030303 0.76667
0.0030303 0.79091
0.0030303 0.81515
0.0030303 0.83939
0.0030303 0.86364
0.0030303 0.88788
0.0030303 0.91212
0.0030303 0.93636
0 0.96061
0 0.98485
0.012121 1
0.036364 0.99697
0.060606 0.99697
0.084848 0.99394
0.10909 0.99091
0.13333 0.98788
0.15758 0.98182
0.18182 0.97576
0.20606 0.9697
0.2303 0.96061
0.25455 0.95455
0.27879 0.94242
0.30303 0.9303
0.32727 0.91818
0.35152 0.90303
0.37576 0.88788
0.4 0.8697
0.42424 0.85152
0.44848 0.8303
0.4697 0.80606
0.49091 0.78182
0.50909 0.75758
0.52121 0.73333
0.53636 0.70909
0.54848 0.68485
0.55758 0.66061
0.56667 0.63636
0.57273 0.61212
0.57879 0.58788
0.58182 0.56364
0.58485 0.53939
0.58485 0.51515
0.58182 0.49091
0.58182 0.46667
0.57879 0.44242
0.57576 0.41818
0.5697 0.39394
0.56667 0.3697
0.55758 0.34545
0.54242 0.32424
0.51818 0.31515
0.49394 0.31212
0.4697 0.30909
0.44545 0.30909
0.42121 0.30606
0.39697 0.30606
0.37273 0.3
0.35152 0.28182
0.34242 0.25758
0.33939 0.23333
0.34242 0.20909
0.34242 0.18485
0.34545 0.16061
0.34545 0.13636
0.34545 0.11212
0.33939 0.087879
0.31818 0.066667
0.29394 0.054545
0.2697 0.045455
0.24545 0.036364
0.22121 0.030303
0.19697 0.024242
0.17273 0.018182
0.14848 0.012121
0.12424 0.0090909
0.1 0.0060606
0.075758 0.0030303
0.051515 0.0030303
0.027273 0
0.018182 0.015152
0.015152 0.039394
0.015152 0.063636
0.015152 0.087879
0.015152 0.11212
0.015152 0.13636
0.015152 0.16061
0.015152 0.18485
0.015152 0.20909
0.012121 0.23333
0.012121 0.25758
0.012121 0.28182
0.012121 0.30606
0.012121 0.3303
0.012121 0.35455
0.012121 0.37879
0.0090909 0.40303
0.0090909 0.42727
0.0090909 0.45152
0.0090909 0.47576
0.0090909 0.5
0.0090909 0.5
# triangles
19 20 22
20 21 22
67 108 109
67 68 108
68 69 103
38 39 40
17 24 25
10 33 34
48 49 50
46 48 67
46 47 48
41 42 43
3 46 67
3 43 46
18 23 24
17 18 24
18 19 22
18 22 23
9 10 34
10 32 33
30 31 32
43 44 46
44 45 46
50 53 66
48 66 67
48 50 66
69 102 103
69 101 102
85 93 94
72 81 97
84 85 94
81 82 97
83 84 95
84 94 95
74 78 79
70 99 100
69 100 101
69 70 100
70 71 98
70 98 99
16 25 26
16 17 25
14 27 28
9 34 35
57 58 62
57 62 63
56 57 64
57 63 64
55 56 64
68 103 104
68 104 105
10 11 32
11 30 32
0 67 109
0 1 67
2 3 67
1 2 67
85 86 93
86 87 92
86 92 93
73 74 79
72 73 79
82 96 97
82 83 96
83 95 96
72 80 81
72 79 80
14 15 27
15 26 27
15 16 26
58 59 61
58 61 62
11 12 30
68 107 108
68 105 107
105 106 107
59 60 61
75 76 77
75 77 78
74 75 78
13 28 29
13 14 28
13 29 30
12 13 30
6 38 40
88 90 91
88 89 90
7 37 38
6 7 38
5 6 40
3 4 5
5 40 41
5 41 43
3 5 43
8 35 36
8 9 35
8 36 37
7 8 37
50 52 53
50 51 52
72 97 98
71 72 98
53 65 66
53 54 65
54 55 65
55 64 65
88 91 92
87 88 92
