# points
0.0090909 0.5
0.0090909 0.52424
0.0090909 0.54848
0.0090909 0.57273
0.0060606 0.59697
0.0060606 0.62121
0.0060606 0.64545
0.0060606 0.6697
0.0060606 0.69394
0.0060606 0.71818
0.0060606 0.74242
0.0030303 0.76667
0.0030303 0.79091
0.0030303 0.81515
0.0030303 0.83939
0.0030303 0.86364
0.0030303 0.88788
0.0030303 0.91212
0.0030303 0.93636
0 0.96061
0 0.98485
0.012121 1
0.036364 0.99697
0.060606 0.99394
0.084848 0.99091
0.10909 0.98485
0.13333 0.97576
0.15758 0.96667
0.18182 0.95455
0.20606 0.94242
0.2303 0.92727
0.25455 0.90909
0.27879 0.89091
0.30303 0.8697
0.32727 0.84848
0.34848 0.82424
0.37273 0.8
0.39091 0.77576
0.40909 0.75152
0.42727 0.72727
0.44242 0.70303
0.45758 0.67879
0.4697 0.65455
0.48485 0.6303
0.49697 0.60606
0.50909 0.58182
0.51818 0.55758
0.52727 0.53333
0.53636 0.50909
0.54545 0.48485
0.55455 0.46061
0.56061 0.43636
0.56667 0.41212
0.57273 0.38788
0.57576 0.36364
0.57879 0.33939
0.58182 0.31515
0.58485 0.29091
0.58485 0.26667
0.58182 0.24242
0.57879 0.21818
0.57576 0.19394
0.5697 0.1697
0.56364 0.14545
0.55455 0.12121
0.53939 0.09697
0.52121 0.072727
0.5 0.054545
0.47576 0.039394
0.45152 0.027273
0.42727 0.021212
0.40303 0.012121
0.37879 0.0090909
0.35455 0.0060606
0.3303 0.0030303
0.30606 0.0030303
0.28182 0
0.25758 0
0.23333 0
0.20909 0
0.18485 0
0.16061 0
0.13636 0.0030303
0.11212 0.0030303
0.087879 0.0030303
0.063636 0.0030303
0.039394 0.0030303
0.018182 0.0060606
0.018182 0.030303
0.015152 0.054545
0.015152 0.078788
0.015152 0.10303
0.015152 0.12727
0.015152 0.15152
0.015152 0.17576
0.015152 0.2
0.012121 0.22424
0.012121 0.24848
0.012121 0.27273
0.012121 0.29697
0.012121 0.32121
0.012121 0.34545
0.012121 0.3697
0.012121 0.39394
0.0090909 0.41818
0.0090909 0.44242
0.0090909 0.46667
0.0090909 0.49091
0.0090909 0.5
# triangles
73 74 75
65 66 67
47 103 105
49 102 103
62 65 70
60 62 70
95 96 97
86 87 88
77 95 97
75 76 77
75 77 97
79 94 95
85 88 89
85 86 88
68 69 70
65 67 68
65 68 70
63 64 65
62 63 65
3 39 40
54 55 100
55 99 100
103 104 105
47 48 103
48 49 103
49 51 102
3 38 39
3 5 38
18 23 24
15 27 28
59 73 75
59 60 73
60 72 73
60 70 72
70 71 72
79 80 94
80 93 94
80 81 93
77 78 95
78 79 95
46 105 106
46 47 105
3 40 41
1 2 42
2 3 41
2 41 42
0 1 42
52 53 54
56 75 99
55 56 99
56 59 75
75 97 98
75 98 99
54 100 101
52 54 101
51 52 101
51 101 102
49 50 51
6 7 37
7 36 37
5 6 37
5 37 38
10 32 33
9 33 34
9 10 33
10 11 31
10 31 32
11 12 31
12 30 31
19 20 22
20 21 22
15 26 27
16 25 26
15 16 26
14 28 29
14 15 28
0 42 43
3 4 5
7 35 36
7 8 35
9 34 35
8 9 35
16 17 25
17 24 25
17 18 24
13 14 29
13 29 30
12 13 30
60 61 62
83 90 91
0 43 44
44 45 46
44 46 106
44 106 107
0 44 107
82 91 92
82 83 91
81 82 93
82 92 93
83 84 90
84 85 89
84 89 90
18 22 23
18 19 22
56 57 58
56 58 59
