# points
0.0090634 0.50151
0.0090634 0.52568
0.0090634 0.54985
0.0090634 0.57402
0.0060423 0.59819
0.0060423 0.62236
0.0060423 0.64653
0.0060423 0.67069
0.0060423 0.69486
0.0060423 0.71903
0.0060423 0.7432
0.0030211 0.76737
0.0030211 0.79154
0.0030211 0.81571
0.0030211 0.83988
0.0030211 0.86405
0.0030211 0.88822
0.0030211 0.91239
0.0030211 0.93656
0 0.96073
0 0.98489
0.015106 0.99698
0.039275 0.99698
0.063444 0.99698
0.087613 0.99698
0.11178 0.99698
0.13595 0.99698
0.16012 0.99698
0.18429 1
0.20846 1
0.23263 1
0.2568 1
0.28097 1
0.30514 0.99698
0.32931 0.99698
0.35347 0.99396
0.37764 0.99094
0.40181 0.98792
0.42598 0.98187
0.45015 0.97583
0.47432 0.96073
0.49849 0.94562
0.51964 0.92145
0.53474 0.89728
0.54381 0.87311
0.54985 0.84894
0.55287 0.82477
0.55589 0.8006
0.55589 0.77644
0.55287 0.75227
0.55287 0.7281
0.54985 0.70393
0.54683 0.67976
0.54381 0.65559
0.54079 0.63142
0.53474 0.60725
0.53172 0.58308
0.52568 0.55891
0.51964 0.53474
0.51057 0.51057
0.50453 0.4864
0.49547 0.46224
0.4864 0.43807
0.47734 0.4139
0.46828 0.38973
0.45619 0.36556
0.44713 0.34139
0.43505 0.31722
0.41994 0.29305
0.40483 0.26888
0.39275 0.24471
0.37462 0.22054
0.3565 0.19637
0.33837 0.17221
0.31722 0.14804
0.29305 0.12387
0.26888 0.10272
0.24471 0.081571
0.22054 0.066465
0.19637 0.05136
0.17221 0.039275
0.14804 0.02719
0.12387 0.018127
0.099698 0.012085
0.075529 0.0060423
0.05136 0.0030211
0.02719 0
0.018127 0.015106
0.015106 0.039275
0.015106 0.063444
0.015106 0.087613
0.015106 0.11178
0.015106 0.13595
0.015106 0.16012
0.015106 0.18429
0.015106 0.20846
0.012085 0.23263
0.012085 0.2568
0.012085 0.28097
0.012085 0.30514
0.012085 0.32931
0.012085 0.35347
0.012085 0.37764
0.0090634 0.40181
0.0090634 0.42598
0.0090634 0.45015
0.0090634 0.47432
0.0090634 0.49849
0.0090634 0.50151
# triangles
19 20 21
36 46 49
19 21 22
7 8 53
7 53 55
3 57 59
33 35 49
35 36 49
13 27 28
10 12 30
10 30 31
9 10 33
10 31 33
12 29 30
13 28 29
12 13 29
18 19 22
63 64 106
64 65 106
2 3 59
8 9 52
8 52 53
3 5 57
5 55 57
57 58 59
55 56 57
81 82 91
82 90 91
33 34 35
42 43 44
74 75 97
69 101 102
69 70 71
69 71 101
68 69 102
13 14 27
10 11 12
18 22 23
1 2 61
59 60 61
2 59 61
9 33 51
9 51 52
33 49 51
49 50 51
3 4 5
6 7 55
5 6 55
53 54 55
82 83 90
31 32 33
80 91 92
80 81 91
40 42 44
40 41 42
40 44 45
75 76 95
76 77 95
73 74 98
74 97 98
1 61 62
0 62 63
0 1 62
63 106 107
0 63 107
85 87 88
84 85 88
85 86 87
83 89 90
83 84 89
84 88 89
36 37 46
38 45 46
38 40 45
37 38 46
38 39 40
75 96 97
75 95 96
77 78 94
77 94 95
72 73 99
73 98 99
78 79 93
78 93 94
80 92 93
79 80 93
71 72 100
72 99 100
71 100 101
65 105 106
68 102 104
102 103 104
67 68 104
66 67 104
65 66 104
65 104 105
46 48 49
46 47 48
14 15 26
14 26 27
17 18 23
17 23 24
15 16 26
16 25 26
16 17 24
16 24 25
