# points
0.057576 0.5
0.069697 0.52424
0.081818 0.54848
0.093939 0.57273
0.10606 0.59697
0.11515 0.62121
0.090909 0.6303
0.066667 0.64242
0.042424 0.65152
0.018182 0.66364
0.0060606 0.68182
0.0060606 0.70606
0.0060606 0.7303
0.0060606 0.75455
0.0030303 0.77879
0.0030303 0.80303
0.0030303 0.82727
0.0030303 0.85152
0.0030303 0.87576
0.0030303 0.9
0.0030303 0.92424
0.0030303 0.94848
0 0.97273
0 0.99697
0.024242 1
0.048485 0.99697
0.072727 0.99697
0.09697 0.99394
0.12121 0.98788
0.14545 0.98485
0.1697 0.97879
0.19394 0.97273
0.21818 0.96667
0.24242 0.95758
0.26667 0.94848
0.29091 0.93636
0.31515 0.92424
0.33939 0.91212
0.36364 0.89697
0.38788 0.87879
0.41212 0.86061
0.43636 0.83939
0.45758 0.81818
0.48182 0.79394
0.5 0.7697
0.51515 0.74545
0.5303 0.72121
0.54242 0.69697
0.55455 0.67273
0.56061 0.64848
0.5697 0.62424
0.57576 0.6
0.57879 0.57576
0.58182 0.55152
0.58485 0.52727
0.58485 0.50303
0.58182 0.47879
0.58182 0.45455
0.57879 0.4303
0.57273 0.40606
0.5697 0.38182
0.56061 0.35758
0.55455 0.33333
0.54545 0.30909
0.53333 0.28485
0.52121 0.26061
0.50909 0.23636
0.49091 0.21212
0.47273 0.18788
0.45455 0.16667
0.4303 0.14242
0.40606 0.12121
0.38182 0.10303
0.35758 0.087879
0.33333 0.075758
0.30909 0.063636
0.28485 0.051515
0.26061 0.042424
0.23636 0.033333
0.21212 0.027273
0.18788 0.021212
0.16364 0.015152
0.13939 0.012121
0.11515 0.0090909
0.090909 0.0060606
0.066667 0.0030303
0.042424 0
0.018182 0
0.018182 0.024242
0.015152 0.048485
0.015152 0.072727
0.015152 0.09697
0.015152 0.12121
0.015152 0.14545
0.015152 0.1697
0.015152 0.19394
0.012121 0.21818
0.012121 0.24242
0.012121 0.26667
0.012121 0.29091
0.012121 0.31515
0.012121 0.33939
0.012121 0.36364
0.012121 0.38788
0.012121 0.41212
0.024242 0.43636
0.036364 0.46061
0.048485 0.48485
0.057576 0.5
# triangles
86 87 88
22 23 24
5 43 44
0 65 67
0 64 65
15 31 32
21 25 26
22 24 25
21 22 25
69 70 101
65 66 67
5 42 43
5 41 42
5 38 39
5 34 35
5 35 36
5 52 53
5 49 52
50 51 52
49 50 52
4 53 56
4 5 53
4 56 59
3 4 59
0 1 64
1 61 64
5 44 45
5 45 46
5 47 49
5 46 47
47 48 49
70 100 101
77 78 95
0 67 107
67 106 107
68 101 106
67 68 106
68 69 101
61 63 64
5 40 41
5 39 40
15 32 33
5 33 34
5 37 38
5 36 37
1 2 61
2 59 61
2 3 59
17 29 30
15 16 31
16 30 31
16 17 30
18 28 29
17 18 29
75 97 98
7 8 11
7 11 12
8 9 11
9 10 11
78 79 95
103 104 105
101 102 106
102 105 106
102 103 105
59 60 61
5 13 33
5 6 13
7 12 13
6 7 13
19 27 28
18 19 28
71 99 100
71 72 99
70 71 100
75 76 97
76 96 97
76 77 95
76 95 96
74 98 99
74 75 98
79 94 95
61 62 63
14 15 33
13 14 33
20 26 27
19 20 27
20 21 26
72 73 99
73 74 99
56 58 59
56 57 58
82 92 93
83 91 92
82 83 92
80 93 94
79 80 94
84 90 91
83 84 91
81 82 93
80 81 93
85 89 90
84 85 90
85 86 88
85 88 89
53 55 56
53 54 55
