# points
0.047516 0.41469
0.032397 0.4406
0.021598 0.46652
0.012959 0.49244
0.0064795 0.51836
0.0021598 0.54428
0 0.57019
0 0.59611
0.0043197 0.62203
0.0086393 0.64795
0.012959 0.67387
0.021598 0.69978
0.034557 0.7257
0.047516 0.75162
0.064795 0.77754
0.090713 0.8013
0.11663 0.81425
0.14255 0.82289
0.16847 0.82721
0.19438 0.82721
0.2203 0.82505
0.24622 0.82073
0.27214 0.81425
0.29806 0.80346
0.32397 0.7905
0.34989 0.77322
0.37581 0.75594
0.40173 0.7365
0.42765 0.7149
0.4514 0.6933
0.47732 0.66739
0.50108 0.64363
0.52268 0.61771
0.54212 0.59179
0.56156 0.56587
0.57883 0.53996
0.58963 0.56371
0.59827 0.58963
0.60475 0.61555
0.60907 0.64147
0.61555 0.66739
0.62203 0.6933
0.62851 0.71922
0.63931 0.74514
0.65659 0.77106
0.68251 0.7905
0.70842 0.8013
0.73434 0.80562
0.76026 0.80562
0.78618 0.80346
0.8121 0.79698
0.83801 0.78618
0.86393 0.77322
0.88985 0.7581
0.91577 0.73866
0.93952 0.71706
0.95896 0.6933
0.97192 0.66739
0.98272 0.64147
0.99136 0.61555
0.99568 0.58963
1 0.56371
1 0.5378
0.99784 0.51188
0.99568 0.48596
0.9892 0.46004
0.98272 0.43413
0.97192 0.40821
0.96112 0.38229
0.946 0.35637
0.93089 0.33045
0.90929 0.30454
0.88985 0.28078
0.86825 0.25486
0.84233 0.2311
0.81641 0.20734
0.7905 0.1879
0.76458 0.16847
0.73866 0.15119
0.71274 0.13607
0.68683 0.11879
0.66091 0.10367
0.63499 0.088553
0.60907 0.073434
0.58315 0.056156
0.55724 0.038877
0.53132 0.019438
0.5054 0
0.4838 0.023758
0.45788 0.047516
0.43197 0.073434
0.40605 0.097192
0.38013 0.11879
0.35421 0.13823
0.32829 0.15983
0.30238 0.17927
0.27646 0.20086
0.25054 0.2203
0.22462 0.2419
0.1987 0.2635
0.17279 0.2851
0.14687 0.30886
0.12311 0.33261
0.099352 0.35421
0.077754 0.37797
0.056156 0.40389
0.047516 0.41469
# triangles
31 100 101
35 95 96
35 94 95
86 87 88
35 81 92
35 80 81
60 61 62
27 28 104
9 10 11
9 11 12
6 7 8
6 8 25
8 9 25
13 18 19
12 13 19
13 17 18
34 35 98
34 98 99
33 99 100
33 34 99
28 103 104
28 102 103
28 29 102
30 31 101
30 101 102
29 30 102
35 97 98
35 96 97
35 92 93
35 93 94
35 75 76
35 79 80
35 78 79
63 64 65
65 66 67
35 74 75
35 73 74
35 69 71
69 70 71
14 15 16
13 16 17
13 14 16
37 60 62
37 62 63
37 63 65
37 38 60
31 32 100
32 33 100
35 77 78
35 76 77
81 82 92
83 84 90
85 86 88
35 72 73
35 71 72
5 6 25
5 25 26
2 26 27
9 24 25
9 23 24
9 12 21
9 21 23
58 59 60
38 58 60
36 65 67
36 37 65
36 67 68
35 36 69
36 68 69
43 46 47
83 90 91
82 91 92
82 83 91
85 88 89
84 89 90
84 85 89
27 104 105
2 27 105
2 3 26
12 19 20
12 20 21
21 22 23
55 56 57
38 57 58
39 52 53
38 39 54
39 53 54
54 55 57
38 54 57
43 45 46
43 44 45
42 43 47
1 2 105
4 5 26
3 4 26
40 41 51
40 51 52
39 40 52
41 50 51
41 49 50
41 48 49
42 47 48
41 42 48
0 1 105
