# points
0.1704 0.43049
0.15022 0.45291
0.12556 0.47982
0.10314 0.50673
0.080717 0.53363
0.06278 0.56054
0.044843 0.58744
0.029148 0.61435
0.017937 0.64126
0.0089686 0.66816
0.0022422 0.69507
0 0.72197
0.0022422 0.74888
0.011211 0.77578
0.026906 0.80269
0.05157 0.82735
0.078475 0.84305
0.10538 0.85202
0.13229 0.8565
0.15919 0.85874
0.1861 0.8565
0.213 0.85426
0.23991 0.84529
0.26682 0.83632
0.29372 0.82287
0.32063 0.80717
0.34753 0.787
0.37444 0.76233
0.39238 0.73543
0.41031 0.70852
0.42377 0.68161
0.43722 0.65471
0.45067 0.6278
0.46413 0.6009
0.47758 0.57399
0.49327 0.56951
0.50448 0.59641
0.51794 0.62332
0.53139 0.65022
0.54484 0.67713
0.56054 0.70404
0.57848 0.73094
0.59865 0.75785
0.62332 0.78475
0.64798 0.80717
0.67489 0.82287
0.70179 0.83408
0.7287 0.83632
0.75561 0.83632
0.78251 0.83184
0.80942 0.82511
0.83632 0.8139
0.86323 0.80045
0.89013 0.78475
0.91704 0.76457
0.93946 0.74215
0.95964 0.71525
0.97309 0.68834
0.9843 0.66143
0.99103 0.63453
0.99776 0.60762
1 0.58072
1 0.55381
0.99776 0.52691
0.99327 0.5
0.98879 0.47309
0.97982 0.44619
0.96861 0.41928
0.9574 0.39238
0.9417 0.36547
0.92377 0.33857
0.90359 0.31166
0.88117 0.28475
0.8565 0.26009
0.83632 0.23991
0.80942 0.21525
0.78251 0.19507
0.75561 0.17489
0.7287 0.15695
0.70179 0.13901
0.67489 0.12332
0.64798 0.10762
0.62108 0.091928
0.59417 0.076233
0.56726 0.058296
0.54036 0.040359
0.51345 0.020179
0.48655 0
0.46413 0.026906
0.4417 0.053812
0.41928 0.080717
0.40135 0.10762
0.38117 0.13453
0.36547 0.16143
0.34978 0.18834
0.33408 0.21525
0.31839 0.24215
0.30045 0.26906
0.28251 0.29596
0.26457 0.32287
0.24439 0.34978
0.21973 0.37668
0.19731 0.40359
0.1704 0.43049
0.1704 0.43049
# triangles
11 12 13
11 13 16
86 87 88
85 86 88
6 22 23
5 6 23
5 23 24
9 19 20
8 9 20
6 7 22
7 8 20
7 20 22
3 4 28
0 1 32
34 100 101
34 101 102
35 95 96
34 35 98
9 18 19
85 89 90
85 88 89
20 21 22
4 26 28
4 5 26
34 99 100
34 98 99
33 34 102
0 32 33
0 33 102
35 96 97
35 97 98
80 94 95
35 80 95
39 59 61
59 60 61
39 61 62
39 62 63
38 66 67
38 64 66
38 39 63
38 63 64
37 38 67
9 10 17
9 17 18
11 16 17
10 11 17
5 24 25
5 25 26
1 31 32
3 28 29
3 29 30
2 3 30
1 2 31
2 30 31
81 93 94
80 81 94
26 27 28
55 56 57
54 55 57
53 54 57
57 58 59
41 53 57
64 65 66
41 52 53
41 42 52
82 92 93
81 82 93
39 40 59
40 57 59
40 41 57
42 51 52
42 43 51
43 50 51
83 91 92
82 83 92
35 70 71
35 36 70
35 73 74
35 77 78
35 76 77
43 49 50
43 48 49
84 85 90
84 90 91
83 84 91
36 69 70
36 37 69
67 68 69
37 67 69
35 71 72
35 72 73
35 79 80
35 78 79
35 74 75
35 75 76
43 47 48
45 46 47
43 44 47
44 45 47
14 15 16
13 14 16
