# points
0.047516 0.40821
0.034557 0.43197
0.023758 0.45572
0.015119 0.47948
0.0086393 0.50324
0.0043197 0.527
0.0021598 0.55076
0 0.57451
0.0021598 0.59827
0.0043197 0.62203
0.0086393 0.64579
0.015119 0.66955
0.021598 0.6933
0.032397 0.71706
0.045356 0.74082
0.060475 0.76458
0.082073 0.78618
0.10583 0.80346
0.12959 0.8121
0.15335 0.81857
0.17711 0.82073
0.20086 0.82073
0.22462 0.81857
0.24838 0.81425
0.27214 0.80778
0.2959 0.79914
0.31965 0.78618
0.34341 0.77106
0.36717 0.7581
0.39093 0.7473
0.41469 0.73866
0.43844 0.73218
0.4622 0.71922
0.4838 0.69762
0.50108 0.67603
0.51404 0.68683
0.53132 0.71058
0.55292 0.73218
0.57667 0.74514
0.60043 0.75378
0.62419 0.76242
0.64795 0.7689
0.67171 0.77754
0.69546 0.7905
0.71922 0.79698
0.74298 0.8013
0.76674 0.79914
0.7905 0.79482
0.81425 0.78834
0.83801 0.7797
0.86177 0.7689
0.88553 0.75594
0.90929 0.73866
0.93305 0.71922
0.95248 0.69762
0.96544 0.67387
0.9784 0.65011
0.98704 0.62635
0.99352 0.60259
0.99784 0.57883
1 0.55508
1 0.53132
0.99784 0.50756
0.99568 0.4838
0.99136 0.46004
0.98488 0.43629
0.97624 0.41253
0.9676 0.38877
0.95464 0.36501
0.94168 0.34125
0.92657 0.31749
0.90713 0.29374
0.88769 0.27214
0.86825 0.24838
0.84449 0.22678
0.82073 0.20518
0.79698 0.18575
0.77322 0.16847
0.74946 0.15119
0.7257 0.13607
0.70194 0.12311
0.67819 0.10799
0.65443 0.092873
0.63067 0.079914
0.60691 0.066955
0.58315 0.049676
0.5594 0.034557
0.53564 0.017279
0.51188 0
0.49028 0.010799
0.46868 0.032397
0.44492 0.053996
0.42117 0.075594
0.39741 0.097192
0.37365 0.11663
0.34989 0.13607
0.32613 0.15551
0.30238 0.17279
0.27862 0.19222
0.25486 0.21166
0.2311 0.22894
0.20734 0.25054
0.18359 0.26998
0.15983 0.29158
0.13607 0.31317
0.11447 0.33261
0.092873 0.35421
0.073434 0.37581
0.053996 0.39957
0.047516 0.40821
# triangles
34 80 95
11 22 23
9 10 27
8 9 27
3 4 28
4 27 28
2 3 28
28 106 107
34 72 74
34 99 100
34 98 99
34 95 96
34 76 77
86 90 91
13 21 22
11 12 13
11 13 22
4 5 27
1 2 28
1 28 107
34 100 101
28 29 106
29 105 106
29 30 34
0 1 108
1 107 108
35 41 66
35 66 68
35 68 69
35 69 71
34 35 72
35 71 72
66 67 68
34 75 76
34 74 75
69 70 71
72 73 74
34 97 98
34 96 97
34 77 78
86 87 90
34 101 102
80 81 95
85 86 91
53 54 55
52 53 55
14 15 16
14 20 21
13 14 21
10 11 26
10 26 27
6 7 8
6 8 27
5 6 27
42 59 60
42 60 61
41 42 62
42 61 62
30 33 34
31 32 33
30 31 33
34 79 80
34 78 79
87 88 89
87 89 90
34 102 103
81 94 95
83 93 94
83 84 93
52 55 58
42 58 59
42 52 58
14 18 20
14 16 18
16 17 18
41 65 66
41 64 65
41 62 63
41 63 64
24 25 26
11 23 24
11 24 26
35 40 41
35 39 40
35 36 39
29 104 105
29 34 104
34 103 104
82 83 94
81 82 94
84 92 93
85 91 92
84 85 92
55 56 57
55 57 58
18 19 20
42 44 46
42 50 52
42 49 50
42 48 49
36 37 38
36 38 39
42 43 44
44 45 46
50 51 52
42 46 47
42 47 48
