# points
0.047516 0.40389
0.032397 0.42981
0.021598 0.45572
0.012959 0.48164
0.0064795 0.50756
0.0021598 0.53348
0 0.5594
0 0.58531
0.0043197 0.61123
0.0086393 0.63715
0.012959 0.66307
0.021598 0.68898
0.034557 0.7149
0.047516 0.74082
0.064795 0.76674
0.090713 0.7905
0.11663 0.80346
0.14255 0.8121
0.16847 0.81641
0.19438 0.81641
0.2203 0.81425
0.24622 0.80994
0.27214 0.80346
0.29806 0.79266
0.32397 0.7797
0.34989 0.76242
0.37149 0.74082
0.37797 0.7149
0.37365 0.68898
0.36717 0.66307
0.35853 0.63715
0.34989 0.61123
0.34557 0.58531
0.34557 0.5594
0.34989 0.53348
0.36501 0.53996
0.38445 0.56587
0.40821 0.59179
0.43413 0.61555
0.46004 0.63715
0.48596 0.65659
0.51188 0.67603
0.5378 0.6933
0.56371 0.71058
0.58963 0.72786
0.61555 0.74298
0.64147 0.7581
0.66739 0.77106
0.6933 0.78402
0.71922 0.79266
0.74514 0.79698
0.77106 0.79482
0.79698 0.7905
0.82289 0.78186
0.84881 0.77106
0.87473 0.7581
0.90065 0.74082
0.92657 0.71922
0.94816 0.69762
0.96544 0.67171
0.9784 0.64579
0.98704 0.61987
0.99352 0.59395
0.99784 0.56803
1 0.54212
1 0.5162
0.99784 0.49028
0.99352 0.46436
0.98704 0.43844
0.9784 0.41253
0.9676 0.38661
0.95464 0.36069
0.93952 0.33477
0.92225 0.30886
0.90281 0.28294
0.88121 0.25918
0.85745 0.23326
0.83153 0.2095
0.80562 0.1879
0.7797 0.16847
0.75378 0.15119
0.72786 0.13391
0.70194 0.11879
0.67603 0.10151
0.65011 0.086393
0.62419 0.071274
0.59827 0.056156
0.57235 0.038877
0.54644 0.021598
0.52052 0.0021598
0.4946 0
0.473 0.023758
0.44708 0.047516
0.42117 0.071274
0.39525 0.095032
0.36933 0.11663
0.34341 0.13607
0.31749 0.15767
0.29158 0.17711
0.26566 0.1987
0.23974 0.21814
0.21382 0.23974
0.1879 0.26134
0.16199 0.2851
0.13607 0.30886
0.11231 0.33045
0.088553 0.35421
0.066955 0.37797
0.047516 0.40389
0.047516 0.40389
# triangles
10 11 32
48 49 51
0 1 34
34 101 102
0 34 107
34 106 107
35 83 95
35 82 83
47 48 51
6 7 8
14 15 16
49 50 51
34 98 99
5 6 33
6 8 33
8 32 33
4 5 33
3 4 33
1 2 34
2 33 34
2 3 33
34 105 106
35 95 96
89 90 91
35 81 82
35 80 81
38 78 79
37 38 79
37 79 80
47 51 53
9 10 32
8 9 32
13 18 19
13 14 16
35 36 80
36 37 80
21 30 31
21 22 30
22 23 30
38 39 78
34 100 101
34 99 100
34 102 103
42 74 75
42 73 74
43 44 70
44 69 70
44 68 69
46 62 63
46 56 62
35 96 97
34 35 97
34 97 98
88 89 91
87 88 92
88 91 92
86 87 92
86 92 93
83 84 95
84 94 95
84 85 94
86 93 94
85 86 94
51 52 53
47 53 54
57 58 59
59 60 61
57 59 61
56 61 62
56 57 61
12 19 31
12 13 19
11 12 32
12 31 32
13 17 18
13 16 17
19 20 31
20 21 31
24 25 28
39 77 78
25 27 28
25 26 27
34 104 105
34 103 104
43 71 72
43 70 71
45 65 66
45 64 65
45 63 64
45 46 63
45 66 67
45 67 68
44 45 68
46 55 56
24 28 29
23 29 30
23 24 29
40 75 76
40 76 77
39 40 77
41 42 75
40 41 75
43 72 73
42 43 73
47 54 55
46 47 55
