# points
0.047516 0.40389
0.032397 0.43197
0.019438 0.46004
0.010799 0.48812
0.0043197 0.5162
0.0021598 0.54428
0 0.57235
0.0021598 0.60043
0.0064795 0.62851
0.012959 0.65659
0.021598 0.68467
0.032397 0.71274
0.047516 0.74082
0.066955 0.7689
0.095032 0.7905
0.12311 0.80562
0.15119 0.81425
0.17927 0.81641
0.20734 0.81641
0.23542 0.8121
0.2635 0.80562
0.29158 0.79482
0.31965 0.78186
0.34773 0.76458
0.37581 0.74514
0.39525 0.72354
0.41685 0.69546
0.43413 0.66739
0.44924 0.63931
0.4622 0.61123
0.47516 0.58315
0.49028 0.55508
0.5054 0.527
0.51836 0.55508
0.53132 0.58315
0.54644 0.61123
0.56156 0.63931
0.57667 0.66739
0.59611 0.69546
0.61555 0.72354
0.63931 0.74946
0.66739 0.77106
0.69546 0.78618
0.72354 0.79482
0.75162 0.79698
0.7797 0.79266
0.80778 0.78618
0.83585 0.77754
0.86393 0.76242
0.89201 0.7473
0.92009 0.7257
0.94384 0.70194
0.96328 0.67387
0.9784 0.64579
0.98704 0.61771
0.99352 0.58963
0.99784 0.56156
1 0.53348
0.99784 0.5054
0.99568 0.47732
0.9892 0.44924
0.98056 0.42117
0.96976 0.39309
0.9568 0.36501
0.94168 0.33693
0.92225 0.30886
0.89849 0.28078
0.87473 0.2527
0.85313 0.2311
0.82505 0.20302
0.79914 0.18359
0.77106 0.16199
0.74298 0.14255
0.7149 0.12527
0.68683 0.10799
0.65875 0.092873
0.63067 0.075594
0.60259 0.058315
0.57451 0.038877
0.54644 0.021598
0.51836 0
0.49244 0.0043197
0.47516 0.032397
0.4622 0.060475
0.4514 0.088553
0.4406 0.11663
0.43197 0.14471
0.42333 0.17279
0.41253 0.20086
0.39741 0.22894
0.37365 0.25486
0.34557 0.27214
0.31749 0.28078
0.28942 0.28726
0.26134 0.29158
0.23326 0.29806
0.20518 0.30238
0.17711 0.30886
0.14903 0.31749
0.12095 0.33045
0.092873 0.35205
0.066955 0.37797
0.047516 0.40389
# triangles
7 8 23
5 6 7
29 30 95
32 90 91
30 31 93
31 32 93
32 69 70
32 72 73
56 57 58
8 9 22
8 22 23
7 23 25
5 7 25
97 100 101
28 96 97
28 29 96
29 95 96
1 28 97
1 97 101
0 1 101
32 89 90
32 73 89
73 88 89
30 94 95
30 93 94
32 91 92
32 92 93
32 71 72
32 70 71
58 59 60
32 68 69
32 67 68
32 66 67
9 10 21
9 21 22
12 13 14
11 12 17
12 14 17
3 4 5
3 5 27
1 2 3
3 27 28
1 3 28
5 26 27
5 25 26
98 99 100
97 98 100
76 77 86
78 79 83
73 74 88
74 75 88
76 86 87
75 76 87
75 87 88
10 11 19
23 24 25
14 15 17
15 16 17
77 78 84
78 83 84
79 82 83
80 81 82
79 80 82
10 20 21
10 19 20
11 17 18
11 18 19
36 56 58
48 49 50
50 51 52
50 52 54
52 53 54
37 54 55
36 37 55
36 55 56
77 85 86
77 84 85
35 61 62
35 60 61
35 58 60
35 36 58
38 48 50
38 50 54
37 38 54
39 40 46
38 39 46
38 46 48
34 62 63
34 35 62
40 41 45
40 45 46
41 42 45
42 43 45
43 44 45
46 47 48
32 33 66
33 65 66
33 64 65
33 63 64
33 34 63
