# points
0.047516 0.41253
0.032397 0.43844
0.021598 0.46436
0.012959 0.49028
0.0064795 0.5162
0.0021598 0.54212
0 0.56803
0 0.59395
0.0043197 0.61987
0.0086393 0.64579
0.012959 0.67171
0.021598 0.69762
0.034557 0.72354
0.047516 0.74946
0.064795 0.77538
0.090713 0.79914
0.11663 0.8121
0.14255 0.82073
0.16847 0.82505
0.19438 0.82505
0.2203 0.82289
0.24622 0.81857
0.27214 0.8121
0.29806 0.8013
0.32397 0.78834
0.34989 0.77106
0.37581 0.75594
0.40173 0.73866
0.42765 0.71922
0.45356 0.69546
0.47516 0.66955
0.49244 0.64363
0.50756 0.62635
0.52052 0.65227
0.5378 0.67819
0.55724 0.7041
0.58099 0.7257
0.60691 0.74514
0.63283 0.76242
0.65875 0.77538
0.68467 0.78834
0.71058 0.79914
0.7365 0.80346
0.76242 0.80346
0.78834 0.8013
0.81425 0.79266
0.84017 0.78402
0.86609 0.77106
0.89201 0.75594
0.91793 0.7365
0.94168 0.7149
0.96112 0.68898
0.97408 0.66307
0.98272 0.63715
0.99136 0.61123
0.99568 0.58531
1 0.5594
1 0.53348
0.99784 0.50756
0.99352 0.48164
0.9892 0.45572
0.98056 0.42981
0.97192 0.40389
0.95896 0.37797
0.946 0.35205
0.92873 0.32613
0.90929 0.30022
0.88769 0.27646
0.86609 0.25054
0.84017 0.22678
0.81425 0.20302
0.78834 0.18359
0.76242 0.16415
0.7365 0.14903
0.71058 0.13175
0.68467 0.11663
0.65875 0.10151
0.63283 0.086393
0.60691 0.071274
0.58099 0.053996
0.55508 0.036717
0.52916 0.017279
0.50324 0
0.48164 0.023758
0.45572 0.047516
0.42981 0.073434
0.40389 0.095032
0.37797 0.11879
0.35205 0.13823
0.32613 0.15983
0.30022 0.17927
0.2743 0.20086
0.24838 0.2203
0.22246 0.2419
0.19654 0.2635
0.17063 0.2851
0.14471 0.30886
0.12095 0.33261
0.097192 0.35421
0.075594 0.37797
0.053996 0.40389
0.047516 0.41253
# triangles
32 75 87
6 8 25
6 7 8
12 20 21
5 6 25
32 63 65
32 61 63
32 69 70
32 67 69
32 65 66
32 66 67
32 90 91
32 89 90
12 19 20
32 59 61
3 4 25
4 5 25
32 93 94
32 94 95
32 95 96
0 1 100
1 2 100
31 32 96
26 99 100
2 26 100
3 25 26
2 3 26
28 98 99
28 29 98
63 64 65
61 62 63
67 68 69
32 92 93
32 91 92
32 87 88
32 88 89
32 70 71
32 74 75
32 73 74
9 21 23
8 9 25
9 12 21
9 10 11
9 11 12
21 22 23
14 15 16
13 16 17
13 17 18
13 14 16
13 18 19
12 13 19
59 60 61
31 96 97
30 31 97
29 97 98
29 30 97
36 37 59
37 38 39
37 39 55
26 27 99
27 28 99
32 72 73
32 71 72
79 84 85
75 76 87
76 77 87
77 86 87
9 24 25
9 23 24
43 44 45
39 45 47
32 34 59
34 36 59
37 58 59
37 55 58
81 82 83
78 85 86
77 78 86
78 79 85
40 41 42
40 42 43
39 40 45
40 43 45
39 53 55
39 47 53
47 48 53
53 54 55
45 46 47
32 33 34
34 35 36
55 56 57
55 57 58
80 83 84
80 81 83
79 80 84
49 52 53
49 50 51
49 51 52
48 49 53
