# points
0.023758 0.36717
0.015119 0.39309
0.0086393 0.41901
0.0043197 0.44492
0 0.47084
0 0.49676
0.0021598 0.52268
0.0064795 0.5486
0.010799 0.57451
0.019438 0.60043
0.030238 0.62635
0.043197 0.65227
0.058315 0.67819
0.082073 0.70194
0.10799 0.71922
0.13391 0.73002
0.15983 0.73434
0.18575 0.7365
0.21166 0.7365
0.23758 0.73218
0.2635 0.7257
0.28942 0.71706
0.31533 0.7041
0.34125 0.68898
0.36717 0.67171
0.39309 0.65659
0.41901 0.63715
0.44276 0.61771
0.46652 0.59179
0.4838 0.56587
0.50108 0.53996
0.5162 0.55292
0.52916 0.57883
0.5486 0.60475
0.57019 0.62635
0.59611 0.65011
0.62203 0.66739
0.64795 0.68251
0.67387 0.69546
0.69978 0.70842
0.7257 0.7149
0.75162 0.71706
0.77754 0.7149
0.80346 0.70842
0.82937 0.69978
0.85529 0.68898
0.88121 0.67387
0.90713 0.65659
0.93305 0.63499
0.95464 0.61123
0.9676 0.58531
0.98056 0.5594
0.9892 0.53348
0.99352 0.50756
0.99784 0.48164
1 0.45572
0.99784 0.42981
0.99568 0.40389
0.99136 0.37797
0.98488 0.35205
0.97624 0.32613
0.96544 0.30022
0.95248 0.2743
0.93521 0.24838
0.91793 0.22246
0.89633 0.19654
0.87257 0.17063
0.84665 0.14687
0.82073 0.12959
0.79482 0.11447
0.7689 0.10367
0.74298 0.095032
0.71706 0.086393
0.69114 0.077754
0.66523 0.069114
0.63931 0.060475
0.61339 0.049676
0.58747 0.034557
0.56156 0.019438
0.53564 0
0.51188 0.021598
0.49028 0.041037
0.46436 0.060475
0.43844 0.075594
0.41253 0.090713
0.38661 0.10367
0.36069 0.11663
0.33477 0.12743
0.30886 0.13823
0.28294 0.14903
0.25702 0.15983
0.2311 0.17279
0.20518 0.18575
0.17927 0.20086
0.15335 0.21814
0.12743 0.23974
0.10151 0.2635
0.077754 0.28726
0.056156 0.31317
0.038877 0.33909
0.025918 0.36501
0.023758 0.36717
# triangles
5 6 24
54 55 56
30 91 92
24 97 98
30 86 87
78 79 80
30 83 84
30 75 83
30 70 71
7 8 9
48 49 50
13 14 16
11 12 13
11 13 16
10 11 17
11 16 17
0 1 100
2 24 100
1 2 100
24 98 100
98 99 100
30 93 94
30 92 93
30 94 95
24 25 97
25 26 97
31 56 57
31 57 58
31 58 59
31 59 60
31 60 61
31 61 63
31 63 64
31 64 65
31 65 66
31 66 68
30 31 70
31 68 70
34 36 56
31 34 56
31 33 34
30 90 91
30 89 90
30 87 88
30 88 89
30 84 85
30 85 86
30 71 72
30 72 73
30 74 75
30 73 74
75 82 83
61 62 63
68 69 70
66 67 68
7 9 22
47 48 50
46 47 50
14 15 16
46 50 53
37 46 53
51 52 53
50 51 53
36 37 53
53 54 56
36 53 56
2 3 24
3 4 5
3 5 24
26 96 97
34 35 36
31 32 33
78 80 81
77 78 81
7 22 23
6 23 24
6 7 23
9 10 20
9 20 22
29 30 95
29 95 96
26 29 96
26 27 29
75 76 82
76 81 82
76 77 81
10 19 20
10 17 19
17 18 19
20 21 22
37 44 46
37 38 44
27 28 29
38 39 40
38 40 41
38 43 44
44 45 46
38 41 42
38 42 43
