# points
0.1861 0.42377
0.15919 0.45067
0.13229 0.47982
0.10762 0.50897
0.08296 0.53812
0.060538 0.56726
0.042601 0.59641
0.026906 0.62556
0.013453 0.65471
0.0044843 0.68386
0 0.713
0.0022422 0.74215
0.011211 0.7713
0.029148 0.80045
0.058296 0.82511
0.087444 0.84081
0.11659 0.84753
0.14574 0.85202
0.17489 0.85202
0.20404 0.84753
0.23318 0.84081
0.26233 0.83184
0.29148 0.81839
0.32063 0.79821
0.34305 0.77354
0.34978 0.74439
0.34978 0.71525
0.34978 0.6861
0.34978 0.65695
0.35202 0.6278
0.36099 0.59865
0.38117 0.56951
0.40359 0.54036
0.42601 0.51121
0.44843 0.48206
0.46861 0.45291
0.49103 0.42601
0.50673 0.45516
0.52691 0.4843
0.54709 0.51345
0.56502 0.5426
0.5852 0.57175
0.60538 0.6009
0.62108 0.63004
0.63004 0.65919
0.63229 0.68834
0.63677 0.71749
0.63901 0.74664
0.6435 0.77578
0.65695 0.80493
0.6861 0.82063
0.71525 0.8296
0.74439 0.83184
0.77354 0.82735
0.80269 0.82063
0.83184 0.80942
0.86099 0.79596
0.89013 0.77803
0.91928 0.75561
0.94395 0.73094
0.96413 0.70179
0.97758 0.67265
0.98655 0.6435
0.99552 0.61435
0.99776 0.5852
1 0.55605
0.99776 0.52691
0.99552 0.49776
0.98879 0.46861
0.97982 0.43946
0.96861 0.41031
0.95516 0.38117
0.93722 0.35202
0.91704 0.32287
0.89462 0.29596
0.86996 0.26682
0.84529 0.23991
0.81614 0.21525
0.787 0.19058
0.75785 0.1704
0.7287 0.15022
0.69955 0.13229
0.6704 0.11435
0.64126 0.098655
0.61211 0.080717
0.58296 0.06278
0.55381 0.044843
0.52466 0.022422
0.49552 0
0.46861 0.013453
0.43946 0.040359
0.41031 0.069507
0.38117 0.09417
0.35202 0.11883
0.32287 0.14126
0.29372 0.16592
0.26457 0.18834
0.23543 0.21076
0.20628 0.23543
0.17713 0.25785
0.14798 0.28475
0.15022 0.3139
0.16592 0.34305
0.18161 0.3722
0.19058 0.40135
0.1861 0.42377
# triangles
7 8 17
6 7 19
6 27 28
0 30 31
0 1 30
36 94 95
87 88 89
87 89 90
8 16 17
6 20 27
6 19 20
7 17 18
7 18 19
35 36 97
99 101 102
98 99 102
99 100 101
4 28 29
3 4 29
1 2 30
2 3 29
2 29 30
36 79 80
36 80 81
36 93 94
36 92 93
36 83 84
36 84 92
36 96 97
36 95 96
8 9 16
44 58 59
44 59 60
34 35 104
33 34 104
0 33 104
62 63 64
42 68 69
42 69 70
42 70 71
42 71 72
5 6 28
4 5 28
36 78 79
37 77 78
36 37 78
36 82 83
36 81 82
84 85 92
11 12 14
12 13 14
10 11 14
9 10 14
14 15 16
9 14 16
35 97 103
35 103 104
97 98 103
98 102 103
44 60 61
44 61 62
43 62 64
43 44 62
42 43 68
41 72 73
41 42 72
85 91 92
20 21 27
21 26 27
21 22 26
64 65 66
43 64 66
66 67 68
43 66 68
0 31 32
0 32 33
86 90 91
85 86 91
86 87 90
22 23 26
39 75 76
41 73 74
39 74 75
38 76 77
38 39 76
37 38 77
45 46 55
23 24 25
23 25 26
40 41 74
39 40 74
44 57 58
44 45 56
45 55 56
44 56 57
48 49 50
46 54 55
46 53 54
47 50 51
47 48 50
47 51 52
46 47 53
47 52 53
