# points
0.047516 0.40821
0.032397 0.43629
0.019438 0.46436
0.010799 0.49244
0.0043197 0.52052
0.0021598 0.5486
0 0.57667
0.0021598 0.60475
0.0064795 0.63283
0.012959 0.66091
0.021598 0.68898
0.032397 0.71706
0.047516 0.74514
0.066955 0.77322
0.095032 0.79482
0.12311 0.80994
0.15119 0.81857
0.17927 0.82073
0.20734 0.82073
0.23542 0.81641
0.2635 0.80994
0.29158 0.79914
0.31965 0.78618
0.34773 0.7689
0.37581 0.74946
0.39525 0.72786
0.41685 0.69978
0.43413 0.67171
0.44924 0.64363
0.4622 0.61555
0.47516 0.58747
0.49028 0.5594
0.5054 0.53132
0.51836 0.5594
0.53132 0.58747
0.54644 0.61555
0.56156 0.64363
0.57667 0.67171
0.59611 0.69978
0.61555 0.72786
0.63931 0.75378
0.66739 0.77538
0.69546 0.7905
0.72354 0.79914
0.75162 0.8013
0.7797 0.79698
0.80778 0.7905
0.83585 0.78186
0.86393 0.76674
0.89201 0.75162
0.92009 0.73002
0.94384 0.70626
0.96328 0.67819
0.9784 0.65011
0.98704 0.62203
0.99352 0.59395
0.99784 0.56587
1 0.5378
0.99784 0.50972
0.99568 0.48164
0.9892 0.45356
0.98056 0.42549
0.96976 0.39741
0.9568 0.36933
0.94168 0.34125
0.92225 0.31317
0.90065 0.2851
0.87689 0.25918
0.85097 0.2311
0.82289 0.20734
0.79482 0.18359
0.76674 0.16415
0.73866 0.14471
0.71058 0.12743
0.68251 0.11015
0.65443 0.095032
0.62635 0.077754
0.59827 0.060475
0.57019 0.043197
0.54212 0.021598
0.51404 0
0.48812 0.012959
0.46436 0.036717
0.43629 0.062635
0.40821 0.088553
0.38013 0.11231
0.35205 0.13391
0.32397 0.15767
0.2959 0.17927
0.28726 0.20734
0.28942 0.23542
0.29374 0.2635
0.29806 0.29158
0.30022 0.31965
0.2959 0.34773
0.26998 0.36717
0.2419 0.36717
0.21382 0.36285
0.18575 0.35853
0.15767 0.35421
0.12959 0.35205
0.10151 0.35421
0.075594 0.37365
0.051836 0.40173
0.047516 0.40821
# triangles
32 75 93
32 68 69
32 67 68
32 71 72
32 72 73
8 9 22
8 22 23
56 57 58
36 56 58
100 101 102
32 93 94
75 85 93
32 66 67
32 65 66
32 69 70
32 70 71
32 74 75
32 73 74
9 10 21
9 21 22
12 13 14
11 12 17
12 14 17
38 50 54
37 38 54
35 60 61
35 36 58
35 58 60
33 64 65
33 63 64
33 34 63
32 33 65
26 27 96
25 26 96
23 25 96
7 8 96
8 23 96
0 1 98
1 2 98
86 87 91
87 88 89
85 92 93
86 91 92
85 86 92
76 77 84
75 76 85
76 84 85
79 80 81
79 81 82
77 83 84
10 11 19
14 15 17
15 16 17
50 51 52
50 52 54
52 53 54
37 54 55
36 37 55
36 55 56
38 48 50
58 59 60
34 62 63
34 35 62
35 61 62
5 6 7
5 7 96
27 28 95
27 95 96
28 29 95
29 30 95
30 31 95
31 32 95
32 94 95
0 99 103
0 98 99
99 100 102
99 102 103
2 3 97
2 97 98
3 4 97
4 5 97
5 96 97
87 90 91
87 89 90
77 78 83
78 82 83
78 79 82
10 20 21
10 19 20
11 17 18
11 18 19
23 24 25
38 46 48
48 49 50
46 47 48
38 39 46
39 40 46
40 45 46
42 43 45
43 44 45
41 42 45
40 41 45
