# points
0.007732 0.50258
0.010309 0.5232
0.012887 0.54381
0.018041 0.56443
0.020619 0.58505
0.025773 0.60567
0.030928 0.62629
0.036082 0.64691
0.043814 0.66753
0.051546 0.68814
0.059278 0.70876
0.069588 0.72938
0.087629 0.75
0.10825 0.76031
0.12113 0.77062
0.12629 0.79124
0.13144 0.81186
0.12887 0.83247
0.11082 0.85052
0.095361 0.86856
0.082474 0.88918
0.07732 0.90979
0.074742 0.93041
0.079897 0.95103
0.092784 0.96907
0.10825 0.98711
0.12887 0.99485
0.14948 1
0.1701 1
0.19072 0.99742
0.21134 0.98711
0.22938 0.97423
0.24227 0.95361
0.24742 0.93299
0.25258 0.91237
0.24742 0.89175
0.23711 0.87371
0.22423 0.85825
0.20619 0.84794
0.18557 0.82732
0.18814 0.8067
0.1933 0.78608
0.20103 0.76804
0.22165 0.75
0.23969 0.72938
0.25258 0.70876
0.26289 0.68814
0.2732 0.66753
0.28093 0.64691
0.28866 0.62629
0.29381 0.60567
0.30155 0.58505
0.3067 0.56443
0.30928 0.54381
0.31186 0.5232
0.31443 0.50258
0.31701 0.48196
0.31959 0.46134
0.31959 0.44072
0.32216 0.4201
0.32216 0.39948
0.31959 0.37887
0.32216 0.35825
0.32216 0.33763
0.31959 0.31701
0.31959 0.29639
0.31701 0.27577
0.31443 0.25515
0.31186 0.23454
0.3067 0.21392
0.30412 0.1933
0.29897 0.17268
0.29381 0.15206
0.28608 0.13144
0.28093 0.11082
0.27062 0.090206
0.26289 0.069588
0.25515 0.048969
0.25 0.028351
0.23196 0.010309
0.21134 0.0051546
0.19072 0
0.1701 0
0.14948 0
0.12887 0.0051546
0.10825 0.018041
0.092784 0.033505
0.079897 0.051546
0.069588 0.069588
0.059278 0.087629
0.051546 0.10825
0.043814 0.12887
0.03866 0.14948
0.030928 0.1701
0.025773 0.19072
0.020619 0.21134
0.018041 0.23196
0.012887 0.25258
0.010309 0.2732
0.007732 0.29381
0.0051546 0.31443
0.0025773 0.33505
0.0025773 0.35567
0 0.37629
0 0.39691
0 0.41753
0.0025773 0.43814
0.0025773 0.45876
0.0051546 0.47938
0.007732 0.5
0.007732 0.50258
# triangles
69 70 94
61 102 103
61 62 102
61 103 104
3 52 53
8 9 46
59 60 106
60 61 106
58 59 106
57 58 108
56 57 108
56 108 109
55 56 109
6 48 49
64 101 102
67 96 97
76 82 86
61 105 106
61 104 105
3 51 52
3 50 51
21 22 23
58 107 108
58 106 107
6 7 48
8 46 47
4 5 50
3 4 50
64 99 100
64 100 101
69 94 95
69 95 96
68 69 96
67 68 96
64 65 99
67 97 98
82 83 85
82 85 86
83 84 85
24 25 26
21 23 24
21 24 26
77 80 81
77 81 82
76 77 82
76 87 88
76 86 87
9 10 45
10 44 45
9 45 46
28 29 30
28 30 38
0 1 109
10 13 44
13 43 44
13 14 42
13 42 43
16 39 40
66 98 99
65 66 99
66 67 98
72 73 92
75 76 88
75 88 89
75 89 90
73 75 90
73 74 75
30 31 32
2 3 53
54 55 109
1 54 109
14 41 42
16 17 39
17 38 39
17 18 38
71 72 92
71 92 93
70 71 94
71 93 94
73 90 91
73 91 92
36 37 38
63 64 102
62 63 102
33 34 35
33 35 36
33 36 38
30 33 38
30 32 33
18 19 38
19 28 38
19 27 28
19 26 27
19 21 26
19 20 21
10 11 13
11 12 13
15 16 40
15 40 41
14 15 41
6 49 50
5 6 50
7 47 48
7 8 47
77 79 80
77 78 79
2 53 54
1 2 54
