# points
0.027211 0.5034
0.034014 0.53061
0.047619 0.55782
0.068027 0.58503
0.081633 0.60544
0.10884 0.63265
0.13605 0.65306
0.16327 0.67347
0.19048 0.70068
0.21769 0.71429
0.2449 0.72109
0.27211 0.71429
0.29932 0.73469
0.29932 0.7619
0.27891 0.78231
0.2517 0.79592
0.23129 0.81633
0.20408 0.83673
0.19048 0.86395
0.19048 0.89116
0.19728 0.91837
0.20408 0.94558
0.23129 0.96599
0.2585 0.98639
0.28571 0.9932
0.31293 1
0.34014 1
0.36735 1
0.39456 1
0.42177 0.9932
0.44898 0.97959
0.47619 0.96599
0.4966 0.93878
0.4966 0.91156
0.4966 0.88435
0.4966 0.85714
0.47619 0.82993
0.45578 0.80952
0.42857 0.78912
0.40136 0.77551
0.39456 0.7483
0.40136 0.72109
0.42857 0.72109
0.45578 0.71429
0.48299 0.70748
0.5102 0.70748
0.53741 0.69388
0.56463 0.67347
0.58503 0.64626
0.61224 0.61905
0.63265 0.59184
0.65306 0.56463
0.65986 0.53741
0.68027 0.5102
0.68707 0.48299
0.69388 0.45578
0.70068 0.42857
0.70748 0.40136
0.70748 0.37415
0.70748 0.34694
0.70748 0.31973
0.70068 0.29252
0.69388 0.26531
0.68707 0.2381
0.67347 0.21088
0.66667 0.18367
0.64626 0.15646
0.62585 0.12925
0.60544 0.10884
0.57823 0.081633
0.55102 0.061224
0.52381 0.047619
0.4966 0.034014
0.46939 0.027211
0.44898 0.0068027
0.42177 0.0068027
0.39456 0
0.36735 0
0.34014 0
0.31293 0
0.28571 0
0.26531 0.0068027
0.2449 0.027211
0.21769 0.040816
0.19048 0.047619
0.16327 0.068027
0.13605 0.088435
0.10884 0.10884
0.088435 0.13605
0.068027 0.15646
0.047619 0.18367
0.034014 0.21088
0.020408 0.2381
0.013605 0.26531
0.0068027 0.29252
0 0.31973
0 0.34694
0 0.37415
0 0.40136
0.0068027 0.42857
0.013605 0.45578
0.013605 0.48299
0.027211 0.5034
# triangles
64 73 83
0 11 100
11 52 100
0 6 11
0 100 101
64 68 73
28 29 37
11 41 52
26 27 39
27 28 37
11 12 41
14 26 39
52 83 88
52 88 100
83 86 88
52 55 83
52 54 55
0 1 2
73 82 83
78 79 82
79 80 82
73 74 75
64 65 66
64 66 68
83 85 86
83 84 85
86 87 88
41 48 52
41 43 48
27 38 39
27 37 38
12 40 41
13 14 39
13 39 40
12 13 40
52 53 54
88 91 93
91 92 93
17 18 19
0 2 3
0 3 6
20 21 22
24 25 26
14 24 26
73 77 82
77 78 82
73 75 77
80 81 82
66 67 68
68 71 73
71 72 73
56 57 58
62 63 64
62 64 83
55 62 83
94 95 96
88 93 94
88 94 96
88 99 100
89 90 91
88 89 91
29 30 37
50 51 52
48 50 52
43 44 48
44 47 48
41 42 43
14 16 24
16 22 24
16 20 22
16 17 19
16 19 20
3 5 6
3 4 5
22 23 24
75 76 77
68 69 71
69 70 71
59 60 61
88 96 97
88 97 99
97 98 99
48 49 50
44 46 47
44 45 46
34 35 36
30 34 37
34 36 37
14 15 16
30 31 33
31 32 33
30 33 34
9 10 11
8 9 11
6 7 11
7 8 11
58 59 61
56 58 61
55 56 61
55 61 62
