# points
0.0098039 0.5098
0.019608 0.53922
0.039216 0.56863
0.04902 0.59804
0.068627 0.62745
0.088235 0.65686
0.10784 0.67647
0.13725 0.70588
0.16667 0.72549
0.19608 0.7451
0.22549 0.76471
0.22549 0.79412
0.2549 0.79412
0.28431 0.80392
0.30392 0.78431
0.33333 0.78431
0.34314 0.81373
0.31373 0.83333
0.28431 0.85294
0.2549 0.86275
0.23529 0.88235
0.22549 0.91176
0.22549 0.94118
0.2451 0.97059
0.27451 0.98039
0.30392 0.9902
0.33333 1
0.36275 1
0.39216 1
0.42157 1
0.45098 1
0.48039 1
0.5098 0.98039
0.53922 0.97059
0.55882 0.95098
0.55882 0.92157
0.55882 0.89216
0.53922 0.86275
0.5098 0.85294
0.48039 0.83333
0.45098 0.82353
0.45098 0.79412
0.48039 0.78431
0.5098 0.78431
0.53922 0.77451
0.56863 0.7549
0.59804 0.7451
0.62745 0.72549
0.65686 0.70588
0.68627 0.67647
0.71569 0.64706
0.73529 0.61765
0.7451 0.58824
0.76471 0.55882
0.77451 0.52941
0.78431 0.5
0.78431 0.47059
0.79412 0.44118
0.79412 0.41176
0.79412 0.38235
0.78431 0.35294
0.78431 0.32353
0.77451 0.29412
0.77451 0.26471
0.7549 0.23529
0.7451 0.20588
0.72549 0.17647
0.70588 0.14706
0.67647 0.12745
0.65686 0.10784
0.63725 0.088235
0.60784 0.058824
0.57843 0.039216
0.56863 0.019608
0.53922 0.019608
0.5098 0.0098039
0.48039 0.0098039
0.45098 0.0098039
0.42157 0
0.39216 0
0.36275 0
0.33333 0
0.30392 0
0.27451 0
0.2451 0.0098039
0.22549 0.039216
0.19608 0.058824
0.16667 0.078431
0.13725 0.098039
0.10784 0.12745
0.078431 0.15686
0.058824 0.18627
0.04902 0.21569
0.029412 0.2451
0.019608 0.27451
0.0098039 0.30392
0.0098039 0.33333
0 0.36275
0 0.39216
0 0.42157
0 0.45098
0.0098039 0.48039
0.0098039 0.5098
0.0098039 0.5098
# triangles
15 68 96
16 28 40
15 16 41
16 40 41
68 69 77
69 70 77
77 80 86
68 77 92
68 92 96
28 29 40
70 71 72
70 76 77
70 72 76
56 57 58
15 60 68
56 58 60
58 59 60
52 56 60
77 78 79
77 79 80
80 85 86
83 84 85
94 95 96
92 94 96
92 93 94
77 86 87
77 87 92
15 45 60
45 52 60
96 97 98
9 14 15
18 21 24
18 24 25
18 25 26
4 5 6
2 3 4
2 15 96
2 4 6
72 74 76
74 75 76
72 73 74
66 67 68
64 66 68
64 65 66
80 81 85
90 91 92
87 89 92
89 90 92
49 50 52
45 47 49
45 49 52
52 54 56
52 53 54
54 55 56
50 51 52
35 36 38
32 35 38
30 31 32
30 32 38
30 38 39
29 30 40
30 39 40
32 33 35
45 46 47
36 37 38
10 11 12
9 10 14
10 12 14
6 7 8
8 9 15
2 8 15
2 6 8
12 13 14
17 26 27
17 18 26
17 27 28
16 17 28
2 96 101
99 100 101
0 1 101
1 2 101
60 62 68
62 64 68
62 63 64
82 83 85
81 82 85
87 88 89
47 48 49
22 23 24
21 22 24
33 34 35
15 41 42
15 42 45
42 44 45
42 43 44
60 61 62
98 99 101
96 98 101
18 19 20
18 20 21
