# points
0.038961 0.5
0.055195 0.52597
0.071429 0.55195
0.090909 0.57468
0.11039 0.59091
0.13312 0.61039
0.15909 0.62987
0.18506 0.64286
0.21104 0.65584
0.23701 0.66234
0.26299 0.66883
0.28896 0.67532
0.29545 0.69805
0.2987 0.72403
0.29221 0.74351
0.26623 0.75649
0.24351 0.77922
0.22727 0.80519
0.21753 0.83117
0.21429 0.85714
0.21429 0.88312
0.21753 0.90909
0.23052 0.93506
0.25 0.96104
0.27273 0.98052
0.2987 0.99351
0.32468 1
0.35065 1
0.37662 0.99675
0.4026 0.99026
0.42857 0.97403
0.45455 0.9513
0.47078 0.92532
0.47727 0.89935
0.48052 0.87338
0.47727 0.8474
0.47403 0.82143
0.46429 0.79545
0.44805 0.77273
0.42532 0.75325
0.39935 0.74026
0.38961 0.71753
0.3961 0.69156
0.40584 0.67208
0.43182 0.67208
0.45779 0.66883
0.47727 0.64935
0.50325 0.63636
0.52922 0.62013
0.55519 0.60065
0.57792 0.58117
0.60065 0.55519
0.62013 0.52922
0.63636 0.50325
0.6461 0.47727
0.65909 0.4513
0.66558 0.42532
0.67208 0.39935
0.67532 0.37338
0.67532 0.3474
0.67532 0.32143
0.67208 0.29545
0.66883 0.26948
0.66234 0.24351
0.6526 0.21753
0.64286 0.19156
0.62987 0.16558
0.61364 0.13961
0.59091 0.11364
0.57143 0.094156
0.54545 0.071429
0.51948 0.051948
0.49351 0.038961
0.46753 0.025974
0.44156 0.016234
0.41558 0.0097403
0.38961 0.0064935
0.36364 0.0032468
0.33766 0
0.31169 0.0032468
0.28571 0.0064935
0.25974 0.0097403
0.23377 0.016234
0.20779 0.025974
0.18182 0.042208
0.15909 0.055195
0.13636 0.074675
0.11364 0.090909
0.097403 0.11039
0.077922 0.12987
0.058442 0.15584
0.045455 0.18182
0.029221 0.20455
0.019481 0.23052
0.0097403 0.25649
0.0064935 0.28247
0.0032468 0.30844
0 0.33442
0 0.36039
0.0032468 0.38636
0.0064935 0.41234
0.016234 0.43831
0.022727 0.46429
0.035714 0.49026
0.038961 0.5
# triangles
10 91 101
91 96 101
88 89 91
101 102 103
91 95 96
0 1 103
89 90 91
27 28 35
66 67 68
14 35 40
59 60 61
82 83 84
81 82 84
28 30 35
28 29 30
14 19 35
19 27 35
64 68 69
64 69 76
80 81 84
69 72 76
13 14 40
11 12 42
49 50 51
49 51 54
48 49 54
10 54 91
54 59 61
54 88 91
54 61 88
99 100 101
96 99 101
25 26 27
14 15 16
30 33 35
30 31 33
31 32 33
57 58 59
17 18 19
14 16 17
14 17 19
19 20 27
20 23 27
20 22 23
20 21 22
65 66 68
64 65 68
64 76 86
76 80 86
61 86 88
61 64 86
80 84 86
84 85 86
86 87 88
61 62 63
61 63 64
70 71 72
69 70 72
44 45 46
46 47 48
35 39 40
11 42 43
43 44 46
10 11 43
43 46 48
10 43 54
43 48 54
13 40 41
12 13 41
12 41 42
52 53 54
51 52 54
91 92 93
93 94 95
91 93 95
7 8 9
1 4 103
4 9 10
1 2 4
2 3 4
4 10 101
4 101 103
33 34 35
54 55 56
54 56 59
56 57 59
77 78 79
72 73 76
73 74 76
74 75 76
36 37 38
35 36 38
35 38 39
5 7 9
4 5 9
5 6 7
97 98 99
96 97 99
23 24 25
23 25 27
76 79 80
76 77 79
