# points
0 0.036408
0.0072816 0.053398
0.026699 0.053398
0.046117 0.055825
0.065534 0.053398
0.084951 0.053398
0.10437 0.053398
0.12379 0.055825
0.1432 0.055825
0.16262 0.055825
0.18204 0.055825
0.20146 0.055825
0.22087 0.055825
0.24029 0.055825
0.25971 0.055825
0.27913 0.055825
0.29854 0.055825
0.31796 0.058252
0.33738 0.058252
0.3568 0.058252
0.37621 0.058252
0.39563 0.058252
0.41505 0.058252
0.43447 0.055825
0.45388 0.058252
0.4733 0.058252
0.49272 0.06068
0.51214 0.058252
0.53155 0.058252
0.55097 0.06068
0.57039 0.058252
0.58981 0.058252
0.60922 0.058252
0.62864 0.058252
0.64806 0.058252
0.66748 0.06068
0.68689 0.06068
0.70631 0.058252
0.72573 0.058252
0.74515 0.06068
0.76456 0.070388
0.78398 0.072816
0.8034 0.070388
0.82282 0.067961
0.84223 0.067961
0.86165 0.067961
0.88107 0.067961
0.90049 0.067961
0.9199 0.065534
0.93932 0.065534
0.95874 0.065534
0.97816 0.065534
0.99515 0.055825
1 0.036408
0.99272 0.01699
0.9733 0.0097087
0.95388 0.0072816
0.93447 0.0072816
0.91505 0.0048544
0.89563 0.0048544
0.87621 0.0048544
0.8568 0.0024272
0.83738 0.0024272
0.81796 0.0024272
0.79854 0
0.77913 0
0.75971 0.0024272
0.74029 0.0048544
0.72087 0.0072816
0.70146 0.0072816
0.68204 0.0072816
0.66262 0.0072816
0.6432 0.0072816
0.62379 0.0048544
0.60437 0.0048544
0.58495 0.0048544
0.56553 0.0048544
0.54612 0.0048544
0.5267 0.0048544
0.50728 0.0048544
0.48786 0.0048544
0.46845 0.0048544
0.44903 0.0048544
0.42961 0.0048544
0.41019 0.0048544
0.39078 0.0048544
0.37136 0.0048544
0.35194 0.0048544
0.33252 0.0048544
0.31311 0.0048544
0.29369 0.0048544
0.27427 0.0048544
0.25485 0.0048544
0.23544 0.0024272
0.21602 0.0024272
0.1966 0.0024272
0.17718 0.0024272
0.15777 0.0024272
0.13835 0.0024272
0.11893 0.0024272
0.099515 0.0024272
0.080097 0.0024272
0.06068 0.0024272
0.041262 0.0048544
0.021845 0.0048544
0.0024272 0.014563
0 0.033981
0 0.036408
# triangles
51 52 53
51 53 55
41 64 65
104 105 106
53 54 55
41 42 64
2 104 106
0 1 2
0 2 106
2 103 104
2 3 103
40 41 65
40 65 66
39 40 66
17 88 89
16 17 89
29 76 77
21 84 85
12 93 94
37 68 69
7 8 98
42 63 64
42 43 63
45 46 60
47 48 58
49 56 57
48 57 58
48 49 57
49 50 56
50 51 55
50 55 56
10 95 96
8 97 98
7 98 99
26 79 80
28 29 77
28 77 78
19 86 87
15 16 90
15 90 91
16 89 90
10 11 95
11 12 94
11 94 95
39 66 67
37 38 68
38 39 67
38 67 68
32 73 74
32 33 73
33 72 73
36 37 69
36 69 70
8 9 97
9 10 96
9 96 97
46 47 59
46 59 60
47 58 59
44 45 61
45 60 61
5 100 101
27 78 79
27 28 78
26 27 79
17 18 88
18 87 88
18 19 87
19 20 86
20 85 86
20 21 85
21 22 84
22 83 84
12 13 93
13 92 93
30 75 76
29 30 76
44 61 62
43 44 62
43 62 63
5 6 100
6 7 99
6 99 100
4 101 102
4 5 101
3 4 103
4 102 103
23 82 83
22 23 83
13 14 92
14 15 91
14 91 92
30 31 75
31 74 75
31 32 74
33 34 72
34 71 72
25 26 80
25 80 81
34 35 71
35 36 70
35 70 71
23 24 82
24 81 82
24 25 81
