# points
0 0.080906
0 0.10032
0.0064725 0.11974
0.02589 0.13916
0.045307 0.14563
0.064725 0.1521
0.084142 0.15858
0.10356 0.15858
0.12298 0.16181
0.14239 0.16505
0.16181 0.16505
0.18123 0.16828
0.20065 0.16828
0.22006 0.16828
0.23948 0.16828
0.2589 0.17152
0.27832 0.17152
0.29773 0.17152
0.31715 0.17152
0.33657 0.17152
0.35599 0.17152
0.3754 0.17152
0.39482 0.17152
0.41424 0.17476
0.43366 0.17152
0.45307 0.16828
0.47249 0.16181
0.49191 0.16181
0.51133 0.16181
0.53074 0.16181
0.55016 0.16181
0.56958 0.16181
0.589 0.16181
0.60841 0.16181
0.62783 0.16181
0.64725 0.16181
0.66667 0.16181
0.68608 0.16181
0.7055 0.16181
0.72492 0.16505
0.74434 0.16505
0.76375 0.16505
0.78317 0.16505
0.80259 0.16505
0.82201 0.16505
0.84142 0.16505
0.86084 0.16505
0.88026 0.16505
0.89968 0.16181
0.91909 0.15858
0.93851 0.15534
0.95793 0.14887
0.97735 0.13916
0.99353 0.12298
1 0.10356
0.99676 0.084142
0.98382 0.064725
0.96764 0.048544
0.94822 0.042071
0.9288 0.038835
0.90939 0.032362
0.88997 0.032362
0.87055 0.029126
0.85113 0.02589
0.83172 0.02589
0.8123 0.02589
0.79288 0.02589
0.77346 0.022654
0.75405 0.022654
0.73463 0.022654
0.71521 0.019417
0.69579 0.022654
0.67638 0.022654
0.65696 0.019417
0.63754 0.019417
0.61812 0.019417
0.59871 0.019417
0.57929 0.019417
0.55987 0.019417
0.54045 0.019417
0.52104 0.019417
0.50162 0.019417
0.4822 0.019417
0.46278 0.0097087
0.44337 0.0032362
0.42395 0.0032362
0.40453 0.0032362
0.38511 0.0032362
0.3657 0
0.34628 0
0.32686 0.0032362
0.30744 0.0032362
0.28803 0.0032362
0.26861 0.0032362
0.24919 0.0032362
0.22977 0.0064725
0.21036 0.0064725
0.19094 0.0064725
0.17152 0.0064725
0.1521 0.0064725
0.13269 0.0097087
0.11327 0.0097087
0.093851 0.0097087
0.074434 0.012945
0.055016 0.019417
0.035599 0.029126
0.016181 0.042071
0.0032362 0.061489
0 0.080906
0 0.080906
# triangles
0 106 107
14 15 93
5 103 104
52 55 56
56 57 58
53 54 55
52 53 55
0 1 4
4 5 104
83 84 85
33 34 75
26 27 82
27 81 82
4 104 105
0 105 106
0 4 105
51 52 56
51 56 58
9 10 100
14 93 94
14 94 95
17 18 91
40 41 68
39 40 69
40 68 69
42 43 66
41 42 66
45 46 62
44 45 64
47 48 61
46 47 61
46 61 62
59 60 61
48 49 61
49 59 61
33 75 76
32 33 76
22 86 87
21 22 87
20 88 89
20 87 88
20 21 87
37 71 72
25 82 83
25 26 82
25 83 85
29 79 80
43 65 66
43 44 65
44 64 65
69 70 71
49 50 59
50 58 59
50 51 58
5 6 7
5 7 103
7 102 103
13 14 95
15 16 93
10 98 99
10 99 100
13 95 96
12 13 96
19 20 90
20 89 90
18 19 90
18 90 91
31 32 77
31 77 78
32 76 77
37 38 71
38 69 71
38 39 69
35 72 73
28 29 80
28 80 81
27 28 81
30 31 78
30 78 79
29 30 79
34 74 75
34 35 74
35 73 74
41 66 67
41 67 68
8 9 100
7 8 100
17 91 92
16 92 93
16 17 92
7 100 101
7 101 102
11 12 97
12 96 97
10 97 98
10 11 97
36 37 72
35 36 72
24 25 85
22 23 24
45 62 63
45 63 64
2 3 4
1 2 4
22 24 86
24 85 86
