# points
0.20833 0.49242
0.20076 0.51136
0.19318 0.5303
0.18182 0.54924
0.17424 0.56818
0.16667 0.58712
0.15909 0.60606
0.15152 0.625
0.14394 0.64394
0.13258 0.66288
0.125 0.68182
0.11742 0.70076
0.10985 0.7197
0.098485 0.73864
0.090909 0.75758
0.083333 0.77652
0.075758 0.79545
0.064394 0.81439
0.056818 0.83333
0.049242 0.85227
0.041667 0.87121
0.034091 0.89015
0.022727 0.90909
0.015152 0.92803
0.0075758 0.94697
0 0.96591
0.0075758 0.98485
0.026515 0.99242
0.045455 0.99621
0.064394 1
0.083333 1
0.10227 1
0.12121 1
0.14015 0.99242
0.15152 0.97348
0.15909 0.95455
0.17045 0.93561
0.17803 0.91667
0.18561 0.89773
0.19318 0.87879
0.20455 0.85985
0.21212 0.84091
0.2197 0.82197
0.23106 0.80303
0.23864 0.78409
0.24621 0.76515
0.25379 0.74621
0.26136 0.72727
0.27273 0.70833
0.2803 0.68939
0.28788 0.67045
0.29545 0.65152
0.30682 0.63258
0.31439 0.61364
0.32197 0.5947
0.32955 0.57576
0.33712 0.55682
0.34848 0.53788
0.35606 0.51894
0.36364 0.5
0.37121 0.48106
0.37879 0.46212
0.39015 0.44318
0.39773 0.42424
0.4053 0.4053
0.41667 0.38636
0.42424 0.36742
0.43182 0.34848
0.43939 0.32955
0.44697 0.31061
0.45833 0.29167
0.46591 0.27273
0.47348 0.25379
0.48106 0.23485
0.49242 0.21591
0.5 0.19697
0.50758 0.17803
0.50758 0.15909
0.51136 0.14015
0.51136 0.12121
0.51136 0.10227
0.50758 0.083333
0.51515 0.064394
0.51894 0.045455
0.52652 0.026515
0.51894 0.0075758
0.5 0
0.48106 0.0037879
0.4697 0.018939
0.45833 0.037879
0.44697 0.056818
0.42803 0.075758
0.41288 0.090909
0.39394 0.10606
0.375 0.125
0.36364 0.14394
0.35606 0.16288
0.34848 0.18182
0.34091 0.20076
0.32955 0.2197
0.32197 0.23864
0.31439 0.25758
0.30682 0.27652
0.29545 0.29545
0.28788 0.31439
0.2803 0.33333
0.27273 0.35227
0.26136 0.37121
0.25379 0.39015
0.24621 0.40909
0.23864 0.42803
0.23106 0.44697
0.2197 0.46591
0.21212 0.48485
0.20833 0.49242
# triangles
25 26 27
24 25 27
23 29 30
22 23 30
32 33 34
23 28 29
23 24 28
24 27 28
69 100 101
84 85 86
31 32 34
20 21 36
21 22 30
69 70 100
17 18 39
11 12 45
12 13 43
7 8 49
83 84 86
86 87 88
83 86 88
81 90 91
31 34 35
21 35 36
30 31 35
21 30 35
19 20 37
20 36 37
13 42 43
66 67 103
67 102 103
75 76 77
75 77 93
2 54 55
2 3 53
2 53 54
56 57 113
0 56 113
58 59 111
12 44 45
12 43 44
5 6 51
4 51 52
4 5 51
4 52 53
3 4 53
7 49 50
6 50 51
6 7 50
11 45 46
8 47 48
8 48 49
71 98 99
70 71 99
70 99 100
71 72 98
77 92 93
77 78 92
78 79 92
79 91 92
81 82 89
81 89 90
82 83 89
83 88 89
19 37 38
18 19 38
18 38 39
67 68 102
75 93 94
74 95 96
74 75 95
75 94 95
58 111 112
57 112 113
57 58 112
65 66 104
66 103 104
0 1 56
1 2 55
1 55 56
63 106 107
63 64 106
8 9 47
80 81 91
79 80 91
16 40 41
16 39 40
16 17 39
61 108 109
64 105 106
64 65 105
65 104 105
9 10 47
10 11 46
10 46 47
73 74 96
73 96 97
13 14 42
15 41 42
15 16 41
14 15 42
61 62 108
62 63 107
62 107 108
60 109 110
60 61 109
59 60 111
60 110 111
68 101 102
68 69 101
73 97 98
72 73 98
