# points
0.15271 0.086207
0.133 0.093596
0.1133 0.098522
0.093596 0.11084
0.073892 0.11823
0.054187 0.12562
0.034483 0.13054
0.014778 0.13793
0 0.15764
0.0049261 0.17734
0.022167 0.18719
0.041872 0.18719
0.061576 0.18719
0.081281 0.18719
0.10099 0.18473
0.12069 0.18227
0.14039 0.1798
0.1601 0.17734
0.1798 0.17488
0.19951 0.17241
0.21921 0.17241
0.23892 0.16502
0.25862 0.16256
0.27833 0.1601
0.29803 0.15764
0.31773 0.15517
0.33744 0.15271
0.35714 0.14778
0.37685 0.14532
0.39655 0.14286
0.41626 0.14039
0.43596 0.13793
0.45567 0.13547
0.47537 0.13054
0.49507 0.12808
0.51478 0.12562
0.53448 0.12315
0.55419 0.12069
0.57389 0.11576
0.5936 0.1133
0.6133 0.11084
0.633 0.10591
0.65271 0.10345
0.67241 0.10099
0.69212 0.098522
0.71182 0.093596
0.73153 0.091133
0.75123 0.086207
0.77094 0.083744
0.79064 0.078818
0.81034 0.076355
0.83005 0.073892
0.84975 0.068966
0.86946 0.066502
0.88916 0.061576
0.90887 0.049261
0.92857 0.044335
0.94828 0.039409
0.96798 0.034483
0.98768 0.027094
1 0.012315
0.9803 0.0098522
0.96059 0.0073892
0.94089 0.0073892
0.92118 0.0049261
0.90148 0.0024631
0.88177 0.0024631
0.86207 0
0.84236 0.0024631
0.82266 0.0024631
0.80296 0.0024631
0.78325 0.0049261
0.76355 0.0098522
0.74384 0.012315
0.72414 0.014778
0.70443 0.017241
0.68473 0.019704
0.66502 0.022167
0.64532 0.024631
0.62562 0.027094
0.60591 0.029557
0.58621 0.034483
0.5665 0.036946
0.5468 0.036946
0.52709 0.041872
0.50739 0.044335
0.48768 0.046798
0.46798 0.049261
0.44828 0.049261
0.42857 0.049261
0.40887 0.049261
0.38916 0.049261
0.36946 0.049261
0.34975 0.049261
0.33005 0.051724
0.31034 0.054187
0.29064 0.054187
0.27094 0.05665
0.25123 0.059113
0.23153 0.064039
0.21182 0.066502
0.19212 0.073892
0.17241 0.078818
0.15271 0.086207
0.15271 0.086207
# triangles
8 9 10
7 8 10
7 10 11
6 7 11
37 38 83
5 6 11
1 2 16
4 5 13
25 26 95
38 39 82
38 82 83
53 67 68
1 16 17
0 1 17
0 17 18
0 18 102
5 11 12
5 12 13
3 4 14
4 13 14
37 83 84
33 87 88
28 29 91
36 37 84
36 84 85
35 36 85
22 98 99
26 94 95
50 51 69
50 69 70
49 50 71
50 70 71
55 65 66
53 66 67
52 53 68
51 52 69
52 68 69
58 61 62
57 58 62
55 64 65
45 75 76
42 43 78
19 101 102
18 19 102
19 20 101
3 14 15
2 15 16
2 3 15
29 90 91
31 88 89
35 85 86
28 91 92
26 27 94
27 93 94
27 92 93
27 28 92
24 96 97
24 95 96
24 25 95
21 100 101
20 21 101
21 99 100
21 22 99
43 77 78
47 73 74
47 48 73
48 49 72
49 71 72
48 72 73
39 81 82
42 78 79
39 40 81
40 80 81
54 55 66
53 54 66
59 60 61
58 59 61
55 56 64
57 62 63
56 57 63
56 63 64
44 45 76
44 76 77
43 44 77
32 33 88
31 32 88
30 89 90
30 31 89
29 30 90
23 24 97
23 97 98
22 23 98
41 79 80
40 41 80
41 42 79
46 47 74
46 74 75
45 46 75
34 35 86
33 34 87
34 86 87
