# points
0.0023041 0.082949
0.0092166 0.10369
0.02765 0.12212
0.048387 0.12442
0.069124 0.12442
0.089862 0.12442
0.1106 0.12673
0.13134 0.12673
0.15207 0.12673
0.17281 0.12673
0.19355 0.12903
0.21429 0.12903
0.23502 0.12903
0.25576 0.12903
0.2765 0.13134
0.29724 0.13134
0.31797 0.13134
0.33871 0.13134
0.35945 0.13364
0.38018 0.13364
0.40092 0.13364
0.42166 0.13364
0.4424 0.13594
0.46313 0.13594
0.48387 0.13594
0.50461 0.13594
0.52535 0.13825
0.54608 0.13825
0.56682 0.13825
0.58756 0.13825
0.60829 0.14055
0.62903 0.14055
0.64977 0.14055
0.67051 0.14055
0.69124 0.14286
0.71198 0.14286
0.73272 0.14286
0.75346 0.14286
0.77419 0.14516
0.79493 0.14516
0.81567 0.14516
0.83641 0.14516
0.85714 0.14747
0.87788 0.14747
0.89862 0.14747
0.91935 0.14747
0.94009 0.14977
0.96083 0.13825
0.98157 0.13594
0.9977 0.12673
1 0.10599
0.9977 0.085253
0.98157 0.073733
0.96083 0.06682
0.94009 0.064516
0.91935 0.062212
0.89862 0.062212
0.87788 0.062212
0.85714 0.059908
0.83641 0.059908
0.81567 0.057604
0.79493 0.057604
0.77419 0.057604
0.75346 0.0553
0.73272 0.0553
0.71198 0.052995
0.69124 0.052995
0.67051 0.052995
0.64977 0.050691
0.62903 0.050691
0.60829 0.050691
0.58756 0.048387
0.56682 0.048387
0.54608 0.046083
0.52535 0.046083
0.50461 0.046083
0.48387 0.043779
0.46313 0.043779
0.4424 0.043779
0.42166 0.041475
0.40092 0.041475
0.38018 0.039171
0.35945 0.039171
0.33871 0.039171
0.31797 0.036866
0.29724 0.036866
0.2765 0.034562
0.25576 0.034562
0.23502 0.029954
0.2212 0.011521
0.20046 0.0092166
0.17972 0.0069124
0.15899 0.0046083
0.13825 0.0046083
0.11751 0.0023041
0.096774 0
0.076037 0
0.0553 0
0.034562 0.0046083
0.013825 0.016129
0.0092166 0.036866
0.0023041 0.057604
0 0.078341
0.0023041 0.082949
# triangles
50 51 52
0 101 102
47 50 52
47 52 53
48 49 50
47 48 50
0 3 101
1 2 3
0 1 3
98 99 100
97 98 100
96 97 100
5 95 96
8 92 93
40 59 60
4 5 96
4 96 100
4 100 101
3 4 101
25 74 75
25 26 74
24 75 76
24 25 75
5 94 95
5 6 94
21 22 78
21 78 79
19 80 81
19 20 80
12 87 88
14 85 86
7 8 93
6 7 94
7 93 94
9 10 88
8 9 92
9 91 92
16 83 84
32 33 67
33 34 66
33 66 67
47 53 54
42 57 58
45 54 55
45 46 47
45 47 54
27 28 72
27 72 73
10 11 88
11 12 88
12 13 87
13 14 86
13 86 87
9 90 91
9 88 90
88 89 90
14 15 85
16 17 83
17 18 82
17 82 83
32 67 68
35 36 64
35 64 65
42 43 57
40 41 59
41 58 59
41 42 58
37 38 62
29 70 71
29 30 70
37 62 63
23 77 78
22 23 78
23 24 77
24 76 77
20 21 80
21 79 80
29 71 72
28 29 72
26 27 74
27 73 74
18 19 82
19 81 82
15 16 84
15 84 85
35 65 66
34 35 66
44 45 56
45 55 56
43 44 56
43 56 57
39 60 61
39 40 60
32 68 69
31 32 69
39 61 62
38 39 62
31 69 70
30 31 70
36 37 63
36 63 64
