# points
0.0067568 0.04955
0.027027 0.054054
0.047297 0.056306
0.067568 0.058559
0.087838 0.060811
0.10811 0.063063
0.12838 0.063063
0.14865 0.065315
0.16892 0.067568
0.18919 0.067568
0.20946 0.06982
0.22973 0.072072
0.25 0.072072
0.27027 0.074324
0.29054 0.076577
0.31081 0.078829
0.33108 0.078829
0.35135 0.081081
0.37162 0.083333
0.39189 0.083333
0.41216 0.085586
0.43243 0.087838
0.4527 0.087838
0.47297 0.09009
0.49324 0.092342
0.51351 0.094595
0.53378 0.094595
0.55405 0.096847
0.57432 0.099099
0.59459 0.10135
0.61486 0.10135
0.63514 0.1036
0.65541 0.10586
0.67568 0.10586
0.69595 0.10811
0.71622 0.11036
0.73649 0.11036
0.75676 0.11261
0.77703 0.11486
0.7973 0.12162
0.81757 0.12387
0.83784 0.12387
0.85811 0.12613
0.87838 0.12613
0.89865 0.12613
0.91892 0.12613
0.93919 0.12613
0.95946 0.12387
0.97973 0.12162
1 0.11261
0.9955 0.092342
0.97523 0.083333
0.95495 0.076577
0.93468 0.072072
0.91441 0.067568
0.89414 0.065315
0.87387 0.063063
0.8536 0.060811
0.83333 0.058559
0.81306 0.056306
0.79279 0.056306
0.77252 0.056306
0.75225 0.056306
0.73198 0.054054
0.71171 0.051802
0.69144 0.051802
0.67117 0.04955
0.6509 0.047297
0.63063 0.045045
0.61036 0.045045
0.59009 0.042793
0.56982 0.040541
0.54955 0.038288
0.52928 0.038288
0.50901 0.036036
0.48874 0.033784
0.46847 0.031532
0.4482 0.031532
0.42793 0.029279
0.40766 0.027027
0.38739 0.027027
0.36712 0.024775
0.34685 0.022523
0.32658 0.02027
0.30631 0.02027
0.28604 0.018018
0.26577 0.015766
0.2455 0.015766
0.22523 0.013514
0.20495 0.011261
0.18468 0.009009
0.16441 0.0067568
0.14414 0.0067568
0.12387 0.0045045
0.1036 0.0045045
0.083333 0.0022523
0.063063 0
0.042793 0
0.022523 0
0.0022523 0.009009
0 0.029279
0.0067568 0.04955
0.0067568 0.04955
# triangles
98 99 100
0 1 100
1 98 100
47 51 52
46 47 52
47 48 51
48 49 50
48 50 51
1 97 98
1 2 97
2 3 96
2 96 97
18 80 81
44 45 54
16 82 83
15 16 83
4 5 94
5 93 94
20 78 79
21 77 78
20 21 78
23 24 75
23 75 76
7 91 92
5 6 93
6 92 93
6 7 92
15 83 84
9 89 90
26 27 72
38 60 61
38 39 60
35 36 63
39 40 59
39 59 60
45 46 53
45 53 54
46 52 53
18 19 80
19 79 80
19 20 79
17 18 81
17 81 82
16 17 82
3 4 95
4 94 95
3 95 96
22 76 77
22 23 76
21 22 77
7 8 91
8 9 90
8 90 91
10 11 88
9 10 89
10 88 89
14 15 84
11 87 88
13 85 86
13 14 85
14 84 85
25 26 73
26 72 73
37 38 61
31 32 67
29 30 69
27 71 72
27 28 71
42 43 56
35 63 64
11 12 87
12 13 86
12 86 87
24 25 74
25 73 74
24 74 75
33 34 65
34 64 65
34 35 64
36 62 63
36 37 62
37 61 62
31 67 68
30 68 69
30 31 68
32 33 66
32 66 67
33 65 66
28 70 71
29 69 70
28 29 70
41 42 57
42 56 57
44 54 55
43 44 55
43 55 56
41 57 58
40 41 58
40 58 59
