# points
0.13839 0.48214
0.13393 0.5
0.125 0.51786
0.12054 0.53571
0.11161 0.55357
0.10714 0.57143
0.098214 0.58929
0.089286 0.60714
0.084821 0.625
0.080357 0.64286
0.071429 0.66071
0.066964 0.67857
0.058036 0.69643
0.053571 0.71429
0.044643 0.73214
0.040179 0.75
0.03125 0.76786
0.026786 0.78571
0.017857 0.80357
0.013393 0.82143
0.0044643 0.83929
0 0.85714
0 0.875
0.0044643 0.89286
0.0044643 0.91071
0.0044643 0.92857
0.0089286 0.94643
0.0089286 0.96429
0.013393 0.98214
0.013393 1
0.03125 1
0.049107 0.98661
0.066964 0.97321
0.084821 0.96429
0.10268 0.95089
0.12054 0.9375
0.13839 0.91964
0.14286 0.90179
0.15179 0.88393
0.15625 0.86607
0.16518 0.84821
0.16964 0.83036
0.17857 0.8125
0.18304 0.79464
0.19196 0.77679
0.19643 0.75893
0.20536 0.74107
0.20982 0.72321
0.21875 0.70536
0.22768 0.6875
0.23214 0.66964
0.24107 0.65179
0.24554 0.63393
0.25446 0.61607
0.26339 0.59821
0.26786 0.58036
0.27679 0.5625
0.28571 0.54464
0.29018 0.52679
0.29911 0.50893
0.30357 0.49107
0.3125 0.47321
0.32143 0.45536
0.32589 0.4375
0.33482 0.41964
0.34375 0.40179
0.34821 0.38393
0.35714 0.36607
0.36161 0.34821
0.37054 0.33036
0.37946 0.3125
0.38393 0.29464
0.39286 0.27679
0.40179 0.25893
0.40625 0.24107
0.41518 0.22321
0.42411 0.20536
0.42857 0.1875
0.4375 0.16964
0.44196 0.15179
0.44196 0.13393
0.44196 0.11607
0.44196 0.098214
0.4375 0.080357
0.4375 0.0625
0.43304 0.044643
0.42857 0.026786
0.42411 0.0089286
0.41071 0
0.39286 0.0089286
0.375 0.022321
0.35714 0.035714
0.33929 0.044643
0.32143 0.058036
0.30357 0.071429
0.29464 0.089286
0.28571 0.10714
0.27679 0.125
0.27232 0.14286
0.26339 0.16071
0.25893 0.17857
0.25446 0.19643
0.24554 0.21429
0.23661 0.23214
0.23214 0.25
0.22321 0.26786
0.21429 0.28571
0.20982 0.30357
0.20089 0.32143
0.19643 0.33929
0.1875 0.35714
0.17857 0.375
0.17411 0.39286
0.16518 0.41071
0.16071 0.42857
0.15179 0.44643
0.14732 0.46429
0.13839 0.48214
0.13839 0.48214
# triangles
81 82 93
77 78 96
75 99 100
74 75 100
73 74 101
74 100 101
28 29 30
26 27 32
35 36 37
23 35 37
20 23 37
7 8 50
83 91 92
82 83 92
82 92 93
85 86 90
85 90 91
81 93 95
76 77 98
75 98 99
75 76 98
68 105 106
24 25 33
25 26 32
25 32 33
27 28 31
27 31 32
28 30 31
83 84 91
84 85 91
24 33 34
23 24 34
23 34 35
15 42 43
14 15 43
15 41 42
15 16 41
86 89 90
86 87 89
87 88 89
80 81 95
80 95 96
78 79 80
78 80 96
93 94 95
77 96 97
77 97 98
64 109 110
63 110 111
63 64 110
65 66 109
64 65 109
0 1 58
3 4 53
4 5 53
1 55 56
5 52 53
2 3 55
1 2 55
18 19 39
19 38 39
19 20 37
19 37 38
16 17 41
17 40 41
17 18 39
17 39 40
9 49 50
8 9 50
9 10 47
70 71 104
71 103 104
71 102 103
68 69 105
69 104 105
69 70 104
66 67 107
68 106 107
67 68 107
62 63 112
61 62 112
61 112 113
63 111 112
61 113 114
0 58 116
1 56 57
1 57 58
5 6 52
6 51 52
6 50 51
6 7 50
3 53 54
3 54 55
9 48 49
9 47 48
11 45 46
10 11 47
11 46 47
72 101 102
72 73 101
71 72 102
66 108 109
66 107 108
60 61 114
60 114 115
60 115 116
13 44 45
13 14 43
13 43 44
58 59 116
59 60 116
11 12 45
12 13 45
20 21 23
21 22 23
