# points
0.13901 0.46637
0.13004 0.4843
0.12108 0.50224
0.11659 0.52018
0.10762 0.53812
0.10314 0.55605
0.09417 0.57399
0.085202 0.59193
0.080717 0.60987
0.071749 0.6278
0.067265 0.64574
0.058296 0.66368
0.053812 0.68161
0.044843 0.69955
0.035874 0.71749
0.026906 0.73543
0.022422 0.75336
0.013453 0.7713
0.0089686 0.78924
0.0044843 0.80717
0.0044843 0.82511
0.0044843 0.84305
0.0044843 0.86099
0 0.87892
0 0.89686
0 0.9148
0 0.93274
0 0.95067
0 0.96861
0 0.98655
0.0044843 1
0.022422 0.99552
0.040359 0.97758
0.058296 0.95964
0.071749 0.9417
0.089686 0.92377
0.10762 0.90583
0.12556 0.88789
0.13901 0.86996
0.1435 0.85202
0.15247 0.83408
0.15695 0.81614
0.16592 0.79821
0.17489 0.78027
0.18386 0.76233
0.18834 0.74439
0.19731 0.72646
0.20179 0.70852
0.21076 0.69058
0.21973 0.67265
0.2287 0.65471
0.23318 0.63677
0.24215 0.61883
0.25112 0.6009
0.25561 0.58296
0.26457 0.56502
0.27354 0.54709
0.27803 0.52915
0.287 0.51121
0.29596 0.49327
0.30493 0.47534
0.30942 0.4574
0.31839 0.43946
0.32735 0.42152
0.33632 0.40359
0.34081 0.38565
0.34978 0.36771
0.35874 0.34978
0.36323 0.33184
0.3722 0.3139
0.38117 0.29596
0.38565 0.27803
0.39462 0.26009
0.40359 0.24215
0.41256 0.22422
0.41704 0.20628
0.42601 0.18834
0.43498 0.1704
0.43946 0.15247
0.44843 0.13453
0.4574 0.11659
0.46188 0.098655
0.46188 0.080717
0.46188 0.06278
0.4574 0.044843
0.44843 0.026906
0.43049 0.013453
0.41256 0.0044843
0.39462 0
0.37668 0
0.35874 0.0044843
0.34081 0.013453
0.32287 0.026906
0.30942 0.044843
0.30493 0.06278
0.29596 0.080717
0.287 0.098655
0.28251 0.11659
0.27354 0.13453
0.26457 0.15247
0.26009 0.1704
0.25112 0.18834
0.24215 0.20628
0.23767 0.22422
0.2287 0.24215
0.22422 0.26009
0.21525 0.27803
0.20628 0.29596
0.19731 0.3139
0.19283 0.33184
0.18386 0.34978
0.17937 0.36771
0.1704 0.38565
0.16143 0.40359
0.15695 0.42152
0.14798 0.43946
0.1435 0.4574
0.13901 0.46637
# triangles
82 86 87
29 30 31
84 85 86
82 91 94
28 29 31
82 83 86
83 84 86
78 95 96
78 96 97
82 87 90
82 90 91
63 110 111
61 113 114
60 61 114
91 92 94
92 93 94
26 33 34
25 26 34
24 25 34
73 74 100
74 75 100
20 21 39
19 20 39
37 38 39
21 37 39
18 40 41
17 18 41
18 19 39
18 39 40
13 44 45
61 112 113
68 69 105
69 104 105
75 98 99
75 99 100
62 63 111
62 111 112
61 62 112
6 7 51
5 6 51
2 3 55
5 52 53
5 51 52
58 115 116
59 60 114
58 59 115
59 114 115
57 58 116
1 2 55
1 55 56
1 56 57
80 81 82
79 80 94
80 82 94
21 22 36
21 36 37
26 27 33
14 42 43
13 43 44
13 14 43
7 8 51
8 50 51
8 9 48
16 41 42
16 17 41
8 49 50
8 48 49
9 10 48
12 13 45
68 105 106
67 68 106
71 102 103
70 71 103
65 108 109
64 65 109
14 15 42
15 16 42
3 4 54
5 53 54
4 5 54
3 54 55
0 57 116
0 1 57
24 34 35
23 24 35
22 23 35
22 35 36
27 28 32
27 32 33
28 31 32
76 77 97
77 78 97
10 47 48
10 11 47
11 12 47
12 45 46
12 46 47
78 79 95
79 94 95
87 89 90
87 88 89
65 66 108
66 107 108
75 76 98
76 97 98
72 73 100
72 100 101
72 101 102
71 72 102
66 106 107
66 67 106
69 103 104
69 70 103
63 109 110
63 64 109
