# points
0 0.11151
0 0.1295
0.010791 0.14748
0.02518 0.16187
0.043165 0.16906
0.061151 0.17266
0.079137 0.17266
0.097122 0.18345
0.11511 0.18705
0.13309 0.18705
0.15108 0.18705
0.16906 0.17986
0.18705 0.16906
0.20504 0.16906
0.22302 0.16906
0.24101 0.16906
0.25899 0.16906
0.27698 0.16906
0.29496 0.16906
0.31295 0.16906
0.33094 0.16906
0.34892 0.16906
0.36691 0.16906
0.38489 0.16906
0.40288 0.16906
0.42086 0.16906
0.43885 0.16906
0.45683 0.16187
0.47482 0.16187
0.49281 0.15827
0.51079 0.16187
0.52878 0.16187
0.54676 0.16187
0.56475 0.16187
0.58273 0.16187
0.60072 0.15827
0.61871 0.16187
0.63669 0.16187
0.65468 0.16187
0.67266 0.16187
0.69065 0.16187
0.70863 0.16187
0.72662 0.16187
0.7446 0.16187
0.76259 0.16187
0.78058 0.15827
0.79856 0.15827
0.81655 0.15827
0.83453 0.15827
0.85252 0.15827
0.8705 0.15827
0.88849 0.15827
0.90647 0.15827
0.92446 0.15827
0.94245 0.15468
0.96043 0.15468
0.97842 0.15108
0.9964 0.13669
1 0.11871
1 0.10072
0.9964 0.082734
0.98921 0.064748
0.97122 0.05036
0.95324 0.05036
0.93525 0.046763
0.91727 0.046763
0.89928 0.043165
0.88129 0.043165
0.86331 0.043165
0.84532 0.039568
0.82734 0.039568
0.80935 0.039568
0.79137 0.035971
0.77338 0.039568
0.7554 0.035971
0.73741 0.035971
0.71942 0.035971
0.70144 0.035971
0.68345 0.035971
0.66547 0.035971
0.64748 0.032374
0.6295 0.032374
0.61151 0.032374
0.59353 0.032374
0.57554 0.032374
0.55755 0.032374
0.53957 0.032374
0.52158 0.032374
0.5036 0.028777
0.48561 0.028777
0.46763 0.028777
0.44964 0.021583
0.43165 0.017986
0.41367 0.014388
0.39568 0.014388
0.3777 0.014388
0.35971 0.014388
0.34173 0.014388
0.32374 0.014388
0.30576 0.014388
0.28777 0.014388
0.26978 0.014388
0.2518 0.014388
0.23381 0.014388
0.21583 0.010791
0.19784 0.014388
0.17986 0.014388
0.16187 0.0071942
0.14388 0
0.1259 0
0.10791 0.0035971
0.089928 0.014388
0.071942 0.017986
0.053957 0.017986
0.035971 0.017986
0.017986 0.028777
0.0035971 0.046763
0 0.064748
0 0.082734
0 0.10072
0 0.11151
# triangles
61 62 63
55 56 58
55 58 59
56 57 58
113 114 115
115 116 117
113 115 117
59 60 63
60 61 63
6 7 8
54 59 63
54 55 59
0 1 2
0 2 4
2 3 4
9 10 11
6 8 9
6 9 111
9 12 111
9 11 12
109 110 111
6 112 119
6 111 112
54 63 64
113 117 118
112 118 119
112 113 118
5 6 119
0 5 119
0 4 5
12 107 111
12 106 107
107 108 109
107 109 111
14 15 103
16 17 101
33 84 85
33 34 84
13 14 105
14 103 105
12 105 106
12 13 105
22 23 95
20 97 98
20 21 97
41 42 76
51 65 66
51 52 65
52 53 65
53 54 65
54 64 65
49 50 68
48 49 68
48 68 69
46 47 71
44 45 73
43 44 73
43 73 74
71 72 73
45 46 73
46 71 73
43 74 75
42 75 76
42 43 75
15 102 103
15 16 102
16 101 102
25 26 27
32 33 85
41 76 77
39 40 78
40 41 77
40 77 78
38 39 79
39 78 79
37 79 80
37 38 79
37 80 81
35 82 83
35 83 84
34 35 84
35 81 82
103 104 105
19 20 98
19 98 99
17 100 101
22 95 96
21 22 96
21 96 97
51 66 67
50 51 67
50 67 68
48 69 70
47 48 70
47 70 71
28 29 90
27 28 90
36 37 81
35 36 81
17 18 100
18 19 99
18 99 100
29 30 87
30 31 87
25 27 92
24 25 92
24 92 93
29 89 90
31 32 86
31 86 87
32 85 86
24 93 94
23 94 95
23 24 94
27 90 91
27 91 92
29 87 88
29 88 89
