# points
0 0.064516
0 0.083871
0.0064516 0.10323
0.012903 0.12258
0.025806 0.14194
0.045161 0.14516
0.064516 0.14194
0.083871 0.14194
0.10323 0.14194
0.12258 0.13871
0.14194 0.13871
0.16129 0.13871
0.18065 0.13548
0.2 0.13548
0.21935 0.13226
0.23871 0.13226
0.25806 0.13226
0.27742 0.13226
0.29677 0.12903
0.31613 0.12903
0.33548 0.12581
0.35484 0.12581
0.37419 0.12581
0.39355 0.12258
0.4129 0.11935
0.43226 0.11613
0.45161 0.11613
0.47097 0.1129
0.49032 0.1129
0.50968 0.10968
0.52903 0.10968
0.54839 0.10968
0.56774 0.10645
0.5871 0.10645
0.60645 0.10323
0.62581 0.10323
0.64516 0.10323
0.66452 0.1
0.68387 0.1
0.70323 0.096774
0.72258 0.096774
0.74194 0.096774
0.76129 0.093548
0.78065 0.093548
0.8 0.093548
0.81935 0.090323
0.83871 0.090323
0.85806 0.087097
0.87742 0.087097
0.89677 0.087097
0.91613 0.083871
0.93548 0.077419
0.95484 0.070968
0.97419 0.06129
0.99355 0.051613
1 0.035484
0.98065 0.022581
0.96129 0.012903
0.94194 0.0096774
0.92258 0.0032258
0.90323 0
0.88387 0
0.86452 0
0.84516 0.0032258
0.82581 0.0032258
0.80645 0.0032258
0.7871 0.0032258
0.76774 0.0032258
0.74839 0.0032258
0.72903 0.0032258
0.70968 0.0064516
0.69032 0.0064516
0.67097 0.0064516
0.65161 0.0064516
0.63226 0.0064516
0.6129 0.0064516
0.59355 0.0064516
0.57419 0.0064516
0.55484 0.0064516
0.53548 0.0064516
0.51613 0.0096774
0.49677 0.0096774
0.47742 0.0096774
0.45806 0.0096774
0.43871 0.0096774
0.41935 0.0096774
0.4 0.0064516
0.38065 0.0032258
0.36129 0.0032258
0.34194 0.0032258
0.32258 0.0032258
0.30323 0.0032258
0.28387 0.0064516
0.26452 0.0032258
0.24516 0.0064516
0.22581 0.0064516
0.20645 0.0064516
0.1871 0.0064516
0.16774 0.0064516
0.14839 0.0064516
0.12903 0.0064516
0.10968 0.0064516
0.090323 0.0064516
0.070968 0.0064516
0.051613 0.0064516
0.032258 0.0064516
0.012903 0.012903
0.0032258 0.032258
0 0.051613
0 0.064516
# triangles
3 4 5
0 1 2
105 106 107
54 55 56
30 31 79
33 34 76
41 68 69
50 59 60
49 50 60
49 60 61
22 23 87
22 87 88
0 2 103
10 99 100
30 79 80
25 84 85
23 86 87
17 18 92
18 91 92
20 89 90
46 47 63
47 62 63
35 36 74
33 76 77
32 33 77
37 38 72
51 58 59
50 51 59
48 49 61
48 61 62
47 48 62
18 19 91
19 20 90
19 90 91
104 107 108
104 105 107
0 104 108
0 103 104
8 101 102
3 5 6
2 3 6
2 6 103
16 17 92
15 16 94
92 93 94
16 92 94
10 11 99
11 98 99
11 12 98
13 14 96
24 25 85
23 24 86
24 85 86
27 82 83
46 63 64
45 46 64
45 64 65
43 66 67
42 67 68
42 43 67
41 42 68
34 75 76
34 35 75
35 74 75
37 72 73
36 73 74
36 37 73
32 77 78
31 78 79
31 32 78
39 40 70
40 41 69
40 69 70
52 57 58
51 52 58
21 22 88
20 21 89
21 88 89
8 9 101
9 10 100
9 100 101
7 8 102
7 102 103
6 7 103
14 95 96
14 15 95
15 94 95
13 96 97
12 13 97
12 97 98
26 83 84
26 27 83
25 26 84
28 81 82
27 28 82
43 44 66
44 45 65
44 65 66
39 70 71
38 71 72
38 39 71
53 56 57
52 53 57
53 54 56
28 29 81
29 30 80
29 80 81
