# points
0 0.042827
0.0042827 0.062099
0.023555 0.066381
0.042827 0.070664
0.062099 0.070664
0.08137 0.072805
0.10064 0.072805
0.11991 0.072805
0.13919 0.074946
0.15846 0.074946
0.17773 0.074946
0.197 0.074946
0.21627 0.077088
0.23555 0.077088
0.25482 0.077088
0.27409 0.077088
0.29336 0.079229
0.31263 0.079229
0.33191 0.079229
0.35118 0.08137
0.37045 0.08137
0.38972 0.08137
0.40899 0.08137
0.42827 0.08137
0.44754 0.083512
0.46681 0.083512
0.48608 0.083512
0.50535 0.083512
0.52463 0.085653
0.5439 0.085653
0.56317 0.085653
0.58244 0.085653
0.60171 0.087794
0.62099 0.087794
0.64026 0.087794
0.65953 0.087794
0.6788 0.092077
0.69807 0.094218
0.71734 0.094218
0.73662 0.09636
0.75589 0.09636
0.77516 0.09636
0.79443 0.09636
0.8137 0.09636
0.83298 0.09636
0.85225 0.098501
0.87152 0.098501
0.89079 0.098501
0.91006 0.098501
0.92934 0.10064
0.94861 0.10064
0.96788 0.10064
0.98715 0.098501
0.99786 0.08137
1 0.062099
1 0.042827
0.99786 0.023555
0.97859 0.0085653
0.95931 0.0085653
0.94004 0.0085653
0.92077 0.0085653
0.9015 0.0085653
0.88223 0.0085653
0.86296 0.0085653
0.84368 0.006424
0.82441 0.006424
0.80514 0.006424
0.78587 0.006424
0.7666 0.006424
0.74732 0.006424
0.72805 0.006424
0.70878 0.006424
0.68951 0.0042827
0.67024 0.006424
0.65096 0.006424
0.63169 0.006424
0.61242 0.006424
0.59315 0.006424
0.57388 0.006424
0.5546 0.006424
0.53533 0.006424
0.51606 0.006424
0.49679 0.006424
0.47752 0.006424
0.45824 0.006424
0.43897 0.006424
0.4197 0.006424
0.40043 0.006424
0.38116 0.006424
0.36188 0.0042827
0.34261 0.0021413
0.32334 0.0021413
0.30407 0
0.2848 0
0.26552 0
0.24625 0
0.22698 0
0.20771 0
0.18844 0
0.16916 0
0.14989 0
0.13062 0
0.11135 0
0.092077 0
0.072805 0
0.053533 0
0.034261 0
0.014989 0.0042827
0 0.023555
0 0.042827
0 0.042827
# triangles
55 56 57
0 106 108
0 2 106
0 1 2
50 51 54
106 107 108
23 24 85
51 53 54
51 52 53
2 3 106
24 84 85
49 50 59
12 13 96
7 101 102
7 8 101
4 5 104
21 22 87
13 95 96
15 93 94
55 57 58
54 55 58
50 54 58
50 58 59
48 60 61
49 59 60
48 49 60
44 45 64
44 64 65
41 67 68
37 71 72
26 27 82
30 78 79
16 92 93
15 16 93
8 100 101
6 7 102
4 104 105
3 105 106
3 4 105
20 21 88
21 87 88
22 23 86
22 86 87
23 85 86
14 94 95
14 15 94
13 14 95
46 47 62
47 48 61
47 61 62
45 63 64
46 62 63
45 46 63
42 66 67
41 42 67
39 69 70
38 39 70
37 38 71
38 70 71
39 40 69
40 41 68
40 68 69
26 82 83
24 25 84
25 83 84
25 26 83
29 30 79
36 37 72
30 31 78
27 81 82
27 28 81
36 72 73
35 36 73
8 9 100
9 99 100
9 10 99
10 98 99
6 102 103
5 103 104
5 6 103
19 20 89
20 88 89
42 43 66
43 44 65
43 65 66
32 33 76
33 34 75
33 75 76
29 79 80
28 29 80
28 80 81
31 77 78
31 32 77
32 76 77
35 73 74
34 35 74
34 74 75
16 17 92
12 96 97
18 19 90
19 89 90
11 12 97
11 97 98
10 11 98
17 18 91
18 90 91
17 91 92
