# points
0.29524 0.11429
0.31429 0.11667
0.33333 0.11905
0.35238 0.12381
0.37143 0.12619
0.39048 0.12857
0.40952 0.13333
0.42857 0.13571
0.44762 0.1381
0.46667 0.14286
0.48571 0.14524
0.50476 0.14762
0.52381 0.15238
0.54286 0.15476
0.5619 0.15952
0.58095 0.1619
0.6 0.16429
0.61905 0.16905
0.6381 0.17143
0.65714 0.17381
0.67619 0.17857
0.69524 0.18333
0.71429 0.1881
0.73333 0.2
0.75238 0.20238
0.77143 0.20476
0.79048 0.20952
0.80952 0.2119
0.82857 0.21667
0.84762 0.21905
0.86667 0.22381
0.88571 0.22619
0.90476 0.22857
0.92381 0.23333
0.94286 0.23571
0.9619 0.2381
0.97619 0.22381
0.99286 0.20714
0.99762 0.1881
1 0.16905
0.99286 0.15238
0.97381 0.14762
0.95476 0.14524
0.93571 0.14048
0.91667 0.1381
0.89762 0.13333
0.87857 0.13095
0.85952 0.12619
0.84048 0.12381
0.82143 0.11905
0.80238 0.11667
0.78333 0.1119
0.76429 0.10952
0.74524 0.10476
0.72619 0.10238
0.70714 0.097619
0.6881 0.095238
0.66905 0.1
0.65 0.095238
0.63095 0.092857
0.6119 0.090476
0.59286 0.088095
0.57381 0.083333
0.55476 0.080952
0.53571 0.078571
0.51667 0.07619
0.49762 0.071429
0.47857 0.069048
0.45952 0.066667
0.44048 0.064286
0.42143 0.059524
0.40238 0.057143
0.38333 0.054762
0.36429 0.052381
0.34524 0.047619
0.32619 0.045238
0.30714 0.042857
0.2881 0.038095
0.26905 0.035714
0.25 0.033333
0.23095 0.030952
0.2119 0.02619
0.19286 0.02381
0.17381 0.021429
0.15476 0.019048
0.13571 0.014286
0.11667 0.011905
0.097619 0.0095238
0.078571 0.0071429
0.059524 0.002381
0.040476 0
0.021429 0.002381
0.0047619 0.014286
0.002381 0.033333
0 0.052381
0.0095238 0.066667
0.028571 0.069048
0.047619 0.071429
0.066667 0.07381
0.085714 0.078571
0.10476 0.080952
0.12381 0.085714
0.14286 0.088095
0.1619 0.090476
0.18095 0.095238
0.2 0.097619
0.21905 0.1
0.2381 0.10476
0.25714 0.10714
0.27619 0.10952
0.29524 0.11429
0.29524 0.11429
# triangles
90 91 93
91 92 93
36 37 38
20 55 56
39 40 41
38 39 41
20 56 57
89 90 97
90 93 96
90 96 97
93 94 96
94 95 96
84 101 102
84 102 103
79 106 107
13 14 62
20 21 55
12 13 64
11 12 64
83 84 103
85 100 101
84 85 101
8 9 67
8 67 68
2 3 73
2 73 74
27 28 48
28 29 48
34 35 36
19 20 57
18 19 57
15 16 61
16 60 61
14 15 61
14 61 62
18 57 58
13 62 63
13 63 64
9 10 67
10 66 67
11 64 65
10 65 66
10 11 65
82 103 104
82 83 103
87 99 100
87 98 99
79 107 108
5 6 70
0 76 109
76 77 109
0 1 76
29 30 46
30 31 46
26 27 50
25 26 50
16 59 60
16 17 59
17 18 59
18 58 59
82 104 105
79 80 106
80 105 106
78 79 108
77 78 109
78 108 109
85 86 100
86 87 100
87 88 98
88 97 98
88 89 97
6 7 69
6 69 70
8 68 69
7 8 69
3 4 73
5 70 71
1 75 76
2 74 75
1 2 75
29 47 48
29 46 47
33 34 42
34 36 42
36 38 42
38 41 42
31 32 44
27 48 49
27 49 50
24 25 52
22 23 52
23 24 52
81 82 105
80 81 105
4 5 72
5 71 72
4 72 73
31 45 46
31 44 45
32 33 43
32 43 44
33 42 43
25 50 51
25 51 52
21 54 55
21 22 54
22 52 53
22 53 54
