# points
0.37535 0.5014
0.37255 0.54342
0.36975 0.58543
0.33613 0.60224
0.29412 0.61625
0.2521 0.62745
0.21008 0.64146
0.16807 0.65266
0.12605 0.66947
0.084034 0.70308
0.042017 0.73389
0 0.76471
0.019608 0.80672
0.039216 0.84874
0.058824 0.89076
0.078431 0.93277
0.098039 0.97199
0.14006 0.97199
0.18207 0.97479
0.22409 0.98039
0.26611 0.9888
0.30812 0.9944
0.35014 1
0.39216 1
0.43417 0.9972
0.47619 0.9916
0.51821 0.98319
0.56022 0.97479
0.60224 0.96919
0.64426 0.96639
0.68627 0.96639
0.72829 0.96639
0.7423 0.92717
0.77031 0.88796
0.80112 0.84594
0.81232 0.80392
0.79552 0.76471
0.7563 0.72269
0.71429 0.68908
0.67227 0.66667
0.63025 0.64706
0.58824 0.62465
0.54902 0.60224
0.54902 0.56022
0.54902 0.51821
0.54622 0.47619
0.54622 0.43417
0.54622 0.39216
0.54622 0.35014
0.54622 0.30812
0.54342 0.26611
0.54342 0.22409
0.54342 0.18207
0.55182 0.14286
0.59384 0.12605
0.63585 0.10924
0.67787 0.089636
0.71989 0.072829
0.7619 0.056022
0.80392 0.039216
0.84594 0.019608
0.88796 0.0028011
0.85154 0
0.80952 0
0.76751 0
0.72549 0
0.68347 0
0.64146 0
0.59944 0
0.55742 0
0.51541 0
0.47339 0
0.43137 0
0.38936 0
0.34734 0
0.30532 0
0.26331 0
0.22129 0
0.17927 0
0.13725 0
0.095238 0
0.053221 0
0.011204 0
0.019608 0.0084034
0.061625 0.02521
0.10364 0.039216
0.14566 0.056022
0.18768 0.070028
0.22969 0.086835
0.27171 0.10084
0.31373 0.11765
0.35574 0.13165
0.39496 0.15126
0.39216 0.19328
0.39216 0.23529
0.38936 0.27731
0.38655 0.31933
0.38375 0.36134
0.38095 0.40336
0.37815 0.44538
0.37535 0.48739
0.37535 0.5014
# triangles
60 61 62
10 11 12
10 12 13
45 46 99
27 40 41
14 17 18
7 18 19
0 44 45
0 1 44
3 23 24
3 24 25
34 35 36
55 67 68
55 56 67
57 58 65
15 16 17
14 15 17
9 10 13
9 13 14
9 14 18
45 99 100
0 45 100
5 20 21
26 27 41
27 28 40
47 48 97
48 96 97
48 49 96
51 93 94
28 39 40
29 38 39
28 29 39
72 73 92
56 66 67
56 57 66
57 65 66
60 62 63
59 60 63
76 77 88
74 75 90
7 8 18
8 9 18
80 81 84
4 5 21
4 21 22
4 22 23
3 4 23
6 19 20
5 6 20
6 7 19
3 25 42
2 3 42
26 41 42
25 26 42
78 79 86
54 55 68
53 70 71
71 72 92
53 71 92
47 97 98
46 98 99
46 47 98
78 86 87
77 78 87
77 87 88
50 51 94
29 33 38
33 37 38
33 34 36
33 36 37
58 64 65
58 59 64
59 63 64
75 89 90
75 76 89
76 88 89
73 74 91
74 90 91
73 91 92
80 84 85
79 80 85
79 85 86
81 82 83
81 83 84
1 43 44
1 2 43
2 42 43
52 53 92
51 52 93
52 92 93
54 68 69
53 69 70
53 54 69
50 94 95
49 95 96
49 50 95
29 30 32
29 32 33
30 31 32
