# points
0.36389 0.5
0.36944 0.54167
0.375 0.58333
0.33889 0.6
0.29722 0.61111
0.25556 0.625
0.21389 0.63611
0.17222 0.65
0.13056 0.66667
0.088889 0.7
0.047222 0.73056
0.011111 0.76389
0.0083333 0.80556
0.0055556 0.84722
0.0027778 0.88889
0.0027778 0.93056
0 0.97222
0.011111 1
0.052778 1
0.094444 0.99722
0.13611 0.99722
0.17778 0.99722
0.21944 0.99444
0.26111 0.99444
0.30278 0.99444
0.34444 0.99167
0.38611 0.99167
0.42778 0.99167
0.46944 0.99167
0.51111 0.99167
0.55278 0.99167
0.59444 0.99167
0.63611 0.99167
0.67778 0.99444
0.71944 0.99444
0.76111 0.99722
0.80278 0.99722
0.825 0.98056
0.82778 0.93889
0.83333 0.89722
0.83333 0.85556
0.82778 0.81389
0.80833 0.77222
0.77222 0.73056
0.73056 0.69167
0.68889 0.66944
0.64722 0.64722
0.60556 0.62778
0.56389 0.60556
0.56111 0.56944
0.56944 0.52778
0.58056 0.48611
0.59167 0.44444
0.6 0.40278
0.61111 0.36111
0.61944 0.31944
0.63056 0.27778
0.64167 0.23611
0.65 0.19444
0.66667 0.15556
0.70833 0.12778
0.75 0.1
0.79167 0.069444
0.83333 0.041667
0.875 0.013889
0.86667 0
0.825 0
0.78333 0
0.74167 0
0.7 0
0.65833 0
0.61667 0
0.575 0
0.53333 0
0.49167 0
0.45 0
0.40833 0
0.36667 0
0.325 0
0.28333 0
0.24167 0
0.2 0
0.15833 0
0.11667 0
0.075 0
0.033333 0
0.013889 0.0055556
0.055556 0.025
0.097222 0.041667
0.13889 0.061111
0.18056 0.080556
0.22222 0.1
0.26389 0.11667
0.30556 0.13611
0.31944 0.17222
0.325 0.21389
0.33056 0.25556
0.33611 0.29722
0.34167 0.33889
0.34722 0.38056
0.35278 0.42222
0.35833 0.46389
0.36389 0.5
# triangles
32 44 45
32 43 44
2 3 27
2 27 48
14 15 19
16 17 18
15 16 18
15 18 19
63 64 65
61 62 68
58 73 74
56 57 96
13 14 20
14 19 20
33 41 42
33 40 41
33 42 43
32 33 43
13 20 21
36 37 38
35 36 38
3 4 26
4 25 26
3 26 27
62 63 67
62 67 68
9 12 13
9 13 21
9 21 22
58 59 73
60 61 69
61 68 69
7 9 22
7 8 9
2 48 49
33 34 40
34 35 38
6 23 24
7 22 23
6 7 23
63 65 66
63 66 67
80 81 90
77 78 93
80 90 91
76 77 93
10 11 12
9 10 12
59 60 70
60 69 70
1 2 49
0 1 50
1 49 50
0 50 51
5 6 24
4 5 25
5 24 25
52 53 100
54 55 98
30 46 47
31 32 45
31 45 46
30 31 46
34 39 40
34 38 39
85 86 87
81 82 90
78 92 93
59 70 71
0 51 101
52 100 101
51 52 101
55 97 98
56 96 97
55 56 97
53 54 99
54 98 99
53 99 100
29 30 47
29 47 48
84 85 87
83 84 88
84 87 88
82 89 90
82 83 89
83 88 89
78 79 92
79 80 91
79 91 92
57 95 96
57 58 95
59 72 73
59 71 72
27 28 48
28 29 48
75 76 94
76 93 94
74 75 94
58 74 94
58 94 95
