# points
0.36944 0.5
0.37222 0.54167
0.375 0.58333
0.33889 0.6
0.29722 0.61111
0.25556 0.625
0.21389 0.63611
0.17222 0.65
0.13056 0.66667
0.088889 0.7
0.047222 0.73056
0.011111 0.76389
0.0083333 0.80556
0.0055556 0.84722
0.0027778 0.88889
0.0027778 0.93056
0 0.97222
0.011111 1
0.052778 1
0.094444 0.99722
0.13611 0.99722
0.17778 0.99722
0.21944 0.99444
0.26111 0.99444
0.30278 0.99444
0.34444 0.99167
0.38611 0.99167
0.42778 0.99167
0.46944 0.99167
0.51111 0.99167
0.55278 0.99167
0.59444 0.99167
0.63611 0.99167
0.67778 0.99444
0.71944 0.99444
0.76111 0.99722
0.80278 0.99722
0.825 0.98056
0.82778 0.93889
0.83333 0.89722
0.83333 0.85556
0.82778 0.81389
0.80833 0.77222
0.77222 0.73056
0.73056 0.69167
0.68889 0.66944
0.64722 0.64722
0.60556 0.62778
0.56389 0.60556
0.55278 0.56944
0.55278 0.52778
0.55278 0.48611
0.55 0.44444
0.55 0.40278
0.55 0.36111
0.55 0.31944
0.55 0.27778
0.54722 0.23611
0.54722 0.19444
0.54722 0.15278
0.58333 0.13056
0.625 0.11389
0.66667 0.097222
0.70833 0.077778
0.75 0.061111
0.79167 0.044444
0.83333 0.025
0.875 0.0083333
0.86667 0
0.825 0
0.78333 0
0.74167 0
0.7 0
0.65833 0
0.61667 0
0.575 0
0.53333 0
0.49167 0
0.45 0
0.40833 0
0.36667 0
0.325 0
0.28333 0
0.24167 0
0.2 0
0.15833 0
0.11667 0
0.075 0
0.033333 0
0.013889 0.0055556
0.055556 0.027778
0.097222 0.047222
0.13889 0.069444
0.18056 0.091667
0.22222 0.11111
0.26389 0.13333
0.30556 0.15556
0.33889 0.18056
0.34444 0.22222
0.34722 0.26389
0.35 0.30556
0.35556 0.34722
0.35833 0.38889
0.36111 0.43056
0.36667 0.47222
0.36944 0.5
# triangles
66 67 68
32 44 45
32 43 44
61 62 74
2 3 27
2 27 48
14 15 19
14 19 20
3 26 27
63 64 72
33 41 42
33 40 41
33 42 43
32 33 43
16 17 18
15 16 18
15 18 19
36 37 38
35 36 38
13 14 20
13 20 21
65 66 69
65 69 70
66 68 69
55 56 100
9 12 13
9 13 21
9 21 22
62 73 74
62 63 73
63 72 73
64 71 72
64 65 71
65 70 71
30 46 47
33 34 40
34 35 38
2 48 49
56 57 99
56 99 100
54 55 101
55 100 101
61 74 75
78 79 97
79 80 97
10 11 12
9 10 12
31 32 45
31 45 46
30 31 46
29 30 47
29 47 48
34 39 40
34 38 39
59 78 97
58 59 97
57 58 98
57 98 99
58 97 98
53 54 102
54 101 102
7 22 23
7 9 22
7 8 9
27 28 48
28 29 48
59 77 78
59 76 77
60 75 76
59 60 76
60 61 75
52 53 103
53 102 103
51 52 104
52 103 104
6 23 24
6 7 23
83 84 93
0 50 51
0 51 104
5 24 25
5 6 24
84 92 93
83 93 94
0 1 50
1 2 49
1 49 50
4 5 25
3 4 26
4 25 26
86 91 92
86 87 91
87 90 91
84 85 92
85 86 92
88 89 90
87 88 90
81 95 96
80 81 96
80 96 97
81 82 95
82 83 94
82 94 95
