# points
0.38056 0.5
0.37778 0.54444
0.375 0.58889
0.33056 0.60278
0.28611 0.61667
0.24167 0.62778
0.19722 0.64167
0.15278 0.65556
0.10833 0.68333
0.063889 0.71944
0.019444 0.75278
0.0083333 0.79444
0.0055556 0.83889
0.0027778 0.88333
0.0027778 0.92778
0 0.97222
0.013889 0.99444
0.058333 0.96944
0.10278 0.93611
0.14722 0.90278
0.19167 0.87222
0.23611 0.84167
0.28056 0.81944
0.325 0.81667
0.36944 0.81389
0.41389 0.81389
0.45833 0.81389
0.50278 0.81389
0.54722 0.81389
0.59167 0.81944
0.63333 0.85556
0.66111 0.9
0.69444 0.94444
0.73611 0.97778
0.78056 0.99444
0.825 1
0.82778 0.95556
0.83056 0.91111
0.83333 0.86667
0.83056 0.82222
0.81111 0.77778
0.775 0.73333
0.73056 0.69167
0.68611 0.66667
0.64167 0.64444
0.59722 0.62222
0.55278 0.6
0.55278 0.55556
0.55278 0.51111
0.55278 0.46667
0.55 0.42222
0.55 0.37778
0.55 0.33333
0.55 0.28889
0.54722 0.24444
0.54722 0.2
0.54722 0.15556
0.58333 0.13056
0.62778 0.11111
0.67222 0.094444
0.71667 0.075
0.76111 0.055556
0.80556 0.038889
0.85 0.019444
0.88889 0
0.84444 0
0.8 0
0.75556 0
0.71111 0
0.66667 0
0.62222 0
0.57778 0
0.53333 0
0.48889 0
0.44444 0
0.4 0
0.35556 0
0.31111 0
0.26667 0
0.22222 0
0.17778 0
0.13333 0
0.088889 0
0.044444 0
0.0055556 0
0.05 0.016667
0.094444 0.033333
0.13889 0.05
0.18333 0.066667
0.22778 0.083333
0.27222 0.1
0.31667 0.11389
0.36111 0.13056
0.40278 0.15
0.4 0.19444
0.39722 0.23889
0.39444 0.28333
0.39167 0.32778
0.38889 0.37222
0.38611 0.41667
0.38333 0.46111
0.38056 0.5
# triangles
31 39 40
9 10 11
9 11 19
0 49 100
31 38 39
15 16 17
31 32 38
11 12 19
51 52 98
51 98 99
0 48 49
33 34 36
34 35 36
14 15 17
32 33 37
32 37 38
33 36 37
12 13 18
12 18 19
13 14 18
14 17 18
74 75 93
76 77 91
77 90 91
73 74 93
56 73 93
50 51 99
49 50 100
50 99 100
7 8 21
28 44 45
59 60 69
80 81 87
52 97 98
52 53 97
53 96 97
78 89 90
77 78 90
78 79 89
75 76 92
76 91 92
75 92 93
9 19 20
8 9 20
8 20 21
29 43 44
28 29 44
29 42 43
60 68 69
60 61 68
79 80 88
79 88 89
80 87 88
54 55 95
53 54 96
54 95 96
55 94 95
56 93 94
55 56 94
59 69 70
6 7 21
2 3 24
3 23 24
3 4 23
28 45 46
27 28 46
2 46 47
26 27 46
2 26 46
30 41 42
29 30 42
30 31 40
30 40 41
61 67 68
61 62 67
62 66 67
83 84 85
82 83 85
81 82 86
81 86 87
82 85 86
58 70 71
57 58 71
58 59 70
57 71 72
56 72 73
56 57 72
4 5 22
4 22 23
6 21 22
5 6 22
1 2 47
1 47 48
0 1 48
2 24 25
2 25 26
63 64 65
62 65 66
62 63 65
