# points
0.013699 0.27123
0.038356 0.32055
0.090411 0.35342
0.14247 0.36164
0.19452 0.34521
0.24384 0.33699
0.29589 0.32055
0.34521 0.30685
0.39452 0.29041
0.44658 0.27123
0.49589 0.24932
0.54247 0.23562
0.59452 0.21918
0.64384 0.20822
0.69589 0.20274
0.74795 0.20548
0.8 0.20548
0.85205 0.22466
0.89863 0.26027
0.92055 0.30959
0.93151 0.3589
0.93699 0.41096
0.93151 0.46301
0.90959 0.51507
0.86301 0.54795
0.81096 0.55616
0.7589 0.54521
0.73425 0.49863
0.75068 0.44658
0.7863 0.4
0.83014 0.4137
0.79726 0.43836
0.78082 0.48219
0.8274 0.50685
0.87671 0.47945
0.89315 0.4274
0.87397 0.37808
0.82466 0.34795
0.7726 0.35342
0.72877 0.38082
0.69315 0.42192
0.68219 0.47397
0.68219 0.52603
0.69589 0.57808
0.74521 0.60822
0.79726 0.61918
0.84932 0.61644
0.90137 0.60274
0.94521 0.56438
0.9726 0.51507
0.99178 0.46575
1 0.4137
1 0.36164
0.99452 0.30959
0.9726 0.26027
0.93973 0.21644
0.89315 0.18356
0.8411 0.15616
0.78904 0.14521
0.73699 0.14247
0.68493 0.14521
0.63562 0.15616
0.58356 0.18356
0.53425 0.19452
0.48767 0.21096
0.43562 0.23014
0.3863 0.24932
0.33425 0.26027
0.28219 0.26849
0.23014 0.27671
0.17808 0.28493
0.12603 0.27671
0.079452 0.2411
0.054795 0.19178
0.052055 0.14247
0.076712 0.093151
0.12329 0.060274
0.17534 0.057534
0.2274 0.079452
0.25479 0.12877
0.24384 0.18082
0.19452 0.2
0.15342 0.18082
0.18356 0.14247
0.21644 0.11781
0.18082 0.082192
0.13151 0.09863
0.10137 0.14521
0.10411 0.19726
0.13151 0.24384
0.18356 0.26027
0.23562 0.25205
0.27945 0.22466
0.30685 0.1726
0.31233 0.12055
0.28767 0.068493
0.24658 0.027397
0.19452 0
0.14247 0.0027397
0.093151 0.013699
0.052055 0.043836
0.016438 0.090411
0 0.14247
0 0.19452
0.0054795 0.24658
0.013699 0.27123
# triangles
74 101 102
74 102 103
24 47 48
24 46 47
76 98 99
76 99 100
81 89 90
7 8 67
6 7 67
8 66 67
75 76 100
75 100 101
74 75 101
20 52 53
23 48 49
23 24 48
25 45 46
24 25 46
77 96 97
77 97 98
76 77 98
0 1 72
0 72 104
2 3 71
1 71 72
1 2 71
80 92 93
79 93 94
79 80 93
18 54 55
19 53 54
19 20 53
18 19 54
21 50 51
21 51 52
20 21 52
22 49 50
22 23 49
21 22 50
25 26 45
26 42 43
83 85 86
83 84 85
73 103 104
72 73 104
73 74 103
81 82 89
82 88 89
4 69 70
3 4 70
3 70 71
6 67 68
4 5 69
5 6 68
5 68 69
8 9 66
11 12 63
77 78 96
16 57 58
16 17 57
15 16 58
26 44 45
26 43 44
27 41 42
26 27 42
82 87 88
83 86 87
82 83 87
80 81 91
80 91 92
81 90 91
13 14 60
13 60 61
79 94 95
78 79 95
78 95 96
17 56 57
18 55 56
17 18 56
15 58 59
14 59 60
14 15 59
29 37 38
29 38 39
11 63 64
10 11 64
12 62 63
12 13 62
13 61 62
31 33 34
31 32 33
28 40 41
27 28 41
28 39 40
28 29 39
9 10 65
10 64 65
9 65 66
30 34 35
30 31 34
30 35 36
30 36 37
29 30 37
