# points
0.24471 0.48036
0.21752 0.51662
0.18429 0.55589
0.14502 0.59819
0.1148 0.6435
0.072508 0.68278
0.036254 0.7281
0.0030211 0.77341
0 0.81873
0.0090634 0.86405
0.033233 0.90937
0.069486 0.95468
0.1148 0.98792
0.16012 1
0.20544 1
0.25076 0.98187
0.29003 0.9426
0.30211 0.89728
0.30211 0.85196
0.28097 0.80665
0.23565 0.77644
0.19033 0.77341
0.14502 0.8006
0.12991 0.84592
0.13595 0.89124
0.17523 0.92447
0.22054 0.91541
0.23565 0.87009
0.19637 0.87009
0.16918 0.86405
0.18127 0.82175
0.22659 0.81571
0.26284 0.85196
0.25982 0.89728
0.24169 0.9426
0.19637 0.96073
0.15106 0.95166
0.10574 0.91843
0.096677 0.87311
0.10574 0.82779
0.12991 0.78248
0.16314 0.73716
0.1994 0.69486
0.23867 0.65559
0.28399 0.61329
0.32931 0.59517
0.37462 0.58912
0.41994 0.55891
0.44109 0.5136
0.47432 0.47432
0.50755 0.429
0.53776 0.38671
0.56798 0.34441
0.58912 0.29909
0.60423 0.25378
0.61027 0.20846
0.59819 0.16314
0.57402 0.11782
0.54683 0.072508
0.5136 0.030211
0.46828 0.012085
0.42296 0
0.37764 0
0.33233 0.018127
0.28701 0.054381
0.26888 0.099698
0.26586 0.14502
0.2719 0.19033
0.29003 0.23565
0.33233 0.26888
0.37764 0.28097
0.42296 0.2719
0.46224 0.23263
0.47734 0.18731
0.4713 0.14199
0.44713 0.096677
0.40483 0.072508
0.35952 0.087613
0.33535 0.13293
0.34139 0.17825
0.38369 0.20242
0.39577 0.16616
0.37764 0.13293
0.41692 0.12085
0.43807 0.16616
0.429 0.21148
0.38671 0.24169
0.34139 0.22961
0.31118 0.18731
0.30514 0.14199
0.30816 0.096677
0.34743 0.057402
0.39275 0.039275
0.43807 0.048338
0.48036 0.087613
0.50453 0.13293
0.51662 0.17825
0.51057 0.22356
0.49245 0.26888
0.45921 0.3142
0.42296 0.3565
0.38066 0.39577
0.33535 0.40181
0.29003 0.40181
0.24773 0.43807
0.24471 0.48036
# triangles
9 10 38
11 12 37
10 11 37
10 37 38
59 60 94
48 49 101
47 48 102
48 101 102
0 103 104
0 102 103
46 47 102
0 46 102
0 45 46
2 43 44
60 93 94
60 61 93
61 92 93
58 59 94
57 58 95
58 94 95
61 62 92
62 63 92
65 89 90
12 36 37
12 13 36
13 35 36
53 97 98
69 70 86
51 52 99
52 98 99
52 53 98
1 44 45
0 1 45
1 2 44
2 3 43
3 4 42
3 42 43
13 14 35
14 15 35
55 96 97
55 56 96
56 57 96
57 95 96
75 76 83
76 82 83
65 66 89
66 67 89
64 65 90
76 77 82
78 79 82
77 78 82
67 88 89
67 68 88
54 55 97
53 54 97
70 71 86
71 85 86
49 100 101
49 50 100
51 99 100
50 51 100
5 6 40
17 18 32
18 19 32
71 72 85
72 73 85
79 81 82
79 80 81
63 91 92
63 64 91
64 90 91
68 69 87
68 87 88
69 86 87
15 16 34
15 34 35
22 23 30
5 40 41
4 41 42
4 5 41
6 7 39
6 39 40
7 8 39
8 9 39
9 38 39
19 20 31
19 31 32
17 32 33
16 17 33
16 33 34
74 75 83
73 84 85
73 74 84
74 83 84
23 29 30
23 24 29
21 22 30
21 30 31
20 21 31
24 25 29
26 27 28
25 26 28
25 28 29
