# points
0.054217 0.26506
0.096386 0.27711
0.13855 0.27711
0.18072 0.27108
0.21687 0.22892
0.22289 0.18675
0.21687 0.14458
0.1747 0.11446
0.13253 0.10843
0.090361 0.12651
0.078313 0.16867
0.096386 0.20482
0.13855 0.20482
0.12048 0.1747
0.13855 0.14458
0.18072 0.16265
0.18675 0.20482
0.1506 0.24096
0.10843 0.24096
0.066265 0.22892
0.036145 0.18675
0.042169 0.14458
0.066265 0.10241
0.10241 0.066265
0.14458 0.042169
0.18675 0.036145
0.22892 0.048193
0.27108 0.078313
0.31325 0.11446
0.34337 0.1506
0.37349 0.19277
0.39759 0.23494
0.42169 0.27711
0.44578 0.31928
0.46988 0.35542
0.49398 0.39759
0.53012 0.43976
0.57229 0.46988
0.61446 0.5
0.65663 0.51807
0.6988 0.53012
0.74096 0.53614
0.78313 0.54217
0.8253 0.54217
0.86747 0.53012
0.90964 0.50602
0.95181 0.4759
0.98795 0.43373
1 0.39157
1 0.3494
0.98193 0.30723
0.94578 0.26506
0.90361 0.24699
0.86145 0.24096
0.81928 0.24096
0.77711 0.25904
0.74096 0.29518
0.72289 0.33735
0.72289 0.37952
0.74699 0.42169
0.78916 0.44578
0.83133 0.45181
0.87349 0.43976
0.91566 0.40964
0.92771 0.36747
0.90361 0.3253
0.86145 0.31325
0.81928 0.31928
0.8012 0.36145
0.83735 0.36747
0.86747 0.3494
0.88554 0.38554
0.84337 0.40964
0.8012 0.40964
0.76506 0.37952
0.75904 0.33735
0.78916 0.29518
0.83133 0.27711
0.87349 0.28313
0.91566 0.28916
0.95181 0.33133
0.96386 0.37349
0.95181 0.41566
0.91566 0.45181
0.87349 0.48193
0.83133 0.50602
0.78916 0.50602
0.74699 0.5
0.70482 0.48795
0.66265 0.48193
0.62048 0.46386
0.57831 0.43373
0.54217 0.39157
0.50602 0.3494
0.4759 0.30723
0.45783 0.26506
0.43373 0.22289
0.40964 0.18072
0.37952 0.13855
0.34337 0.096386
0.30723 0.054217
0.26506 0.024096
0.22289 0
0.18072 0
0.13855 0.0060241
0.096386 0.024096
0.054217 0.054217
0.024096 0.096386
0 0.13855
0 0.18072
0.012048 0.22289
0.048193 0.25904
0.054217 0.26506
# triangles
37 38 90
22 106 107
23 105 106
22 23 106
24 103 104
24 104 105
23 24 105
31 32 96
38 39 89
38 89 90
37 90 91
36 37 91
36 91 92
35 36 92
29 30 98
29 98 99
28 29 99
21 107 108
21 22 107
21 108 109
24 25 103
25 26 102
25 102 103
3 4 16
4 5 16
30 97 98
30 31 97
31 96 97
32 33 95
32 95 96
42 43 86
61 72 73
60 61 73
64 70 71
51 52 79
62 71 72
61 62 72
39 40 88
39 88 89
28 99 100
27 28 100
20 109 110
20 21 109
3 16 17
6 7 15
5 6 15
5 15 16
33 34 94
33 94 95
44 45 84
43 85 86
43 44 85
44 84 85
48 49 81
66 67 70
50 51 80
51 79 80
49 50 80
49 80 81
55 56 76
67 69 70
45 46 83
45 83 84
40 87 88
42 86 87
59 60 73
26 27 101
27 100 101
26 101 102
19 20 110
8 9 14
7 8 14
7 14 15
2 3 17
34 93 94
34 35 93
35 92 93
52 78 79
52 53 78
65 66 70
64 65 70
56 57 75
56 75 76
47 48 82
48 81 82
46 47 82
46 82 83
41 42 87
40 41 87
57 58 75
0 1 19
1 18 19
1 2 18
2 17 18
9 13 14
9 10 13
53 54 77
53 77 78
54 55 77
55 76 77
67 68 69
63 64 71
62 63 71
19 110 111
0 19 111
10 11 13
11 12 13
58 74 75
58 59 74
59 73 74
