# points
0.10256 0.37322
0.1567 0.37607
0.21083 0.37607
0.26496 0.37607
0.31909 0.37607
0.37322 0.37322
0.42735 0.37037
0.48148 0.36467
0.53561 0.36182
0.58974 0.34758
0.64387 0.34188
0.69801 0.33903
0.75214 0.34473
0.80627 0.35897
0.8604 0.39031
0.89174 0.44444
0.90313 0.49858
0.90313 0.55271
0.89744 0.60684
0.87179 0.66097
0.81766 0.69516
0.76353 0.69231
0.71225 0.66382
0.7037 0.60969
0.74074 0.55556
0.79202 0.52991
0.80627 0.56695
0.75214 0.5698
0.7265 0.61823
0.76353 0.66382
0.81766 0.66382
0.86895 0.62678
0.88319 0.57265
0.87179 0.51852
0.83191 0.46724
0.77778 0.45014
0.72365 0.45869
0.66952 0.49858
0.63533 0.55271
0.63533 0.60684
0.63818 0.66097
0.66097 0.71225
0.71225 0.74644
0.76638 0.76068
0.82051 0.76353
0.87464 0.74644
0.92308 0.7037
0.96011 0.65527
0.98006 0.60114
0.9943 0.54701
1 0.49288
0.9943 0.43875
0.97151 0.38462
0.93162 0.33618
0.87749 0.29345
0.82336 0.2735
0.76923 0.25926
0.7151 0.25071
0.66097 0.25356
0.60684 0.26211
0.55271 0.28205
0.49858 0.29345
0.44444 0.30199
0.39031 0.30769
0.33618 0.30484
0.28205 0.30484
0.22792 0.30199
0.17379 0.30199
0.11966 0.2792
0.082621 0.22507
0.082621 0.17094
0.11966 0.11966
0.16809 0.076923
0.22222 0.074074
0.26781 0.11966
0.27635 0.17379
0.23647 0.21937
0.19943 0.19658
0.22792 0.16239
0.23077 0.10826
0.17664 0.094017
0.12821 0.12821
0.11111 0.18234
0.11681 0.23647
0.16809 0.2735
0.22222 0.28775
0.27635 0.28205
0.33048 0.24786
0.35613 0.19373
0.35328 0.1396
0.33048 0.08547
0.2906 0.034188
0.23647 0.005698
0.18234 0
0.12821 0.008547
0.074074 0.034188
0.022792 0.08547
0.002849 0.1396
0 0.19373
0 0.24786
0.014245 0.30199
0.062678 0.35043
0.10256 0.37322
# triangles
71 95 96
68 100 101
0 68 101
22 41 42
70 97 98
70 71 96
70 96 97
77 81 82
8 9 60
22 40 41
26 31 32
18 47 48
17 18 48
13 14 54
13 54 55
69 99 100
68 69 100
69 98 99
69 70 98
74 90 91
74 89 90
6 62 63
6 7 62
9 59 60
23 39 40
22 23 40
20 44 45
20 43 44
17 48 49
11 57 58
12 55 56
12 13 55
12 56 57
11 12 57
14 15 52
14 53 54
14 52 53
73 74 91
77 83 84
77 82 83
75 87 88
74 75 89
75 88 89
8 60 61
7 8 61
7 61 62
9 10 59
10 11 58
10 58 59
23 38 39
19 46 47
19 45 46
19 20 45
18 19 47
20 21 43
21 42 43
21 22 42
26 30 31
15 51 52
16 49 50
16 17 49
16 50 51
15 16 51
73 91 92
73 92 93
76 85 86
76 86 87
75 76 87
76 77 84
76 84 85
1 2 67
0 1 67
0 67 68
25 34 35
25 35 36
26 29 30
26 27 29
27 28 29
26 32 33
25 26 33
25 33 34
72 73 93
72 93 94
71 72 95
72 94 95
5 6 63
5 63 64
4 5 64
3 4 65
4 64 65
2 3 66
2 66 67
3 65 66
23 24 38
24 37 38
24 36 37
24 25 36
78 79 80
77 78 81
78 80 81
