# points
0.26087 0.66087
0.22609 0.68696
0.1913 0.70435
0.15652 0.72174
0.12174 0.74783
0.12174 0.78261
0.12174 0.81739
0.11304 0.85217
0.086957 0.86957
0.052174 0.86957
0.017391 0.87826
0 0.91304
0.0086957 0.94783
0.026087 0.98261
0.06087 1
0.095652 0.9913
0.13043 0.97391
0.15652 0.93913
0.17391 0.90435
0.2087 0.87826
0.24348 0.85217
0.27826 0.83478
0.31304 0.81739
0.34783 0.7913
0.38261 0.76522
0.41739 0.74783
0.44348 0.71304
0.46087 0.67826
0.47826 0.64348
0.49565 0.6087
0.51304 0.57391
0.53043 0.53913
0.54783 0.50435
0.55652 0.46957
0.56522 0.43478
0.6 0.4087
0.63478 0.3913
0.66957 0.36522
0.70435 0.33913
0.73913 0.32174
0.77391 0.30435
0.8087 0.28696
0.84348 0.26087
0.86957 0.22609
0.89565 0.1913
0.93043 0.16522
0.95652 0.13913
0.95652 0.10435
0.93913 0.069565
0.92174 0.034783
0.88696 0
0.85217 0.0086957
0.86087 0.043478
0.86087 0.078261
0.86087 0.11304
0.83478 0.14783
0.8 0.16522
0.76522 0.18261
0.73043 0.2
0.69565 0.21739
0.66087 0.23478
0.62609 0.25217
0.6 0.27826
0.56522 0.31304
0.53043 0.33913
0.49565 0.37391
0.46957 0.4087
0.43478 0.43478
0.4 0.43478
0.36522 0.43478
0.33043 0.43478
0.29565 0.42609
0.26087 0.42609
0.22609 0.41739
0.2087 0.38261
0.24348 0.34783
0.26957 0.31304
0.30435 0.28696
0.33913 0.26087
0.36522 0.22609
0.38261 0.1913
0.4087 0.15652
0.41739 0.12174
0.3913 0.095652
0.35652 0.078261
0.32174 0.069565
0.28696 0.06087
0.25217 0.052174
0.23478 0.069565
0.26087 0.095652
0.29565 0.13043
0.29565 0.16522
0.27826 0.2
0.24348 0.23478
0.2087 0.26957
0.17391 0.30435
0.15652 0.33913
0.13043 0.37391
0.13043 0.4087
0.13913 0.44348
0.16522 0.47826
0.2 0.49565
0.23478 0.50435
0.26957 0.53913
0.29565 0.57391
0.29565 0.6087
0.28696 0.64348
0.26087 0.66087
# triangles
9 11 12
9 10 11
45 46 47
48 49 53
81 82 83
49 50 52
49 52 53
47 48 54
48 53 54
45 47 54
13 14 15
12 13 15
6 7 19
36 37 63
73 101 102
3 4 5
39 40 59
40 58 59
40 41 58
44 45 54
44 54 55
50 51 52
8 16 17
8 15 16
8 9 12
8 12 15
7 18 19
8 17 18
7 8 18
34 65 66
37 62 63
34 64 65
81 83 90
83 84 90
84 85 90
38 61 62
37 38 62
70 71 103
71 102 103
73 74 99
75 94 95
3 5 20
6 19 20
5 6 20
2 3 20
38 60 61
39 59 60
38 39 60
42 43 56
43 55 56
43 44 55
41 57 58
42 56 57
41 42 57
33 34 66
79 91 92
78 79 92
34 35 64
35 36 63
35 63 64
87 88 89
86 87 89
85 86 90
86 89 90
72 73 102
71 72 102
75 76 94
76 93 94
73 100 101
73 99 100
74 97 98
74 98 99
74 96 97
74 75 96
75 95 96
1 2 21
2 20 21
32 66 67
32 33 66
31 32 67
79 80 91
80 81 90
80 90 91
76 77 93
77 78 92
77 92 93
0 1 23
0 23 106
30 31 67
30 67 68
29 30 68
27 28 105
27 105 106
1 21 22
1 22 23
24 25 106
23 24 106
25 26 106
26 27 106
70 103 104
69 70 104
68 69 104
29 68 104
28 29 104
28 104 105
