# points
0.0125 0.8
0 0.825
0 0.85
0 0.875
0.025 0.9
0.05 0.9
0.075 0.9
0.1 0.8875
0.125 0.8875
0.15 0.875
0.175 0.85
0.1875 0.825
0.2125 0.8125
0.2375 0.8125
0.2625 0.8125
0.2875 0.8125
0.3125 0.8
0.3375 0.8
0.3625 0.7875
0.3875 0.775
0.4125 0.7625
0.4375 0.7375
0.4625 0.725
0.4875 0.7
0.5125 0.675
0.5375 0.6625
0.5625 0.6375
0.5875 0.625
0.6125 0.6
0.6125 0.575
0.6125 0.55
0.6 0.525
0.5875 0.5
0.575 0.475
0.575 0.45
0.575 0.425
0.6 0.4125
0.625 0.4125
0.65 0.425
0.675 0.425
0.7 0.4375
0.725 0.45
0.75 0.4625
0.775 0.475
0.8 0.4875
0.825 0.5
0.85 0.5125
0.875 0.525
0.9 0.5375
0.925 0.55
0.95 0.55
0.975 0.5375
0.9875 0.5125
0.9875 0.4875
1 0.4625
1 0.4375
0.9875 0.425
0.9625 0.4375
0.9375 0.4375
0.9125 0.4375
0.8875 0.4375
0.8625 0.4375
0.8375 0.4375
0.8125 0.425
0.7875 0.4
0.7625 0.375
0.7375 0.3625
0.7125 0.3375
0.6875 0.325
0.6625 0.3125
0.6375 0.3
0.6125 0.2875
0.5875 0.275
0.5625 0.275
0.5375 0.2875
0.5125 0.3
0.4875 0.3125
0.4625 0.3375
0.45 0.3625
0.45 0.3875
0.4375 0.4125
0.4375 0.4375
0.4375 0.4625
0.4125 0.475
0.3875 0.475
0.3625 0.45
0.35 0.425
0.325 0.4
0.3125 0.375
0.3 0.35
0.2875 0.325
0.275 0.3
0.275 0.275
0.275 0.25
0.275 0.225
0.275 0.2
0.275 0.175
0.275 0.15
0.275 0.125
0.2875 0.1
0.2875 0.075
0.275 0.05
0.2625 0.025
0.25 0.0125
0.225 0
0.2 0
0.175 0
0.15 0
0.125 0
0.1125 0.025
0.125 0.05
0.15 0.075
0.175 0.0875
0.2 0.1
0.2 0.125
0.2 0.15
0.2 0.175
0.2 0.2
0.2 0.225
0.2 0.25
0.2 0.275
0.2 0.3
0.2 0.325
0.2 0.35
0.2 0.375
0.2 0.4
0.2 0.425
0.2 0.45
0.2 0.475
0.2 0.5
0.2 0.525
0.2 0.55
0.2 0.575
0.2 0.6
0.1875 0.625
0.1625 0.6375
0.15 0.6625
0.1375 0.6875
0.1125 0.7125
0.0875 0.725
0.0625 0.75
0.05 0.775
0.025 0.8
0.0125 0.8
# triangles
107 108 109
100 101 113
101 102 113
103 104 113
102 103 113
104 105 113
13 134 136
13 136 137
134 135 136
84 131 132
84 132 133
84 130 131
10 11 141
50 51 52
107 109 110
105 106 112
106 111 112
105 112 113
34 81 82
99 100 113
98 99 113
12 13 137
12 137 138
11 12 138
21 84 133
85 129 130
84 85 130
85 128 129
26 32 82
36 70 71
36 71 74
39 67 68
27 28 29
26 27 29
48 49 53
46 47 60
16 17 18
18 133 134
16 18 134
14 15 16
13 14 134
14 16 134
7 8 9
9 10 141
7 9 141
98 113 114
90 122 123
77 78 79
11 138 139
87 127 128
87 88 126
87 126 127
33 34 82
32 33 82
35 75 76
35 76 77
35 77 79
34 35 81
35 79 81
39 66 67
26 31 32
29 30 31
26 29 31
21 22 23
21 23 84
24 25 26
48 53 58
18 19 133
19 20 21
19 21 133
88 125 126
2 5 142
1 2 142
0 1 142
7 141 142
91 121 122
90 91 122
89 123 124
89 90 123
11 140 141
11 139 140
85 86 128
86 87 128
36 37 70
37 69 70
37 68 69
39 40 66
26 82 83
24 26 83
23 83 84
23 24 83
44 45 62
46 60 61
45 46 61
45 61 62
43 44 63
44 62 63
42 43 63
54 55 57
55 56 57
53 54 57
53 57 58
48 58 59
47 48 59
47 59 60
79 80 81
38 39 68
37 38 68
42 63 64
41 64 65
41 42 64
3 4 5
2 3 5
49 52 53
49 50 52
106 107 110
106 110 111
71 72 73
71 73 74
97 114 115
97 98 114
93 94 119
94 118 119
92 119 120
92 93 119
94 117 118
94 95 117
35 36 74
35 74 75
6 7 142
5 6 142
91 92 120
91 120 121
89 124 125
88 89 125
97 115 116
96 97 116
95 116 117
95 96 116
40 41 66
41 65 66
