# points
0.22222 0.70707
0.18182 0.72727
0.14141 0.74747
0.10101 0.77778
0.10101 0.81818
0.080808 0.85859
0.040404 0.86869
0 0.89899
0 0.93939
0.030303 0.9798
0.070707 0.9899
0.11111 0.9899
0.15152 0.9697
0.17172 0.92929
0.19192 0.88889
0.23232 0.86869
0.27273 0.86869
0.31313 0.85859
0.35354 0.84848
0.39394 0.81818
0.43434 0.77778
0.47475 0.73737
0.51515 0.70707
0.54545 0.67677
0.55556 0.63636
0.56566 0.59596
0.56566 0.55556
0.56566 0.51515
0.56566 0.47475
0.56566 0.43434
0.56566 0.39394
0.56566 0.35354
0.59596 0.32323
0.63636 0.33333
0.67677 0.33333
0.71717 0.35354
0.75758 0.37374
0.79798 0.39394
0.83838 0.43434
0.87879 0.46465
0.91919 0.48485
0.9596 0.45455
0.9798 0.41414
1 0.37374
1 0.33333
0.9596 0.33333
0.91919 0.33333
0.87879 0.33333
0.83838 0.33333
0.79798 0.33333
0.75758 0.33333
0.71717 0.32323
0.67677 0.30303
0.63636 0.28283
0.59596 0.25253
0.55556 0.23232
0.51515 0.23232
0.48485 0.27273
0.46465 0.31313
0.45455 0.35354
0.44444 0.39394
0.42424 0.43434
0.41414 0.47475
0.38384 0.49495
0.35354 0.45455
0.31313 0.42424
0.28283 0.39394
0.29293 0.35354
0.30303 0.31313
0.32323 0.27273
0.32323 0.23232
0.34343 0.19192
0.34343 0.15152
0.35354 0.11111
0.36364 0.070707
0.36364 0.030303
0.33333 0
0.29293 0
0.25253 0.010101
0.21212 0.020202
0.20202 0.040404
0.24242 0.060606
0.28283 0.080808
0.30303 0.11111
0.30303 0.15152
0.29293 0.19192
0.28283 0.23232
0.25253 0.27273
0.23232 0.31313
0.22222 0.35354
0.22222 0.39394
0.24242 0.43434
0.27273 0.47475
0.29293 0.51515
0.33333 0.53535
0.37374 0.55556
0.38384 0.59596
0.36364 0.63636
0.32323 0.65657
0.28283 0.67677
0.24242 0.69697
0.22222 0.70707
# triangles
79 80 81
78 79 81
43 44 45
25 26 96
22 96 97
21 22 97
19 20 98
20 97 98
20 21 97
19 98 99
18 19 99
17 18 99
42 43 45
42 45 46
38 47 48
24 25 96
22 24 96
5 10 11
5 11 12
5 12 13
0 1 15
0 15 16
17 99 100
0 16 100
16 17 100
39 42 46
39 46 47
38 39 47
34 51 52
22 23 24
6 9 10
5 6 10
6 8 9
6 7 8
72 83 84
72 73 83
73 74 83
74 82 83
76 77 82
75 76 82
74 75 82
77 78 82
78 81 82
70 85 86
69 70 86
55 56 57
32 55 57
32 53 54
32 54 55
39 40 41
39 41 42
63 94 95
30 59 60
34 35 51
36 37 49
37 48 49
37 38 48
36 49 50
35 50 51
35 36 50
32 33 53
33 52 53
33 34 52
30 31 59
31 32 57
1 2 15
2 3 4
5 13 14
4 5 14
2 14 15
2 4 14
31 58 59
31 57 58
70 71 85
71 72 84
71 84 85
64 93 94
63 64 94
62 63 95
26 27 62
27 28 62
28 61 62
29 30 60
29 60 61
28 29 61
67 88 89
67 68 88
69 86 87
68 69 87
68 87 88
64 92 93
66 90 91
66 67 89
66 89 90
64 65 92
65 91 92
65 66 91
62 95 96
26 62 96
