# points
0.17045 0.69318
0.14773 0.72727
0.11364 0.75
0.079545 0.77273
0.068182 0.80682
0.056818 0.84091
0.056818 0.875
0.079545 0.89773
0.11364 0.90909
0.14773 0.89773
0.18182 0.88636
0.21591 0.85227
0.25 0.85227
0.28409 0.84091
0.31818 0.82955
0.35227 0.81818
0.38636 0.78409
0.42045 0.76136
0.45455 0.73864
0.48864 0.70455
0.52273 0.68182
0.53409 0.64773
0.53409 0.61364
0.56818 0.59091
0.59091 0.55682
0.60227 0.52273
0.61364 0.48864
0.625 0.45455
0.625 0.42045
0.625 0.38636
0.625 0.35227
0.63636 0.31818
0.65909 0.29545
0.69318 0.29545
0.72727 0.27273
0.76136 0.25
0.79545 0.25
0.82955 0.25
0.86364 0.25
0.89773 0.25
0.93182 0.25
0.96591 0.25
1 0.22727
1 0.19318
0.98864 0.15909
0.97727 0.125
0.95455 0.10227
0.93182 0.125
0.89773 0.15909
0.86364 0.17045
0.82955 0.18182
0.79545 0.18182
0.76136 0.18182
0.72727 0.19318
0.69318 0.19318
0.65909 0.20455
0.625 0.22727
0.59091 0.25
0.55682 0.26136
0.53409 0.29545
0.51136 0.32955
0.5 0.36364
0.46591 0.38636
0.43182 0.38636
0.39773 0.375
0.36364 0.375
0.32955 0.36364
0.29545 0.36364
0.28409 0.32955
0.27273 0.29545
0.26136 0.26136
0.23864 0.22727
0.21591 0.19318
0.19318 0.15909
0.18182 0.125
0.17045 0.090909
0.15909 0.056818
0.14773 0.022727
0.11364 0
0.079545 0
0.045455 0.022727
0.022727 0.056818
0 0.090909
0.011364 0.125
0.045455 0.13636
0.079545 0.13636
0.10227 0.15909
0.125 0.19318
0.13636 0.22727
0.14773 0.26136
0.18182 0.29545
0.20455 0.32955
0.22727 0.36364
0.25 0.39773
0.28409 0.43182
0.31818 0.46591
0.32955 0.5
0.32955 0.53409
0.30682 0.56818
0.27273 0.59091
0.23864 0.61364
0.21591 0.63636
0.20455 0.67045
0.17045 0.69318
0.17045 0.69318
# triangles
41 42 43
40 41 43
40 43 48
7 8 9
43 44 48
38 49 50
5 7 9
4 5 9
5 6 7
64 65 95
80 81 85
44 45 47
44 47 48
25 26 62
26 61 62
26 27 61
22 23 24
24 25 62
22 24 62
39 40 48
39 48 49
38 39 49
37 38 50
69 70 91
73 74 87
73 87 88
72 73 88
16 100 102
1 11 12
0 1 12
2 3 4
1 2 11
63 64 95
81 84 85
82 83 84
81 82 84
35 52 53
34 54 55
33 34 55
34 53 54
34 35 53
27 28 61
30 59 60
30 60 61
74 86 87
68 69 91
100 101 102
19 20 21
19 21 22
19 22 97
19 97 98
17 98 99
16 17 99
16 99 100
2 10 11
4 9 10
2 4 10
14 15 16
14 16 102
63 95 96
62 63 96
22 62 96
22 96 97
45 46 47
29 30 61
28 29 61
30 31 59
70 90 91
70 71 90
67 93 94
66 67 94
65 66 94
65 94 95
67 68 92
67 92 93
68 91 92
17 18 98
18 19 98
13 14 102
0 13 102
0 12 13
75 85 86
74 75 86
32 33 55
32 55 56
32 56 57
31 32 57
31 58 59
31 57 58
71 89 90
72 88 89
71 72 89
75 76 85
76 80 85
76 78 79
76 77 78
76 79 80
36 37 51
37 50 51
36 51 52
35 36 52
