# points
0.20238 0.70238
0.20238 0.7381
0.17857 0.7619
0.14286 0.78571
0.10714 0.82143
0.083333 0.84524
0.071429 0.88095
0.10714 0.90476
0.14286 0.90476
0.17857 0.90476
0.21429 0.88095
0.2381 0.84524
0.27381 0.83333
0.30952 0.83333
0.34524 0.83333
0.38095 0.82143
0.41667 0.80952
0.45238 0.78571
0.4881 0.77381
0.5119 0.75
0.54762 0.71429
0.57143 0.67857
0.58333 0.64286
0.59524 0.60714
0.63095 0.59524
0.65476 0.57143
0.66667 0.53571
0.66667 0.5
0.66667 0.46429
0.66667 0.42857
0.66667 0.39286
0.66667 0.35714
0.66667 0.32143
0.69048 0.29762
0.72619 0.28571
0.7619 0.27381
0.79762 0.25
0.83333 0.25
0.86905 0.25
0.90476 0.2381
0.94048 0.21429
0.97619 0.17857
0.9881 0.14286
1 0.10714
1 0.071429
0.97619 0.047619
0.94048 0.059524
0.90476 0.083333
0.86905 0.10714
0.83333 0.13095
0.79762 0.16667
0.7619 0.19048
0.72619 0.21429
0.69048 0.2381
0.65476 0.25
0.61905 0.2619
0.58333 0.28571
0.55952 0.32143
0.54762 0.35714
0.53571 0.39286
0.54762 0.42857
0.5119 0.44048
0.47619 0.42857
0.44048 0.42857
0.40476 0.42857
0.36905 0.40476
0.33333 0.39286
0.29762 0.38095
0.27381 0.34524
0.27381 0.30952
0.2619 0.27381
0.2619 0.2381
0.25 0.20238
0.2381 0.16667
0.22619 0.13095
0.20238 0.095238
0.16667 0.059524
0.16667 0.02381
0.13095 0
0.095238 0.011905
0.059524 0.047619
0.02381 0.071429
0 0.095238
0.035714 0.10714
0.071429 0.10714
0.10714 0.11905
0.14286 0.14286
0.15476 0.17857
0.16667 0.21429
0.17857 0.25
0.19048 0.28571
0.20238 0.32143
0.20238 0.35714
0.22619 0.39286
0.25 0.42857
0.28571 0.45238
0.32143 0.47619
0.35714 0.5
0.38095 0.52381
0.38095 0.55952
0.36905 0.59524
0.33333 0.63095
0.29762 0.65476
0.2619 0.66667
0.22619 0.67857
0.20238 0.70238
# triangles
76 78 79
43 44 46
42 43 46
19 20 100
5 6 7
4 8 9
76 77 78
80 81 84
76 85 86
80 84 85
81 82 83
81 83 84
44 45 46
42 46 47
1 12 103
1 11 12
17 19 100
17 18 19
17 100 101
75 76 86
0 1 104
1 103 104
37 38 50
3 10 11
3 4 10
4 9 10
2 3 11
1 2 11
23 26 27
20 21 100
21 22 100
23 61 99
22 99 100
22 23 99
16 101 102
16 17 101
72 88 89
72 73 88
73 87 88
70 90 91
69 70 91
68 92 93
68 91 92
68 69 91
31 57 58
30 31 58
38 49 50
33 53 54
40 41 48
41 47 48
41 42 47
61 98 99
74 75 86
74 86 87
73 74 87
71 89 90
70 71 90
71 72 89
29 30 60
28 29 60
58 59 60
30 58 60
27 28 60
23 27 60
23 60 61
38 39 49
36 51 52
36 37 50
36 50 51
34 52 53
33 34 53
32 55 56
32 54 55
32 33 54
31 32 57
32 56 57
13 14 102
12 13 103
13 102 103
15 16 102
14 15 102
66 95 96
65 66 96
35 36 52
34 35 52
67 93 94
67 68 93
67 94 95
66 67 95
61 62 98
62 63 98
64 97 98
63 64 98
4 5 8
5 7 8
79 80 85
76 79 85
24 25 26
23 24 26
39 48 49
39 40 48
64 65 96
64 96 97
