# points
0.25 0.575
0.21667 0.6
0.18333 0.61667
0.15 0.63333
0.11667 0.65
0.091667 0.68333
0.091667 0.71667
0.091667 0.75
0.058333 0.775
0.025 0.79167
0 0.81667
0.016667 0.84167
0.05 0.85
0.083333 0.84167
0.11667 0.825
0.13333 0.8
0.15833 0.78333
0.19167 0.775
0.225 0.76667
0.25833 0.75833
0.29167 0.725
0.325 0.7
0.35833 0.675
0.38333 0.64167
0.4 0.60833
0.41667 0.575
0.45 0.54167
0.475 0.50833
0.49167 0.475
0.51667 0.44167
0.53333 0.40833
0.55833 0.375
0.58333 0.34167
0.60833 0.30833
0.64167 0.3
0.675 0.29167
0.70833 0.275
0.74167 0.26667
0.775 0.25833
0.80833 0.25
0.84167 0.25
0.875 0.25
0.90833 0.25
0.94167 0.25
0.975 0.24167
1 0.21667
1 0.18333
1 0.15
1 0.11667
0.98333 0.13333
0.95 0.15833
0.91667 0.18333
0.88333 0.18333
0.85 0.19167
0.81667 0.2
0.78333 0.20833
0.75 0.21667
0.71667 0.21667
0.68333 0.225
0.65 0.23333
0.61667 0.23333
0.58333 0.23333
0.55 0.23333
0.51667 0.25
0.48333 0.26667
0.45833 0.29167
0.43333 0.325
0.4 0.35
0.375 0.38333
0.34167 0.39167
0.30833 0.39167
0.275 0.375
0.24167 0.35833
0.20833 0.34167
0.2 0.30833
0.2 0.275
0.19167 0.24167
0.19167 0.20833
0.18333 0.175
0.18333 0.14167
0.175 0.10833
0.175 0.075
0.16667 0.041667
0.15833 0.0083333
0.125 0
0.091667 0.025
0.058333 0.05
0.041667 0.075
0.075 0.1
0.1 0.11667
0.10833 0.15
0.11667 0.18333
0.125 0.21667
0.125 0.25
0.125 0.28333
0.125 0.31667
0.13333 0.35
0.15 0.38333
0.18333 0.4
0.21667 0.43333
0.25 0.45
0.28333 0.48333
0.3 0.50833
0.275 0.54167
0.25 0.575
0.25 0.575
# triangles
41 42 52
44 45 50
85 86 88
86 87 88
47 48 49
47 49 50
42 51 52
44 50 51
41 52 53
42 43 51
43 44 51
28 29 68
29 67 68
45 46 50
46 47 50
39 40 54
40 53 54
40 41 53
68 69 102
24 25 102
0 21 22
71 99 100
29 66 67
31 65 66
37 38 56
32 63 64
31 64 65
31 32 64
32 33 63
33 34 60
38 39 55
38 55 56
39 54 55
0 22 23
69 101 102
26 68 102
25 26 102
9 10 11
9 11 12
4 5 6
4 6 17
3 4 17
18 19 20
2 18 20
2 3 18
3 17 18
70 71 100
69 70 101
70 100 101
29 30 66
30 31 66
33 60 61
35 58 59
34 59 60
34 35 59
35 36 58
24 102 103
0 23 103
23 24 103
27 28 68
26 27 68
1 2 20
0 1 21
1 20 21
6 7 16
6 16 17
7 15 16
8 13 14
8 12 13
8 9 12
8 14 15
7 8 15
82 84 85
82 83 84
76 77 92
76 92 93
77 78 92
78 91 92
80 81 89
85 88 89
82 85 89
81 82 89
73 97 98
72 98 99
71 72 99
72 73 98
74 94 95
76 93 94
33 62 63
33 61 62
37 56 57
36 37 57
36 57 58
78 79 91
73 96 97
74 95 96
73 74 96
74 75 94
75 76 94
79 90 91
80 89 90
79 80 90
