# points
0.26772 0.47244
0.24409 0.48819
0.22047 0.50394
0.20472 0.51969
0.19685 0.54331
0.1811 0.55906
0.16535 0.58268
0.15748 0.6063
0.16535 0.62992
0.1811 0.64567
0.20472 0.65354
0.22835 0.65354
0.24409 0.6378
0.25984 0.61417
0.28346 0.6063
0.30709 0.6063
0.33071 0.59055
0.35433 0.58268
0.37008 0.55906
0.3937 0.54331
0.41732 0.51969
0.44094 0.50394
0.45669 0.48031
0.48031 0.46457
0.49606 0.44094
0.51181 0.41732
0.52756 0.3937
0.54331 0.37008
0.55118 0.34646
0.5748 0.32283
0.59055 0.29921
0.6063 0.27559
0.62992 0.25984
0.65354 0.23622
0.67717 0.22835
0.70079 0.22047
0.72441 0.20472
0.74803 0.20472
0.77165 0.19685
0.79528 0.19685
0.8189 0.19685
0.84252 0.19685
0.86614 0.19685
0.88976 0.19685
0.91339 0.19685
0.93701 0.19685
0.96063 0.19685
0.97638 0.1811
0.99213 0.15748
1 0.13386
1 0.11024
1 0.086614
0.98425 0.086614
0.96063 0.11024
0.94488 0.13386
0.92126 0.14961
0.89764 0.15748
0.87402 0.15748
0.85039 0.15748
0.82677 0.15748
0.80315 0.15748
0.77953 0.15748
0.75591 0.15748
0.73228 0.15748
0.70866 0.15748
0.68504 0.15748
0.66142 0.15748
0.6378 0.16535
0.61417 0.17323
0.59055 0.18898
0.56693 0.19685
0.54331 0.2126
0.52756 0.23622
0.50394 0.25984
0.49606 0.28346
0.47244 0.29134
0.44882 0.29134
0.4252 0.28346
0.40157 0.27559
0.37795 0.26772
0.35433 0.25984
0.33071 0.25984
0.30709 0.25984
0.28346 0.25984
0.25984 0.25984
0.23622 0.23622
0.22835 0.2126
0.22047 0.18898
0.2126 0.16535
0.20472 0.14173
0.18898 0.11811
0.16535 0.10236
0.14173 0.086614
0.11811 0.062992
0.11024 0.03937
0.10236 0.015748
0.086614 0
0.070866 0.015748
0.047244 0.03937
0.023622 0.055118
0 0.07874
0.015748 0.094488
0.03937 0.094488
0.062992 0.094488
0.086614 0.10236
0.10236 0.12598
0.11024 0.14961
0.11811 0.17323
0.13386 0.19685
0.14961 0.22047
0.15748 0.24409
0.17323 0.26772
0.18898 0.29134
0.2126 0.29921
0.23622 0.31496
0.25984 0.32283
0.28346 0.33071
0.30709 0.33858
0.33071 0.34646
0.35433 0.3622
0.34646 0.38583
0.33071 0.40945
0.30709 0.4252
0.29134 0.44882
0.26772 0.46457
0.26772 0.47244
# triangles
50 51 52
6 9 10
6 8 9
6 10 12
6 7 8
0 16 18
10 11 12
0 1 16
1 14 16
4 13 14
4 5 13
6 12 13
5 6 13
14 15 16
33 67 68
33 34 67
34 66 67
33 68 69
31 69 70
31 70 71
29 30 73
50 52 53
49 50 53
40 41 59
43 56 57
99 100 101
93 103 104
95 96 97
94 97 98
94 98 103
93 94 103
94 95 97
90 106 107
92 93 104
86 109 110
16 17 18
18 19 123
19 20 123
0 18 123
121 122 123
20 121 123
0 123 124
20 21 22
20 22 121
25 76 119
45 46 47
45 47 55
32 33 69
31 32 69
89 107 108
89 90 107
30 72 73
31 71 72
30 31 72
34 65 66
34 35 65
37 62 63
40 59 60
35 36 65
36 64 65
36 63 64
36 37 63
39 40 60
39 60 61
38 61 62
37 38 62
38 39 61
41 58 59
48 49 54
49 53 54
47 48 54
47 54 55
42 43 57
42 57 58
41 42 58
98 99 102
98 102 103
99 101 102
90 91 106
92 104 105
91 105 106
91 92 105
86 110 111
83 115 116
1 2 14
2 4 14
2 3 4
22 120 121
29 73 74
28 29 74
25 26 76
43 44 56
44 55 56
44 45 55
78 79 119
76 77 119
77 78 119
86 87 109
85 86 111
85 111 112
85 112 113
79 118 119
79 80 118
22 24 120
24 25 119
24 119 120
26 75 76
28 74 75
27 28 75
26 27 75
88 89 108
88 108 109
87 88 109
82 116 117
82 83 116
84 114 115
83 84 115
84 113 114
84 85 113
22 23 24
81 82 117
80 81 118
81 117 118
