# points
0.16667 0.52632
0.15789 0.55263
0.13158 0.5614
0.10526 0.57018
0.078947 0.57018
0.061404 0.59649
0.061404 0.62281
0.070175 0.64912
0.087719 0.67544
0.11404 0.68421
0.14035 0.68421
0.16667 0.68421
0.19298 0.67544
0.20175 0.64912
0.2193 0.63158
0.24561 0.64035
0.27193 0.64035
0.29825 0.64035
0.32456 0.64035
0.35088 0.62281
0.37719 0.59649
0.40351 0.57018
0.42105 0.54386
0.44737 0.51754
0.46491 0.49123
0.49123 0.47368
0.51754 0.45614
0.53509 0.42982
0.54386 0.40351
0.54386 0.37719
0.57018 0.35088
0.58772 0.32456
0.60526 0.29825
0.62281 0.27193
0.64912 0.26316
0.67544 0.26316
0.70175 0.27193
0.72807 0.28947
0.75439 0.29825
0.7807 0.29825
0.80702 0.29825
0.83333 0.31579
0.85965 0.33333
0.88596 0.34211
0.91228 0.34211
0.9386 0.32456
0.96491 0.29825
0.99123 0.2807
1 0.25439
0.99123 0.23684
0.96491 0.23684
0.9386 0.23684
0.91228 0.22807
0.88596 0.22807
0.85965 0.21053
0.83333 0.20175
0.80702 0.19298
0.7807 0.18421
0.75439 0.17544
0.72807 0.17544
0.70175 0.17544
0.67544 0.17544
0.64912 0.17544
0.62281 0.18421
0.59649 0.19298
0.57018 0.20175
0.54386 0.21053
0.52632 0.22807
0.50877 0.25439
0.48246 0.2807
0.46491 0.30702
0.44737 0.32456
0.42105 0.31579
0.39474 0.29825
0.36842 0.29825
0.34211 0.28947
0.31579 0.2807
0.28947 0.2807
0.26316 0.27193
0.23684 0.26316
0.2193 0.23684
0.2193 0.21053
0.20175 0.18421
0.18421 0.15789
0.15789 0.13158
0.13158 0.10526
0.12281 0.078947
0.11404 0.052632
0.10526 0.026316
0.087719 0
0.061404 0
0.04386 0.017544
0.017544 0.04386
0 0.070175
0.0087719 0.096491
0.035088 0.096491
0.061404 0.096491
0.087719 0.096491
0.10526 0.12281
0.12281 0.14912
0.14035 0.17544
0.15789 0.20175
0.16667 0.22807
0.17544 0.25439
0.19298 0.2807
0.21053 0.30702
0.23684 0.32456
0.25439 0.34211
0.2807 0.35965
0.30702 0.37719
0.33333 0.38596
0.32456 0.41228
0.30702 0.4386
0.2807 0.45614
0.25439 0.46491
0.22807 0.46491
0.20175 0.47368
0.17544 0.49123
0.16667 0.51754
0.16667 0.52632
# triangles
35 36 60
35 60 61
45 51 52
88 89 90
88 90 91
91 92 96
7 8 9
14 16 114
1 13 14
43 44 45
36 58 59
36 59 60
38 39 57
37 38 57
37 57 58
36 37 58
45 46 51
48 49 50
47 48 50
46 47 50
46 50 51
39 40 56
39 56 57
84 99 100
82 101 102
81 82 102
80 102 103
80 81 102
83 84 100
82 83 101
83 100 101
87 96 97
86 87 97
87 88 91
87 91 96
14 15 16
79 104 105
80 103 104
79 80 104
79 105 106
1 2 13
0 14 114
0 1 14
85 98 99
84 85 99
85 97 98
85 86 97
40 54 55
40 55 56
92 95 96
92 93 95
93 94 95
11 12 13
3 4 5
3 7 9
116 117 118
0 116 118
20 21 113
21 112 113
21 22 112
16 17 114
24 110 111
30 31 69
75 108 109
75 109 110
34 62 63
41 42 53
42 43 53
43 45 53
45 52 53
40 53 54
40 41 53
2 10 13
10 11 13
3 9 10
2 3 10
0 114 115
0 115 116
3 6 7
3 5 6
19 20 113
77 107 108
77 106 107
17 18 19
23 24 111
22 23 112
23 111 112
28 29 71
27 28 71
26 27 71
25 26 71
24 25 71
24 71 110
71 72 110
75 76 108
76 77 108
78 79 106
77 78 106
31 68 69
31 32 68
74 75 110
72 74 110
72 73 74
29 70 71
29 30 70
30 69 70
32 67 68
32 33 67
33 66 67
33 64 65
33 65 66
34 61 62
34 35 61
17 19 114
19 113 114
34 63 64
33 34 64
