# points
0.12162 0.81081
0.094595 0.82432
0.067568 0.85135
0.040541 0.86486
0.013514 0.87838
0 0.90541
0 0.93243
0.013514 0.95946
0.027027 0.98649
0.054054 1
0.081081 1
0.10811 1
0.13514 0.98649
0.16216 0.98649
0.18919 0.95946
0.2027 0.93243
0.22973 0.90541
0.25676 0.89189
0.28378 0.89189
0.31081 0.89189
0.33784 0.89189
0.36486 0.89189
0.39189 0.87838
0.41892 0.87838
0.44595 0.87838
0.47297 0.86486
0.5 0.85135
0.52703 0.83784
0.55405 0.82432
0.58108 0.81081
0.60811 0.78378
0.63514 0.75676
0.64865 0.72973
0.67568 0.7027
0.68919 0.68919
0.7027 0.66216
0.7027 0.63514
0.68919 0.60811
0.68919 0.58108
0.68919 0.55405
0.66216 0.52703
0.63514 0.5
0.62162 0.47297
0.62162 0.44595
0.62162 0.41892
0.62162 0.39189
0.62162 0.36486
0.63514 0.33784
0.66216 0.31081
0.68919 0.2973
0.71622 0.27027
0.74324 0.27027
0.77027 0.25676
0.78378 0.22973
0.81081 0.2027
0.83784 0.17568
0.86486 0.17568
0.89189 0.16216
0.90541 0.13514
0.90541 0.10811
0.90541 0.081081
0.90541 0.054054
0.90541 0.027027
0.89189 0
0.86486 0
0.85135 0.027027
0.85135 0.054054
0.82432 0.081081
0.81081 0.10811
0.7973 0.13514
0.77027 0.16216
0.74324 0.17568
0.71622 0.18919
0.68919 0.2027
0.66216 0.21622
0.63514 0.22973
0.60811 0.24324
0.58108 0.24324
0.55405 0.25676
0.52703 0.28378
0.52703 0.31081
0.52703 0.33784
0.52703 0.36486
0.52703 0.39189
0.52703 0.41892
0.52703 0.44595
0.52703 0.47297
0.52703 0.5
0.52703 0.52703
0.5 0.52703
0.47297 0.52703
0.44595 0.51351
0.41892 0.51351
0.39189 0.5
0.36486 0.48649
0.33784 0.47297
0.31081 0.44595
0.32432 0.41892
0.35135 0.39189
0.36486 0.36486
0.37838 0.33784
0.39189 0.31081
0.39189 0.28378
0.40541 0.25676
0.41892 0.22973
0.43243 0.2027
0.44595 0.17568
0.47297 0.14865
0.47297 0.12162
0.45946 0.10811
0.43243 0.094595
0.40541 0.094595
0.37838 0.081081
0.35135 0.081081
0.32432 0.067568
0.2973 0.067568
0.31081 0.094595
0.32432 0.12162
0.33784 0.14865
0.33784 0.17568
0.33784 0.2027
0.33784 0.22973
0.33784 0.25676
0.32432 0.28378
0.31081 0.31081
0.28378 0.33784
0.25676 0.36486
0.24324 0.39189
0.24324 0.41892
0.24324 0.44595
0.25676 0.47297
0.27027 0.5
0.2973 0.52703
0.31081 0.55405
0.33784 0.58108
0.36486 0.59459
0.37838 0.62162
0.37838 0.64865
0.35135 0.67568
0.32432 0.68919
0.2973 0.7027
0.27027 0.71622
0.24324 0.72973
0.21622 0.74324
0.18919 0.77027
0.16216 0.78378
0.13514 0.7973
0.12162 0.81081
# triangles
7 8 9
7 9 10
30 31 32
1 2 15
20 140 141
112 113 118
111 112 118
60 61 66
55 68 69
58 59 68
59 67 68
0 1 15
10 11 12
2 10 12
12 13 14
12 14 15
2 12 15
3 7 10
2 3 10
3 6 7
3 5 6
3 4 5
19 20 141
18 19 141
28 29 30
25 26 138
20 22 140
22 139 140
22 138 139
47 48 76
47 77 78
47 76 77
55 56 68
56 57 58
56 58 68
17 143 144
20 21 22
23 25 138
22 23 138
23 24 25
106 109 110
106 110 111
106 111 118
94 133 134
18 141 142
17 142 143
17 18 142
93 94 134
94 132 133
96 130 131
96 129 130
48 75 76
49 74 75
48 49 75
49 50 74
50 73 74
50 72 73
16 144 145
16 17 144
0 16 146
0 15 16
16 145 146
41 42 87
41 87 88
107 108 109
106 107 109
94 95 132
95 131 132
95 96 131
33 34 37
32 33 37
32 37 88
51 52 72
50 51 72
53 70 71
53 54 70
53 71 72
52 53 72
42 86 87
47 78 80
93 134 135
27 28 137
28 30 137
26 27 137
26 137 138
30 32 137
32 88 137
88 89 137
96 128 129
46 81 82
46 47 81
47 80 81
78 79 80
92 93 135
90 92 136
90 91 92
92 135 136
114 115 116
113 114 116
103 104 121
96 97 128
97 127 128
40 41 88
38 39 40
100 101 123
101 102 123
113 117 118
113 116 117
104 105 120
104 120 121
97 126 127
97 125 126
98 99 125
97 98 125
102 122 123
102 103 122
103 121 122
99 124 125
99 100 124
100 123 124
105 119 120
106 118 119
105 106 119
63 64 65
62 63 65
59 60 66
59 66 67
61 62 66
62 65 66
54 69 70
54 55 69
35 36 37
34 35 37
89 90 137
90 136 137
42 85 86
42 43 85
37 38 40
37 40 88
43 84 85
43 44 84
46 82 83
45 46 83
44 83 84
44 45 83
