# points
0.22034 0.52542
0.19492 0.54237
0.16949 0.55932
0.16949 0.58475
0.14407 0.59322
0.11864 0.60169
0.09322 0.61864
0.084746 0.64407
0.076271 0.66949
0.084746 0.69492
0.10169 0.72034
0.12712 0.72881
0.15254 0.72881
0.16949 0.71186
0.18644 0.68644
0.21186 0.66949
0.23729 0.66949
0.26271 0.66949
0.28814 0.66102
0.31356 0.64407
0.33898 0.61864
0.35593 0.60169
0.38136 0.58475
0.40678 0.5678
0.4322 0.54237
0.44915 0.52542
0.47458 0.5
0.49153 0.47458
0.50847 0.44915
0.51695 0.42373
0.54237 0.40678
0.5678 0.38136
0.59322 0.36441
0.61864 0.34746
0.63559 0.32203
0.66102 0.29661
0.68644 0.27966
0.71186 0.27119
0.73729 0.26271
0.76271 0.25424
0.78814 0.24576
0.81356 0.23729
0.83898 0.22034
0.86441 0.21186
0.88983 0.19492
0.91525 0.19492
0.94068 0.19492
0.9661 0.19492
0.98305 0.17797
1 0.15254
1 0.12712
1 0.10169
1 0.076271
0.99153 0.050847
0.97458 0.059322
0.94915 0.084746
0.9322 0.11017
0.90678 0.12712
0.88136 0.13559
0.85593 0.14407
0.83051 0.14407
0.80508 0.15254
0.77966 0.16102
0.75424 0.16102
0.72881 0.16949
0.70339 0.18644
0.67797 0.19492
0.65254 0.20339
0.62712 0.21186
0.60169 0.22034
0.57627 0.23729
0.55085 0.25424
0.52542 0.27966
0.5 0.30508
0.47458 0.33051
0.44915 0.33898
0.42373 0.33898
0.39831 0.33898
0.37288 0.33898
0.34746 0.33051
0.32203 0.33051
0.29661 0.32203
0.27119 0.32203
0.24576 0.32203
0.22034 0.30508
0.20339 0.28814
0.19492 0.26271
0.18644 0.23729
0.18644 0.21186
0.16949 0.18644
0.15254 0.16102
0.14407 0.13559
0.13559 0.11017
0.13559 0.084746
0.13559 0.059322
0.13559 0.033898
0.12712 0.0084746
0.10169 0
0.076271 0.016949
0.050847 0.033898
0.025424 0.050847
0 0.067797
0 0.09322
0.025424 0.09322
0.050847 0.09322
0.076271 0.09322
0.09322 0.11017
0.10169 0.13559
0.10169 0.16102
0.11017 0.18644
0.11864 0.21186
0.12712 0.23729
0.14407 0.26271
0.14407 0.28814
0.16102 0.31356
0.16949 0.33898
0.18644 0.36441
0.21186 0.37288
0.23729 0.38983
0.26271 0.39831
0.28814 0.40678
0.31356 0.41525
0.33051 0.4322
0.30508 0.45763
0.27966 0.47458
0.25424 0.5
0.22881 0.52542
0.22034 0.52542
# triangles
9 10 11
99 104 105
98 99 105
94 98 105
87 88 111
39 63 64
84 115 116
35 68 69
35 69 70
33 34 71
34 70 71
34 35 70
37 38 65
39 64 65
38 39 65
35 36 68
36 67 68
99 100 104
93 94 105
87 111 112
39 40 63
22 23 123
20 21 125
44 45 58
45 57 58
40 62 63
40 41 62
49 50 56
48 49 56
95 97 98
94 95 98
37 65 66
36 37 66
36 66 67
84 116 117
82 118 119
100 101 103
100 103 104
101 102 103
93 105 106
92 93 106
92 106 107
89 90 109
89 109 110
88 89 111
89 110 111
91 92 107
84 85 114
84 114 115
85 113 114
86 87 112
86 112 113
85 86 113
7 9 14
7 8 9
21 124 125
22 123 124
21 22 124
20 125 126
19 20 126
18 19 126
0 1 126
45 46 57
46 47 48
46 48 56
46 56 57
44 58 59
43 44 59
43 59 60
50 51 55
50 55 56
51 52 55
95 96 97
78 79 121
79 80 121
81 82 119
83 84 117
82 83 118
83 117 118
80 120 121
80 81 120
81 119 120
23 24 123
26 27 122
25 26 122
78 121 122
24 122 123
24 25 122
30 31 74
27 28 76
27 76 122
31 32 72
32 33 72
33 71 72
90 108 109
90 91 108
91 107 108
1 16 126
42 60 61
42 43 60
41 42 62
42 61 62
52 53 54
52 54 55
29 30 74
77 78 122
76 77 122
31 73 74
31 72 73
1 2 3
1 3 16
17 18 126
16 17 126
11 12 13
9 11 13
9 13 14
5 6 7
5 7 14
4 5 14
29 74 75
28 75 76
28 29 75
3 15 16
4 14 15
3 4 15
