# points
0.25263 0.72632
0.22105 0.74737
0.18947 0.76842
0.15789 0.77895
0.12632 0.8
0.11579 0.83158
0.084211 0.85263
0.052632 0.85263
0.021053 0.87368
0 0.89474
0.010526 0.92632
0.021053 0.95789
0.052632 0.97895
0.084211 0.98947
0.11579 0.98947
0.14737 0.97895
0.16842 0.94737
0.17895 0.91579
0.21053 0.90526
0.24211 0.89474
0.27368 0.88421
0.30526 0.86316
0.33684 0.84211
0.36842 0.82105
0.4 0.8
0.43158 0.77895
0.46316 0.74737
0.48421 0.71579
0.50526 0.68421
0.52632 0.65263
0.54737 0.62105
0.57895 0.58947
0.58947 0.55789
0.6 0.52632
0.61053 0.49474
0.61053 0.46316
0.61053 0.43158
0.62105 0.4
0.65263 0.36842
0.68421 0.34737
0.71579 0.33684
0.74737 0.31579
0.77895 0.29474
0.81053 0.26316
0.84211 0.24211
0.87368 0.21053
0.90526 0.2
0.93684 0.18947
0.96842 0.18947
0.98947 0.16842
1 0.13684
0.98947 0.10526
0.96842 0.073684
0.95789 0.042105
0.93684 0.021053
0.90526 0
0.88421 0.031579
0.88421 0.063158
0.88421 0.094737
0.87368 0.12632
0.87368 0.15789
0.84211 0.17895
0.81053 0.18947
0.77895 0.21053
0.74737 0.22105
0.71579 0.23158
0.68421 0.24211
0.65263 0.26316
0.62105 0.27368
0.58947 0.30526
0.55789 0.31579
0.53684 0.34737
0.51579 0.37895
0.50526 0.41053
0.49474 0.44211
0.48421 0.47368
0.48421 0.50526
0.45263 0.50526
0.42105 0.49474
0.38947 0.48421
0.35789 0.46316
0.32632 0.46316
0.29474 0.44211
0.26316 0.43158
0.28421 0.41053
0.31579 0.38947
0.33684 0.35789
0.34737 0.32632
0.35789 0.29474
0.37895 0.26316
0.38947 0.23158
0.4 0.2
0.43158 0.16842
0.42105 0.13684
0.38947 0.11579
0.35789 0.10526
0.32632 0.094737
0.29474 0.084211
0.26316 0.084211
0.25263 0.10526
0.26316 0.13684
0.29474 0.15789
0.31579 0.17895
0.31579 0.21053
0.29474 0.24211
0.27368 0.27368
0.25263 0.30526
0.24211 0.33684
0.21053 0.36842
0.17895 0.37895
0.14737 0.4
0.12632 0.43158
0.12632 0.46316
0.13684 0.49474
0.16842 0.52632
0.17895 0.55789
0.21053 0.57895
0.24211 0.6
0.27368 0.61053
0.30526 0.62105
0.33684 0.64211
0.30526 0.67368
0.27368 0.70526
0.25263 0.72632
# triangles
53 54 57
52 53 57
52 57 58
8 9 10
81 117 118
10 11 12
31 32 76
25 26 120
54 55 56
54 56 57
97 98 99
49 50 51
51 58 59
51 52 58
45 60 61
81 118 119
37 70 71
38 39 68
91 102 103
91 94 102
91 92 93
91 93 94
94 95 102
96 97 101
95 96 101
95 101 102
89 103 104
88 89 104
14 15 16
30 31 76
28 29 120
45 46 60
29 77 120
77 78 120
30 76 77
29 30 77
37 69 70
37 38 69
38 68 69
37 71 72
34 75 76
39 67 68
41 65 66
41 42 65
89 90 103
90 91 103
97 99 100
97 100 101
81 116 117
81 82 116
24 121 122
25 120 121
24 25 121
6 16 17
6 12 13
6 13 14
6 14 16
6 10 12
26 27 120
27 28 120
43 44 63
44 62 63
44 45 61
44 61 62
42 64 65
43 63 64
42 43 64
46 47 60
47 59 60
47 51 59
47 48 49
47 49 51
79 119 120
78 79 120
79 81 119
79 80 81
36 72 73
36 37 72
36 73 74
32 33 76
33 34 76
40 41 66
40 66 67
39 40 67
114 115 116
83 113 114
83 114 116
82 83 116
83 112 113
86 87 106
87 88 105
87 105 106
88 104 105
85 86 107
86 106 107
1 20 21
0 1 21
23 24 122
0 23 122
1 2 20
5 6 17
5 17 18
35 36 74
35 74 75
34 35 75
83 108 109
84 85 107
84 107 108
83 84 108
0 21 22
0 22 23
2 19 20
2 18 19
2 3 18
3 5 18
3 4 5
83 110 112
110 111 112
83 109 110
6 8 10
6 7 8
