# points
0 0.46345
0 0.50078
0 0.5381
0 0.57543
0 0.61275
0 0.65008
0 0.6874
0 0.72473
0 0.76205
0 0.79938
0 0.8367
0 0.87403
0 0.91135
0.023328 0.92535
0.060653 0.92535
0.097978 0.92535
0.1353 0.92535
0.17263 0.92535
0.20995 0.92535
0.24728 0.92535
0.2846 0.92535
0.32193 0.92535
0.35925 0.92535
0.39658 0.92535
0.4339 0.92535
0.47123 0.92535
0.50855 0.92535
0.54588 0.92535
0.5832 0.92535
0.62053 0.92535
0.65785 0.92535
0.69518 0.92535
0.7325 0.92535
0.76983 0.92535
0.80715 0.92535
0.84448 0.92535
0.8818 0.92535
0.91913 0.92535
0.95645 0.92535
0.99378 0.92535
1 0.89425
1 0.85692
1 0.8196
1 0.78227
1 0.74495
1 0.70762
1 0.6703
1 0.63297
1 0.59565
1 0.55832
1 0.521
1 0.48367
1 0.44635
1 0.40902
1 0.3717
1 0.33437
1 0.29705
1 0.25972
1 0.2224
1 0.18507
1 0.14774
1 0.11042
1 0.073095
1 0.03577
0.99844 0
0.96112 0
0.92379 0
0.88647 0
0.84914 0
0.81182 0
0.77449 0
0.73717 0
0.69984 0
0.66252 0
0.62519 0
0.58787 0
0.55054 0
0.51322 0
0.47589 0
0.43857 0
0.40124 0
0.36392 0
0.32659 0
0.28927 0
0.25194 0
0.21462 0
0.17729 0
0.13997 0
0.10264 0
0.065319 0
0.027994 0
0 0.0093313
0 0.046656
0 0.083981
0 0.12131
0 0.15863
0 0.19596
0 0.23328
0 0.27061
0 0.30793
0 0.34526
0 0.38258
0 0.41991
0 0.45723
0 0.46345
# triangles
1 2 23
26 27 77
11 12 13
6 7 18
63 64 65
4 5 20
27 28 51
27 51 52
2 22 23
27 52 76
27 76 77
0 1 24
0 24 25
1 23 24
5 6 19
5 19 20
6 18 19
28 50 51
29 49 50
28 29 50
32 33 46
32 46 47
31 32 47
2 3 22
4 20 21
3 4 21
3 21 22
11 13 14
8 9 16
61 66 67
33 45 46
34 44 45
33 34 45
29 30 49
52 75 76
10 11 14
8 16 17
7 8 17
7 17 18
90 91 92
88 93 94
86 95 96
85 96 97
84 85 97
85 86 96
82 99 100
0 25 78
25 26 78
26 77 78
81 82 100
61 62 66
62 65 66
62 63 65
36 42 43
36 37 42
37 41 42
35 43 44
34 35 44
35 36 43
30 48 49
30 31 48
31 47 48
52 53 75
10 14 15
9 10 15
9 15 16
87 88 94
87 94 95
86 87 95
89 92 93
88 89 93
89 90 92
82 83 99
79 80 102
81 100 101
80 81 101
80 101 102
60 61 67
38 40 41
37 38 41
38 39 40
53 74 75
57 58 70
83 84 98
83 98 99
84 97 98
79 102 103
78 79 103
0 78 103
60 67 68
59 60 68
53 54 74
54 73 74
54 55 73
57 70 71
56 57 71
59 68 69
58 59 69
58 69 70
56 71 72
55 56 72
55 72 73
