# points
0 0.48089
0 0.51911
0 0.55732
0 0.59554
0 0.63376
0 0.67197
0 0.71019
0 0.74841
0 0.78662
0 0.82484
0 0.86306
0 0.90127
0 0.93949
0.015924 0.96178
0.05414 0.96178
0.092357 0.96178
0.13057 0.96178
0.16879 0.96178
0.20701 0.96178
0.24522 0.96178
0.28344 0.96178
0.32166 0.96178
0.35987 0.96178
0.39809 0.96178
0.43631 0.96178
0.47452 0.96178
0.51274 0.96178
0.55096 0.96178
0.58917 0.96178
0.62739 0.96178
0.66561 0.96178
0.70382 0.96178
0.74204 0.96178
0.78025 0.96178
0.81847 0.96178
0.85669 0.96178
0.8949 0.96178
0.93312 0.96178
0.97134 0.96178
1 0.95223
1 0.91401
1 0.8758
1 0.83758
1 0.79936
1 0.76115
1 0.72293
1 0.68471
1 0.6465
1 0.60828
1 0.57006
1 0.53185
1 0.49363
1 0.45541
1 0.4172
1 0.37898
1 0.34076
1 0.30255
1 0.26433
1 0.22611
1 0.1879
1 0.14968
1 0.11146
1 0.073248
1 0.035032
0.99682 0
0.9586 0
0.92038 0
0.88217 0
0.84395 0
0.80573 0
0.76752 0
0.7293 0
0.69108 0
0.65287 0
0.61465 0
0.57643 0
0.53822 0
0.5 0
0.46178 0
0.42357 0
0.38535 0
0.34713 0
0.30892 0
0.2707 0
0.23248 0
0.19427 0
0.15605 0
0.11783 0
0.079618 0
0.041401 0
0.0031847 0
0 0.035032
0 0.073248
0 0.11146
0 0.14968
0 0.1879
0 0.22611
0 0.26433
0 0.30255
0 0.34076
0 0.37898
0 0.4172
0 0.45541
0 0.48089
# triangles
0 1 25
89 90 91
1 24 25
88 92 93
88 89 92
89 91 92
87 88 93
85 86 95
85 95 96
80 100 101
79 101 102
79 80 101
32 33 45
26 27 51
28 29 49
29 48 49
29 30 48
4 21 22
5 6 20
5 20 21
4 5 21
86 94 95
86 87 94
87 93 94
82 98 99
81 82 99
81 99 100
80 81 100
84 96 97
84 85 96
0 78 102
78 79 102
52 53 75
54 55 73
57 58 70
35 42 43
27 28 50
27 50 51
28 49 50
30 47 48
8 9 17
8 17 18
6 19 20
3 22 23
3 4 22
83 84 97
83 97 98
82 83 98
0 25 77
0 77 78
25 26 77
26 51 77
54 73 74
53 54 74
53 74 75
55 72 73
60 61 67
60 67 68
63 64 65
35 36 42
34 35 43
30 31 47
9 16 17
9 10 16
10 15 16
7 8 18
7 18 19
6 7 19
2 3 23
2 23 24
1 2 24
51 52 76
51 76 77
52 75 76
55 56 72
57 70 71
56 57 71
56 71 72
59 60 68
62 63 65
38 39 40
37 38 40
37 40 41
36 37 41
36 41 42
34 43 44
33 34 44
33 44 45
31 32 46
31 46 47
32 45 46
10 11 15
59 68 69
58 59 69
58 69 70
62 65 66
61 62 66
61 66 67
11 14 15
11 12 14
12 13 14
