# points
0 0.45138
0 0.48807
0 0.52477
0 0.56147
0 0.59817
0 0.63486
0 0.67156
0 0.70826
0 0.74495
0 0.78165
0 0.81835
0 0.85505
0 0.89174
0.025688 0.90275
0.062385 0.90275
0.099083 0.90275
0.13578 0.90275
0.17248 0.90275
0.20917 0.90275
0.24587 0.90275
0.28257 0.90275
0.31927 0.90275
0.35596 0.90275
0.39266 0.90275
0.42936 0.90275
0.46606 0.90275
0.50275 0.90275
0.53945 0.90275
0.57615 0.90275
0.61284 0.90275
0.64954 0.90275
0.68624 0.90275
0.72294 0.90275
0.75963 0.90275
0.79633 0.90275
0.83303 0.90275
0.86972 0.90275
0.90642 0.90275
0.94312 0.90275
0.97982 0.90275
1 0.88624
1 0.84954
1 0.81284
1 0.77615
1 0.73945
1 0.70275
1 0.66606
1 0.62936
1 0.59266
1 0.55596
1 0.51927
1 0.48257
1 0.44587
1 0.40917
1 0.37248
1 0.33578
1 0.29908
1 0.26239
1 0.22569
1 0.18899
1 0.15229
1 0.1156
1 0.078899
1 0.042202
1 0.0055046
0.96881 0
0.93211 0
0.89541 0
0.85872 0
0.82202 0
0.78532 0
0.74862 0
0.71193 0
0.67523 0
0.63853 0
0.60183 0
0.56514 0
0.52844 0
0.49174 0
0.45505 0
0.41835 0
0.38165 0
0.34495 0
0.30826 0
0.27156 0
0.23486 0
0.19817 0
0.16147 0
0.12477 0
0.088073 0
0.051376 0
0.014679 0
0 0.022018
0 0.058716
0 0.095413
0 0.13211
0 0.16881
0 0.2055
0 0.2422
0 0.2789
0 0.3156
0 0.35229
0 0.38899
0 0.42569
0 0.45138
# triangles
6 7 18
27 28 52
27 52 76
6 18 19
11 12 13
9 10 15
7 17 18
25 26 78
84 85 98
0 25 79
25 78 79
81 101 102
80 81 102
27 76 77
26 27 77
26 77 78
4 5 20
5 19 20
5 6 19
10 11 14
10 14 15
11 13 14
7 8 17
9 15 16
8 9 16
8 16 17
34 45 46
33 34 46
32 33 47
33 46 47
28 29 51
29 50 51
28 51 52
0 24 25
3 4 21
4 20 21
87 95 96
80 102 103
79 80 103
0 79 103
81 82 101
82 83 100
82 100 101
54 74 75
54 55 74
55 73 74
56 72 73
55 56 73
63 64 65
37 42 43
36 37 43
30 31 49
30 49 50
29 30 50
31 48 49
31 32 48
32 47 48
0 1 24
1 23 24
1 2 23
3 21 22
2 3 22
2 22 23
87 88 95
86 87 96
83 84 99
83 99 100
84 98 99
53 54 75
53 75 76
52 53 76
57 71 72
56 57 72
57 58 71
62 63 66
63 65 66
60 61 68
58 59 70
58 70 71
36 43 44
39 40 41
89 93 94
88 89 94
88 94 95
90 92 93
90 91 92
89 90 93
86 96 97
85 86 97
85 97 98
61 62 67
62 66 67
61 67 68
59 69 70
59 60 69
60 68 69
35 36 44
35 44 45
34 35 45
38 39 41
38 41 42
37 38 42
