# points
0 0.47106
0 0.50965
0 0.54823
0 0.58682
0 0.6254
0 0.66399
0 0.70257
0 0.74116
0 0.77974
0 0.81833
0 0.85691
0 0.8955
0 0.93408
0.030547 0.94212
0.069132 0.94212
0.10772 0.94212
0.1463 0.94212
0.18489 0.94212
0.22347 0.94212
0.26206 0.94212
0.30064 0.94212
0.33923 0.94212
0.37781 0.94212
0.4164 0.94212
0.45498 0.94212
0.49357 0.94212
0.53215 0.94212
0.57074 0.94212
0.60932 0.94212
0.64791 0.94212
0.6865 0.94212
0.72508 0.94212
0.76367 0.94212
0.80225 0.94212
0.84084 0.94212
0.87942 0.94212
0.91801 0.94212
0.95659 0.94212
0.99518 0.94212
1 0.90836
1 0.86977
1 0.83119
1 0.7926
1 0.75402
1 0.71543
1 0.67685
1 0.63826
1 0.59968
1 0.56109
1 0.52251
1 0.48392
1 0.44534
1 0.40675
1 0.36817
1 0.32958
1 0.291
1 0.25241
1 0.21383
1 0.17524
1 0.13666
1 0.098071
1 0.059486
1 0.0209
0.98232 0
0.94373 0
0.90514 0
0.86656 0
0.82797 0
0.78939 0
0.7508 0
0.71222 0
0.67363 0
0.63505 0
0.59646 0
0.55788 0
0.51929 0
0.48071 0
0.44212 0
0.40354 0
0.36495 0
0.32637 0
0.28778 0
0.2492 0
0.21061 0
0.17203 0
0.13344 0
0.094855 0
0.05627 0
0.017685 0
0 0.0209
0 0.059486
0 0.098071
0 0.13666
0 0.17524
0 0.21383
0 0.25241
0 0.291
0 0.32958
0 0.36817
0 0.40675
0 0.44534
0 0.47106
# triangles
62 63 64
0 24 76
0 1 24
11 12 13
0 76 77
81 82 95
37 38 39
28 48 49
24 25 76
25 75 76
25 26 75
8 9 16
9 15 16
82 94 95
78 79 98
79 97 98
59 60 66
30 31 46
31 45 46
28 29 48
37 39 40
27 28 49
50 51 75
26 50 75
26 27 50
27 49 50
1 23 24
4 5 20
8 16 17
9 10 15
84 85 92
78 98 99
77 78 99
81 95 96
79 80 97
80 96 97
80 81 96
60 65 66
61 62 64
61 64 65
60 61 65
33 43 44
29 47 48
29 30 47
30 46 47
51 74 75
57 58 68
57 68 69
54 55 71
2 3 22
2 22 23
1 2 23
3 4 21
4 20 21
3 21 22
5 19 20
5 6 19
6 18 19
7 8 17
7 17 18
6 7 18
10 11 14
10 14 15
11 13 14
85 91 92
87 89 90
87 88 89
84 92 93
82 83 94
83 93 94
83 84 93
0 77 100
77 99 100
32 33 44
32 44 45
31 32 45
36 37 40
35 41 42
35 36 41
36 40 41
34 35 42
34 42 43
33 34 43
52 53 73
52 73 74
51 52 74
53 72 73
53 54 72
54 71 72
58 67 68
58 59 67
59 66 67
56 57 69
55 70 71
55 56 70
56 69 70
86 90 91
86 87 90
85 86 91
