# points
0 0.45914
0 0.49611
0 0.53307
0 0.57004
0 0.607
0 0.64397
0 0.68093
0 0.7179
0 0.75486
0 0.79183
0 0.82879
0 0.86576
0 0.90272
0.023346 0.91634
0.060311 0.91634
0.097276 0.91634
0.13424 0.91634
0.17121 0.91634
0.20817 0.91634
0.24514 0.91634
0.2821 0.91634
0.31907 0.91634
0.35603 0.91634
0.393 0.91634
0.42996 0.91634
0.46693 0.91634
0.50389 0.91634
0.54086 0.91634
0.57782 0.91634
0.61479 0.91634
0.65175 0.91634
0.68872 0.91634
0.72568 0.91634
0.76265 0.91634
0.79961 0.91634
0.83658 0.91634
0.87354 0.91634
0.91051 0.91634
0.94747 0.91634
0.98444 0.91634
1 0.89494
1 0.85798
1 0.82101
1 0.78405
1 0.74708
1 0.71012
1 0.67315
1 0.63619
1 0.59922
1 0.56226
1 0.52529
1 0.48833
1 0.45136
1 0.4144
1 0.37743
1 0.34047
1 0.3035
1 0.26654
1 0.22957
1 0.19261
1 0.15564
1 0.11868
1 0.081712
1 0.044747
1 0.0077821
0.97082 0
0.93385 0
0.89689 0
0.85992 0
0.82296 0
0.78599 0
0.74903 0
0.71206 0
0.6751 0
0.63813 0
0.60117 0
0.5642 0
0.52724 0
0.49027 0
0.45331 0
0.41634 0
0.37938 0
0.34241 0
0.30545 0
0.26848 0
0.23152 0
0.19455 0
0.15759 0
0.12062 0
0.083658 0
0.046693 0
0.0097276 0
0 0.027237
0 0.064202
0 0.10117
0 0.13813
0 0.1751
0 0.21206
0 0.24903
0 0.28599
0 0.32296
0 0.35992
0 0.39689
0 0.43385
0 0.45914
# triangles
6 7 18
11 12 13
0 1 24
8 9 16
0 24 25
84 85 98
52 53 76
63 64 65
11 13 14
8 16 17
7 8 17
7 17 18
3 4 21
4 5 20
4 20 21
2 3 22
3 21 22
27 51 52
85 97 98
86 96 97
85 86 97
82 100 101
0 25 79
25 78 79
81 82 101
81 101 102
80 81 102
53 75 76
54 55 74
54 74 75
53 54 75
55 73 74
56 72 73
55 56 73
60 61 68
61 67 68
10 11 14
29 49 50
29 30 49
33 34 45
33 45 46
5 6 19
5 19 20
6 18 19
2 22 23
1 2 23
1 23 24
52 76 77
27 52 77
25 26 78
26 77 78
26 27 77
27 28 51
28 50 51
28 29 50
88 94 95
87 95 96
86 87 96
87 88 95
82 83 100
80 102 103
79 80 103
0 79 103
57 71 72
56 57 72
57 58 71
58 70 71
61 62 67
10 14 15
9 10 15
9 15 16
31 47 48
30 31 48
30 48 49
32 46 47
32 33 46
31 32 47
34 44 45
90 91 92
90 92 93
89 90 93
89 93 94
88 89 94
83 84 99
83 99 100
84 98 99
60 68 69
62 63 66
62 66 67
63 65 66
35 43 44
35 36 43
34 35 44
37 41 42
36 37 42
36 42 43
37 38 41
38 40 41
38 39 40
59 60 69
59 69 70
58 59 70
