# points
0 0.50093
0 0.54019
0 0.57944
0 0.61869
0 0.65794
0 0.6972
0 0.73645
0 0.7757
0 0.81495
0 0.85421
0 0.89346
0 0.93271
0 0.97196
0.011215 1
0.050467 1
0.08972 1
0.12897 1
0.16822 1
0.20748 1
0.24673 1
0.28598 1
0.32523 1
0.36449 1
0.40374 1
0.44299 1
0.48224 1
0.5215 1
0.56075 1
0.6 1
0.63925 1
0.6785 1
0.71776 1
0.75701 1
0.79626 1
0.83551 1
0.87477 1
0.91402 1
0.95327 1
0.98879 0.99626
0.98879 0.95701
0.98879 0.91776
0.98879 0.8785
0.98879 0.83925
0.98879 0.8
0.98879 0.76075
0.98879 0.7215
0.98879 0.68224
0.98879 0.64299
0.98879 0.60374
0.98879 0.56449
0.98879 0.52523
0.98879 0.48598
0.98879 0.44673
0.98879 0.40748
0.98879 0.36822
0.98879 0.32897
0.98879 0.28972
0.98879 0.25047
0.98879 0.21121
0.98879 0.17196
0.98879 0.13271
0.98879 0.093458
0.98879 0.054206
0.98879 0.014953
0.96449 0
0.92523 0
0.88598 0
0.84673 0
0.80748 0
0.76822 0
0.72897 0
0.68972 0
0.65047 0
0.61121 0
0.57196 0
0.53271 0
0.49346 0
0.45421 0
0.41495 0
0.3757 0
0.33645 0
0.2972 0
0.25794 0
0.21869 0
0.17944 0
0.14019 0
0.10093 0
0.061682 0
0.02243 0
0 0.016822
0 0.056075
0 0.095327
0 0.13458
0 0.17383
0 0.21308
0 0.25234
0 0.29159
0 0.33084
0 0.37009
0 0.40935
0 0.4486
0 0.48785
0 0.50093
# triangles
0 1 25
82 95 96
77 100 101
53 54 73
53 73 74
25 26 50
88 89 90
85 92 93
0 76 101
76 77 101
62 63 64
31 32 44
7 18 19
1 24 25
3 22 23
3 4 22
86 91 92
85 86 92
83 94 95
82 83 95
79 98 99
79 80 98
80 97 98
78 79 99
78 99 100
77 78 100
81 96 97
80 81 97
81 82 96
52 53 74
57 58 69
56 57 70
57 69 70
34 41 42
27 28 48
28 47 48
28 29 47
29 30 46
29 46 47
10 15 16
7 8 18
2 3 23
2 23 24
1 2 24
4 21 22
5 20 21
4 5 21
87 90 91
86 87 91
87 88 90
84 85 93
84 93 94
83 84 94
0 51 76
0 25 51
25 50 51
52 74 75
51 52 75
51 75 76
61 62 65
61 65 66
62 64 65
60 61 66
55 56 71
56 70 71
34 35 41
35 40 41
35 36 40
33 34 42
27 48 49
26 27 49
26 49 50
30 31 45
30 45 46
31 44 45
10 11 15
9 10 16
6 19 20
5 6 20
6 7 19
60 66 67
59 60 67
55 71 72
54 55 72
54 72 73
36 39 40
33 42 43
32 33 43
32 43 44
11 14 15
9 16 17
8 9 17
8 17 18
59 67 68
58 59 68
58 68 69
37 38 39
36 37 39
12 13 14
11 12 14
