# points
0 0.46646
0 0.50457
0 0.54268
0 0.58079
0 0.6189
0 0.65701
0 0.69512
0 0.73323
0 0.77134
0 0.80945
0 0.84756
0 0.88567
0 0.92378
0.030488 0.9314
0.068598 0.9314
0.10671 0.9314
0.14482 0.9314
0.18293 0.9314
0.22104 0.9314
0.25915 0.9314
0.29726 0.9314
0.33537 0.9314
0.37348 0.9314
0.41159 0.9314
0.4497 0.9314
0.4878 0.9314
0.52591 0.9314
0.56402 0.9314
0.60213 0.9314
0.64024 0.9314
0.67835 0.9314
0.71646 0.9314
0.75457 0.9314
0.79268 0.9314
0.83079 0.9314
0.8689 0.9314
0.90701 0.9314
0.94512 0.9314
0.98323 0.9314
1 0.91006
1 0.87195
1 0.83384
1 0.79573
1 0.75762
1 0.71951
1 0.6814
1 0.64329
1 0.60518
1 0.56707
1 0.52896
1 0.49085
1 0.45274
1 0.41463
1 0.37652
1 0.33841
1 0.3003
1 0.2622
1 0.22409
1 0.18598
1 0.14787
1 0.10976
1 0.071646
1 0.033537
0.99543 0
0.95732 0
0.91921 0
0.8811 0
0.84299 0
0.80488 0
0.76677 0
0.72866 0
0.69055 0
0.65244 0
0.61433 0
0.57622 0
0.53811 0
0.5 0
0.46189 0
0.42378 0
0.38567 0
0.34756 0
0.30945 0
0.27134 0
0.23323 0
0.19512 0
0.15701 0
0.1189 0
0.080793 0
0.042683 0
0.0045732 0
0 0.033537
0 0.071646
0 0.10976
0 0.14787
0 0.18598
0 0.22409
0 0.2622
0 0.3003
0 0.33841
0 0.37652
0 0.41463
0 0.45274
0 0.46646
# triangles
6 7 18
11 12 13
62 63 64
9 10 15
1 2 23
0 1 24
1 23 24
7 8 17
7 17 18
10 11 14
10 14 15
11 13 14
3 4 21
5 6 19
6 18 19
2 22 23
2 3 22
3 21 22
26 51 75
26 50 51
60 65 66
87 91 92
86 87 92
86 92 93
84 94 95
80 81 98
8 9 16
9 15 16
8 16 17
28 48 49
28 29 48
29 47 48
29 30 47
4 5 20
5 19 20
4 20 21
26 27 50
27 49 50
27 28 49
60 61 65
61 64 65
61 62 64
59 60 66
51 74 75
57 68 69
57 58 68
55 70 71
87 88 91
85 86 93
85 93 94
84 85 94
81 97 98
82 96 97
81 82 97
80 98 99
30 46 47
33 43 44
32 33 44
32 44 45
34 42 43
34 35 42
33 34 43
52 73 74
52 53 73
51 52 74
53 72 73
58 59 67
58 67 68
59 66 67
55 56 70
56 69 70
56 57 69
88 89 90
88 90 91
83 95 96
82 83 96
83 84 95
78 100 101
79 99 100
78 79 100
79 80 99
0 24 77
0 77 101
77 78 101
24 25 77
30 31 46
31 45 46
31 32 45
35 41 42
37 39 40
37 38 39
53 54 72
54 71 72
54 55 71
25 76 77
25 26 76
26 75 76
36 40 41
36 37 40
35 36 41
