# points
0 0.46758
0 0.50512
0 0.54266
0 0.5802
0 0.61775
0 0.65529
0 0.69283
0 0.73038
0 0.76792
0 0.80546
0 0.843
0 0.88055
0 0.91809
0.022184 0.93345
0.059727 0.93345
0.09727 0.93345
0.13481 0.93345
0.17235 0.93345
0.2099 0.93345
0.24744 0.93345
0.28498 0.93345
0.32253 0.93345
0.36007 0.93345
0.39761 0.93345
0.43515 0.93345
0.4727 0.93345
0.51024 0.93345
0.54778 0.93345
0.58532 0.93345
0.62287 0.93345
0.66041 0.93345
0.69795 0.93345
0.73549 0.93345
0.77304 0.93345
0.81058 0.93345
0.84812 0.93345
0.88567 0.93345
0.92321 0.93345
0.96075 0.93345
0.99829 0.93345
1 0.89761
1 0.86007
1 0.82253
1 0.78498
1 0.74744
1 0.7099
1 0.67235
1 0.63481
1 0.59727
1 0.55973
1 0.52218
1 0.48464
1 0.4471
1 0.40956
1 0.37201
1 0.33447
1 0.29693
1 0.25939
1 0.22184
1 0.1843
1 0.14676
1 0.10922
1 0.071672
1 0.03413
0.99659 0
0.95904 0
0.9215 0
0.88396 0
0.84642 0
0.80887 0
0.77133 0
0.73379 0
0.69625 0
0.6587 0
0.62116 0
0.58362 0
0.54608 0
0.50853 0
0.47099 0
0.43345 0
0.3959 0
0.35836 0
0.32082 0
0.28328 0
0.24573 0
0.20819 0
0.17065 0
0.13311 0
0.095563 0
0.05802 0
0.020478 0
0 0.017065
0 0.054608
0 0.09215
0 0.12969
0 0.16724
0 0.20478
0 0.24232
0 0.27986
0 0.31741
0 0.35495
0 0.39249
0 0.43003
0 0.46758
0 0.46758
# triangles
38 39 40
57 70 71
38 40 41
25 26 77
0 1 24
0 24 25
11 12 13
6 7 18
0 25 78
0 78 79
25 77 78
81 100 101
81 82 100
52 75 76
26 27 76
26 76 77
54 55 73
54 73 74
56 57 71
63 64 65
27 28 51
28 50 51
51 52 76
27 51 76
29 30 49
29 49 50
28 29 50
8 9 16
80 81 101
0 79 102
79 80 102
80 101 102
84 97 98
90 91 92
53 74 75
53 54 74
52 53 75
56 71 72
55 56 72
55 72 73
62 65 66
62 63 65
60 67 68
59 60 68
30 48 49
30 31 48
31 47 48
33 45 46
1 23 24
4 5 20
11 13 14
10 11 14
8 16 17
7 8 17
7 17 18
82 99 100
83 84 98
83 98 99
82 83 99
87 94 95
60 61 67
61 66 67
61 62 66
59 68 69
57 58 70
58 69 70
58 59 69
32 46 47
31 32 47
32 33 46
35 36 43
35 43 44
1 2 23
2 22 23
2 3 22
4 20 21
3 4 21
3 21 22
5 6 19
5 19 20
6 18 19
10 14 15
9 10 15
9 15 16
89 90 92
89 92 93
85 96 97
84 85 97
36 42 43
37 38 41
37 41 42
36 37 42
34 35 44
34 44 45
33 34 45
88 89 93
88 93 94
87 88 94
86 87 95
86 95 96
85 86 96
