# points
0 0.42857
0 0.46555
0 0.50252
0 0.5395
0 0.57647
0 0.61345
0 0.65042
0 0.68739
0 0.72437
0 0.76134
0 0.79832
0 0.83529
0.015126 0.85714
0.052101 0.85714
0.089076 0.85714
0.12605 0.85714
0.16303 0.85714
0.2 0.85714
0.23697 0.85714
0.27395 0.85714
0.31092 0.85714
0.3479 0.85714
0.38487 0.85714
0.42185 0.85714
0.45882 0.85714
0.4958 0.85714
0.53277 0.85714
0.56975 0.85714
0.60672 0.85714
0.6437 0.85714
0.68067 0.85714
0.71765 0.85714
0.75462 0.85714
0.7916 0.85714
0.82857 0.85714
0.86555 0.85714
0.90252 0.85714
0.9395 0.85714
0.97647 0.85714
1 0.8437
1 0.80672
1 0.76975
1 0.73277
1 0.6958
1 0.65882
1 0.62185
1 0.58487
1 0.5479
1 0.51092
1 0.47395
1 0.43697
1 0.4
1 0.36303
1 0.32605
1 0.28908
1 0.2521
1 0.21513
1 0.17815
1 0.14118
1 0.1042
1 0.067227
1 0.030252
0.99328 0
0.9563 0
0.91933 0
0.88235 0
0.84538 0
0.8084 0
0.77143 0
0.73445 0
0.69748 0
0.6605 0
0.62353 0
0.58655 0
0.54958 0
0.51261 0
0.47563 0
0.43866 0
0.40168 0
0.36471 0
0.32773 0
0.29076 0
0.25378 0
0.21681 0
0.17983 0
0.14286 0
0.10588 0
0.068908 0
0.031933 0
0 0.005042
0 0.042017
0 0.078992
0 0.11597
0 0.15294
0 0.18992
0 0.22689
0 0.26387
0 0.30084
0 0.33782
0 0.37479
0 0.41176
0 0.42857
# triangles
27 50 73
27 28 50
80 97 98
79 80 98
79 98 99
88 89 90
86 91 92
84 93 94
55 56 68
52 53 71
32 45 46
32 33 45
33 44 45
2 21 22
2 3 21
24 25 76
86 87 91
87 90 91
87 88 90
85 92 93
85 86 92
84 85 93
50 51 73
61 62 63
52 71 72
51 52 72
51 72 73
53 70 71
35 42 43
31 32 46
25 26 75
25 75 76
4 5 19
3 20 21
3 4 20
4 19 20
1 2 22
7 8 16
7 16 17
6 7 17
82 95 96
80 81 97
81 96 97
81 82 96
82 83 95
83 94 95
83 84 94
0 1 23
1 22 23
56 67 68
57 66 67
56 57 67
60 61 63
53 54 70
55 68 69
54 55 69
54 69 70
34 35 43
34 43 44
33 34 44
30 47 48
30 31 47
31 46 47
29 30 48
28 49 50
28 29 49
29 48 49
26 74 75
26 27 74
27 73 74
5 18 19
5 6 18
6 17 18
8 15 16
8 9 15
9 14 15
0 23 77
0 77 100
23 24 77
24 76 77
57 58 66
58 65 66
58 59 65
60 63 64
59 60 64
59 64 65
36 37 41
36 41 42
35 36 42
38 39 40
37 38 40
37 40 41
9 10 14
77 78 100
78 99 100
78 79 99
10 13 14
10 11 13
11 12 13
