# points
0 0.46614
0 0.50394
0 0.54173
0 0.57953
0 0.61732
0 0.65512
0 0.69291
0 0.73071
0 0.7685
0 0.8063
0 0.84409
0 0.88189
0 0.91969
0.025197 0.93228
0.062992 0.93228
0.10079 0.93228
0.13858 0.93228
0.17638 0.93228
0.21417 0.93228
0.25197 0.93228
0.28976 0.93228
0.32756 0.93228
0.36535 0.93228
0.40315 0.93228
0.44094 0.93228
0.47874 0.93228
0.51654 0.93228
0.55433 0.93228
0.59213 0.93228
0.62992 0.93228
0.66772 0.93228
0.70551 0.93228
0.74331 0.93228
0.7811 0.93228
0.8189 0.93228
0.85669 0.93228
0.89449 0.93228
0.93228 0.93228
0.97008 0.93228
1 0.92441
1 0.88661
1 0.84882
1 0.81102
1 0.77323
1 0.73543
1 0.69764
1 0.65984
1 0.62205
1 0.58425
1 0.54646
1 0.50866
1 0.47087
1 0.43307
1 0.39528
1 0.35748
1 0.31969
1 0.28189
1 0.24409
1 0.2063
1 0.1685
1 0.13071
1 0.092913
1 0.055118
1 0.017323
0.97953 0
0.94173 0
0.90394 0
0.86614 0
0.82835 0
0.79055 0
0.75276 0
0.71496 0
0.67717 0
0.63937 0
0.60157 0
0.56378 0
0.52598 0
0.48819 0
0.45039 0
0.4126 0
0.3748 0
0.33701 0
0.29921 0
0.26142 0
0.22362 0
0.18583 0
0.14803 0
0.11024 0
0.072441 0
0.034646 0
0 0.0031496
0 0.040945
0 0.07874
0 0.11654
0 0.15433
0 0.19213
0 0.22992
0 0.26772
0 0.30551
0 0.34331
0 0.3811
0 0.4189
0 0.45669
0 0.46614
# triangles
26 27 51
89 90 91
87 92 93
84 95 96
79 100 101
78 101 102
78 79 101
0 78 102
62 63 64
11 12 13
32 33 45
27 50 51
87 88 92
88 91 92
88 89 91
86 93 94
86 87 93
82 97 98
26 51 76
59 60 67
52 53 74
54 55 72
54 72 73
53 54 73
53 73 74
57 69 70
3 21 22
0 25 78
0 24 25
2 3 22
6 7 18
33 44 45
27 28 50
29 48 49
28 29 49
28 49 50
29 30 48
30 31 47
30 47 48
85 94 95
85 86 94
84 85 95
82 83 97
83 96 97
83 84 96
81 98 99
81 82 98
51 52 75
51 75 76
52 74 75
60 66 67
57 58 69
59 67 68
58 59 68
58 68 69
56 57 70
3 4 21
6 18 19
25 77 78
25 26 77
26 76 77
0 1 24
2 22 23
1 2 23
1 23 24
9 15 16
8 9 16
35 42 43
33 34 44
34 43 44
34 35 43
31 32 46
31 46 47
32 45 46
80 99 100
80 81 99
79 80 100
60 61 66
62 64 65
61 62 65
61 65 66
56 70 71
55 56 71
55 71 72
5 6 19
9 10 15
11 13 14
10 11 14
10 14 15
8 16 17
7 8 17
7 17 18
37 40 41
36 37 41
36 41 42
35 36 42
5 19 20
4 5 20
4 20 21
38 39 40
37 38 40
