# points
0 0.32967
0 0.36264
0 0.3956
0 0.42857
0 0.46154
0 0.49451
0 0.52747
0 0.56044
0 0.59341
0 0.62637
0.0013736 0.65797
0.034341 0.65797
0.067308 0.65797
0.10027 0.65797
0.13324 0.65797
0.16621 0.65797
0.19918 0.65797
0.23214 0.65797
0.26511 0.65797
0.29808 0.65797
0.33104 0.65797
0.36401 0.65797
0.39698 0.65797
0.42995 0.65797
0.46291 0.65797
0.49588 0.65797
0.52885 0.65797
0.56181 0.65797
0.59478 0.65797
0.62775 0.65797
0.66071 0.65797
0.69368 0.65797
0.72665 0.65797
0.75962 0.65797
0.79258 0.65797
0.82555 0.65797
0.85852 0.65797
0.89148 0.65797
0.92445 0.65797
0.95742 0.65797
0.99038 0.65797
1 0.63462
1 0.60165
1 0.56868
1 0.53571
1 0.50275
1 0.46978
1 0.43681
1 0.40385
1 0.37088
1 0.33791
1 0.30495
1 0.27198
1 0.23901
1 0.20604
1 0.17308
1 0.14011
1 0.10714
1 0.074176
1 0.041209
1 0.0082418
0.97527 0
0.94231 0
0.90934 0
0.87637 0
0.84341 0
0.81044 0
0.77747 0
0.74451 0
0.71154 0
0.67857 0
0.6456 0
0.61264 0
0.57967 0
0.5467 0
0.51374 0
0.48077 0
0.4478 0
0.41484 0
0.38187 0
0.3489 0
0.31593 0
0.28297 0
0.25 0
0.21703 0
0.18407 0
0.1511 0
0.11813 0
0.085165 0
0.052198 0
0.019231 0
0 0.013736
0 0.046703
0 0.07967
0 0.11264
0 0.1456
0 0.17857
0 0.21154
0 0.24451
0 0.27747
0 0.31044
0 0.32967
# triangles
59 60 61
29 30 71
32 33 48
30 50 70
30 70 71
59 61 62
24 25 76
25 75 76
25 26 75
39 40 41
34 35 46
34 46 47
33 34 47
33 47 48
5 6 14
5 14 15
3 4 16
4 15 16
4 5 15
3 16 17
1 2 18
2 17 18
2 3 17
1 18 19
0 1 19
0 19 20
90 91 92
26 74 75
29 71 72
28 72 73
28 29 72
30 31 50
32 48 49
31 32 49
31 49 50
38 39 42
38 42 43
39 41 42
37 38 43
35 36 45
35 45 46
7 8 12
7 12 13
6 7 13
6 13 14
83 98 99
0 81 100
0 20 81
27 73 74
27 28 73
26 27 74
52 68 69
58 59 62
36 37 44
36 44 45
37 43 44
8 11 12
87 88 94
88 93 94
85 96 97
82 99 100
81 82 100
82 83 99
20 21 80
20 80 81
51 52 69
51 69 70
50 51 70
52 53 68
56 57 64
57 58 63
57 63 64
58 62 63
9 10 11
8 9 11
89 92 93
88 89 93
89 90 92
87 94 95
84 85 97
84 97 98
83 84 98
21 22 79
21 79 80
53 67 68
56 64 65
55 56 65
55 65 66
86 87 95
86 95 96
85 86 96
22 23 78
22 78 79
54 66 67
53 54 67
54 55 66
23 24 77
23 77 78
24 76 77
