# points
0 0.47509
0 0.51246
0 0.54982
0 0.58719
0 0.62456
0 0.66192
0 0.69929
0 0.73665
0 0.77402
0 0.81139
0 0.84875
0 0.88612
0 0.92349
0.010676 0.95018
0.048043 0.95018
0.085409 0.95018
0.12278 0.95018
0.16014 0.95018
0.19751 0.95018
0.23488 0.95018
0.27224 0.95018
0.30961 0.95018
0.34698 0.95018
0.38434 0.95018
0.42171 0.95018
0.45907 0.95018
0.49644 0.95018
0.53381 0.95018
0.57117 0.95018
0.60854 0.95018
0.64591 0.95018
0.68327 0.95018
0.72064 0.95018
0.75801 0.95018
0.79537 0.95018
0.83274 0.95018
0.87011 0.95018
0.90747 0.95018
0.94484 0.95018
0.98221 0.95018
1 0.9306
1 0.89324
1 0.85587
1 0.81851
1 0.78114
1 0.74377
1 0.70641
1 0.66904
1 0.63167
1 0.59431
1 0.55694
1 0.51957
1 0.48221
1 0.44484
1 0.40747
1 0.37011
1 0.33274
1 0.29537
1 0.25801
1 0.22064
1 0.18327
1 0.14591
1 0.10854
1 0.071174
1 0.033808
0.99644 0
0.95907 0
0.92171 0
0.88434 0
0.84698 0
0.80961 0
0.77224 0
0.73488 0
0.69751 0
0.66014 0
0.62278 0
0.58541 0
0.54804 0
0.51068 0
0.47331 0
0.43594 0
0.39858 0
0.36121 0
0.32384 0
0.28648 0
0.24911 0
0.21174 0
0.17438 0
0.13701 0
0.099644 0
0.062278 0
0.024911 0
0 0.012456
0 0.049822
0 0.087189
0 0.12456
0 0.16192
0 0.19929
0 0.23665
0 0.27402
0 0.31139
0 0.34875
0 0.38612
0 0.42349
0 0.46085
0 0.47509
# triangles
86 97 98
86 87 97
89 94 95
81 102 103
80 103 104
80 81 103
27 28 51
27 51 52
31 32 47
38 39 40
6 7 19
88 89 95
87 96 97
87 88 96
88 95 96
89 90 94
84 99 100
83 84 100
81 82 102
0 79 104
79 80 104
53 54 76
56 57 73
28 29 50
28 50 51
29 49 50
29 30 49
31 47 48
30 31 48
30 48 49
35 36 43
36 42 43
36 37 42
33 34 45
9 16 17
6 19 20
4 21 22
3 4 22
90 91 93
90 93 94
91 92 93
85 98 99
84 85 99
85 86 98
82 101 102
82 83 101
83 100 101
26 27 78
26 78 79
27 52 78
57 58 72
57 72 73
58 71 72
55 56 74
56 73 74
61 68 69
60 61 69
64 65 66
63 64 66
58 59 71
37 38 41
37 41 42
38 40 41
33 45 46
32 33 46
32 46 47
34 35 44
34 44 45
35 43 44
9 10 16
8 9 17
3 22 23
0 25 79
25 26 79
0 1 25
1 24 25
5 20 21
4 5 21
5 6 20
52 53 77
52 77 78
53 76 77
55 74 75
54 55 75
54 75 76
61 62 68
60 69 70
59 60 70
59 70 71
63 66 67
62 63 67
62 67 68
12 13 14
11 12 14
11 14 15
10 11 15
10 15 16
7 8 18
7 18 19
8 17 18
2 23 24
1 2 24
2 3 23
