# points
0.21024 0.31267
0.2345 0.31806
0.25876 0.32345
0.28302 0.32884
0.30728 0.33423
0.33154 0.33693
0.3558 0.33962
0.38005 0.34232
0.40431 0.34501
0.42857 0.34771
0.45283 0.35849
0.47709 0.37197
0.49865 0.39353
0.50674 0.41779
0.50674 0.44205
0.52022 0.46631
0.53908 0.48787
0.56334 0.50404
0.5876 0.51752
0.61186 0.5283
0.63612 0.53639
0.66038 0.54447
0.68464 0.54987
0.70889 0.55526
0.73315 0.55795
0.75741 0.55795
0.78167 0.55795
0.80593 0.55256
0.83019 0.54987
0.85445 0.54178
0.87871 0.531
0.90296 0.52022
0.92722 0.50674
0.94879 0.48518
0.95418 0.46092
0.95148 0.43666
0.95148 0.4124
0.95418 0.38814
0.96226 0.36388
0.97305 0.33962
0.98113 0.31536
0.98922 0.29111
0.9973 0.26685
1 0.24259
0.9973 0.21833
0.99461 0.19407
0.98922 0.16981
0.98113 0.14555
0.97035 0.12129
0.95687 0.097035
0.93801 0.072776
0.91644 0.051213
0.89218 0.040431
0.86792 0.03504
0.84367 0.032345
0.81941 0.032345
0.79515 0.03504
0.77089 0.037736
0.74663 0.040431
0.72237 0.043127
0.70081 0.051213
0.68733 0.072776
0.66307 0.075472
0.63881 0.075472
0.61456 0.075472
0.5903 0.067385
0.58221 0.043127
0.56065 0.037736
0.54447 0.056604
0.52022 0.059299
0.49596 0.051213
0.4717 0.040431
0.44744 0.026954
0.42318 0.016173
0.39892 0.0080863
0.37466 0.0026954
0.3504 0
0.32615 0
0.30189 0
0.27763 0.0026954
0.25337 0.0053908
0.22911 0.0080863
0.20485 0.013477
0.18059 0.018868
0.15633 0.024259
0.13208 0.032345
0.10782 0.037736
0.083558 0.045822
0.059299 0.056604
0.03504 0.070081
0.013477 0.09434
0.0053908 0.1186
0 0.14286
0.0053908 0.16712
0.0080863 0.19137
0.018868 0.21563
0.03504 0.2372
0.059299 0.26146
0.083558 0.27224
0.10782 0.28302
0.13208 0.29111
0.15633 0.29919
0.18059 0.30458
0.20485 0.30997
0.21024 0.31267
# triangles
32 33 34
24 25 37
25 27 37
42 43 44
47 48 56
46 47 56
88 89 91
89 90 91
45 46 56
44 45 56
12 37 61
96 97 98
12 22 37
12 21 22
39 40 61
41 42 44
40 41 61
41 44 61
25 26 27
2 3 79
3 78 79
3 77 78
3 4 77
5 76 77
4 5 77
48 49 54
11 12 64
12 61 62
88 91 93
93 94 95
91 92 93
93 95 96
13 18 19
13 17 18
13 16 17
12 20 21
12 13 20
13 19 20
23 24 37
22 23 37
30 31 35
32 34 35
31 32 35
37 38 61
38 39 61
27 28 29
87 88 93
87 93 96
87 96 98
86 87 98
48 55 56
48 54 55
49 53 54
80 81 103
1 80 103
2 79 80
1 2 80
0 1 103
11 64 65
6 7 71
7 8 71
44 56 57
44 57 61
59 60 61
30 35 36
29 30 36
27 36 37
27 29 36
81 82 103
85 99 100
50 52 53
49 50 53
50 51 52
65 68 69
10 65 69
10 11 65
9 10 69
9 69 70
8 9 70
8 70 71
5 6 73
58 59 61
57 58 61
66 67 68
65 66 68
13 15 16
13 14 15
6 71 72
6 72 73
5 73 74
12 63 64
12 62 63
5 75 76
5 74 75
84 85 101
85 100 101
85 98 99
85 86 98
83 84 101
83 101 102
83 102 103
82 83 103
