# points
0.014634 0.2
0.034146 0.22439
0.058537 0.2439
0.082927 0.25366
0.10732 0.26341
0.13171 0.26829
0.1561 0.27561
0.18049 0.28049
0.20488 0.2878
0.22927 0.29268
0.25366 0.3
0.27805 0.30732
0.30244 0.3122
0.32683 0.31463
0.35122 0.31463
0.37561 0.31707
0.4 0.31951
0.42439 0.32195
0.44878 0.32195
0.47317 0.33415
0.47805 0.3561
0.47561 0.37561
0.49268 0.39512
0.49512 0.41951
0.5122 0.4122
0.53171 0.40732
0.53902 0.39756
0.51951 0.37805
0.54146 0.37073
0.56585 0.37317
0.59024 0.38049
0.61463 0.38537
0.63902 0.38537
0.66341 0.38537
0.6878 0.38293
0.7122 0.38049
0.73659 0.38049
0.76098 0.38049
0.78537 0.38049
0.80976 0.37561
0.83415 0.37561
0.85854 0.37805
0.88293 0.37805
0.90732 0.37561
0.93171 0.37073
0.9561 0.36341
0.98049 0.34634
0.99024 0.32195
0.99756 0.29756
1 0.27317
1 0.24878
1 0.22439
1 0.2
0.99756 0.17561
0.98537 0.15122
0.97317 0.12683
0.95854 0.10244
0.94878 0.078049
0.94634 0.053659
0.93171 0.039024
0.90732 0.026829
0.88293 0.019512
0.85854 0.017073
0.83415 0.017073
0.80976 0.017073
0.78537 0.017073
0.76098 0.019512
0.73659 0.021951
0.7122 0.02439
0.69268 0.039024
0.67805 0.056098
0.65366 0.058537
0.62927 0.058537
0.60488 0.060976
0.58049 0.058537
0.5561 0.058537
0.53171 0.056098
0.50732 0.05122
0.48293 0.046341
0.45854 0.039024
0.43415 0.029268
0.40976 0.019512
0.38537 0.012195
0.36098 0.004878
0.33659 0
0.3122 0
0.2878 0.002439
0.26341 0.004878
0.23902 0.0097561
0.21463 0.014634
0.19024 0.019512
0.16585 0.026829
0.14146 0.034146
0.11707 0.043902
0.092683 0.053659
0.068293 0.065854
0.043902 0.080488
0.019512 0.1
0.004878 0.12439
0 0.14878
0.002439 0.17317
0.012195 0.19756
0.014634 0.2
# triangles
45 46 47
97 99 100
1 95 96
96 97 100
97 98 99
0 1 96
0 100 101
0 96 100
52 53 54
57 59 60
57 58 59
57 60 61
67 68 69
44 45 47
44 47 48
22 23 24
1 3 95
1 2 3
3 94 95
3 4 94
57 61 62
51 52 54
41 42 50
83 84 85
12 83 85
14 80 81
17 18 78
9 10 87
9 87 88
9 88 89
8 9 89
10 86 87
56 57 63
57 62 63
67 69 70
66 67 70
32 71 72
18 19 76
19 75 76
32 72 73
30 32 73
43 49 50
42 43 50
43 48 49
43 44 48
18 77 78
18 76 77
14 81 82
12 82 83
17 78 79
16 17 79
14 15 80
15 16 79
15 79 80
4 5 94
5 6 92
7 89 90
7 8 89
11 12 85
11 85 86
10 11 86
56 63 64
35 36 70
39 65 66
39 66 70
39 64 65
39 56 64
39 55 56
34 35 70
34 70 71
19 27 28
21 22 27
22 24 27
19 74 75
19 73 74
29 30 73
19 28 29
19 29 73
24 25 27
25 26 27
13 14 82
12 13 82
5 92 93
5 93 94
7 90 91
6 91 92
6 7 91
36 37 70
37 39 70
40 54 55
39 40 55
40 51 54
40 50 51
40 41 50
32 33 71
33 34 71
20 21 27
19 20 27
30 31 32
37 38 39
