# points
0.012723 0.21374
0.022901 0.23919
0.038168 0.26463
0.063613 0.28499
0.089059 0.29771
0.1145 0.30534
0.13995 0.31298
0.16539 0.31552
0.19084 0.32061
0.21628 0.32316
0.24173 0.32824
0.26718 0.33333
0.29262 0.33842
0.31807 0.34097
0.34351 0.34097
0.36896 0.34351
0.3944 0.34351
0.41985 0.34351
0.44529 0.34351
0.47074 0.36132
0.47837 0.38677
0.48601 0.41221
0.49109 0.43766
0.49618 0.4631
0.49873 0.4402
0.49618 0.41476
0.51399 0.42494
0.53435 0.44784
0.5598 0.44275
0.58524 0.45038
0.61069 0.45293
0.63613 0.45038
0.66158 0.44784
0.68702 0.44784
0.71247 0.44784
0.73791 0.45038
0.76336 0.44784
0.7888 0.44784
0.81425 0.44529
0.83969 0.44275
0.86514 0.43766
0.89059 0.43003
0.91603 0.42748
0.94148 0.41221
0.96692 0.39695
0.9771 0.37405
0.98728 0.3486
0.99491 0.32316
0.99491 0.29771
0.99746 0.27226
0.99746 0.24682
1 0.22137
0.99746 0.19593
0.99746 0.17048
0.98728 0.14504
0.97964 0.11959
0.96947 0.094148
0.9542 0.068702
0.93893 0.043257
0.91603 0.022901
0.89059 0.010178
0.86514 0.0025445
0.83969 0
0.81425 0.0025445
0.7888 0.0050891
0.76336 0.0076336
0.73791 0.012723
0.71247 0.020356
0.68702 0.020356
0.66158 0.030534
0.63613 0.040712
0.61832 0.025445
0.60305 0.033079
0.59288 0.058524
0.56743 0.063613
0.54198 0.063613
0.51654 0.058524
0.49109 0.050891
0.46565 0.040712
0.4402 0.02799
0.41476 0.020356
0.38931 0.010178
0.36387 0.0076336
0.33842 0
0.31298 0
0.28753 0
0.26209 0
0.23664 0.0025445
0.2112 0.0076336
0.18575 0.015267
0.16031 0.020356
0.13486 0.030534
0.10941 0.038168
0.083969 0.048346
0.058524 0.061069
0.033079 0.076336
0.012723 0.099237
0.0025445 0.12468
0 0.15013
0 0.17557
0.0076336 0.20102
0.012723 0.21374
# triangles
95 97 98
52 54 65
1 2 3
41 43 46
41 42 43
95 96 97
52 53 54
32 33 73
19 32 73
98 99 100
1 3 4
50 51 52
43 44 45
43 45 46
57 58 59
57 59 60
57 60 61
70 72 73
70 71 72
34 69 70
33 70 73
33 34 70
16 17 78
78 79 80
14 15 80
15 78 80
15 16 78
18 75 76
18 19 75
5 6 7
34 35 36
37 38 50
38 39 50
9 10 87
61 62 63
57 61 63
56 57 63
55 56 63
10 86 87
14 80 82
80 81 82
18 76 77
17 18 77
17 77 78
22 23 24
19 73 74
19 74 75
19 31 32
19 20 26
19 26 28
19 28 31
28 29 31
26 27 28
0 1 4
0 4 5
67 68 69
34 67 69
34 36 67
36 37 67
37 50 67
50 52 67
40 41 48
46 47 48
41 46 48
39 49 50
39 40 49
40 48 49
5 92 93
0 5 93
54 64 65
54 55 64
55 63 64
10 11 85
10 85 86
29 30 31
20 21 25
20 25 26
21 22 25
22 24 25
52 65 66
52 66 67
9 87 88
5 7 91
5 91 92
94 95 98
94 98 100
0 94 100
0 93 94
11 84 85
11 12 84
12 82 84
82 83 84
13 14 82
12 13 82
9 88 89
8 9 89
7 8 89
7 89 91
89 90 91
