# points
0.017621 0.21586
0.037445 0.23568
0.059471 0.2467
0.081498 0.25771
0.10352 0.26652
0.12555 0.27313
0.14758 0.27753
0.1696 0.28194
0.19163 0.28634
0.21366 0.29075
0.23568 0.29515
0.25771 0.29956
0.27974 0.30617
0.30176 0.31057
0.32379 0.31278
0.34581 0.31498
0.36784 0.31498
0.38987 0.32159
0.41189 0.3304
0.43392 0.3348
0.45154 0.35022
0.46696 0.36784
0.48678 0.38326
0.50661 0.40088
0.52423 0.4163
0.54626 0.42511
0.56828 0.43833
0.59031 0.44493
0.61233 0.44273
0.63436 0.43612
0.65639 0.42511
0.67841 0.4185
0.70044 0.41189
0.72247 0.40529
0.74449 0.39868
0.76652 0.39427
0.78855 0.39207
0.81057 0.38987
0.8326 0.38546
0.85463 0.38546
0.87665 0.38326
0.89868 0.37885
0.9207 0.37665
0.94273 0.36784
0.96035 0.34802
0.97797 0.32819
0.98899 0.30617
0.99559 0.28414
1 0.26211
0.9978 0.24009
0.99339 0.21806
0.98458 0.19604
0.98018 0.17401
0.97797 0.15198
0.97137 0.12996
0.96256 0.10793
0.95374 0.085903
0.94714 0.063877
0.93172 0.044053
0.90969 0.028634
0.88767 0.022026
0.86564 0.017621
0.84361 0.015419
0.82159 0.015419
0.79956 0.015419
0.77753 0.017621
0.75551 0.019824
0.73348 0.022026
0.71145 0.024229
0.68943 0.028634
0.6674 0.03304
0.6652 0.055066
0.64758 0.063877
0.62555 0.063877
0.60352 0.063877
0.5815 0.061674
0.55947 0.057269
0.53744 0.055066
0.51542 0.048458
0.49339 0.04185
0.47137 0.035242
0.44934 0.026432
0.42731 0.019824
0.40529 0.011013
0.38326 0.0066079
0.36123 0.0022026
0.33921 0
0.31718 0
0.29515 0
0.27313 0.0022026
0.2511 0.0066079
0.22907 0.011013
0.20705 0.015419
0.18502 0.019824
0.163 0.026432
0.14097 0.03304
0.11894 0.039648
0.096916 0.048458
0.07489 0.059471
0.052863 0.072687
0.030837 0.088106
0.013216 0.11013
0.0022026 0.13216
0 0.15419
0 0.17621
0.0066079 0.19824
0.017621 0.21586
# triangles
0 103 105
101 102 103
58 59 60
103 104 105
23 24 25
5 96 97
14 85 86
42 43 44
44 45 46
4 97 98
4 5 97
13 14 86
34 35 72
35 71 72
38 52 65
47 48 49
19 20 75
20 74 75
19 76 77
19 75 76
41 42 44
41 44 46
41 46 47
41 47 49
26 27 28
25 26 28
25 28 29
30 73 74
23 25 30
25 29 30
13 86 87
12 13 87
5 6 96
3 98 99
3 4 98
67 68 71
38 51 52
40 41 51
41 49 51
14 84 85
14 15 84
15 16 84
16 81 82
16 82 84
82 83 84
68 69 71
69 70 71
16 80 81
20 22 74
22 23 30
22 30 74
19 77 78
19 78 79
39 40 51
38 39 51
38 65 66
37 38 66
66 67 71
11 89 90
11 88 89
11 12 87
11 87 88
9 91 92
8 92 93
8 9 92
2 3 99
2 101 103
2 100 101
2 99 100
0 2 103
0 1 2
55 62 63
56 57 58
56 58 60
55 56 62
16 17 80
17 79 80
17 19 79
17 18 19
20 21 22
33 34 72
32 33 72
30 31 73
31 72 73
31 32 72
9 10 91
10 90 91
10 11 90
6 95 96
6 7 95
52 64 65
54 55 63
52 53 54
56 60 61
56 61 62
49 50 51
35 36 71
36 66 71
36 37 66
7 94 95
8 93 94
7 8 94
54 63 64
52 54 64
