# points
0 0.19785
0.0064516 0.21935
0.021505 0.24086
0.043011 0.26022
0.064516 0.27312
0.086022 0.27957
0.10753 0.28602
0.12903 0.29032
0.15054 0.29462
0.17204 0.29892
0.19355 0.30323
0.21505 0.30538
0.23656 0.30968
0.25806 0.31183
0.27957 0.31613
0.30108 0.31828
0.32258 0.32043
0.34409 0.32473
0.36559 0.32473
0.3871 0.32688
0.4 0.33978
0.4129 0.35914
0.43441 0.37634
0.45591 0.38925
0.46882 0.37204
0.49032 0.3871
0.51183 0.3871
0.53333 0.3914
0.55484 0.39785
0.57634 0.4
0.59785 0.3914
0.61935 0.3871
0.64086 0.3828
0.66237 0.37849
0.68387 0.37419
0.70538 0.36989
0.72688 0.36774
0.74839 0.36559
0.76989 0.36559
0.7914 0.36129
0.8129 0.35914
0.83441 0.35914
0.85591 0.35914
0.87742 0.35699
0.89892 0.35269
0.92043 0.35269
0.94194 0.33763
0.96344 0.32043
0.97634 0.30108
0.98495 0.27957
0.99355 0.25806
0.99785 0.23656
1 0.21505
1 0.19355
0.99785 0.17204
0.99355 0.15054
0.99355 0.12903
0.98925 0.10753
0.98495 0.086022
0.98065 0.064516
0.96989 0.043011
0.95054 0.023656
0.92903 0.010753
0.90753 0.0064516
0.88602 0.0021505
0.86452 0
0.84301 0.0021505
0.82151 0.0043011
0.8 0.0064516
0.77849 0.0086022
0.75699 0.012903
0.73548 0.017204
0.71398 0.021505
0.69247 0.034409
0.68172 0.053763
0.66022 0.060215
0.63871 0.064516
0.6172 0.066667
0.5957 0.068817
0.57419 0.068817
0.55269 0.068817
0.53118 0.060215
0.50968 0.045161
0.48817 0.049462
0.46667 0.058065
0.44516 0.051613
0.42366 0.045161
0.40215 0.036559
0.38065 0.030108
0.35914 0.025806
0.33763 0.021505
0.31613 0.019355
0.29462 0.019355
0.27312 0.021505
0.25161 0.023656
0.23011 0.027957
0.2086 0.032258
0.1871 0.03871
0.16559 0.045161
0.14409 0.051613
0.12258 0.060215
0.10108 0.070968
0.07957 0.08172
0.058065 0.094624
0.036559 0.11183
0.015054 0.13118
0.0021505 0.15269
0 0.17419
0 0.1957
0 0.19785
# triangles
33 77 78
61 62 63
55 56 57
2 3 104
2 104 107
55 57 66
55 66 67
55 67 68
64 65 66
57 64 66
58 61 63
57 58 64
58 63 64
11 95 96
0 1 108
1 2 108
2 107 108
105 106 107
104 105 107
19 80 84
19 24 80
43 44 49
49 50 51
43 49 51
40 70 74
40 55 68
32 33 78
31 32 78
35 75 76
36 37 74
36 74 75
35 36 75
59 60 61
58 59 61
8 99 100
8 100 101
13 94 95
19 84 85
19 85 86
31 78 79
27 79 80
26 27 80
24 26 80
70 71 74
71 72 74
72 73 74
44 45 46
46 47 48
46 48 49
44 46 49
39 40 74
37 39 74
37 38 39
40 69 70
40 68 69
41 54 55
40 41 55
41 53 54
34 35 76
33 34 77
34 76 77
11 96 97
9 98 99
8 9 99
7 101 102
7 8 101
11 12 95
12 13 95
13 93 94
15 91 92
81 82 83
80 81 84
81 83 84
30 31 79
27 30 79
27 28 30
28 29 30
15 90 91
9 10 98
10 97 98
10 11 97
5 102 103
5 103 104
3 4 5
3 5 104
14 15 92
14 92 93
13 14 93
16 87 88
16 86 87
16 88 89
15 89 90
15 16 89
24 25 26
6 7 102
5 6 102
18 19 86
16 18 86
22 23 24
21 22 24
16 17 18
19 20 24
20 21 24
42 43 51
42 51 52
41 42 52
41 52 53
