# points
0.02071 0.26923
0.04142 0.29586
0.068047 0.31361
0.094675 0.3284
0.1213 0.34024
0.14793 0.3432
0.17456 0.3432
0.20118 0.3432
0.22781 0.34615
0.25444 0.34911
0.28107 0.34615
0.30769 0.34911
0.33432 0.35207
0.36095 0.35503
0.38757 0.36095
0.4142 0.36391
0.44083 0.38757
0.46154 0.41124
0.47041 0.43787
0.49704 0.44379
0.52367 0.46154
0.54438 0.48521
0.55917 0.51183
0.5858 0.52663
0.60651 0.54734
0.63018 0.56509
0.6568 0.56509
0.68343 0.56509
0.71006 0.56213
0.73669 0.55621
0.76331 0.5503
0.78994 0.54142
0.81657 0.5355
0.8432 0.52663
0.86982 0.51479
0.89645 0.5
0.92308 0.48225
0.9497 0.45858
0.97041 0.43195
0.98225 0.40533
0.98225 0.3787
0.98817 0.35207
0.99408 0.32544
0.99704 0.29882
1 0.27219
1 0.24556
0.99408 0.21893
0.99704 0.19231
0.99408 0.16568
0.98817 0.13905
0.98521 0.11243
0.97929 0.085799
0.97337 0.059172
0.95562 0.035503
0.92899 0.02071
0.90237 0.011834
0.87574 0.0059172
0.84911 0.0059172
0.82249 0.0088757
0.79586 0.011834
0.76923 0.017751
0.7426 0.023669
0.71598 0.029586
0.68935 0.035503
0.68343 0.06213
0.66568 0.085799
0.63905 0.088757
0.61243 0.088757
0.5858 0.088757
0.55917 0.079882
0.55621 0.053254
0.55325 0.026627
0.54734 0
0.5355 0.0029586
0.5355 0.029586
0.53846 0.056213
0.52959 0.079882
0.50296 0.071006
0.47633 0.056213
0.4497 0.044379
0.42308 0.035503
0.39645 0.023669
0.36982 0.017751
0.3432 0.014793
0.31657 0.014793
0.28994 0.017751
0.26331 0.017751
0.23669 0.023669
0.21006 0.029586
0.18343 0.035503
0.1568 0.04142
0.13018 0.050296
0.10355 0.059172
0.076923 0.071006
0.050296 0.08284
0.023669 0.10355
0.0059172 0.13018
0 0.1568
0 0.18343
0.0029586 0.21006
0.0059172 0.23669
0.017751 0.26331
0.02071 0.26923
# triangles
31 32 65
51 52 53
15 68 76
94 95 97
95 96 97
94 97 98
41 42 65
42 43 65
33 41 65
32 33 65
43 44 46
43 46 65
15 16 68
93 94 98
10 87 88
46 60 65
60 64 65
60 61 64
44 45 46
68 69 76
19 20 67
21 31 65
20 21 65
8 10 88
51 53 54
51 54 55
55 56 57
49 57 58
49 58 59
49 59 60
13 78 79
15 76 77
12 13 80
13 79 80
10 85 87
10 11 85
11 84 85
93 98 99
99 100 101
2 99 101
2 93 99
2 92 93
2 3 92
24 25 26
33 34 41
62 63 64
61 62 64
20 65 66
20 66 67
16 17 68
17 67 68
17 19 67
17 18 19
21 30 31
21 29 30
8 9 10
6 91 92
7 88 89
7 8 88
7 89 90
7 90 91
6 7 91
46 48 60
48 49 60
71 72 73
71 73 74
70 71 74
13 14 78
14 77 78
14 15 77
11 12 82
12 80 82
85 86 87
21 23 29
23 24 26
21 22 23
34 40 41
34 35 40
35 36 40
36 37 40
37 38 40
38 39 40
3 5 92
5 6 92
3 4 5
49 50 57
50 51 55
50 55 57
46 47 48
70 74 75
69 75 76
69 70 75
11 83 84
11 82 83
80 81 82
23 28 29
23 26 27
23 27 28
0 1 2
0 2 101
