# points
0.015521 0.21729
0.031042 0.23947
0.046563 0.25942
0.068736 0.27051
0.090909 0.2816
0.11308 0.28825
0.13525 0.2949
0.15743 0.29933
0.1796 0.30377
0.20177 0.3082
0.22395 0.31042
0.24612 0.31486
0.26829 0.31929
0.29047 0.32373
0.31264 0.32816
0.33481 0.33703
0.35698 0.33481
0.37916 0.33481
0.40133 0.33703
0.4235 0.33481
0.44568 0.33703
0.46785 0.33925
0.47894 0.3592
0.48337 0.38137
0.49667 0.40355
0.50554 0.42129
0.50998 0.40133
0.50776 0.37916
0.52772 0.37916
0.54545 0.39911
0.56763 0.40133
0.5898 0.40798
0.61197 0.41242
0.63415 0.41685
0.65632 0.42129
0.67849 0.42572
0.70067 0.43016
0.72284 0.43237
0.74501 0.43237
0.76718 0.43237
0.78936 0.43016
0.81153 0.42572
0.8337 0.41907
0.85588 0.4102
0.87805 0.39911
0.90022 0.38803
0.92239 0.37029
0.94457 0.35033
0.96674 0.32816
0.98226 0.30599
0.99335 0.28381
0.99778 0.26164
0.99778 0.23947
1 0.21729
1 0.19512
0.99778 0.17295
0.98891 0.15078
0.97561 0.1286
0.96452 0.10643
0.95344 0.084257
0.94235 0.062084
0.92461 0.039911
0.90244 0.022173
0.88027 0.013304
0.85809 0.0088692
0.83592 0.0066519
0.81375 0.0044346
0.79157 0.0066519
0.7694 0.0066519
0.74723 0.0088692
0.72506 0.013304
0.70288 0.015521
0.68071 0.019956
0.65854 0.02439
0.63636 0.035477
0.61419 0.050998
0.59202 0.053215
0.56984 0.053215
0.54767 0.053215
0.5255 0.050998
0.50333 0.046563
0.48115 0.042129
0.45898 0.031042
0.43681 0.022173
0.41463 0.017738
0.39246 0.0066519
0.37029 0.0044346
0.34812 0.0022173
0.32594 0
0.30377 0
0.2816 0.0022173
0.25942 0.0066519
0.23725 0.0066519
0.21508 0.011086
0.1929 0.015521
0.17073 0.019956
0.14856 0.026608
0.12639 0.033259
0.10421 0.039911
0.08204 0.050998
0.059867 0.062084
0.037694 0.073171
0.015521 0.095344
0.0044346 0.11752
0 0.13969
0 0.16186
0.0044346 0.18404
0.011086 0.20621
0.015521 0.21729
# triangles
53 54 57
21 78 79
49 50 51
46 47 57
19 20 81
17 19 81
16 17 84
21 79 80
20 80 81
20 21 80
49 51 52
52 53 57
47 52 57
44 46 57
44 45 46
5 98 99
60 61 64
54 55 56
54 56 57
17 81 82
17 82 84
82 83 84
42 43 70
41 42 70
43 44 70
38 70 71
38 39 70
48 49 52
47 48 52
1 2 3
0 1 107
1 3 99
61 62 63
61 63 64
8 95 96
8 94 95
14 15 16
14 86 87
14 16 84
14 84 86
5 6 97
5 97 98
100 105 106
100 106 107
100 104 105
1 100 107
1 99 100
100 103 104
4 5 99
3 4 99
37 38 75
38 71 75
17 18 19
21 22 28
84 85 86
40 41 70
39 40 70
44 57 67
44 67 68
65 66 67
7 8 96
7 96 97
6 7 97
10 93 94
91 92 93
10 91 93
9 10 94
8 9 94
28 29 30
28 30 31
31 32 75
28 31 75
32 33 75
33 34 75
34 35 75
21 28 76
28 75 76
23 24 27
22 27 28
22 23 27
44 68 69
44 69 70
72 73 74
72 74 75
71 72 75
12 90 91
12 89 90
57 58 67
58 65 67
59 60 64
59 64 65
58 59 65
10 11 91
11 12 91
13 88 89
12 13 89
13 87 88
13 14 87
24 25 26
24 26 27
36 37 75
35 36 75
21 77 78
21 76 77
100 101 102
100 102 103
