# points
0.039261 0.23095
0.062356 0.24711
0.08545 0.25866
0.10855 0.2679
0.13164 0.27252
0.15473 0.27945
0.17783 0.28637
0.20092 0.29099
0.22402 0.29792
0.24711 0.30716
0.27021 0.3164
0.2933 0.32333
0.3164 0.32794
0.33949 0.33025
0.36259 0.33256
0.38568 0.33256
0.40878 0.33487
0.43187 0.33718
0.45497 0.34873
0.47113 0.36952
0.48961 0.3903
0.50577 0.40878
0.52656 0.42725
0.54965 0.44342
0.57275 0.46189
0.59584 0.47806
0.61894 0.4873
0.64203 0.49423
0.66513 0.49885
0.68822 0.50115
0.71132 0.50115
0.73441 0.50115
0.75751 0.49654
0.7806 0.49423
0.8037 0.4873
0.82679 0.48037
0.84988 0.47344
0.87298 0.4642
0.89607 0.45497
0.91917 0.44111
0.93995 0.42032
0.96074 0.40185
0.98383 0.39261
0.99307 0.36952
1 0.34642
0.99076 0.32564
0.98845 0.30254
0.97229 0.28868
0.9746 0.26559
0.97229 0.24249
0.96998 0.2194
0.96536 0.1963
0.95843 0.17321
0.9515 0.15012
0.94688 0.12702
0.93995 0.10393
0.93072 0.080831
0.91917 0.057737
0.89607 0.036952
0.87298 0.027714
0.84988 0.025404
0.82679 0.023095
0.8037 0.023095
0.7806 0.023095
0.75751 0.025404
0.73441 0.030023
0.71132 0.032333
0.68822 0.036952
0.66513 0.04388
0.65358 0.064665
0.63048 0.066975
0.60739 0.066975
0.5843 0.066975
0.5612 0.064665
0.53811 0.064665
0.51501 0.060046
0.49192 0.055427
0.46882 0.048499
0.44573 0.039261
0.42263 0.030023
0.39954 0.018476
0.37644 0.011547
0.35335 0.0046189
0.33025 0
0.30716 0
0.28406 0
0.26097 0.0023095
0.23788 0.0046189
0.21478 0.0092379
0.19169 0.0092379
0.16859 0.018476
0.1455 0.023095
0.1224 0.030023
0.099307 0.036952
0.076212 0.04388
0.053118 0.055427
0.030023 0.071594
0.011547 0.094688
0.0023095 0.11778
0 0.14088
0 0.16397
0.0069284 0.18707
0.018476 0.21016
0.039261 0.23095
0.039261 0.23095
# triangles
97 98 99
23 29 69
96 97 99
99 100 101
43 44 45
38 39 40
41 45 47
40 41 47
41 43 45
41 42 43
16 17 77
17 76 77
95 96 99
29 30 69
30 32 69
30 31 32
36 37 47
37 38 40
37 40 47
34 47 69
32 34 69
32 33 34
0 101 102
0 1 94
0 94 95
0 99 101
0 95 99
47 49 69
49 50 69
19 20 70
23 69 70
22 23 70
17 74 75
17 75 76
17 18 74
88 89 90
54 55 61
55 60 61
11 12 81
53 63 64
53 62 63
53 54 62
54 61 62
35 36 47
34 35 47
45 46 47
50 51 69
51 52 69
12 13 79
12 79 81
79 80 81
13 14 79
15 16 77
14 15 79
24 27 28
23 24 29
24 28 29
2 3 93
1 93 94
1 2 93
82 83 84
9 82 84
9 84 85
19 70 71
18 19 71
18 71 72
20 21 70
21 22 70
18 73 74
18 72 73
55 56 60
56 59 60
56 57 58
56 58 59
66 67 69
67 68 69
65 66 69
52 65 69
52 53 65
53 64 65
47 48 49
15 77 78
15 78 79
24 25 26
24 26 27
10 11 81
9 10 82
10 81 82
8 87 88
8 86 87
8 85 86
8 9 85
7 88 90
6 7 90
7 8 88
5 6 90
5 90 91
4 91 92
4 5 91
4 92 93
3 4 93
