# points
0.02439 0.26287
0.04607 0.28455
0.070461 0.30352
0.094851 0.31436
0.11924 0.32249
0.14363 0.3252
0.16802 0.33062
0.19241 0.33333
0.2168 0.33604
0.24119 0.33875
0.26558 0.34417
0.28997 0.34959
0.31436 0.3523
0.33875 0.35501
0.36314 0.35772
0.38753 0.36043
0.41192 0.36043
0.43631 0.36314
0.4607 0.36314
0.48509 0.37398
0.50678 0.39295
0.53117 0.4065
0.55556 0.41734
0.57995 0.43902
0.59621 0.46341
0.6206 0.48238
0.64499 0.49322
0.66938 0.49864
0.69377 0.49864
0.71816 0.50678
0.74255 0.51491
0.76694 0.51762
0.79133 0.52304
0.81572 0.52304
0.84011 0.52033
0.8645 0.51491
0.88889 0.50949
0.91328 0.50136
0.93767 0.48509
0.95664 0.4607
0.96477 0.43631
0.96206 0.41192
0.96748 0.38753
0.97561 0.36314
0.98645 0.33875
0.98645 0.31436
0.99729 0.28997
1 0.26558
0.99729 0.24119
0.99458 0.2168
0.99458 0.19241
0.99729 0.16802
0.99187 0.14363
0.98374 0.11924
0.97561 0.094851
0.96748 0.070461
0.95664 0.04607
0.94309 0.02168
0.9187 0.01355
0.89431 0.0054201
0.86992 0.00271
0.84553 0
0.82114 0
0.79675 0
0.77236 0.00271
0.74797 0.0054201
0.72358 0.0081301
0.69919 0.01084
0.6748 0.01897
0.65041 0.04065
0.63415 0.062331
0.60976 0.065041
0.58537 0.062331
0.56911 0.04065
0.55014 0.0271
0.55014 0.051491
0.53117 0.059621
0.50678 0.051491
0.48509 0.03794
0.4607 0.02981
0.43631 0.0271
0.41192 0.01897
0.38753 0.01084
0.36314 0.01084
0.33875 0.01355
0.31436 0.01084
0.28997 0.01355
0.26558 0.01897
0.24119 0.02168
0.2168 0.0271
0.19241 0.03252
0.16802 0.04336
0.14363 0.04878
0.11924 0.056911
0.094851 0.070461
0.070461 0.081301
0.04607 0.097561
0.02168 0.11924
0.0054201 0.14363
0 0.16802
0 0.19241
0.0054201 0.2168
0.01084 0.24119
0.02439 0.26287
# triangles
97 98 99
97 99 100
0 101 102
22 23 70
54 61 62
53 54 62
49 65 70
49 64 65
18 76 77
22 70 71
34 41 42
34 35 41
35 36 41
36 37 41
37 38 41
38 39 41
39 40 41
0 1 101
1 2 3
96 97 100
96 100 101
1 96 101
1 95 96
55 58 59
9 87 88
54 60 61
55 59 60
54 55 60
81 82 83
65 66 70
13 80 81
17 18 77
33 34 42
31 33 42
31 32 33
23 28 70
19 71 72
18 19 76
19 72 76
56 57 58
55 56 58
9 88 89
89 90 91
1 3 94
1 94 95
50 53 62
50 62 63
49 50 64
50 63 64
81 83 84
13 81 84
84 85 86
84 86 87
14 15 80
13 14 80
11 12 84
12 13 84
23 26 28
26 27 28
16 17 77
15 16 80
16 77 80
28 45 70
45 48 49
45 49 70
45 46 47
45 47 48
29 31 42
29 30 31
77 79 80
77 78 79
21 22 71
19 21 71
50 51 52
50 52 53
23 24 25
23 25 26
28 43 45
29 42 43
28 29 43
43 44 45
72 75 76
67 68 69
66 69 70
66 67 69
19 20 21
72 73 75
73 74 75
8 9 89
8 89 91
6 7 91
7 8 91
9 10 87
10 11 84
10 84 87
5 93 94
3 5 94
3 4 5
5 92 93
5 6 91
5 91 92
