# points
0.25285 0.4584
0.23654 0.5106
0.23654 0.56281
0.22675 0.61501
0.21044 0.66721
0.19086 0.71941
0.15334 0.75856
0.10114 0.75367
0.052202 0.73573
0 0.73899
0.004894 0.78793
0.053834 0.81892
0.091354 0.85808
0.12072 0.89396
0.13866 0.90212
0.1615 0.88581
0.2137 0.87602
0.26427 0.84666
0.31158 0.80424
0.3491 0.76346
0.39152 0.72104
0.42414 0.6721
0.47635 0.63622
0.52855 0.61664
0.58075 0.61175
0.63295 0.61338
0.68515 0.6199
0.73736 0.62316
0.78956 0.62153
0.84176 0.61011
0.89233 0.59706
0.94454 0.57912
0.97879 0.52855
0.99184 0.47635
1 0.42414
0.99674 0.37194
0.99511 0.31974
0.96737 0.26917
0.93638 0.28222
0.92007 0.33442
0.91191 0.38336
0.89886 0.33116
0.91354 0.27896
0.92985 0.22675
0.92333 0.17455
0.9217 0.12235
0.92659 0.070147
0.91354 0.019576
0.86297 0.011419
0.88581 0.060359
0.89886 0.11256
0.8956 0.16476
0.88254 0.21697
0.8646 0.26917
0.83197 0.31974
0.83197 0.26754
0.85155 0.21533
0.82871 0.16313
0.80914 0.11256
0.79772 0.060359
0.77814 0.022838
0.73899 0
0.74715 0.040783
0.77488 0.091354
0.78793 0.14356
0.79119 0.19576
0.78303 0.24633
0.76183 0.2969
0.73736 0.3491
0.70147 0.37684
0.64927 0.38336
0.59706 0.37357
0.54486 0.37031
0.49266 0.37684
0.44046 0.38336
0.43067 0.33768
0.43067 0.28548
0.4323 0.23328
0.43556 0.18108
0.44046 0.12887
0.43067 0.084829
0.41109 0.057096
0.39967 0.081566
0.41436 0.13377
0.41109 0.18597
0.39478 0.23817
0.38499 0.29038
0.37357 0.30343
0.37357 0.25122
0.37194 0.19902
0.3752 0.14682
0.3801 0.094617
0.36705 0.057096
0.323 0.035889
0.33442 0.075041
0.35073 0.12561
0.34747 0.17781
0.33279 0.23002
0.32137 0.28222
0.30506 0.33442
0.28711 0.38662
0.26101 0.43883
0.25285 0.4584
# triangles
47 48 49
46 47 49
8 9 10
8 10 11
7 8 11
46 49 50
7 11 12
74 100 101
74 99 100
45 46 50
60 61 62
59 60 62
44 45 51
45 50 51
54 67 68
35 36 39
0 22 74
0 74 101
0 1 22
74 87 99
87 98 99
22 23 74
23 73 74
26 69 70
25 26 70
24 70 71
24 25 70
76 77 85
76 85 86
77 84 85
77 78 84
78 79 83
78 83 84
26 27 69
27 28 69
1 2 22
6 16 17
6 7 12
58 63 64
58 59 63
59 62 63
40 41 54
32 33 40
33 34 40
40 54 68
34 35 40
35 39 40
40 68 69
36 37 38
36 38 39
24 71 72
23 24 72
23 72 73
74 75 87
75 86 87
75 76 86
54 55 67
91 94 95
88 97 98
87 88 98
89 96 97
88 89 97
90 95 96
90 91 95
89 90 96
55 66 67
30 31 32
30 32 40
13 14 15
12 13 15
6 12 15
6 15 16
4 19 20
2 21 22
3 4 20
2 3 21
3 20 21
5 6 17
4 5 19
41 42 53
41 53 54
91 92 94
92 93 94
79 80 83
29 30 40
28 29 69
29 40 69
5 17 18
5 18 19
42 43 52
42 52 53
44 51 52
43 44 52
80 82 83
80 81 82
57 64 65
57 58 64
56 65 66
55 56 66
56 57 65
