# points
0.38889 0.5614
0.34795 0.57602
0.30117 0.58918
0.26023 0.62135
0.21491 0.66374
0.16959 0.69152
0.12135 0.69152
0.074561 0.68275
0.026316 0.69152
0 0.7193
0.045322 0.71784
0.090643 0.71199
0.13889 0.72368
0.18567 0.7383
0.22807 0.71784
0.27339 0.68275
0.32164 0.69883
0.36842 0.72076
0.39327 0.7383
0.34357 0.76023
0.29386 0.77485
0.24854 0.79825
0.20175 0.83041
0.17105 0.86257
0.14035 0.90351
0.15643 0.91959
0.1652 0.93275
0.20906 0.90789
0.25146 0.87427
0.29386 0.84064
0.33626 0.8114
0.38158 0.78216
0.42398 0.74415
0.47076 0.71784
0.51754 0.69591
0.5614 0.6652
0.59064 0.62427
0.61842 0.58187
0.66228 0.54825
0.71053 0.53947
0.74708 0.54825
0.78216 0.55848
0.82895 0.55556
0.87427 0.55556
0.92398 0.54825
0.9693 0.5424
0.98538 0.53947
0.99854 0.51754
1 0.4693
0.99269 0.42105
0.98246 0.37427
0.96053 0.33187
0.92105 0.34211
0.9152 0.38596
0.90205 0.43421
0.86988 0.43567
0.83187 0.40497
0.7924 0.37719
0.76023 0.33772
0.72368 0.30263
0.69591 0.26754
0.73099 0.22368
0.77193 0.18713
0.77485 0.14035
0.78363 0.092105
0.79532 0.045322
0.80117 0
0.76462 0.024854
0.76316 0.068713
0.75439 0.1155
0.7383 0.15789
0.7076 0.19444
0.66374 0.22807
0.61988 0.2617
0.6038 0.29678
0.57456 0.25439
0.53801 0.22661
0.51316 0.2617
0.49854 0.30848
0.4883 0.35819
0.50585 0.3962
0.52485 0.35088
0.52778 0.30263
0.54386 0.2924
0.55848 0.33333
0.55702 0.38012
0.52339 0.41959
0.49269 0.46345
0.46784 0.49269
0.42544 0.45614
0.40936 0.4152
0.43567 0.37719
0.46199 0.33333
0.48392 0.28655
0.44737 0.29094
0.43129 0.33626
0.40205 0.37865
0.36696 0.41959
0.35526 0.46199
0.39474 0.50585
0.39181 0.55117
0.38889 0.5614
# triangles
89 97 98
50 51 52
59 74 85
74 84 85
60 61 72
59 60 74
89 90 97
6 11 12
25 26 27
22 27 28
18 19 31
19 30 31
4 5 14
5 6 12
36 37 88
35 36 88
38 85 86
37 38 86
89 98 99
88 89 99
88 99 100
45 46 47
45 47 48
44 45 48
58 59 85
64 65 68
65 66 67
65 67 68
64 68 69
61 62 71
62 70 71
61 71 72
90 96 97
90 91 96
79 80 81
78 79 81
7 10 11
6 7 11
5 12 13
5 13 14
23 25 27
22 23 27
21 22 28
37 87 88
37 86 87
1 2 16
43 44 54
43 54 55
44 48 54
48 49 54
62 63 70
63 69 70
63 64 69
91 95 96
78 81 82
8 9 10
7 8 10
23 24 25
18 31 32
18 32 33
0 33 34
0 34 35
0 35 88
0 88 100
21 28 29
19 20 30
20 29 30
20 21 29
1 16 17
0 1 17
17 18 33
0 17 33
49 50 53
49 53 54
50 52 53
39 40 57
39 57 58
38 39 85
39 58 85
40 56 57
42 43 55
42 55 56
91 92 95
60 72 73
60 73 74
74 83 84
74 75 83
2 15 16
2 3 15
3 4 15
4 14 15
40 41 56
41 42 56
92 94 95
77 78 82
77 82 83
75 76 77
75 77 83
92 93 94
