# points
0.27467 0.464
0.23467 0.48
0.19733 0.49867
0.16267 0.528
0.12267 0.53333
0.085333 0.52533
0.045333 0.52
0.0053333 0.52267
0 0.552
0.034667 0.56
0.072 0.55733
0.112 0.56267
0.14667 0.57333
0.184 0.57867
0.22133 0.55733
0.25867 0.576
0.29333 0.59467
0.31467 0.61333
0.27733 0.62133
0.23733 0.63733
0.2 0.66133
0.16267 0.67467
0.12533 0.69333
0.096 0.71733
0.064 0.744
0.058667 0.77067
0.096 0.76267
0.136 0.74933
0.17333 0.728
0.21067 0.70933
0.248 0.69333
0.28533 0.67467
0.32533 0.664
0.36267 0.65067
0.39733 0.632
0.43733 0.61867
0.47467 0.60267
0.50933 0.58667
0.544 0.55467
0.56533 0.52533
0.6 0.496
0.63467 0.48
0.672 0.47733
0.69333 0.48
0.728 0.47467
0.75467 0.46933
0.78933 0.472
0.82667 0.45867
0.85867 0.44267
0.89067 0.44267
0.92267 0.42667
0.94667 0.392
0.96533 0.36
0.976 0.32267
1 0.29333
0.97867 0.256
0.94133 0.25333
0.91733 0.288
0.88533 0.31467
0.856 0.34667
0.82133 0.33333
0.78667 0.30933
0.752 0.29333
0.72533 0.26933
0.70133 0.24
0.68 0.21333
0.71733 0.18933
0.73067 0.152
0.73867 0.112
0.74667 0.077333
0.75467 0.037333
0.74933 0
0.71733 0.026667
0.71733 0.064
0.712 0.104
0.69867 0.14133
0.66667 0.168
0.62933 0.18667
0.60267 0.15467
0.56267 0.15733
0.52267 0.168
0.496 0.2
0.488 0.23733
0.51467 0.248
0.52267 0.208
0.56 0.18933
0.576 0.216
0.56 0.248
0.536 0.28
0.50133 0.31467
0.46933 0.344
0.43733 0.376
0.4 0.36267
0.42933 0.33067
0.456 0.29867
0.45867 0.25867
0.44267 0.232
0.42133 0.26667
0.41333 0.304
0.384 0.33067
0.352 0.36
0.352 0.39467
0.37867 0.42933
0.37067 0.46933
0.33067 0.472
0.29067 0.46667
0.27467 0.464
# triangles
19 30 31
19 20 30
70 71 72
53 54 55
53 55 56
42 62 63
70 72 73
63 87 88
24 25 26
22 27 28
39 40 91
69 70 73
53 56 57
52 53 57
52 57 58
46 47 60
45 46 60
45 60 61
45 61 62
95 96 97
40 41 89
41 88 89
41 42 63
41 63 88
82 83 84
37 38 103
38 39 103
39 91 103
91 102 103
22 23 27
23 26 27
23 24 26
20 29 30
21 22 28
20 21 29
21 28 29
94 95 97
94 97 98
40 89 90
40 90 91
63 64 87
67 68 75
66 67 75
47 48 60
48 59 60
42 43 62
81 82 84
80 81 84
34 35 103
93 98 99
93 94 98
1 2 14
7 8 9
79 80 85
80 84 85
65 77 86
65 86 87
64 65 87
68 74 75
68 69 74
69 73 74
50 51 59
51 52 58
51 58 59
49 50 59
48 49 59
44 45 62
43 44 62
36 37 103
35 36 103
15 16 104
1 14 15
17 103 104
16 17 104
17 34 103
17 33 34
17 32 33
92 93 99
92 99 100
92 100 101
92 101 102
91 92 102
66 75 76
65 66 76
65 76 77
15 104 105
0 1 105
1 15 105
18 19 31
18 31 32
17 18 32
4 11 12
78 79 85
77 78 86
78 85 86
3 4 12
3 12 13
2 3 14
3 13 14
5 10 11
4 5 11
6 9 10
5 6 10
6 7 9
