# points
0.22222 0.40278
0.22377 0.45216
0.21605 0.50154
0.18827 0.53549
0.18056 0.58488
0.16512 0.63272
0.12809 0.65123
0.080247 0.62346
0.041667 0.59105
0 0.6142
0.023148 0.66358
0.04321 0.71296
0.061728 0.75926
0.064815 0.80093
0.078704 0.80247
0.11574 0.78395
0.16358 0.77006
0.21296 0.74846
0.2608 0.71296
0.30556 0.66975
0.34722 0.63889
0.3966 0.62346
0.44599 0.6034
0.49228 0.57716
0.54167 0.56944
0.59105 0.57099
0.64043 0.58025
0.68981 0.59722
0.7392 0.59259
0.78858 0.5787
0.83796 0.56019
0.88735 0.58025
0.93364 0.61111
0.98302 0.60802
1 0.55864
0.99537 0.50926
0.99383 0.45988
0.97377 0.4321
0.94136 0.45988
0.91049 0.49074
0.87654 0.52315
0.88117 0.48765
0.88117 0.43827
0.8642 0.38889
0.84877 0.34259
0.85031 0.29321
0.88889 0.25154
0.90123 0.20216
0.89506 0.15278
0.89815 0.1034
0.90123 0.054012
0.88272 0.012346
0.83796 0.012346
0.86265 0.061728
0.87037 0.10957
0.86728 0.15895
0.84259 0.20833
0.81636 0.21914
0.79012 0.1713
0.77623 0.12191
0.7716 0.072531
0.74537 0.035494
0.70062 0.024691
0.72377 0.066358
0.74846 0.1142
0.7608 0.16358
0.7608 0.21296
0.75 0.26235
0.73611 0.31173
0.70988 0.35648
0.66667 0.37037
0.61728 0.3534
0.5679 0.34259
0.51852 0.34105
0.46914 0.34722
0.41975 0.34722
0.38426 0.32099
0.38426 0.2716
0.39198 0.22222
0.38889 0.17284
0.39352 0.12346
0.40895 0.074074
0.39198 0.029321
0.34568 0.013889
0.36574 0.057099
0.375 0.10648
0.36728 0.15586
0.34722 0.20525
0.33951 0.25463
0.33333 0.20833
0.33025 0.15895
0.32716 0.10957
0.33488 0.060185
0.32562 0.016975
0.28086 0
0.2963 0.044753
0.30401 0.094136
0.29938 0.14352
0.29012 0.1929
0.28549 0.24228
0.27315 0.29167
0.24691 0.33796
0.22685 0.38735
0.22222 0.40278
# triangles
32 33 34
12 13 14
6 11 12
36 37 38
35 36 38
8 9 10
6 16 17
7 10 11
6 7 11
7 8 10
5 17 18
5 6 17
88 99 100
35 38 39
34 35 39
2 4 20
1 2 21
2 20 21
4 19 20
4 5 19
5 18 19
0 1 102
12 14 15
6 12 15
6 15 16
82 83 84
81 82 84
61 62 63
24 25 71
24 71 72
23 24 74
88 89 99
89 98 99
31 32 34
31 34 39
2 3 4
93 94 95
92 95 96
92 93 95
48 49 54
81 84 85
80 81 85
24 72 73
24 73 74
59 60 64
60 61 63
60 63 64
28 29 69
29 30 41
29 41 42
29 42 69
31 39 40
30 31 40
30 40 41
91 92 96
91 96 97
76 101 102
76 100 101
76 88 100
76 77 88
78 79 87
78 87 88
77 78 88
49 53 54
49 50 53
50 51 53
51 52 53
45 67 68
25 70 71
25 26 70
28 69 70
27 28 70
26 27 70
59 64 65
58 59 65
58 65 66
47 48 55
48 54 55
57 58 66
57 66 67
45 57 67
90 91 97
90 97 98
89 90 98
23 74 75
22 23 75
1 21 75
21 22 75
1 75 102
75 76 102
44 45 68
44 68 69
47 55 56
46 47 56
45 46 56
45 56 57
80 85 86
79 80 86
79 86 87
42 43 69
43 44 69
