# points
0 0.50152
0 0.55015
0.006079 0.59574
0.012158 0.64134
0.024316 0.68389
0.036474 0.72644
0.057751 0.76292
0.079027 0.80243
0.10638 0.83587
0.13374 0.8693
0.16413 0.89666
0.20061 0.92097
0.23708 0.94529
0.2766 0.96353
0.31915 0.97568
0.3617 0.98784
0.40729 0.99392
0.45289 1
0.50152 1
0.54711 0.99392
0.58967 0.98176
0.63222 0.9696
0.67173 0.95441
0.71125 0.93313
0.74772 0.90881
0.78116 0.8845
0.81155 0.8541
0.84195 0.82067
0.86626 0.78419
0.89058 0.74772
0.91185 0.70821
0.92705 0.66869
0.93921 0.62614
0.94529 0.58055
0.95137 0.53495
0.95745 0.48936
0.95745 0.44073
0.95137 0.39514
0.94529 0.34954
0.94225 0.30395
0.92705 0.2614
0.91489 0.21884
0.90274 0.17629
0.8845 0.13678
0.86626 0.097264
0.84498 0.06079
0.82067 0.024316
0.78419 0
0.74468 0.018237
0.73556 0.057751
0.73556 0.1003
0.74468 0.14286
0.7538 0.18845
0.76596 0.231
0.77812 0.27356
0.78419 0.31915
0.79027 0.36474
0.79635 0.41033
0.80243 0.45593
0.79635 0.50152
0.79027 0.54711
0.77812 0.58967
0.76292 0.63222
0.74164 0.66869
0.71429 0.70517
0.68389 0.73556
0.65046 0.76292
0.61094 0.78419
0.57143 0.79939
0.52888 0.81155
0.48024 0.81459
0.43465 0.80851
0.3921 0.79635
0.34954 0.78419
0.31307 0.76292
0.2766 0.7386
0.2462 0.70517
0.22188 0.66869
0.19757 0.63222
0.17933 0.59271
0.16717 0.55015
0.16109 0.50456
0.16109 0.45593
0.16109 0.40729
0.17325 0.36474
0.17933 0.31915
0.19149 0.2766
0.20365 0.23404
0.21581 0.19149
0.23404 0.15198
0.2462 0.10942
0.25228 0.06383
0.25228 0.015198
0.21277 0
0.17021 0.0091185
0.1459 0.045593
0.12462 0.085106
0.10334 0.12158
0.085106 0.16109
0.072948 0.20365
0.054711 0.24316
0.042553 0.28571
0.030395 0.32827
0.018237 0.37082
0.012158 0.41641
0.0030395 0.46201
0 0.50152
# triangles
12 13 73
39 40 55
15 71 72
15 16 71
16 17 71
17 70 71
84 85 102
46 47 48
46 48 49
44 45 51
45 46 49
40 54 55
14 15 72
14 72 73
13 14 73
21 22 68
20 21 68
17 18 70
35 58 59
37 57 58
39 55 56
86 99 100
85 86 100
9 10 75
10 11 75
82 104 105
85 101 102
85 100 101
45 50 51
45 49 50
41 53 54
41 42 53
40 41 54
42 52 53
20 68 69
19 20 69
18 69 70
18 19 69
31 61 62
34 35 59
33 60 61
34 59 60
33 34 60
31 32 61
32 33 61
35 36 58
36 37 58
38 39 56
37 38 57
38 56 57
0 1 81
0 81 105
81 82 105
83 103 104
82 83 104
83 102 103
83 84 102
7 8 76
8 9 75
8 75 76
11 74 75
11 12 74
12 73 74
42 43 52
43 44 51
43 51 52
25 26 65
23 24 66
24 25 66
25 65 66
28 63 64
26 64 65
28 29 63
29 62 63
89 96 97
88 97 98
88 89 97
91 94 95
91 93 94
1 2 80
1 80 81
23 66 67
22 67 68
22 23 67
26 27 64
27 28 64
30 31 62
29 30 62
87 98 99
87 88 98
86 87 99
89 90 96
90 95 96
90 91 95
91 92 93
2 3 79
2 79 80
3 4 79
4 5 78
4 78 79
5 6 78
6 77 78
7 76 77
6 7 77
