# points
0.0063694 0.47771
0 0.52229
0 0.56688
0.0063694 0.61146
0.019108 0.65605
0.025478 0.70064
0.044586 0.74522
0.063694 0.78981
0.082803 0.83439
0.10828 0.87898
0.13376 0.92357
0.15924 0.96815
0.19108 0.99363
0.23567 1
0.26115 0.96815
0.25478 0.92357
0.23567 0.87898
0.2293 0.83439
0.21656 0.78981
0.20382 0.74522
0.19745 0.70064
0.19108 0.65605
0.18471 0.61146
0.18471 0.56688
0.17834 0.52229
0.17834 0.47771
0.18471 0.43312
0.19745 0.38854
0.21656 0.34395
0.23567 0.29936
0.26752 0.26115
0.3121 0.21656
0.35669 0.19108
0.40127 0.17197
0.44586 0.15924
0.49045 0.15287
0.53503 0.15924
0.57962 0.17834
0.6242 0.20382
0.66879 0.24204
0.70064 0.28662
0.73248 0.33121
0.75159 0.3758
0.76433 0.42038
0.77707 0.46497
0.78344 0.50955
0.78344 0.55414
0.78344 0.59873
0.78344 0.64331
0.77707 0.6879
0.7707 0.73248
0.75159 0.77707
0.73885 0.82166
0.71975 0.86624
0.70064 0.91083
0.6879 0.95541
0.69427 1
0.73885 1
0.78344 1
0.81529 0.96815
0.84076 0.92357
0.86624 0.87898
0.88535 0.83439
0.90446 0.78981
0.92357 0.74522
0.92994 0.70064
0.94268 0.65605
0.94904 0.61146
0.94904 0.56688
0.94904 0.52229
0.94904 0.47771
0.94268 0.43312
0.93631 0.38854
0.92357 0.34395
0.9172 0.29936
0.89809 0.25478
0.87261 0.21019
0.84713 0.16561
0.81529 0.12102
0.78344 0.089172
0.74522 0.057325
0.70064 0.031847
0.65605 0.012739
0.61146 0
0.56688 0.0063694
0.52229 0.0063694
0.47771 0.0063694
0.43312 0.0063694
0.38854 0
0.34395 0
0.29936 0.019108
0.25478 0.038217
0.21019 0.063694
0.16561 0.10191
0.13376 0.14013
0.10191 0.18471
0.070064 0.2293
0.050955 0.27389
0.031847 0.31847
0.019108 0.36306
0.012739 0.40764
0.0063694 0.45223
0.0063694 0.47771
# triangles
37 38 81
31 92 93
32 90 91
31 91 92
31 32 91
40 41 76
40 76 77
41 75 76
37 82 83
37 81 82
38 79 80
38 80 81
37 83 84
36 37 84
34 86 87
27 97 98
27 98 99
27 28 97
30 31 93
29 30 95
33 89 90
32 33 90
33 88 89
33 34 87
33 87 88
42 73 74
41 74 75
41 42 74
51 52 62
44 70 71
44 71 72
47 67 68
39 78 79
38 39 79
39 40 77
39 77 78
34 35 86
29 95 96
28 96 97
28 29 96
30 93 94
30 94 95
26 27 99
26 99 100
1 2 24
2 23 24
0 1 24
0 24 25
2 3 23
52 61 62
52 60 61
53 59 60
52 53 60
4 5 21
48 65 66
48 66 67
47 48 67
46 68 69
46 47 68
50 63 64
49 64 65
49 50 64
48 49 65
35 85 86
36 84 85
35 36 85
43 44 72
42 43 73
43 72 73
0 25 101
26 100 101
25 26 101
53 54 59
4 21 22
3 22 23
3 4 22
45 46 69
45 69 70
44 45 70
57 58 59
54 57 59
11 12 15
8 9 18
9 17 18
55 56 57
54 55 57
12 13 14
12 14 15
9 10 16
9 16 17
10 11 16
11 15 16
7 8 19
8 18 19
6 7 19
6 19 20
5 6 21
6 20 21
51 62 63
50 51 63
