# points
0 0.52147
0 0.56442
0.006135 0.60736
0.018405 0.65031
0.03681 0.69325
0.042945 0.7362
0.06135 0.77301
0.079755 0.81595
0.11043 0.84663
0.1411 0.87117
0.15951 0.90798
0.19632 0.92638
0.23926 0.94479
0.27607 0.96319
0.31902 0.97546
0.36196 0.98773
0.40491 0.99387
0.44785 1
0.4908 1
0.53374 0.98773
0.57669 0.98773
0.61963 0.9816
0.66258 0.96319
0.70552 0.93865
0.74847 0.91411
0.78528 0.88344
0.81595 0.85276
0.84663 0.80982
0.86503 0.76687
0.88344 0.72393
0.90184 0.68098
0.91411 0.63804
0.92025 0.59509
0.92638 0.55215
0.92638 0.5092
0.92638 0.46626
0.92025 0.42331
0.91411 0.38037
0.90184 0.33742
0.89571 0.29448
0.8773 0.25153
0.8589 0.20859
0.84049 0.16564
0.82209 0.1227
0.79755 0.079755
0.77301 0.03681
0.7362 0.006135
0.69325 0
0.65031 0
0.60736 0.006135
0.60736 0.04908
0.6135 0.092025
0.6319 0.13497
0.65031 0.17791
0.66871 0.22086
0.69325 0.2638
0.70552 0.30675
0.71779 0.34969
0.73006 0.39264
0.7362 0.43558
0.74233 0.47853
0.7362 0.52147
0.73006 0.56442
0.71779 0.60736
0.70552 0.65031
0.68098 0.69325
0.64417 0.7362
0.60123 0.77301
0.55828 0.79141
0.51534 0.80368
0.47239 0.80982
0.42945 0.80982
0.3865 0.79755
0.34356 0.77914
0.30061 0.74847
0.2638 0.70552
0.23313 0.66258
0.21472 0.61963
0.20245 0.57669
0.20245 0.53374
0.19632 0.4908
0.20245 0.44785
0.20859 0.40491
0.21472 0.36196
0.22699 0.31902
0.2454 0.27607
0.25767 0.23313
0.27607 0.19018
0.28834 0.14724
0.30061 0.10429
0.30675 0.06135
0.30675 0.018405
0.2638 0.01227
0.22086 0.01227
0.17791 0.01227
0.15337 0.030675
0.13497 0.067485
0.11043 0.11043
0.092025 0.15337
0.07362 0.19632
0.055215 0.23926
0.03681 0.28221
0.030675 0.32515
0.01227 0.3681
0.006135 0.41104
0 0.45399
0 0.49693
0 0.52147
# triangles
45 46 47
26 27 65
26 65 66
84 100 101
84 85 100
93 94 95
0 1 79
82 103 104
82 102 103
82 83 102
83 101 102
83 84 101
47 51 52
45 47 52
93 95 96
89 93 96
85 99 100
30 31 63
25 26 66
24 25 66
48 49 50
47 48 51
48 50 51
81 82 104
81 104 105
12 73 74
9 74 75
6 7 75
2 3 78
1 2 78
1 78 79
3 4 77
3 77 78
33 34 61
38 39 57
42 43 54
42 54 55
39 40 57
40 56 57
27 28 65
33 61 62
32 33 62
31 62 63
31 32 62
29 30 64
30 63 64
28 29 64
28 64 65
22 67 68
24 66 67
21 22 68
19 20 69
20 68 69
20 21 68
19 69 70
18 19 70
17 70 71
17 18 70
14 72 73
14 15 72
15 71 72
90 91 92
89 92 93
89 90 92
16 17 71
15 16 71
13 14 73
12 13 73
0 79 80
80 81 105
7 8 75
8 9 75
11 12 74
9 11 74
9 10 11
6 75 76
5 6 76
4 5 76
4 76 77
85 86 99
88 89 96
88 96 97
87 88 97
34 60 61
34 35 60
38 57 58
35 36 60
36 59 60
43 53 54
41 55 56
40 41 56
41 42 55
22 23 67
23 24 67
0 80 106
80 105 106
86 98 99
87 97 98
86 87 98
37 38 58
37 58 59
36 37 59
43 44 53
44 45 52
44 52 53
