# points
0 0.50943
0 0.54717
0 0.58491
0 0.62264
0.009434 0.66038
0.018868 0.69811
0.028302 0.73585
0.037736 0.77358
0.066038 0.81132
0.084906 0.84906
0.12264 0.88679
0.15094 0.91509
0.18868 0.9434
0.22642 0.96226
0.26415 0.9717
0.30189 0.98113
0.33962 0.99057
0.37736 0.99057
0.41509 1
0.45283 1
0.49057 0.99057
0.5283 0.98113
0.56604 0.9717
0.60377 0.96226
0.64151 0.95283
0.67925 0.92453
0.71698 0.89623
0.74528 0.86792
0.77358 0.83019
0.79245 0.79245
0.81132 0.75472
0.82075 0.71698
0.83019 0.67925
0.83962 0.64151
0.83962 0.60377
0.83962 0.56604
0.83962 0.5283
0.83019 0.49057
0.82075 0.45283
0.81132 0.41509
0.79245 0.37736
0.78302 0.33962
0.76415 0.30189
0.74528 0.26415
0.72642 0.22642
0.70755 0.18868
0.67925 0.15094
0.68868 0.11321
0.68868 0.075472
0.66038 0.037736
0.64151 0.009434
0.60377 0.018868
0.56604 0.037736
0.5283 0.066038
0.49057 0.084906
0.46226 0.11321
0.4717 0.15094
0.49057 0.18868
0.50943 0.22642
0.51887 0.26415
0.53774 0.30189
0.54717 0.33962
0.5566 0.37736
0.56604 0.41509
0.56604 0.45283
0.57547 0.49057
0.56604 0.5283
0.56604 0.56604
0.5566 0.60377
0.5283 0.64151
0.49057 0.66981
0.45283 0.67925
0.41509 0.68868
0.37736 0.67925
0.33962 0.66981
0.30189 0.64151
0.27358 0.61321
0.25472 0.57547
0.24528 0.53774
0.24528 0.5
0.24528 0.46226
0.25472 0.42453
0.25472 0.38679
0.26415 0.34906
0.27358 0.31132
0.28302 0.27358
0.30189 0.23585
0.31132 0.19811
0.33019 0.16038
0.34906 0.12264
0.33019 0.09434
0.29245 0.066038
0.27358 0.037736
0.23585 0.018868
0.20755 0
0.16981 0.018868
0.13208 0.056604
0.12264 0.09434
0.12264 0.13208
0.10377 0.16981
0.084906 0.20755
0.075472 0.24528
0.056604 0.28302
0.04717 0.32075
0.028302 0.35849
0.018868 0.39623
0.009434 0.43396
0.009434 0.4717
0 0.50943
0 0.50943
# triangles
25 26 70
11 12 74
12 13 74
29 30 68
10 11 74
8 9 10
82 103 104
23 25 70
22 23 70
23 24 25
47 48 49
46 58 59
42 61 62
42 43 61
45 46 59
40 63 64
40 41 63
42 62 63
41 42 63
37 38 65
38 39 65
39 40 65
40 64 65
27 28 69
28 29 69
29 68 69
26 69 70
26 27 69
30 31 68
33 34 68
1 2 78
0 1 78
0 78 107
78 79 107
82 83 103
79 80 107
80 106 107
54 55 56
53 54 56
47 49 52
46 52 53
46 47 52
46 53 57
46 57 58
53 56 57
44 45 60
45 59 60
43 44 60
43 60 61
83 102 103
91 97 98
34 35 67
34 67 68
32 33 68
31 32 68
5 6 76
6 7 8
6 8 76
8 75 76
10 74 75
8 10 75
4 5 77
5 76 77
3 4 77
2 3 77
2 77 78
81 82 104
93 94 95
93 95 96
93 96 97
91 92 93
91 93 97
49 50 51
49 51 52
86 87 98
87 91 98
87 88 91
84 85 101
85 100 101
83 84 101
83 101 102
85 99 100
86 98 99
85 86 99
13 14 74
81 104 105
80 81 105
80 105 106
88 90 91
88 89 90
36 37 65
36 65 66
36 66 67
35 36 67
21 22 70
21 70 71
20 21 72
21 71 72
17 19 20
17 18 19
17 20 72
15 16 17
17 72 73
15 17 73
14 15 73
14 73 74
