# points
0 0.51613
0 0.55914
0.010753 0.60215
0.010753 0.64516
0.021505 0.68817
0.032258 0.73118
0.053763 0.77419
0.075269 0.8172
0.10753 0.84946
0.13978 0.89247
0.1828 0.92473
0.22581 0.95699
0.26882 0.96774
0.31183 0.97849
0.35484 0.98925
0.39785 0.98925
0.44086 1
0.48387 0.98925
0.52688 0.98925
0.56989 0.97849
0.6129 0.96774
0.65591 0.94624
0.69892 0.92473
0.74194 0.89247
0.77419 0.87097
0.80645 0.83871
0.83871 0.7957
0.86022 0.75269
0.88172 0.70968
0.90323 0.66667
0.92473 0.62366
0.92473 0.58065
0.92473 0.53763
0.92473 0.49462
0.92473 0.45161
0.91398 0.4086
0.91398 0.36559
0.90323 0.32258
0.88172 0.27957
0.87097 0.23656
0.84946 0.19355
0.82796 0.15054
0.80645 0.10753
0.77419 0.064516
0.74194 0.021505
0.70968 0
0.66667 0
0.62366 0
0.58065 0.010753
0.53763 0.043011
0.52688 0.075269
0.53763 0.11828
0.55914 0.16129
0.5914 0.2043
0.60215 0.24731
0.62366 0.29032
0.63441 0.33333
0.65591 0.37634
0.66667 0.41935
0.67742 0.46237
0.67742 0.50538
0.67742 0.54839
0.66667 0.5914
0.65591 0.63441
0.62366 0.67742
0.58065 0.72043
0.53763 0.74194
0.49462 0.75269
0.45161 0.76344
0.4086 0.75269
0.36559 0.74194
0.32258 0.72043
0.27957 0.67742
0.25806 0.63441
0.24731 0.5914
0.23656 0.54839
0.22581 0.50538
0.23656 0.46237
0.23656 0.41935
0.23656 0.37634
0.24731 0.33333
0.26882 0.29032
0.27957 0.24731
0.30108 0.2043
0.32258 0.16129
0.34409 0.11828
0.36559 0.075269
0.37634 0.032258
0.34409 0.010753
0.30108 0.010753
0.25806 0.010753
0.21505 0.010753
0.1828 0.032258
0.13978 0.053763
0.10753 0.096774
0.086022 0.13978
0.064516 0.1828
0.053763 0.22581
0.032258 0.26882
0.032258 0.31183
0.021505 0.35484
0.010753 0.39785
0.010753 0.44086
0 0.48387
0 0.51613
# triangles
37 57 58
6 7 72
7 8 72
37 38 57
38 56 57
38 39 56
78 101 102
42 43 53
41 42 53
41 53 54
86 88 89
86 87 88
47 51 52
84 90 92
92 93 94
83 92 94
83 84 92
36 37 58
35 36 58
28 29 62
29 61 62
20 21 66
33 34 59
35 58 59
34 35 59
3 4 74
2 3 74
0 1 76
1 2 76
39 40 55
39 55 56
40 41 55
41 54 55
82 95 96
82 83 95
83 94 95
82 96 97
49 50 51
85 86 89
84 85 90
85 89 90
48 49 51
47 48 51
44 45 46
46 47 52
43 44 46
46 52 53
43 46 53
79 80 99
97 98 99
80 97 99
90 91 92
29 30 31
29 31 61
31 32 61
21 65 66
28 62 63
33 59 60
32 33 60
32 60 61
17 67 68
15 17 68
15 68 69
0 76 103
76 102 103
17 18 67
15 16 17
4 73 74
4 5 73
6 72 73
5 6 73
12 70 71
8 9 71
8 71 72
13 69 70
12 13 70
81 82 97
80 81 97
79 99 100
78 100 101
78 79 100
27 28 63
23 64 65
77 78 102
76 77 102
18 19 67
19 20 66
19 66 67
9 10 71
10 11 12
10 12 71
14 15 69
13 14 69
21 22 65
22 23 65
24 25 64
23 24 64
26 27 63
26 63 64
25 26 64
2 74 75
2 75 76
