# points
0.009434 0.5
0.018868 0.53774
0.028302 0.57547
0.037736 0.61321
0.056604 0.65094
0.075472 0.68868
0.09434 0.72642
0.11321 0.76415
0.13208 0.80189
0.15094 0.83962
0.15094 0.87736
0.15094 0.91509
0.16981 0.95283
0.18868 0.99057
0.22642 0.99057
0.26415 0.9717
0.30189 0.9434
0.33962 0.91509
0.37736 0.89623
0.36792 0.85849
0.35849 0.82075
0.33962 0.78302
0.32075 0.74528
0.31132 0.70755
0.30189 0.66981
0.28302 0.63208
0.27358 0.59434
0.27358 0.5566
0.26415 0.51887
0.27358 0.48113
0.27358 0.4434
0.28302 0.40566
0.31132 0.36792
0.33962 0.33962
0.37736 0.32075
0.41509 0.31132
0.45283 0.32075
0.49057 0.33019
0.5283 0.34906
0.5566 0.37736
0.57547 0.41509
0.58491 0.45283
0.59434 0.49057
0.59434 0.5283
0.58491 0.56604
0.58491 0.60377
0.57547 0.64151
0.56604 0.67925
0.5566 0.71698
0.54717 0.75472
0.5283 0.79245
0.50943 0.83019
0.49057 0.86792
0.5 0.89623
0.53774 0.92453
0.56604 0.95283
0.59434 0.98113
0.62264 1
0.66038 0.99057
0.69811 0.95283
0.71698 0.91509
0.71698 0.87736
0.73585 0.83962
0.74528 0.80189
0.76415 0.76415
0.78302 0.72642
0.79245 0.68868
0.80189 0.65094
0.81132 0.61321
0.83019 0.57547
0.83019 0.53774
0.83962 0.5
0.83962 0.46226
0.83962 0.42453
0.83962 0.38679
0.83019 0.34906
0.83019 0.31132
0.82075 0.27358
0.80189 0.23585
0.78302 0.19811
0.75472 0.16038
0.72642 0.12264
0.69811 0.09434
0.66038 0.066038
0.62264 0.04717
0.58491 0.028302
0.54717 0.018868
0.50943 0.009434
0.4717 0.009434
0.43396 0
0.39623 0
0.35849 0.009434
0.32075 0.009434
0.28302 0.018868
0.24528 0.037736
0.20755 0.04717
0.16981 0.066038
0.13208 0.09434
0.10377 0.12264
0.075472 0.16038
0.056604 0.19811
0.028302 0.23585
0.018868 0.27358
0.009434 0.31132
0 0.34906
0 0.38679
0 0.42453
0 0.46226
0.009434 0.5
0.009434 0.5
# triangles
34 93 94
33 34 94
33 96 97
33 97 98
40 74 75
48 49 63
33 94 95
33 95 96
91 92 93
34 91 93
42 71 72
40 41 74
42 70 71
42 43 70
45 66 67
43 68 70
68 69 70
45 67 68
37 84 85
37 83 84
37 85 86
34 35 91
35 88 89
35 89 90
35 90 91
39 78 79
39 77 78
39 40 75
36 37 86
36 86 88
35 36 88
39 76 77
39 75 76
49 61 62
49 62 63
47 48 64
48 63 64
47 64 65
51 53 54
54 55 61
49 50 61
50 54 61
50 51 54
51 52 53
7 8 23
5 6 25
9 21 22
8 22 23
8 9 22
12 13 14
56 57 58
55 56 59
56 58 59
41 73 74
42 72 73
41 42 73
45 46 66
46 47 65
46 65 66
43 44 68
44 45 68
86 87 88
39 79 80
38 81 82
38 80 81
38 39 80
38 82 83
37 38 83
33 98 99
31 103 104
0 1 28
0 28 29
1 2 28
2 3 28
7 23 24
32 33 99
32 99 100
31 32 100
100 101 102
31 100 102
31 102 103
3 4 26
5 25 26
4 5 26
9 10 16
9 16 21
16 20 21
0 29 30
31 104 105
30 31 105
30 105 106
3 27 28
3 26 27
17 19 20
16 17 20
17 18 19
12 14 15
11 12 15
10 11 15
10 15 16
0 30 107
30 106 107
55 60 61
55 59 60
6 7 24
6 24 25
