# points
0.0051546 0.5
0 0.54124
0.0051546 0.58247
0.010309 0.62371
0.020619 0.66495
0.030928 0.70619
0.051546 0.74742
0.072165 0.78866
0.097938 0.8299
0.12887 0.87113
0.1701 0.90722
0.21134 0.93814
0.25258 0.95876
0.29381 0.97938
0.33505 0.98969
0.37629 1
0.41753 1
0.45876 1
0.5 0.98969
0.54124 0.97938
0.58247 0.96392
0.62371 0.9433
0.66495 0.91753
0.70619 0.88144
0.74227 0.84021
0.7732 0.79897
0.79381 0.75773
0.80928 0.71649
0.81959 0.67526
0.8299 0.63402
0.83505 0.59278
0.83505 0.55155
0.83505 0.51031
0.8299 0.46907
0.82474 0.42784
0.81959 0.3866
0.81443 0.34536
0.80412 0.30412
0.79381 0.26289
0.78351 0.22165
0.7732 0.18041
0.76289 0.13918
0.74742 0.097938
0.73196 0.056701
0.72165 0.015464
0.68557 0
0.64433 0
0.60309 0
0.56186 0
0.53608 0.010309
0.55155 0.051546
0.57216 0.092784
0.58763 0.13402
0.60309 0.17526
0.62371 0.21649
0.62887 0.25773
0.63402 0.29897
0.63918 0.34021
0.63918 0.38144
0.63402 0.42268
0.63402 0.46392
0.62887 0.50515
0.6134 0.54639
0.60825 0.58763
0.56701 0.62887
0.52577 0.66495
0.48454 0.67526
0.4433 0.68041
0.40206 0.68041
0.36082 0.67526
0.31959 0.65979
0.27835 0.63918
0.24227 0.59794
0.21649 0.5567
0.20619 0.51546
0.20103 0.47423
0.19072 0.43299
0.18557 0.39175
0.18557 0.35052
0.18557 0.30928
0.19072 0.26804
0.20103 0.2268
0.21134 0.18557
0.2268 0.14433
0.24227 0.10309
0.26289 0.061856
0.27835 0.020619
0.24742 0.0051546
0.20619 0.0051546
0.16495 0.010309
0.12371 0.0051546
0.10309 0.036082
0.087629 0.07732
0.07732 0.11856
0.06701 0.15979
0.051546 0.20103
0.041237 0.24227
0.030928 0.28351
0.025773 0.32474
0.015464 0.36598
0.010309 0.40722
0.0051546 0.44845
0.0051546 0.48969
0.0051546 0.5
# triangles
34 59 60
34 35 59
33 34 60
16 17 67
37 56 57
35 58 59
36 37 57
35 36 58
36 57 58
5 6 72
48 49 50
41 53 54
43 44 45
79 97 98
19 66 67
21 65 66
24 64 65
15 16 68
16 67 68
27 28 63
26 27 63
26 63 64
40 41 54
39 40 54
37 38 56
39 54 55
38 39 55
38 55 56
4 5 72
4 72 73
3 4 73
84 88 89
43 51 52
85 86 87
84 85 88
85 87 88
42 52 53
42 43 52
41 42 53
89 90 91
20 21 66
19 20 66
17 18 67
18 19 67
23 24 65
14 15 68
14 68 69
24 25 64
25 26 64
29 30 63
28 29 63
30 31 62
30 62 63
2 3 73
1 2 74
2 73 74
43 45 46
43 46 51
80 81 95
0 1 74
0 74 75
78 79 98
78 98 99
77 78 99
21 22 65
22 23 65
11 12 69
12 13 69
13 14 69
9 10 70
10 11 70
11 69 70
31 32 61
31 61 62
32 33 61
33 60 61
47 50 51
46 47 51
47 48 50
82 83 93
83 92 93
83 84 92
84 89 92
89 91 92
80 95 96
79 96 97
79 80 96
77 99 100
76 100 101
76 77 100
76 101 102
0 75 102
75 76 102
8 9 71
9 70 71
7 8 71
6 71 72
6 7 71
81 94 95
81 82 94
82 93 94
