# points
0 0.4876
0.027548 0.53444
0.046832 0.57576
0.096419 0.58953
0.14876 0.59504
0.18733 0.62534
0.21212 0.67493
0.22865 0.72452
0.2314 0.77135
0.23691 0.81818
0.21212 0.84848
0.15978 0.84573
0.11019 0.84298
0.099174 0.8843
0.14876 0.91736
0.1708 0.95041
0.21488 0.97245
0.2562 1
0.27273 0.9697
0.31129 0.92837
0.33609 0.88154
0.3719 0.83471
0.37466 0.79063
0.39394 0.7438
0.42975 0.69697
0.4573 0.64738
0.49311 0.60606
0.53719 0.57576
0.58678 0.54821
0.62534 0.51515
0.66116 0.47383
0.69421 0.43526
0.74105 0.4022
0.76309 0.34986
0.7438 0.30028
0.70799 0.25344
0.67493 0.20661
0.65289 0.16529
0.6281 0.11846
0.58678 0.088154
0.55647 0.10193
0.57025 0.14325
0.58402 0.19559
0.61157 0.24242
0.63361 0.29477
0.66942 0.33609
0.69421 0.38292
0.67493 0.39118
0.64463 0.34711
0.60882 0.30854
0.573 0.27548
0.55923 0.22314
0.56474 0.1708
0.5427 0.12397
0.52066 0.07989
0.49587 0.033058
0.46556 0
0.42149 0.0055096
0.44904 0.035813
0.48485 0.082645
0.50689 0.13223
0.50964 0.18457
0.50413 0.23691
0.50413 0.2865
0.46832 0.28099
0.44077 0.23416
0.40496 0.2011
0.35537 0.18457
0.31129 0.15978
0.26446 0.14601
0.22039 0.16253
0.25344 0.18457
0.30579 0.19008
0.34986 0.21488
0.38567 0.25344
0.40496 0.29752
0.42975 0.34986
0.43526 0.39669
0.38567 0.41322
0.33884 0.44077
0.29752 0.47658
0.2562 0.46832
0.22865 0.427
0.19835 0.38017
0.17355 0.33884
0.1405 0.29477
0.10744 0.27548
0.082645 0.30854
0.13223 0.32782
0.15702 0.3719
0.17631 0.41873
0.19835 0.47107
0.22314 0.52342
0.18182 0.53719
0.12948 0.5427
0.082645 0.5427
0.041322 0.50413
0.044077 0.45455
0.027548 0.4022
0.0027548 0.44353
0 0.4876
0 0.4876
# triangles
6 7 23
6 25 80
11 12 13
6 24 25
6 23 24
25 26 80
28 29 77
26 77 78
9 20 21
9 21 22
7 22 23
32 33 46
31 32 46
10 15 16
9 10 20
10 19 20
26 78 79
26 79 80
27 28 77
26 27 77
16 17 18
10 18 19
10 16 18
7 8 22
8 9 22
54 55 59
55 58 59
56 57 58
55 56 58
85 86 87
10 14 15
10 11 14
11 13 14
6 80 92
0 97 99
49 63 77
38 39 41
31 46 47
30 31 47
34 35 45
33 45 46
33 34 45
37 38 41
35 36 43
36 37 43
4 5 93
5 6 92
5 92 93
4 93 94
63 76 77
63 64 76
64 75 76
53 54 60
54 59 60
39 40 41
85 87 88
84 85 88
30 47 48
48 49 77
29 48 77
29 30 48
35 44 45
35 43 44
82 83 90
82 90 91
80 81 92
81 91 92
81 82 91
3 4 94
1 2 95
2 3 95
3 94 95
66 67 73
66 73 74
97 98 99
37 41 42
37 42 43
53 60 61
49 50 63
83 84 89
83 89 90
84 88 89
1 95 96
0 1 96
0 96 97
69 70 71
51 52 61
52 53 61
65 66 74
64 65 75
65 74 75
51 61 62
50 62 63
50 51 62
67 68 72
67 72 73
68 69 72
69 71 72
