# points
0 0.49524
0 0.53333
0.0095238 0.57143
0.019048 0.60952
0.028571 0.64762
0.028571 0.68571
0.047619 0.72381
0.057143 0.7619
0.066667 0.8
0.085714 0.8381
0.10476 0.87619
0.12381 0.91429
0.13333 0.95238
0.1619 0.98095
0.2 0.99048
0.2381 0.99048
0.27619 0.98095
0.29524 0.9619
0.28571 0.93333
0.24762 0.93333
0.20952 0.93333
0.18095 0.91429
0.21905 0.90476
0.25714 0.90476
0.28571 0.88571
0.27619 0.84762
0.25714 0.80952
0.24762 0.77143
0.24762 0.73333
0.2381 0.69524
0.22857 0.65714
0.21905 0.61905
0.21905 0.58095
0.21905 0.54286
0.21905 0.50476
0.21905 0.46667
0.22857 0.42857
0.2381 0.39048
0.25714 0.35238
0.28571 0.31429
0.32381 0.28571
0.3619 0.26667
0.4 0.25714
0.4381 0.25714
0.47619 0.26667
0.51429 0.27619
0.55238 0.29524
0.59048 0.32381
0.60952 0.35238
0.6381 0.39048
0.64762 0.42857
0.65714 0.46667
0.66667 0.50476
0.66667 0.54286
0.66667 0.58095
0.66667 0.61905
0.65714 0.65714
0.65714 0.69524
0.64762 0.73333
0.6381 0.77143
0.62857 0.80952
0.61905 0.84762
0.6 0.88571
0.59048 0.92381
0.57143 0.9619
0.58095 0.99048
0.61905 0.99048
0.65714 1
0.69524 0.99048
0.73333 0.98095
0.75238 0.95238
0.77143 0.91429
0.79048 0.87619
0.8 0.8381
0.81905 0.8
0.82857 0.7619
0.8381 0.72381
0.84762 0.68571
0.85714 0.64762
0.86667 0.60952
0.86667 0.57143
0.86667 0.53333
0.87619 0.49524
0.87619 0.45714
0.87619 0.41905
0.87619 0.38095
0.86667 0.34286
0.85714 0.30476
0.84762 0.26667
0.82857 0.22857
0.80952 0.19048
0.78095 0.15238
0.75238 0.11429
0.71429 0.085714
0.67619 0.057143
0.6381 0.038095
0.6 0.019048
0.5619 0.0095238
0.52381 0
0.48571 0
0.44762 0
0.40952 0
0.37143 0
0.33333 0.0095238
0.29524 0.019048
0.25714 0.028571
0.21905 0.047619
0.18095 0.07619
0.14286 0.10476
0.11429 0.13333
0.085714 0.1619
0.057143 0.2
0.038095 0.2381
0.028571 0.27619
0.019048 0.31429
0.0095238 0.35238
0.0095238 0.39048
0 0.42857
0 0.46667
0 0.49524
# triangles
4 6 30
45 96 97
41 105 106
52 81 82
13 14 20
63 67 68
62 63 68
68 69 70
62 68 70
6 29 30
6 7 29
7 28 29
58 74 75
48 49 89
49 88 89
2 3 32
4 30 31
3 4 31
3 31 32
43 100 101
43 99 100
45 95 96
44 97 98
44 45 97
44 98 99
43 44 99
47 92 93
47 91 92
47 90 91
47 48 89
47 89 90
46 93 94
46 94 95
45 46 95
46 47 93
41 104 105
41 103 104
41 42 103
42 102 103
42 101 102
42 43 101
40 41 106
55 77 78
55 56 77
52 53 81
53 80 81
53 54 80
16 18 19
14 15 20
15 19 20
15 16 19
23 24 25
22 23 25
10 11 21
11 12 21
13 20 21
12 13 21
63 66 67
57 76 77
56 57 77
57 75 76
57 58 75
60 72 73
22 25 26
9 10 26
10 21 26
21 22 26
50 84 85
50 51 84
49 87 88
4 5 6
40 107 108
40 106 107
39 40 108
39 110 111
54 79 80
55 78 79
54 55 79
64 65 66
63 64 66
61 62 70
61 70 71
61 71 72
60 61 72
59 60 73
59 73 74
58 59 74
9 26 27
8 9 27
7 27 28
7 8 27
51 83 84
52 82 83
51 52 83
49 86 87
50 85 86
49 50 86
39 108 109
39 109 110
38 111 112
38 39 111
16 17 18
38 112 113
37 114 115
37 113 114
37 38 113
37 115 116
35 116 117
35 117 118
0 35 118
36 37 116
35 36 116
0 1 34
0 34 35
1 2 33
1 33 34
2 32 33
