# points
0.13599 0.47802
0.15659 0.51923
0.17308 0.56044
0.17582 0.60165
0.19643 0.64286
0.2294 0.68132
0.25 0.72253
0.25137 0.75824
0.27335 0.80082
0.28846 0.84066
0.25962 0.86264
0.21566 0.86813
0.17445 0.86813
0.16071 0.91071
0.2033 0.9272
0.24451 0.94505
0.27885 0.97115
0.30907 1
0.32143 0.98214
0.33654 0.96841
0.3544 0.92995
0.37912 0.88874
0.39148 0.84341
0.39835 0.79945
0.40247 0.75549
0.41758 0.71429
0.44643 0.67308
0.46291 0.62912
0.48352 0.59066
0.51786 0.55495
0.56044 0.5261
0.60027 0.50962
0.63874 0.48626
0.66758 0.45055
0.69231 0.40797
0.7239 0.37775
0.76648 0.37637
0.81181 0.36401
0.82692 0.32418
0.79808 0.28571
0.76374 0.24588
0.72802 0.21429
0.71703 0.25412
0.71016 0.29258
0.70879 0.33104
0.69368 0.3283
0.66758 0.28846
0.62912 0.26236
0.59066 0.24038
0.55907 0.20879
0.55632 0.16621
0.55495 0.125
0.51923 0.09478
0.49176 0.059066
0.46841 0.019231
0.43407 0
0.3956 0.0027473
0.41484 0.027473
0.45467 0.050824
0.48352 0.086538
0.5 0.12637
0.50687 0.16896
0.4739 0.16209
0.43407 0.14423
0.39423 0.11676
0.35852 0.098901
0.32143 0.083791
0.30907 0.11264
0.3489 0.11951
0.39148 0.14011
0.42857 0.16758
0.45742 0.20604
0.47253 0.24451
0.49176 0.28297
0.49725 0.32692
0.47527 0.35989
0.43269 0.37637
0.38736 0.39973
0.3489 0.43544
0.31044 0.4739
0.26648 0.49725
0.23077 0.46016
0.20742 0.42033
0.17582 0.38599
0.14835 0.34615
0.12775 0.3022
0.093407 0.28297
0.052198 0.30082
0.086538 0.31593
0.12225 0.34341
0.14973 0.38462
0.16346 0.4272
0.18681 0.46841
0.1511 0.43269
0.11676 0.39835
0.085165 0.36401
0.06044 0.32692
0.03022 0.31044
0 0.33516
0.043956 0.3544
0.081044 0.39011
0.10027 0.4272
0.125 0.46429
0.13599 0.47802
# triangles
12 13 14
27 28 79
40 41 42
0 1 92
83 84 90
83 90 91
82 91 92
82 83 91
32 33 75
29 76 77
10 15 20
11 12 14
10 11 15
11 14 15
1 2 80
1 80 92
2 3 80
3 4 80
27 79 80
26 27 80
28 78 79
28 29 78
29 77 78
31 32 75
95 96 99
95 99 100
33 74 75
48 73 74
50 51 61
37 38 39
39 40 43
40 42 43
0 93 102
0 92 93
45 46 74
9 21 22
9 20 21
9 10 20
7 8 24
6 24 25
6 7 24
16 19 20
15 16 20
81 82 92
80 81 92
5 26 80
5 6 25
5 25 26
4 5 80
30 31 75
29 30 76
30 75 76
84 89 90
84 85 89
46 47 74
47 48 74
49 50 61
48 49 73
36 37 39
94 95 100
33 34 74
34 45 74
34 35 45
66 67 68
97 98 99
96 97 99
8 23 24
9 22 23
8 9 23
16 17 18
16 18 19
85 86 88
85 88 89
62 70 71
61 62 71
49 72 73
61 71 72
49 61 72
55 56 57
54 55 57
39 43 44
36 39 44
35 44 45
35 36 44
93 101 102
93 94 101
94 100 101
86 87 88
62 63 70
63 69 70
52 53 59
52 59 60
51 60 61
51 52 60
65 66 68
53 58 59
54 57 58
53 54 58
64 68 69
64 65 68
63 64 69
