# points
0.0054127 0.25846
0.010825 0.27876
0 0.29093
0.044655 0.29905
0.08931 0.30311
0.13396 0.30447
0.17862 0.30717
0.22327 0.31258
0.26793 0.31258
0.31258 0.31258
0.35724 0.32341
0.40189 0.33559
0.44655 0.33829
0.4912 0.32612
0.53586 0.31394
0.58051 0.31529
0.62517 0.33829
0.63599 0.36401
0.66035 0.3816
0.69147 0.41001
0.71989 0.43708
0.76319 0.46279
0.8065 0.48444
0.81461 0.5088
0.84032 0.50068
0.87551 0.46008
0.89986 0.41949
0.92152 0.37483
0.92287 0.33018
0.88227 0.32476
0.85386 0.3613
0.81191 0.38701
0.79838 0.34235
0.7889 0.2977
0.77673 0.25304
0.78484 0.20839
0.77673 0.16373
0.79026 0.13396
0.83491 0.12585
0.87957 0.12449
0.91746 0.086604
0.96076 0.054127
1 0.02571
0.99459 0
0.96482 0.024357
0.92422 0.051421
0.88363 0.081191
0.83897 0.093369
0.79432 0.08931
0.74966 0.086604
0.70907 0.10149
0.69553 0.077131
0.70365 0.032476
0.66847 0.010825
0.62517 0.041949
0.58322 0.073072
0.56157 0.11367
0.60622 0.098782
0.63329 0.064953
0.65629 0.063599
0.64005 0.10825
0.60758 0.13532
0.56292 0.14208
0.51827 0.15426
0.48173 0.15832
0.47361 0.11367
0.48173 0.073072
0.52639 0.05954
0.57104 0.046008
0.61434 0.024357
0.58999 0.0054127
0.55345 0.027064
0.5088 0.039242
0.46414 0.046008
0.42219 0.056834
0.42219 0.10149
0.41543 0.14479
0.37212 0.16644
0.33018 0.13667
0.28552 0.12855
0.24087 0.1272
0.19621 0.13261
0.15156 0.12314
0.10961 0.08525
0.075778 0.051421
0.032476 0.032476
0.024357 0.058187
0.067659 0.077131
0.10284 0.11502
0.13261 0.15832
0.1705 0.17727
0.21516 0.17862
0.24899 0.20298
0.26793 0.24763
0.2977 0.29093
0.25304 0.28281
0.20839 0.26116
0.16373 0.25034
0.11908 0.24493
0.074425 0.23951
0.037889 0.24763
0.0054127 0.25846
# triangles
1 2 3
0 1 100
3 99 100
1 3 100
84 85 86
84 86 87
83 87 88
83 84 87
5 97 98
4 98 99
4 5 98
3 4 99
20 21 31
5 6 97
6 7 96
6 96 97
11 12 77
40 45 46
40 41 45
39 40 46
25 26 31
22 25 31
21 22 31
22 24 25
22 23 24
7 95 96
78 79 92
79 80 92
80 91 92
82 89 90
82 83 88
82 88 89
9 10 94
10 11 77
10 77 94
41 44 45
42 43 44
41 42 44
16 33 34
16 34 61
34 35 61
26 30 31
7 8 95
8 9 94
8 94 95
77 93 94
78 92 93
77 78 93
80 81 91
81 90 91
81 82 90
66 72 73
66 73 74
66 74 75
26 27 30
27 29 30
27 28 29
16 18 33
16 17 18
20 31 32
19 20 32
18 32 33
18 19 32
38 47 48
39 46 47
38 39 47
15 16 61
37 38 48
35 36 61
36 50 61
14 15 63
37 48 49
36 49 50
36 37 49
50 60 61
50 51 60
15 61 62
15 62 63
65 66 75
65 75 76
51 59 60
66 67 72
64 65 76
12 13 64
13 14 64
14 63 64
12 64 77
64 76 77
51 52 59
52 53 59
53 54 59
67 71 72
54 58 59
54 55 58
67 68 71
68 69 70
68 70 71
55 57 58
55 56 57
