# points
0.14539 0.37589
0.16312 0.41489
0.15957 0.46809
0.15957 0.52128
0.12057 0.55674
0.095745 0.60284
0.060284 0.64894
0.01773 0.66312
0.0070922 0.71631
0 0.7695
0.031915 0.78369
0.078014 0.8227
0.13121 0.82979
0.1844 0.83333
0.23759 0.8156
0.29078 0.79433
0.34043 0.75887
0.36879 0.70567
0.39362 0.65248
0.44326 0.62766
0.49645 0.61702
0.54965 0.59574
0.60284 0.60638
0.65603 0.61348
0.69149 0.59574
0.74468 0.58865
0.79787 0.56383
0.85106 0.54255
0.90426 0.54255
0.95745 0.51773
0.99291 0.46454
1 0.41135
0.99645 0.35816
0.97163 0.30496
0.96099 0.25887
0.94681 0.21631
0.9539 0.16312
0.93972 0.16312
0.91135 0.1773
0.89362 0.2305
0.88298 0.28014
0.87943 0.32979
0.9078 0.37589
0.92199 0.42908
0.90426 0.48227
0.8617 0.48227
0.86525 0.42908
0.85461 0.37589
0.8227 0.3227
0.81915 0.2695
0.86879 0.22695
0.85816 0.1773
0.81915 0.12766
0.78723 0.074468
0.73759 0.039007
0.69858 0
0.65248 0.014184
0.6844 0.060284
0.7305 0.085106
0.77305 0.12766
0.79433 0.18085
0.75177 0.1773
0.69858 0.15603
0.64539 0.1383
0.59929 0.099291
0.58865 0.046099
0.5461 0.039007
0.54255 0.092199
0.56738 0.14539
0.61348 0.17376
0.66667 0.1844
0.68794 0.2234
0.63475 0.25532
0.60284 0.30851
0.55674 0.33688
0.50355 0.32624
0.45035 0.3227
0.39716 0.31915
0.34397 0.33688
0.29787 0.33333
0.25887 0.29433
0.24113 0.24113
0.2234 0.18794
0.19858 0.13475
0.18794 0.08156
0.15248 0.049645
0.11348 0.014184
0.06383 0.021277
0.092199 0.067376
0.14184 0.092199
0.16312 0.14539
0.17021 0.19858
0.18085 0.25177
0.18794 0.30496
0.14539 0.30851
0.092199 0.28369
0.053191 0.23759
0.056738 0.1844
0.078014 0.13475
0.046099 0.088652
0.01773 0.13121
0.0035461 0.1844
0.010638 0.23759
0.039007 0.29078
0.06383 0.34397
0.11702 0.3617
0.14539 0.37589
# triangles
6 12 13
6 11 12
6 10 11
33 34 40
55 56 57
54 55 57
53 54 58
54 57 58
3 18 78
18 19 78
6 8 10
6 7 8
8 9 10
50 51 60
53 58 59
3 17 18
5 15 17
15 16 17
64 67 68
19 76 78
3 4 17
4 5 17
35 36 37
86 87 88
85 86 88
83 84 90
52 53 59
51 52 60
52 59 60
65 66 67
64 65 67
5 14 15
6 13 14
5 6 14
62 63 70
21 74 75
76 77 78
19 20 76
20 75 76
20 21 75
31 32 42
32 33 42
30 31 43
31 42 43
95 103 104
95 104 105
95 96 103
82 91 92
82 83 91
83 90 91
81 82 92
0 1 93
80 81 93
81 92 93
79 80 93
1 79 93
1 2 79
2 3 78
2 78 79
35 37 38
85 88 89
84 85 89
84 89 90
98 99 100
96 102 103
97 98 100
97 100 101
97 101 102
96 97 102
48 72 73
61 62 71
62 70 71
48 71 72
63 69 70
64 68 69
63 64 69
24 73 74
24 25 73
33 40 41
33 41 42
29 30 44
30 43 44
94 95 105
0 94 105
0 93 94
35 38 39
34 39 40
34 35 39
49 61 71
48 49 71
49 60 61
49 50 60
26 27 45
26 45 46
21 22 74
22 24 74
22 23 24
27 28 45
28 44 45
28 29 44
47 48 73
26 46 47
25 47 73
25 26 47
